Crime ID,Month,Reported by,Falls within,Longitude,Latitude,Location,LSOA code,LSOA name,Crime type,Last outcome category,Context
d9cc7d2ec58ad4fd8767a176f9493b740043f72fca2c69be4499ebefcdfd1c94,2024-10,Northumbria Police,Northumbria Police,-1.767558,54.909075,On or near Lintz Green Lane,E01020634,County Durham 001A,Violence and sexual offences,Status update unavailable,
,2024-10,Northumbria Police,Northumbria Police,-1.744630,54.904257,On or near Parking Area,E01020636,County Durham 001C,Anti-social behaviour,,
,2024-10,Northumbria Police,Northumbria Police,-1.822272,54.902176,On or near Westwood Lane,E01020655,County Durham 003D,Anti-social behaviour,,
,2024-10,Northumbria Police,Northumbria Police,-1.859925,54.841244,On or near Consett Road,E01034491,County Durham 014H,Anti-social behaviour,,
,2024-10,Northumbria Police,Northumbria Police,-1.339604,54.844221,On or near Mappleton Drive,E01033163,County Durham 016F,Anti-social behaviour,,
,2024-10,Northumbria Police,Northumbria Police,-1.377071,54.814871,On or near Shopping Area,E01033161,County Durham 021D,Anti-social behaviour,,
,2024-10,Northumbria Police,Northumbria Police,-1.580644,54.776815,On or near Nightclub,E01020703,County Durham 030A,Anti-social behaviour,,
,2024-10,Northumbria Police,Northumbria Police,0.322379,53.261867,On or near Sandy Lane,E01026049,East Lindsey 010B,Anti-social behaviour,,
99823670226971fcb1e549f5d264a8c6cff4968965d3092289e30028595c6876,2024-10,Northumbria Police,Northumbria Police,-1.752177,54.970457,On or near Runhead Estate,E01008246,Gateshead 001A,Violence and sexual offences,Investigation complete; no suspect identified,
31682cc81bf98d6ee440851cfc66129375cedf8ea11b3a6e437a15252e376fb8,2024-10,Northumbria Police,Northumbria Police,-1.748366,54.970359,On or near Clifton Close,E01008246,Gateshead 001A,Violence and sexual offences,Status update unavailable,
14a212d0fc64d388e5861707af07bb579f23ffb7311af6f68cf9bb7a57cb423a,2024-10,Northumbria Police,Northumbria Police,-1.748366,54.970359,On or near Clifton Close,E01008246,Gateshead 001A,Other crime,Status update unavailable,
,2024-10,Northumbria Police,Northumbria Police,-1.754848,54.968009,On or near Whernside Walk,E01008247,Gateshead 001B,Anti-social behaviour,,
,2024-10,Northumbria Police,Northumbria Police,-1.754848,54.968009,On or near Whernside Walk,E01008247,Gateshead 001B,Anti-social behaviour,,
,2024-10,Northumbria Police,Northumbria Police,-1.753795,54.971512,On or near Hexham Old Road,E01008247,Gateshead 001B,Anti-social behaviour,,
e5713e7e647d21c5cca495484cbb8ff3eb77af14ebd4e471f0e70675c708a52e,2024-10,Northumbria Police,Northumbria Police,-1.753518,54.968303,On or near Croft Close,E01008247,Gateshead 001B,Criminal damage and arson,Investigation complete; no suspect identified,
f017c8a8c45b2855fbdecb383a176a1e406c0a61e6a5092bfa388e22fc571a6e,2024-10,Northumbria Police,Northumbria Police,-1.753518,54.968303,On or near Croft Close,E01008247,Gateshead 001B,Criminal damage and arson,Investigation complete; no suspect identified,
cea54a62a891a6ca8ddc52994f3f1f7333778141df8bcdce88074ce319d7253f,2024-10,Northumbria Police,Northumbria Police,-1.753518,54.968303,On or near Croft Close,E01008247,Gateshead 001B,Criminal damage and arson,Investigation complete; no suspect identified,
b388fd8843cc19fa2c207daf4136e174c4f709913489d58fc948e27acfe919f8,2024-10,Northumbria Police,Northumbria Police,-1.753518,54.968303,On or near Croft Close,E01008247,Gateshead 001B,Public order,Status update unavailable,
a0091655fda16e1caed81f42fc4b1c9b080b3f768105c377a9b4db4b57f77ec7,2024-10,Northumbria Police,Northumbria Police,-1.756252,54.970825,On or near The Crescent,E01008247,Gateshead 001B,Violence and sexual offences,Investigation complete; no suspect identified,
caf98adea0988697ed8ac91a0d898892a15974af8262c240e10aeb536a9fa9ce,2024-10,Northumbria Police,Northumbria Police,-1.753518,54.968303,On or near Croft Close,E01008247,Gateshead 001B,Other crime,Court result unavailable,
,2024-10,Northumbria Police,Northumbria Police,-1.752218,54.966422,On or near Conway Close,E01008248,Gateshead 001C,Anti-social behaviour,,
,2024-10,Northumbria Police,Northumbria Police,-1.746321,54.977634,On or near Haugh Lane,E01008248,Gateshead 001C,Anti-social behaviour,,
192f5ca3e8c4acff30409b3578e6d1c211a6f8f7466da9ed4472ce832662d513,2024-10,Northumbria Police,Northumbria Police,-1.728517,54.974325,On or near Cromwell Ford Way,E01008248,Gateshead 001C,Burglary,Investigation complete; no suspect identified,
769b2ae7b0cf4950c8a3ce541008f7c2f1e320a04d493ca7ad0cd135b92e381b,2024-10,Northumbria Police,Northumbria Police,-1.734263,54.970051,On or near Storey Lane,E01008248,Gateshead 001C,Other theft,Investigation complete; no suspect identified,
1728596a62af417885403bfb29e067ef3ed76381d853cb08790eb3c53f2f3a69,2024-10,Northumbria Police,Northumbria Police,-1.731435,54.970116,On or near Widdrington Terrace,E01008248,Gateshead 001C,Violence and sexual offences,Status update unavailable,
53fdc3ac524939cc04a1feffddae3a2a81b19d9feacfdd096e3bce0983318399,2024-10,Northumbria Police,Northumbria Police,-1.749499,54.964125,On or near A695,E01008248,Gateshead 001C,Violence and sexual offences,Status update unavailable,
,2024-10,Northumbria Police,Northumbria Police,-1.748164,54.972830,On or near Holburn Gardens,E01008249,Gateshead 001D,Anti-social behaviour,,
,2024-10,Northumbria Police,Northumbria Police,-1.746570,54.972827,On or near Primrose Gardens,E01008249,Gateshead 001D,Anti-social behaviour,,
,2024-10,Northumbria Police,Northumbria Police,-1.750458,54.973095,On or near Holburn Crescent,E01008249,Gateshead 001D,Anti-social behaviour,,
0c461cd571c023c39a3a3d810465c655715d571f730c111861f1be30de32cb34,2024-10,Northumbria Police,Northumbria Police,-1.762107,54.976560,On or near Elvaston Road,E01008249,Gateshead 001D,Burglary,Investigation complete; no suspect identified,
d423222dfaf5b75e451aeef1372d78279003af5c0f16230e1053394a7554e902,2024-10,Northumbria Police,Northumbria Police,-1.761456,54.970494,On or near Grange Drive,E01008249,Gateshead 001D,Burglary,Investigation complete; no suspect identified,
0d0ce6948207d56ecce9034fee6d1e192a7269920f62063753532d8e41a8bcb3,2024-10,Northumbria Police,Northumbria Police,-1.751250,54.973960,On or near Thorpe Drive,E01008249,Gateshead 001D,Burglary,Investigation complete; no suspect identified,
98cfae1e37f777e24f3cd681d3980fbbc000b861accb6888ce664bb8c733829d,2024-10,Northumbria Police,Northumbria Police,-1.759164,54.975000,On or near Holburn Lane Court,E01008249,Gateshead 001D,Burglary,Investigation complete; no suspect identified,
62520d79d4d61aa0916021bd64f9e5559f8eb4f0a6f4ad225ea70a37a29a839b,2024-10,Northumbria Police,Northumbria Police,-1.753897,54.972725,On or near B6317,E01008249,Gateshead 001D,Criminal damage and arson,Investigation complete; no suspect identified,
4ee11ec4338799151d7d65f55608b9b2e1216d82e6f2f200cfbc71a463c898e8,2024-10,Northumbria Police,Northumbria Police,-1.761456,54.970494,On or near Grange Drive,E01008249,Gateshead 001D,Other theft,Investigation complete; no suspect identified,
63cd76fa5996c25c3a38cd82d843e64a29e4c30aaa23b6561eca71051d0fee9a,2024-10,Northumbria Police,Northumbria Police,-1.761456,54.970494,On or near Grange Drive,E01008249,Gateshead 001D,Public order,Investigation complete; no suspect identified,
a62c8a24574a7ac0940322708b540f24591ca930f1c984be3c53b931ae31433d,2024-10,Northumbria Police,Northumbria Police,-1.762816,54.973030,On or near Lane Head,E01008249,Gateshead 001D,Public order,Status update unavailable,
5d77e4c17f7a09c8f431f17e3356391881b2407bf1613711567bfa52484c7be6,2024-10,Northumbria Police,Northumbria Police,-1.759867,54.972431,On or near Supermarket,E01008249,Gateshead 001D,Public order,Court result unavailable,
91ed61313181291511597702b5657dfc42c24406725e8dac8430919ef4feb3b8,2024-10,Northumbria Police,Northumbria Police,-1.759867,54.972431,On or near Supermarket,E01008249,Gateshead 001D,Shoplifting,Court result unavailable,
2de299d264b30c9c82783a5399d8a1b687476f969ddbc7f685058494af8036d9,2024-10,Northumbria Police,Northumbria Police,-1.759867,54.972431,On or near Supermarket,E01008249,Gateshead 001D,Shoplifting,Status update unavailable,
11d44f70cea3dcdad806283a30aa6c89e39b78b942fba1e42b904cded94e08b0,2024-10,Northumbria Police,Northumbria Police,-1.759867,54.972431,On or near Supermarket,E01008249,Gateshead 001D,Shoplifting,Court result unavailable,
819983dbb19d6b6ec22454a4200b8b0a14d6b7a1d89735e8c18a9587fb8594f3,2024-10,Northumbria Police,Northumbria Police,-1.759867,54.972431,On or near Supermarket,E01008249,Gateshead 001D,Shoplifting,Court result unavailable,
6d6212d69eee49b81a72bdb4fa84eea4ea734e6110d0a13abf587ae4a8f486ec,2024-10,Northumbria Police,Northumbria Police,-1.759867,54.972431,On or near Supermarket,E01008249,Gateshead 001D,Shoplifting,Status update unavailable,
357fe11e8d3be30b33e79a470d19349ed096acb78b03d29e17afde5f3999ebd2,2024-10,Northumbria Police,Northumbria Police,-1.759867,54.972431,On or near Supermarket,E01008249,Gateshead 001D,Shoplifting,Status update unavailable,
fba1aa3e381070068f3d955bd9e20cc98ba9b3138e8bddc8cc02fc292be07b63,2024-10,Northumbria Police,Northumbria Police,-1.759867,54.972431,On or near Supermarket,E01008249,Gateshead 001D,Shoplifting,Investigation complete; no suspect identified,
aa1ab3d07255ed948e6d4be91abc3470e3c82cfc32b1b2acc4ebe525e1cc8f36,2024-10,Northumbria Police,Northumbria Police,-1.759867,54.972431,On or near Supermarket,E01008249,Gateshead 001D,Shoplifting,Status update unavailable,
2c3169409af655ea3f6dc32b241cdd44d1ddc2528ef4510141f226ee6a27b22a,2024-10,Northumbria Police,Northumbria Police,-1.759867,54.972431,On or near Supermarket,E01008249,Gateshead 001D,Shoplifting,Court result unavailable,
02fca178d6a6c8f87710c926e0547d7c03954c6e36f490b145794d72ab504d9c,2024-10,Northumbria Police,Northumbria Police,-1.759867,54.972431,On or near Supermarket,E01008249,Gateshead 001D,Shoplifting,Court result unavailable,
b6a3cb81769d92917afc8f4929b242d498910acf4ffd03532243de9500244cb9,2024-10,Northumbria Police,Northumbria Police,-1.759867,54.972431,On or near Supermarket,E01008249,Gateshead 001D,Shoplifting,Status update unavailable,
579876922a7498f6b57b49d04dcc80419895fe950b2a2f92eaa986c0c85e2b18,2024-10,Northumbria Police,Northumbria Police,-1.759867,54.972431,On or near Supermarket,E01008249,Gateshead 001D,Shoplifting,Status update unavailable,
f31cf51149b3101f771b2d8a73f8d2397e201e47b89707636aed0df1c95fbda5,2024-10,Northumbria Police,Northumbria Police,-1.759867,54.972431,On or near Supermarket,E01008249,Gateshead 001D,Shoplifting,Status update unavailable,
5cc4379b527f3871fcb92dc2b93b8db5c84144349ad611a203538f17b39daa47,2024-10,Northumbria Police,Northumbria Police,-1.762107,54.976560,On or near Elvaston Road,E01008249,Gateshead 001D,Violence and sexual offences,Status update unavailable,
,2024-10,Northumbria Police,Northumbria Police,-1.763388,54.974029,On or near Balgonie Cottages,E01008250,Gateshead 001E,Anti-social behaviour,,
02dd8124d4d738445372dcdf11163a2b17657105e38268cfd5acc6fc3e1b7fdf,2024-10,Northumbria Police,Northumbria Police,-1.764797,54.976107,On or near Ryton Hall Drive,E01008250,Gateshead 001E,Vehicle crime,Investigation complete; no suspect identified,
d6e0b4495810afd027c18f133725107340b475c461f03b054c2d69a7fbade483,2024-10,Northumbria Police,Northumbria Police,-1.761867,54.974880,On or near Whitewell Lane,E01008250,Gateshead 001E,Vehicle crime,Investigation complete; no suspect identified,
f4b63c0710b1b352f22357e7fe5a964282d7f99387dc995baaa23b65c26439e8,2024-10,Northumbria Police,Northumbria Police,-1.768602,54.974578,On or near Barmoor Lane,E01008250,Gateshead 001E,Violence and sexual offences,Status update unavailable,
0c0bdfecb5230ff7a1dd9b15dfec7529c509b05bbd628566e5e25495a58de112,2024-10,Northumbria Police,Northumbria Police,-1.761296,54.978976,On or near Parking Area,E01008250,Gateshead 001E,Violence and sexual offences,Investigation complete; no suspect identified,
,2024-10,Northumbria Police,Northumbria Police,-1.788355,54.961575,On or near Greenside Road,E01008197,Gateshead 002B,Anti-social behaviour,,
,2024-10,Northumbria Police,Northumbria Police,-1.790651,54.964473,On or near Rossdale,E01008197,Gateshead 002B,Anti-social behaviour,,
,2024-10,Northumbria Police,Northumbria Police,-1.792722,54.965653,On or near Petrol Station,E01008198,Gateshead 002C,Anti-social behaviour,,
,2024-10,Northumbria Police,Northumbria Police,-1.792015,54.966452,On or near Ellen Crescent,E01008198,Gateshead 002C,Anti-social behaviour,,
,2024-10,Northumbria Police,Northumbria Police,-1.792015,54.966452,On or near Ellen Crescent,E01008198,Gateshead 002C,Anti-social behaviour,,
,2024-10,Northumbria Police,Northumbria Police,-1.786628,54.969156,On or near Eden Dale,E01008198,Gateshead 002C,Anti-social behaviour,,
,2024-10,Northumbria Police,Northumbria Police,-1.792015,54.966452,On or near Ellen Crescent,E01008198,Gateshead 002C,Anti-social behaviour,,
e09b8134d32607cc48736ed17f5093ac16b606b9b24df5433920e53933a656b2,2024-10,Northumbria Police,Northumbria Police,-1.783648,54.968612,On or near Beech Grove Court,E01008198,Gateshead 002C,Burglary,Investigation complete; no suspect identified,
dd4f47bcccde3f21dafe437a9b6ba740464c0148058a812d5f84f86721df5aa4,2024-10,Northumbria Police,Northumbria Police,-1.791715,54.964106,On or near Bank Top,E01008198,Gateshead 002C,Criminal damage and arson,Investigation complete; no suspect identified,
dc36527dad7dbd29e6eb81fc98818a11cd966d390ddb0c1045cb20c6b73cfe98,2024-10,Northumbria Police,Northumbria Police,-1.793194,54.964971,On or near Wesley Grove,E01008198,Gateshead 002C,Public order,Status update unavailable,
,2024-10,Northumbria Police,Northumbria Police,-1.786779,54.967171,On or near Main Street,E01008199,Gateshead 002D,Anti-social behaviour,,
,2024-10,Northumbria Police,Northumbria Police,-1.782563,54.966992,On or near Mollyfair Close,E01008199,Gateshead 002D,Anti-social behaviour,,
d22f3e3f458c1e722040ec3325c5c8060d726577d41fe94735c3573331f44060,2024-10,Northumbria Police,Northumbria Police,-1.786779,54.967171,On or near Main Street,E01008199,Gateshead 002D,Criminal damage and arson,Investigation complete; no suspect identified,
ddffe1c6698fb0ba690c8f5cc0fc1ab9be1fe95f2d9be140c645d0ae8de24143,2024-10,Northumbria Police,Northumbria Police,-1.789998,54.966943,On or near Dale Street,E01008199,Gateshead 002D,Public order,Investigation complete; no suspect identified,
7a03d139f5e91ddc70cfa45bc5f8eabaf509e4a936850577e2311481c0555b76,2024-10,Northumbria Police,Northumbria Police,-1.788329,54.966445,On or near Chamberlain Street,E01008199,Gateshead 002D,Shoplifting,Investigation complete; no suspect identified,
41d8511c289ee1155e189395463362fe87239294c55bf05a5cd754a7c7f10e90,2024-10,Northumbria Police,Northumbria Police,-1.788329,54.966445,On or near Chamberlain Street,E01008199,Gateshead 002D,Shoplifting,Investigation complete; no suspect identified,
1b355f5d4ba06db8e092c04e8dffbf8ee8d67e0dd1804ef3ebb2e95e87b12e38,2024-10,Northumbria Police,Northumbria Police,-1.788329,54.966445,On or near Chamberlain Street,E01008199,Gateshead 002D,Shoplifting,Investigation complete; no suspect identified,
695f3cc93adb3449f486a45fa7ae4ecafbfd6e9801b4c385aaa1e10403945ed1,2024-10,Northumbria Police,Northumbria Police,-1.788329,54.966445,On or near Chamberlain Street,E01008199,Gateshead 002D,Shoplifting,Investigation complete; no suspect identified,
21a5cfa12590fb8c86215527202e08695edf80c858018133a6e939cfd906f22a,2024-10,Northumbria Police,Northumbria Police,-1.788329,54.966445,On or near Chamberlain Street,E01008199,Gateshead 002D,Shoplifting,Court result unavailable,
dfa98b1a4c8840c7dfe34ac94a409b3ece448ef2770d78e217db3e008e9d2060,2024-10,Northumbria Police,Northumbria Police,-1.786779,54.967171,On or near Main Street,E01008199,Gateshead 002D,Violence and sexual offences,Investigation complete; no suspect identified,
45add40e7476ff17a0971253baf9964b4d8e13e61f08c2cd15632da63e1e6ca7,2024-10,Northumbria Police,Northumbria Police,-1.788329,54.966445,On or near Chamberlain Street,E01008199,Gateshead 002D,Violence and sexual offences,Investigation complete; no suspect identified,
5025de8e27dbfbf72df36c7a9b170b56dce2ef6b11a372a3ac442d7f364859b2,2024-10,Northumbria Police,Northumbria Police,-1.788329,54.966445,On or near Chamberlain Street,E01008199,Gateshead 002D,Other crime,Investigation complete; no suspect identified,
,2024-10,Northumbria Police,Northumbria Police,-1.801904,54.969290,On or near Park/Open Space,E01008200,Gateshead 002E,Anti-social behaviour,,
,2024-10,Northumbria Police,Northumbria Police,-1.814157,54.954275,On or near Kyo Bog Lane,E01008200,Gateshead 002E,Anti-social behaviour,,
,2024-10,Northumbria Police,Northumbria Police,-1.812482,54.972074,On or near Crawcrook Lane,E01008200,Gateshead 002E,Anti-social behaviour,,
be118bbcddcecb185a02a83e162a7c06d7e7ea7bba5b78808929f4d0d64f07b7,2024-10,Northumbria Police,Northumbria Police,-1.812482,54.972074,On or near Crawcrook Lane,E01008200,Gateshead 002E,Public order,Investigation complete; no suspect identified,
543a1a461fe47198acfd9138aa2b804aabab4aa77726ae001234a397a32748de,2024-10,Northumbria Police,Northumbria Police,-1.796548,54.962739,On or near Westburn Mews,E01008200,Gateshead 002E,Violence and sexual offences,Status update unavailable,
1e680f364c633744635c48d5870986277ed693a0fbca5949b21b088f70d0595f,2024-10,Northumbria Police,Northumbria Police,-1.780788,54.968894,On or near Meadowfield Crescent,E01008245,Gateshead 002F,Criminal damage and arson,Investigation complete; no suspect identified,
dfaba0f9a7688711112bac0000771e30533960ef9603715093fdf992b577aabb,2024-10,Northumbria Police,Northumbria Police,-1.781336,54.968500,On or near Meadow Lane,E01008245,Gateshead 002F,Criminal damage and arson,Investigation complete; no suspect identified,
cc8ed8d27e394e25f5fec68058dab0b21bcaf1158dad2310565c1c2fee775ccd,2024-10,Northumbria Police,Northumbria Police,-1.772297,54.973291,On or near Grange Lonnen,E01008245,Gateshead 002F,Other theft,Investigation complete; no suspect identified,
75b0adf8cfda4c5acf9c5d4ca8a0afd06757dd83c06fd9673af95cd47af83310,2024-10,Northumbria Police,Northumbria Police,-1.780788,54.968894,On or near Meadowfield Crescent,E01008245,Gateshead 002F,Violence and sexual offences,Investigation complete; no suspect identified,
c84961f5d320fa1f10b260de0567f5c9d10a8af4db73973f2dd0fddf2d637996,2024-10,Northumbria Police,Northumbria Police,-1.780788,54.968894,On or near Meadowfield Crescent,E01008245,Gateshead 002F,Violence and sexual offences,Status update unavailable,
142d5225c4c1d6bdb472c80ac4a51697bf552f82e12f7928726ad872affe375f,2024-10,Northumbria Police,Northumbria Police,-1.780788,54.968894,On or near Meadowfield Crescent,E01008245,Gateshead 002F,Violence and sexual offences,Status update unavailable,
7af2029bcb146cad7fa7d6d08dc271ccfb434a17c94fc360f0f36e1af5f60c86,2024-10,Northumbria Police,Northumbria Police,-1.775026,54.971193,On or near Reasby Gardens,E01008245,Gateshead 002F,Violence and sexual offences,Status update unavailable,
32232b083479a917cf7987282cdc2aaa514245c6649fe515513a15c685ddf521,2024-10,Northumbria Police,Northumbria Police,-1.778680,54.968648,On or near Sports/Recreation Area,E01008245,Gateshead 002F,Violence and sexual offences,Status update unavailable,
1b1ccd0aa7a9f2cc46b2b8932accf7dc55fcdcdc211e9a45a272f064d5c57db7,2024-10,Northumbria Police,Northumbria Police,-1.780788,54.968894,On or near Meadowfield Crescent,E01008245,Gateshead 002F,Other crime,Investigation complete; no suspect identified,
8a3a25ab97188daf8820474c54e0a83177cb0e79c7bd9a2770474e0d87e5472a,2024-10,Northumbria Police,Northumbria Police,-1.780788,54.968894,On or near Meadowfield Crescent,E01008245,Gateshead 002F,Other crime,Status update unavailable,
,2024-10,Northumbria Police,Northumbria Police,-1.580375,54.955886,On or near Cross Row,E01008214,Gateshead 003A,Anti-social behaviour,,
,2024-10,Northumbria Police,Northumbria Police,-1.582890,54.960003,On or near Supermarket,E01008214,Gateshead 003A,Anti-social behaviour,,
,2024-10,Northumbria Police,Northumbria Police,-1.579840,54.957772,On or near Acacia Road,E01008214,Gateshead 003A,Anti-social behaviour,,
,2024-10,Northumbria Police,Northumbria Police,-1.574572,54.958266,On or near Coach Road Green,E01008214,Gateshead 003A,Anti-social behaviour,,
782363136011786551823e5d0ef84e3844044ac3305b5194dee6bd12f4e23d90,2024-10,Northumbria Police,Northumbria Police,-1.582890,54.960003,On or near Supermarket,E01008214,Gateshead 003A,Criminal damage and arson,Investigation complete; no suspect identified,
adec18f54d16b55c2422c1a400ee90e42faa1de2571bd91ddf1fd3c9d1438a88,2024-10,Northumbria Police,Northumbria Police,-1.574572,54.958266,On or near Coach Road Green,E01008214,Gateshead 003A,Criminal damage and arson,Status update unavailable,
42983b9cdd18e27e484a8b3952bd3f75a13dca04d2a07f599d0b247f280e405e,2024-10,Northumbria Police,Northumbria Police,-1.572097,54.957574,On or near George Smith Gardens,E01008214,Gateshead 003A,Criminal damage and arson,Investigation complete; no suspect identified,
f4800d59ecd61566ddaee38b882b5daa2bad2ce416e26b61812790007ffea671,2024-10,Northumbria Police,Northumbria Police,-1.579840,54.957772,On or near Acacia Road,E01008214,Gateshead 003A,Criminal damage and arson,Investigation complete; no suspect identified,
6df7df0eb1d8beee6837241b2ee971e7a16b7bb67b81346c9dc8c0b6d0564f59,2024-10,Northumbria Police,Northumbria Police,-1.575963,54.961108,On or near Sports/Recreation Area,E01008214,Gateshead 003A,Drugs,Status update unavailable,
d71dcdaeb144a563db7d3af4118d91c186ce47d414d1ac37721178b469ff759d,2024-10,Northumbria Police,Northumbria Police,-1.582890,54.960003,On or near Supermarket,E01008214,Gateshead 003A,Public order,Investigation complete; no suspect identified,
aa038b2e49533dfee088b9acdc1f04c5be8b3caf4b6d02769a6687f95c5cb93d,2024-10,Northumbria Police,Northumbria Police,-1.579026,54.959485,On or near Further/Higher Educational Building,E01008214,Gateshead 003A,Vehicle crime,Investigation complete; no suspect identified,
7aa4364cc5bd096a209ed0e18e26aed71a0f0a9cec90cc54f6bec2a1cfed397e,2024-10,Northumbria Police,Northumbria Police,-1.575963,54.961108,On or near Sports/Recreation Area,E01008214,Gateshead 003A,Vehicle crime,Investigation complete; no suspect identified,
537609a7e6a106e3c77e6833436c1781f912f8faae9359b5371a8475af3e10cc,2024-10,Northumbria Police,Northumbria Police,-1.579319,54.958354,On or near Swan Crescent,E01008214,Gateshead 003A,Vehicle crime,Investigation complete; no suspect identified,
4f8693429a367a7acc12811fccfeeea4816d727c5d5f23c8fafe631a2b95a53a,2024-10,Northumbria Police,Northumbria Police,-1.576048,54.955997,On or near Friary Gardens,E01008214,Gateshead 003A,Violence and sexual offences,Investigation complete; no suspect identified,
07ea06137829179513f61a172c6c8e073e43c2eeb87a350dada18bb00fa3b12d,2024-10,Northumbria Police,Northumbria Police,-1.582890,54.960003,On or near Supermarket,E01008214,Gateshead 003A,Violence and sexual offences,Status update unavailable,
c7b3a6322ab17e96a9b70a77a63515f5b134085005f09106699be6c83ebb55ef,2024-10,Northumbria Police,Northumbria Police,-1.577769,54.957198,On or near Eastwood Gardens,E01008214,Gateshead 003A,Violence and sexual offences,Investigation complete; no suspect identified,
7aa521bcdaa5ffaca42549b61c7fbe676180e2c9aa13f9cc3dc4ce227ee95392,2024-10,Northumbria Police,Northumbria Police,-1.579319,54.958354,On or near Swan Crescent,E01008214,Gateshead 003A,Violence and sexual offences,Offender given a caution,
cc0780f8d7f3043fb0a96c9e8ed4f6ad6c63045963bd6ce795e93aa74004e2e0,2024-10,Northumbria Police,Northumbria Police,-1.577769,54.957198,On or near Eastwood Gardens,E01008214,Gateshead 003A,Violence and sexual offences,Status update unavailable,
e5583e767a121b81d7a5fcc298df3beaef55fdbc2d1453295b19660cb86d402f,2024-10,Northumbria Police,Northumbria Police,-1.582890,54.960003,On or near Supermarket,E01008214,Gateshead 003A,Violence and sexual offences,Status update unavailable,
f97f02181660395ff334ddbe3ad7bd846996062bb5275922d5c1da84c5e2e718,2024-10,Northumbria Police,Northumbria Police,-1.578328,54.955969,On or near Pensher Street East,E01008214,Gateshead 003A,Violence and sexual offences,Offender given a caution,
496743d8e278a260583a201259d6f71d9487d3db547dd9ddb92ec4f80322ed84,2024-10,Northumbria Police,Northumbria Police,-1.576048,54.955997,On or near Friary Gardens,E01008214,Gateshead 003A,Violence and sexual offences,Status update unavailable,
029fe725a576a926278e7f9dccb3374c2272a3569650110f934527d0f452cf9d,2024-10,Northumbria Police,Northumbria Police,-1.576048,54.955997,On or near Friary Gardens,E01008214,Gateshead 003A,Violence and sexual offences,Status update unavailable,
506342c3a01d47310fb9636b459ecd8abe125652ddf590d2459b0f20939d2cdb,2024-10,Northumbria Police,Northumbria Police,-1.574571,54.955444,On or near Hepburn Gardens,E01008214,Gateshead 003A,Violence and sexual offences,Status update unavailable,
f40ecab84edea715d236072cdae93707b34414495b4282f36fd1949ec85b9200,2024-10,Northumbria Police,Northumbria Police,-1.577769,54.957198,On or near Eastwood Gardens,E01008214,Gateshead 003A,Violence and sexual offences,Status update unavailable,
7611d8580f9f02b6357545d588e7a3fcda9b2dd59afe5bc09f53c629e3a9bab7,2024-10,Northumbria Police,Northumbria Police,-1.576048,54.955997,On or near Friary Gardens,E01008214,Gateshead 003A,Other crime,Status update unavailable,
,2024-10,Northumbria Police,Northumbria Police,-1.571128,54.948836,On or near Coldwell Street,E01008215,Gateshead 003B,Anti-social behaviour,,
,2024-10,Northumbria Police,Northumbria Police,-1.567228,54.963056,On or near Parking Area,E01008215,Gateshead 003B,Anti-social behaviour,,
,2024-10,Northumbria Police,Northumbria Police,-1.567228,54.963056,On or near Parking Area,E01008215,Gateshead 003B,Anti-social behaviour,,
,2024-10,Northumbria Police,Northumbria Police,-1.571184,54.947973,On or near Parking Area,E01008215,Gateshead 003B,Anti-social behaviour,,
,2024-10,Northumbria Police,Northumbria Police,-1.571128,54.948836,On or near Coldwell Street,E01008215,Gateshead 003B,Anti-social behaviour,,
,2024-10,Northumbria Police,Northumbria Police,-1.571184,54.947973,On or near Parking Area,E01008215,Gateshead 003B,Anti-social behaviour,,
,2024-10,Northumbria Police,Northumbria Police,-1.571128,54.948836,On or near Coldwell Street,E01008215,Gateshead 003B,Anti-social behaviour,,
,2024-10,Northumbria Police,Northumbria Police,-1.571184,54.947973,On or near Parking Area,E01008215,Gateshead 003B,Anti-social behaviour,,
,2024-10,Northumbria Police,Northumbria Police,-1.556491,54.952369,On or near High House Gardens,E01008215,Gateshead 003B,Anti-social behaviour,,
3e89b92e522628d355c734b745038564dd49c1b352c87d098ec485ad57924d48,2024-10,Northumbria Police,Northumbria Police,-1.568045,54.949526,On or near Stainton Drive,E01008215,Gateshead 003B,Burglary,Investigation complete; no suspect identified,
2930045f450c8957ffd7b5e42b6faeb99e89a2dd21c7f401c96cdb5ce5b3629d,2024-10,Northumbria Police,Northumbria Police,-1.567837,54.954315,On or near Parking Area,E01008215,Gateshead 003B,Criminal damage and arson,Investigation complete; no suspect identified,
0e900baeae29952373ce0d3816a4a346563ecff1da68b72120de0609d46057b2,2024-10,Northumbria Police,Northumbria Police,-1.555680,54.950892,On or near Parking Area,E01008215,Gateshead 003B,Criminal damage and arson,Status update unavailable,
0eef586df225d5e57b06a503c88d398b54dfc2c51cb5670b9015db76cfca39a8,2024-10,Northumbria Police,Northumbria Police,-1.555393,54.951976,On or near Bus/Coach Station,E01008215,Gateshead 003B,Criminal damage and arson,Investigation complete; no suspect identified,
c65178091ee5ead80f3cf33ffb5acf32805ab6cc9bbe673078d2465d13080fd5,2024-10,Northumbria Police,Northumbria Police,-1.571128,54.948836,On or near Coldwell Street,E01008215,Gateshead 003B,Criminal damage and arson,Investigation complete; no suspect identified,
027165e8b39e7fb26a844b73db3a70f411e95fdc743e96593a901fe9fd58fcbc,2024-10,Northumbria Police,Northumbria Police,-1.571650,54.949656,On or near Parking Area,E01008215,Gateshead 003B,Criminal damage and arson,Investigation complete; no suspect identified,
ccc09b71a8c89105f51ce1884139dbca1194d85764cda0215af12926b0c379ba,2024-10,Northumbria Police,Northumbria Police,-1.556491,54.952369,On or near High House Gardens,E01008215,Gateshead 003B,Criminal damage and arson,Investigation complete; no suspect identified,
02853ce045870ed4fc648e219f18e67bcf644497c715e8c2202cdce0c7211c3a,2024-10,Northumbria Police,Northumbria Police,-1.571184,54.947973,On or near Parking Area,E01008215,Gateshead 003B,Drugs,Status update unavailable,
8809db15878fd7446e1f466f5c19f0011eca0b4e7b6ae70a2d93f9d66f35fbf3,2024-10,Northumbria Police,Northumbria Police,-1.566490,54.954688,On or near Temple Street,E01008215,Gateshead 003B,Drugs,Investigation complete; no suspect identified,
acf65912bb9de0158a6bec5f66b54b8966db4bd2618e483a09911105f4050cb0,2024-10,Northumbria Police,Northumbria Police,-1.566490,54.954688,On or near Temple Street,E01008215,Gateshead 003B,Other theft,Investigation complete; no suspect identified,
73ead784dc7ebed931e89049c45bc203dd2afea363742efcf8c95f5a92c76cfc,2024-10,Northumbria Police,Northumbria Police,-1.568929,54.951497,On or near St Johns Place,E01008215,Gateshead 003B,Other theft,Investigation complete; no suspect identified,
9aaf5fcfca9b311d0ce6d4f5ec5a9cad08f46e6398e4d03293f7bb8e66ebd985,2024-10,Northumbria Police,Northumbria Police,-1.566490,54.954688,On or near Temple Street,E01008215,Gateshead 003B,Other theft,Investigation complete; no suspect identified,
cb4ba1e53e97f3f887dd850ca2cecca5039b48d9829f65a5396a9b8537255414,2024-10,Northumbria Police,Northumbria Police,-1.568045,54.949526,On or near Stainton Drive,E01008215,Gateshead 003B,Public order,Investigation complete; no suspect identified,
2d52da135756ad4a47051bcae64e0f7ae511756eced6b98d6c92716f8c8235ea,2024-10,Northumbria Police,Northumbria Police,-1.568045,54.949526,On or near Stainton Drive,E01008215,Gateshead 003B,Public order,Status update unavailable,
39004047bcec071036803253e9b3406ef3e5bc914f35e16920c03ab74e5c7b7e,2024-10,Northumbria Police,Northumbria Police,-1.568045,54.949526,On or near Stainton Drive,E01008215,Gateshead 003B,Public order,Investigation complete; no suspect identified,
9d5233cffc9f821be06981db9f0607acec400b29ece1320cb514d2ee3c6e6732,2024-10,Northumbria Police,Northumbria Police,-1.571128,54.948836,On or near Coldwell Street,E01008215,Gateshead 003B,Public order,Investigation complete; no suspect identified,
5bddc4b890aa218727f6a28037d99bf38fc82c6b72000c852bb31091fc786338,2024-10,Northumbria Police,Northumbria Police,-1.568045,54.949526,On or near Stainton Drive,E01008215,Gateshead 003B,Robbery,Status update unavailable,
4746c2507de1a78a5c39a6ce1da85a05f0c218f8d583347b53424337196f4a61,2024-10,Northumbria Police,Northumbria Police,-1.568045,54.949526,On or near Stainton Drive,E01008215,Gateshead 003B,Shoplifting,Investigation complete; no suspect identified,
8916cc04a2fbe15112c4b31db8ba7076a7e28d67489ebd736ac47481682ecb3a,2024-10,Northumbria Police,Northumbria Police,-1.564869,54.951546,On or near Petrol Station,E01008215,Gateshead 003B,Shoplifting,Investigation complete; no suspect identified,
6946d85852408188e0c3ff759aa8f1169e688d85e05076141c38730bf1a2beb1,2024-10,Northumbria Police,Northumbria Police,-1.571650,54.949656,On or near Parking Area,E01008215,Gateshead 003B,Shoplifting,Investigation complete; no suspect identified,
0232f19df20e082d3e0919eec56226f8be2230b48af9c7e2cf9b56ff0c27744b,2024-10,Northumbria Police,Northumbria Police,-1.571128,54.948836,On or near Coldwell Street,E01008215,Gateshead 003B,Shoplifting,Status update unavailable,
4e7d524f112b584da2e4ea144f14254338f2891ece7c11d5ef80f590369121c3,2024-10,Northumbria Police,Northumbria Police,-1.555393,54.951976,On or near Bus/Coach Station,E01008215,Gateshead 003B,Shoplifting,Investigation complete; no suspect identified,
e47d1a448c1bd460ab19a7426dd736a1b05545cb560c7fec6818fcfec1abbcc4,2024-10,Northumbria Police,Northumbria Police,-1.568045,54.949526,On or near Stainton Drive,E01008215,Gateshead 003B,Shoplifting,Status update unavailable,
331426fd32edb44f71a289579689c247aa63af0e0fe7635545d6a5bcfd55a127,2024-10,Northumbria Police,Northumbria Police,-1.571128,54.948836,On or near Coldwell Street,E01008215,Gateshead 003B,Vehicle crime,Investigation complete; no suspect identified,
85c8ba3fca00f98dcd48e4783092467d421130c170f488f18414336c715bb485,2024-10,Northumbria Police,Northumbria Police,-1.571128,54.948836,On or near Coldwell Street,E01008215,Gateshead 003B,Violence and sexual offences,Investigation complete; no suspect identified,
1deee7cdc758917cbb316deeb4e79619883d8aef386ff31bd991c8f724463317,2024-10,Northumbria Police,Northumbria Police,-1.556491,54.952369,On or near High House Gardens,E01008215,Gateshead 003B,Violence and sexual offences,Investigation complete; no suspect identified,
f8439bb2844e4c4f9028e1ffb25042c274c2cd091d6fb134c5772b43b9cb0b24,2024-10,Northumbria Police,Northumbria Police,-1.555393,54.951976,On or near Bus/Coach Station,E01008215,Gateshead 003B,Violence and sexual offences,Investigation complete; no suspect identified,
4c3dcdf981430e7a6735b07a33914d4fa17f63fed6c780e857ea5f3f3185560c,2024-10,Northumbria Police,Northumbria Police,-1.568045,54.949526,On or near Stainton Drive,E01008215,Gateshead 003B,Violence and sexual offences,Status update unavailable,
4690e56c251815c8b34b9ab2713fe8a2909d09fc84e17dd29befff715ed3142e,2024-10,Northumbria Police,Northumbria Police,-1.555393,54.951976,On or near Bus/Coach Station,E01008215,Gateshead 003B,Violence and sexual offences,Investigation complete; no suspect identified,
6aed4519f8dc0905bb593e767c4010dd91c249705eef2b4c7e8bed486f25069c,2024-10,Northumbria Police,Northumbria Police,-1.569017,54.950581,On or near Davidson Street,E01008215,Gateshead 003B,Violence and sexual offences,Status update unavailable,
c04f459fd8e1af10c1604a07ca056c644b49be4eab9d2189d159fd161b447b4f,2024-10,Northumbria Police,Northumbria Police,-1.568045,54.949526,On or near Stainton Drive,E01008215,Gateshead 003B,Violence and sexual offences,Status update unavailable,
0142825857994046a0a8d974ff337522bbf445183fd084267e313eb8a6a17dba,2024-10,Northumbria Police,Northumbria Police,-1.568045,54.949526,On or near Stainton Drive,E01008215,Gateshead 003B,Violence and sexual offences,Investigation complete; no suspect identified,
12fbb32c45908aef08fef065544180a290c14726b8c1fd606a21764fcceca5c7,2024-10,Northumbria Police,Northumbria Police,-1.571650,54.949656,On or near Parking Area,E01008215,Gateshead 003B,Violence and sexual offences,Investigation complete; no suspect identified,
bee32b1f35ee081935786051c94c572305f00fd0661999b0e9b14d0454d3428b,2024-10,Northumbria Police,Northumbria Police,-1.571650,54.949656,On or near Parking Area,E01008215,Gateshead 003B,Violence and sexual offences,Status update unavailable,
24bcdbeae0c717bbe151075523f69fa809d210416bf52a3e7a04b2fbeeb0887f,2024-10,Northumbria Police,Northumbria Police,-1.568045,54.949526,On or near Stainton Drive,E01008215,Gateshead 003B,Violence and sexual offences,Status update unavailable,
c059258fef87ab0d825c430b8ba71ce5af5481235434c070383c5b26faf4aef2,2024-10,Northumbria Police,Northumbria Police,-1.568516,54.956564,On or near Felling House Gardens,E01008215,Gateshead 003B,Violence and sexual offences,Investigation complete; no suspect identified,
879df224ec2353d0d677c89c47e63eed72a78a65c831a89cf91fea0c60df505d,2024-10,Northumbria Police,Northumbria Police,-1.565021,54.959158,On or near Nest Road,E01008215,Gateshead 003B,Violence and sexual offences,Investigation complete; no suspect identified,
0dd790b2f547f0df29299fb4e3ad7b1c8d4d5030930fe9ba96fee2532a13780d,2024-10,Northumbria Police,Northumbria Police,-1.567228,54.963056,On or near Parking Area,E01008215,Gateshead 003B,Violence and sexual offences,Status update unavailable,
2f2ead202f03e52e1e1041904a9cefab1ffd9e2730b59e123ac8785f98752603,2024-10,Northumbria Police,Northumbria Police,-1.538026,54.955940,On or near Dene Gardens,E01008243,Gateshead 003C,Criminal damage and arson,Investigation complete; no suspect identified,
0f9c3f1fd7f5bbc61a8f0021c83219c9287d76eee2ee62432fa719f5efe0dcd3,2024-10,Northumbria Police,Northumbria Police,-1.532573,54.956242,On or near Hartforth Crescent,E01008243,Gateshead 003C,Violence and sexual offences,Status update unavailable,
88d0be5e63e8e4c03c89cf6586b085fb1260bf60c363cbf2b02d9a4e78709186,2024-10,Northumbria Police,Northumbria Police,-1.533085,54.955103,On or near Woodgate Gardens,E01008243,Gateshead 003C,Violence and sexual offences,Investigation complete; no suspect identified,
13598da873ae80607cfe40dbac853a2b6e2717f21a076f3d48047125a1a8050c,2024-10,Northumbria Police,Northumbria Police,-1.534147,54.960553,On or near Marian Drive,E01008243,Gateshead 003C,Violence and sexual offences,Status update unavailable,
,2024-10,Northumbria Police,Northumbria Police,-1.546808,54.953951,On or near York Street,E01008244,Gateshead 003D,Anti-social behaviour,,
,2024-10,Northumbria Police,Northumbria Police,-1.543317,54.953399,On or near Cartmel Park,E01008244,Gateshead 003D,Anti-social behaviour,,
,2024-10,Northumbria Police,Northumbria Police,-1.543317,54.953399,On or near Cartmel Park,E01008244,Gateshead 003D,Anti-social behaviour,,
,2024-10,Northumbria Police,Northumbria Police,-1.543317,54.953399,On or near Cartmel Park,E01008244,Gateshead 003D,Anti-social behaviour,,
d5c2889549cd9928e62d6a5bbb4cfe2d1bf891e8ddf8295dcbf3504a83f6b5ff,2024-10,Northumbria Police,Northumbria Police,-1.543594,54.953750,On or near Shields Road,E01008244,Gateshead 003D,Bicycle theft,Status update unavailable,
90f52eb347ff6a47b3c3294a48cee25759dc7515bc03262f86c74eadf60e5927,2024-10,Northumbria Police,Northumbria Police,-1.543317,54.953399,On or near Cartmel Park,E01008244,Gateshead 003D,Burglary,Investigation complete; no suspect identified,
8c813e60a7169f3c87d503d69d452804c6de4f4383460ffadbe184405993b902,2024-10,Northumbria Police,Northumbria Police,-1.548097,54.953210,On or near Portland Street,E01008244,Gateshead 003D,Drugs,Investigation complete; no suspect identified,
7d47df6512fcbf36fbecc6fec1a8335e405de2eb493a9cbdfe784d88ed56fc89,2024-10,Northumbria Police,Northumbria Police,-1.548097,54.953210,On or near Portland Street,E01008244,Gateshead 003D,Other theft,Investigation complete; no suspect identified,
ae9829c5110e5c71d47ef98fafb6efdc5101ab4227b618f6b39be7208582c335,2024-10,Northumbria Police,Northumbria Police,-1.547253,54.953306,On or near Salisbury Street,E01008244,Gateshead 003D,Other theft,Investigation complete; no suspect identified,
0ba9a93f4b4446db109b74a2629946c48ee4db453f7021d341553af4e887917e,2024-10,Northumbria Police,Northumbria Police,-1.546808,54.953951,On or near York Street,E01008244,Gateshead 003D,Other theft,Investigation complete; no suspect identified,
f2786444b363272af05966829a525948755abf1df5660a4f40400d9c5f79fe12,2024-10,Northumbria Police,Northumbria Police,-1.546808,54.953951,On or near York Street,E01008244,Gateshead 003D,Other theft,Status update unavailable,
19feeff6af3aa87e430e6c2d780e4e1f756c83274b3a4dbe08767e864591f5ad,2024-10,Northumbria Police,Northumbria Police,-1.543317,54.953399,On or near Cartmel Park,E01008244,Gateshead 003D,Shoplifting,Court result unavailable,
82355914b689006d5451463c4efc4215bfad28822ba1b2f3b6e5d0d4029ad01d,2024-10,Northumbria Police,Northumbria Police,-1.543317,54.953399,On or near Cartmel Park,E01008244,Gateshead 003D,Shoplifting,Investigation complete; no suspect identified,
420bf531274e69b200e9e4a1897b7acb6df4880272ddbb33287efaa65ebe484c,2024-10,Northumbria Police,Northumbria Police,-1.543317,54.953399,On or near Cartmel Park,E01008244,Gateshead 003D,Shoplifting,Court result unavailable,
f09aeb66a855130c0c30ee1ddeea3ae5f90dd52d64398a15c6cd68ca4fe91d2a,2024-10,Northumbria Police,Northumbria Police,-1.543594,54.953750,On or near Shields Road,E01008244,Gateshead 003D,Shoplifting,Court result unavailable,
551f767ce7fd67e0575afbf0b0d573d8b72f7b84d4e94d3071deee91707c68e4,2024-10,Northumbria Police,Northumbria Police,-1.543317,54.953399,On or near Cartmel Park,E01008244,Gateshead 003D,Shoplifting,Investigation complete; no suspect identified,
7881aa1d30c6df76857c6fb9f7901a26a10f6739378e984c0a350204bbfaebba,2024-10,Northumbria Police,Northumbria Police,-1.543594,54.953750,On or near Shields Road,E01008244,Gateshead 003D,Shoplifting,Investigation complete; no suspect identified,
f5e006013d7f0c16a011654f83e6f3a697178157aa6a212962efd4f758640cbd,2024-10,Northumbria Police,Northumbria Police,-1.543594,54.953750,On or near Shields Road,E01008244,Gateshead 003D,Shoplifting,Investigation complete; no suspect identified,
f02a80fde12e8a940f592d673a5b3a7c6eb8bb2d7d7b8507b5617c9a8023152e,2024-10,Northumbria Police,Northumbria Police,-1.543594,54.953750,On or near Shields Road,E01008244,Gateshead 003D,Shoplifting,Investigation complete; no suspect identified,
9b17e8239cb86409bc5426a0fbe94194fbc62d2805ecf6da4d555b86cb0d39e2,2024-10,Northumbria Police,Northumbria Police,-1.543594,54.953750,On or near Shields Road,E01008244,Gateshead 003D,Shoplifting,Court result unavailable,
b2e6dd5fcc22a47d82a7a71bea84efc38009483e7b840080f41360295791d91e,2024-10,Northumbria Police,Northumbria Police,-1.559518,54.954016,On or near Stoneygate Close,E01008244,Gateshead 003D,Vehicle crime,Investigation complete; no suspect identified,
eede48bf26c605c3e9c8b8f95fb2f422974e1a2d943e458c7c770dd1de6e8249,2024-10,Northumbria Police,Northumbria Police,-1.543317,54.953399,On or near Cartmel Park,E01008244,Gateshead 003D,Violence and sexual offences,Investigation complete; no suspect identified,
ef4541ca53537455ecf38945493df1010fb25e4171b2afccda224808b6fb029a,2024-10,Northumbria Police,Northumbria Police,-1.539780,54.954131,On or near Lauder Way,E01008244,Gateshead 003D,Violence and sexual offences,Status update unavailable,
0971e7bbbf833d461eb2f1a8c091233ace7b33f75908804156fb0e8a29cc4130,2024-10,Northumbria Police,Northumbria Police,-1.539780,54.954131,On or near Lauder Way,E01008244,Gateshead 003D,Violence and sexual offences,Investigation complete; no suspect identified,
91f725bc262e2e2644341973b49aef658e5bda046ec0d84664a0de7b6edabf1e,2024-10,Northumbria Police,Northumbria Police,-1.543594,54.953750,On or near Shields Road,E01008244,Gateshead 003D,Violence and sexual offences,Status update unavailable,
,2024-10,Northumbria Police,Northumbria Police,-1.712874,54.959695,On or near Maple Road,E01008178,Gateshead 004A,Anti-social behaviour,,
,2024-10,Northumbria Police,Northumbria Police,-1.719023,54.955809,On or near Simonside Road,E01008178,Gateshead 004A,Anti-social behaviour,,
,2024-10,Northumbria Police,Northumbria Police,-1.716736,54.961223,On or near Harriet Street,E01008178,Gateshead 004A,Anti-social behaviour,,
abd524d559dd35c46a54d4dcae5ff1885bb3dd930755b1604b7f2676e6c6ed4b,2024-10,Northumbria Police,Northumbria Police,-1.716736,54.961223,On or near Harriet Street,E01008178,Gateshead 004A,Criminal damage and arson,Investigation complete; no suspect identified,
70993c24f9abae9332f2f83704e81d597eae1360cc9c8a4571f95fbb01e7c38c,2024-10,Northumbria Police,Northumbria Police,-1.716736,54.961223,On or near Harriet Street,E01008178,Gateshead 004A,Criminal damage and arson,Investigation complete; no suspect identified,
f4b30685ae278a50be0f3827af3e22327d25d9a8e2a064fbe814c7e91d32c6c9,2024-10,Northumbria Police,Northumbria Police,-1.716736,54.961223,On or near Harriet Street,E01008178,Gateshead 004A,Criminal damage and arson,Investigation complete; no suspect identified,
58ee55b0a6952f88e3faee4536bf1a318e0e8305a7d40d69f050e558652c5444,2024-10,Northumbria Police,Northumbria Police,-1.715345,54.961435,On or near Ann Street,E01008178,Gateshead 004A,Criminal damage and arson,Status update unavailable,
ca1ec6005cc5582c6d152359890deb1b482db42907ee49555eb04c02104846e3,2024-10,Northumbria Police,Northumbria Police,-1.713041,54.960351,On or near Sycamore Road,E01008178,Gateshead 004A,Other theft,Investigation complete; no suspect identified,
4f711312ed97eb3ee760daed497f5db57b4a70b5e35f99ebc0d22a1a9573f9cb,2024-10,Northumbria Police,Northumbria Police,-1.710232,54.962313,On or near Larch Road,E01008178,Gateshead 004A,Shoplifting,Investigation complete; no suspect identified,
ec0878574099dbca9b290e8e343fb13a1ea3c7c00ead45d5caf0e44d9b71fff6,2024-10,Northumbria Police,Northumbria Police,-1.719702,54.956925,On or near Park Avenue,E01008178,Gateshead 004A,Vehicle crime,Court result unavailable,
748ef48de7f25f77fa209561b73480383ed53910bb31049dac985c9439e2d73f,2024-10,Northumbria Police,Northumbria Police,-1.713909,54.959023,On or near Masseys View,E01008178,Gateshead 004A,Vehicle crime,Investigation complete; no suspect identified,
4e1a073be2ca4cf578275b1711febd361178e5c65fe1c74ee253d6ceed9f92c9,2024-10,Northumbria Police,Northumbria Police,-1.720300,54.956217,On or near Tynevale Avenue,E01008178,Gateshead 004A,Vehicle crime,Court result unavailable,
908809e63785cacb69f41a0ed817366ebd07860282da3c911f491a6a9cb6b999,2024-10,Northumbria Police,Northumbria Police,-1.718204,54.959459,On or near Sports/Recreation Area,E01008178,Gateshead 004A,Vehicle crime,Investigation complete; no suspect identified,
c587c93648a200150eec85c5728c0d8969ff4f569491b962b35d34925eeb4df5,2024-10,Northumbria Police,Northumbria Police,-1.720300,54.956217,On or near Tynevale Avenue,E01008178,Gateshead 004A,Vehicle crime,Investigation complete; no suspect identified,
30da19f9d9e5e8d62b6f376caba4049a0f009129c63adc3e05b029a64754cb6c,2024-10,Northumbria Police,Northumbria Police,-1.720300,54.956217,On or near Tynevale Avenue,E01008178,Gateshead 004A,Vehicle crime,Court result unavailable,
b80377c0f8d273787bbdf066c93db447dd0a443962692d105ec69b914be2d61f,2024-10,Northumbria Police,Northumbria Police,-1.716134,54.958049,On or near Robinsons Drive,E01008178,Gateshead 004A,Violence and sexual offences,Court result unavailable,
d33b9bc29b6a2335a00240e70909915a2c48de023adb184d70ed735fd9cbdbeb,2024-10,Northumbria Police,Northumbria Police,-1.716736,54.961223,On or near Harriet Street,E01008178,Gateshead 004A,Violence and sexual offences,Investigation complete; no suspect identified,
,2024-10,Northumbria Police,Northumbria Police,-1.723169,54.959108,On or near Westway,E01008180,Gateshead 004B,Anti-social behaviour,,
,2024-10,Northumbria Police,Northumbria Police,-1.723169,54.959108,On or near Westway,E01008180,Gateshead 004B,Anti-social behaviour,,
392d200a725e925c4becc08941caebad7df9ffdd984728911e556a353baa6eb6,2024-10,Northumbria Police,Northumbria Police,-1.729333,54.957531,On or near North Street,E01008180,Gateshead 004B,Criminal damage and arson,Court result unavailable,
8e0e54cb6fb9eb46cf424bbdc4fddb1b3e8e2973e120e2ca7558fd1ee111e290,2024-10,Northumbria Police,Northumbria Police,-1.728011,54.959002,On or near Tulip Close,E01008180,Gateshead 004B,Criminal damage and arson,Status update unavailable,
8801acbf3866c6899ee4a1f37facc970ed023f2149f9636ea12b54c5af54cafe,2024-10,Northumbria Police,Northumbria Police,-1.724392,54.958437,On or near Heddon View,E01008180,Gateshead 004B,Criminal damage and arson,Status update unavailable,
0abe58e7bf06ea7ceb03b0b32e5cb9ca7e6a40a7a0fdf73abf56c76b88eff4dc,2024-10,Northumbria Police,Northumbria Police,-1.723169,54.959108,On or near Westway,E01008180,Gateshead 004B,Drugs,Investigation complete; no suspect identified,
91d95dc97f0a16e25002447430b32855427f6ca6c4774e1d0b15d5738f4e0d7b,2024-10,Northumbria Police,Northumbria Police,-1.722317,54.958144,On or near River View,E01008180,Gateshead 004B,Drugs,Status update unavailable,
5b99919ba2f26ab6b55abfcce95ffe2708311811a5927d346e3161dc96d86aa6,2024-10,Northumbria Police,Northumbria Police,-1.722317,54.958144,On or near River View,E01008180,Gateshead 004B,Possession of weapons,Status update unavailable,
41035ab761aff7b75b8018b7ae4abe69bd69db793ae68a9608a7df8734c859f5,2024-10,Northumbria Police,Northumbria Police,-1.729926,54.957496,On or near Lily Close,E01008180,Gateshead 004B,Vehicle crime,Investigation complete; no suspect identified,
e335d407299ec628912266e9adb83320fe171235d42dc5dd74c0cd7f753edb63,2024-10,Northumbria Police,Northumbria Police,-1.723169,54.959108,On or near Westway,E01008180,Gateshead 004B,Violence and sexual offences,Investigation complete; no suspect identified,
e96e3dc2597b61d5c2abdb0e73201a052101655f98169c7255ccc9d7a50d8743,2024-10,Northumbria Police,Northumbria Police,-1.726953,54.958496,On or near Tynebank,E01008180,Gateshead 004B,Violence and sexual offences,Investigation complete; no suspect identified,
c5c96a02bebb45e70b2e94ef11588a1598807b6e898e2bc1436ccd714011504b,2024-10,Northumbria Police,Northumbria Police,-1.721327,54.959122,On or near Denton View,E01008180,Gateshead 004B,Violence and sexual offences,Investigation complete; no suspect identified,
51ddd4679b10f2f83f1e2dcf515440bfcfc944fcba8ee0110c59a0cf5621669a,2024-10,Northumbria Police,Northumbria Police,-1.722711,54.957624,On or near Wylam View,E01008180,Gateshead 004B,Violence and sexual offences,Investigation complete; no suspect identified,
893eec52e863a2fcc4635d3dfb0a193e3c018c5068fe3ec199b9997ea1320189,2024-10,Northumbria Police,Northumbria Police,-1.724392,54.958437,On or near Heddon View,E01008180,Gateshead 004B,Violence and sexual offences,Status update unavailable,
55b41371e918ea2d472bb89c735899bf0767fddc08c89750f1a1c6a537d2649c,2024-10,Northumbria Police,Northumbria Police,-1.721327,54.959122,On or near Denton View,E01008180,Gateshead 004B,Violence and sexual offences,Status update unavailable,
b6dea182d21cca8a57cb2725584f2c1208e4c856348c46445ca851f2b99a659e,2024-10,Northumbria Police,Northumbria Police,-1.723169,54.959108,On or near Westway,E01008180,Gateshead 004B,Violence and sexual offences,Status update unavailable,
5473e745fcb05d63232894c48ed1ec74b127ab148844d7c5a7c66939a079ca26,2024-10,Northumbria Police,Northumbria Police,-1.723379,54.960366,On or near Back Lane,E01008180,Gateshead 004B,Other crime,Status update unavailable,
,2024-10,Northumbria Police,Northumbria Police,-1.714198,54.955771,On or near Content Street,E01008182,Gateshead 004C,Anti-social behaviour,,
,2024-10,Northumbria Police,Northumbria Police,-1.710381,54.958934,On or near Linden Road,E01008182,Gateshead 004C,Anti-social behaviour,,
299f3b24c2643c2df0f7915229f44ba0e45f4e22a0e7db6439fd9314b5e54b9c,2024-10,Northumbria Police,Northumbria Police,-1.709942,54.954826,On or near Berryhill Close,E01008182,Gateshead 004C,Burglary,Investigation complete; no suspect identified,
474573e2a4c3757ecd79548b7db3959b829bf4da6d77cd98fb2a224f44a5800d,2024-10,Northumbria Police,Northumbria Police,-1.715128,54.952359,On or near East Lea,E01008182,Gateshead 004C,Burglary,Status update unavailable,
e058999142e869030562f7ded7d5974f784f72c4ed812d6343226b95aa631eab,2024-10,Northumbria Police,Northumbria Police,-1.713771,54.956516,On or near Rockmore Road,E01008182,Gateshead 004C,Criminal damage and arson,Investigation complete; no suspect identified,
3a26fc972191eb424a7e340fdf0d7b461e56a79c9e65f357b3572f8e183e9822,2024-10,Northumbria Police,Northumbria Police,-1.715128,54.952359,On or near East Lea,E01008182,Gateshead 004C,Criminal damage and arson,Investigation complete; no suspect identified,
e777618890df3a772ffeee7388d2916039e7cbe6561a829ced03f820d2c37924,2024-10,Northumbria Police,Northumbria Police,-1.710918,54.955826,On or near Hadrian Gardens,E01008182,Gateshead 004C,Criminal damage and arson,Investigation complete; no suspect identified,
8aeb3311cfcbb52b88b5d579d70f7a20c48a73f29e10d52f8455c06fd7e4049a,2024-10,Northumbria Police,Northumbria Police,-1.711015,54.957633,On or near Ladywell Road,E01008182,Gateshead 004C,Criminal damage and arson,Investigation complete; no suspect identified,
e5cfd609495711610fa1f8e739050a6c3ba62404ee9f155d0d7ad70a0e5ca0be,2024-10,Northumbria Police,Northumbria Police,-1.712002,54.954984,On or near Greenrigg,E01008182,Gateshead 004C,Drugs,Status update unavailable,
aea3371a0d1281a4fe9ffb67175dde8d69998035c6e94b18fbee5ce6761610e8,2024-10,Northumbria Police,Northumbria Police,-1.710918,54.955826,On or near Hadrian Gardens,E01008182,Gateshead 004C,Public order,Status update unavailable,
6f9770bcfe571b7a69a34ce16afdff81a6f2d60d5a55e5e3e51789b058cf704d,2024-10,Northumbria Police,Northumbria Police,-1.712895,54.956801,On or near Whitewell Road,E01008182,Gateshead 004C,Vehicle crime,Investigation complete; no suspect identified,
7d4f246d78846c5779333cca3c0b6da480f5e1f3b4f32b18ae410450d9db6e79,2024-10,Northumbria Police,Northumbria Police,-1.713707,54.954602,On or near Angel Street,E01008182,Gateshead 004C,Violence and sexual offences,Investigation complete; no suspect identified,
68b3dae3b81e64315dc4210f33a5bee3fb4ed383496455d039a7ef254dfbfea9,2024-10,Northumbria Police,Northumbria Police,-1.712002,54.954984,On or near Greenrigg,E01008182,Gateshead 004C,Violence and sexual offences,Investigation complete; no suspect identified,
0a977effb4bf9a1ec0a266771aa553c1e946a8e5238cf821a9dca9c8223ce70f,2024-10,Northumbria Police,Northumbria Police,-1.710918,54.955826,On or near Hadrian Gardens,E01008182,Gateshead 004C,Violence and sexual offences,Status update unavailable,
1381e829a51726a5e69251ade15b87ba8522e3fda6d792add77919271ef19552,2024-10,Northumbria Police,Northumbria Police,-1.712002,54.954984,On or near Greenrigg,E01008182,Gateshead 004C,Violence and sexual offences,Investigation complete; no suspect identified,
fa14d53fffc0cbcb2e285cd6f9f3ed56934f5aeb4fe07af8a9c30127351f5c8d,2024-10,Northumbria Police,Northumbria Police,-1.710381,54.958934,On or near Linden Road,E01008182,Gateshead 004C,Violence and sexual offences,Status update unavailable,
089e0b2c0aeb32f8d23dd777a1d41f5da382312a657a433bd973e55cdfe32a63,2024-10,Northumbria Police,Northumbria Police,-1.710381,54.958934,On or near Linden Road,E01008182,Gateshead 004C,Violence and sexual offences,Status update unavailable,
77cf7526593fd7e8d5c109dd6e024121f8447aecfa317925312c006faf0159e7,2024-10,Northumbria Police,Northumbria Police,-1.710381,54.958934,On or near Linden Road,E01008182,Gateshead 004C,Violence and sexual offences,Status update unavailable,
8c91680fa74547091b4c0ec58db0a13a7dca8f31be30d7bfb0c5370d8bba506b,2024-10,Northumbria Police,Northumbria Police,-1.712895,54.956801,On or near Whitewell Road,E01008182,Gateshead 004C,Violence and sexual offences,Investigation complete; no suspect identified,
20fe1edca4c890c3f08717672b736dde85dddbe2a165f859a10bbd2d25535463,2024-10,Northumbria Police,Northumbria Police,-1.714081,54.956894,On or near Crowley Gardens,E01008182,Gateshead 004C,Violence and sexual offences,Status update unavailable,
63c2c16e996d300cca339c6fc7d4a4285b5cc9db9b78dc5fb71218a4eb408441,2024-10,Northumbria Police,Northumbria Police,-1.714081,54.956894,On or near Crowley Gardens,E01008182,Gateshead 004C,Other crime,Status update unavailable,
,2024-10,Northumbria Police,Northumbria Police,-1.730899,54.949887,On or near Coldstream Drive,E01008277,Gateshead 004D,Anti-social behaviour,,
d42832057abe88eadfd531a5b91251673bc956d18cea287646e12197665923a5,2024-10,Northumbria Police,Northumbria Police,-1.723928,54.950878,On or near Ullswater Crescent,E01008277,Gateshead 004D,Public order,Investigation complete; no suspect identified,
ea87f59cb99d4b60d23582821076f9c184147b665020854ce746e7f7e6d33e74,2024-10,Northumbria Police,Northumbria Police,-1.725113,54.951150,On or near Grasmere Crescent,E01008277,Gateshead 004D,Vehicle crime,Investigation complete; no suspect identified,
7492bcb8f49f134f8f0a7fabe6b0cfb63648a8961da58e6c6f73f8d34ba4fa35,2024-10,Northumbria Police,Northumbria Police,-1.724298,54.949333,On or near Wasdale Crescent,E01008277,Gateshead 004D,Violence and sexual offences,Status update unavailable,
b23ce9cb3873120a6d0b8540175594e53642e11e88e2c468cbd9fb6936060987,2024-10,Northumbria Police,Northumbria Police,-1.726256,54.953067,On or near Half Fields Road,E01008277,Gateshead 004D,Violence and sexual offences,Status update unavailable,
,2024-10,Northumbria Police,Northumbria Police,-1.728274,54.954707,On or near Back Street,E01008280,Gateshead 004E,Anti-social behaviour,,
,2024-10,Northumbria Police,Northumbria Police,-1.724816,54.955760,On or near Mount Pleasant,E01008280,Gateshead 004E,Anti-social behaviour,,
,2024-10,Northumbria Police,Northumbria Police,-1.728274,54.954707,On or near Back Street,E01008280,Gateshead 004E,Anti-social behaviour,,
,2024-10,Northumbria Police,Northumbria Police,-1.727864,54.953116,On or near Church Street,E01008280,Gateshead 004E,Anti-social behaviour,,
,2024-10,Northumbria Police,Northumbria Police,-1.715606,54.951030,On or near Wagtail Close,E01008280,Gateshead 004E,Anti-social behaviour,,
,2024-10,Northumbria Police,Northumbria Police,-1.724816,54.955760,On or near Mount Pleasant,E01008280,Gateshead 004E,Anti-social behaviour,,
7afe72114af8be636563a231332317282f897ab06417e5fc6b5cd35908498a00,2024-10,Northumbria Police,Northumbria Police,-1.721192,54.953703,On or near Northlands,E01008280,Gateshead 004E,Criminal damage and arson,Investigation complete; no suspect identified,
3e5764e2dc999178a20fdabd104118c0f91b5290ec06803124aed75d284282bb,2024-10,Northumbria Police,Northumbria Police,-1.725670,54.956454,On or near Garth Farm Road,E01008280,Gateshead 004E,Criminal damage and arson,Status update unavailable,
97938280ece7b0680c1e9f1d7b8dfab7e616fd262bcfde5848a87277e650d9f7,2024-10,Northumbria Police,Northumbria Police,-1.721192,54.953703,On or near Northlands,E01008280,Gateshead 004E,Criminal damage and arson,Investigation complete; no suspect identified,
1c585f049dcf46e07823cf85dfcf6a56e7c4aa245d66e5fac3a1904390c1418a,2024-10,Northumbria Police,Northumbria Police,-1.716590,54.950933,On or near West Lea,E01008280,Gateshead 004E,Criminal damage and arson,Investigation complete; no suspect identified,
0f7d8723146d197de9bf6477c271bb835d0f4b944e66b85fb25e4844956d68fd,2024-10,Northumbria Police,Northumbria Police,-1.723154,54.954588,On or near Ramsay Street,E01008280,Gateshead 004E,Criminal damage and arson,Investigation complete; no suspect identified,
bacfd95c5f4aa5a6ba9d66194e5bcb490de4914485d5d77369dca5c2219a849c,2024-10,Northumbria Police,Northumbria Police,-1.723129,54.955819,On or near Litchfield Lane,E01008280,Gateshead 004E,Criminal damage and arson,Status update unavailable,
521851cbb77184efb4e7dbb0b3986e50424b540aed7089fab12f1f95cd9df4df,2024-10,Northumbria Police,Northumbria Police,-1.722937,54.956582,On or near Litchfield Street,E01008280,Gateshead 004E,Criminal damage and arson,Status update unavailable,
1b212c57721c9de540cd3dd5e5b4b8c35a246e70e29da25187619034e55275d5,2024-10,Northumbria Police,Northumbria Police,-1.727627,54.953448,On or near Petrol Station,E01008280,Gateshead 004E,Other theft,Status update unavailable,
17c10c2ca336d81e4cb8f6def87934e8a14895a202553419ce8e2a18d1be19de,2024-10,Northumbria Police,Northumbria Police,-1.726879,54.954788,On or near Supermarket,E01008280,Gateshead 004E,Public order,Investigation complete; no suspect identified,
cad7b3d2414384169ea2ced19a11e2b8188adb883718231639d12b558341bf92,2024-10,Northumbria Police,Northumbria Police,-1.725397,54.955267,On or near Branch Street,E01008280,Gateshead 004E,Public order,Status update unavailable,
53db2c36b189adaa54777b4dc1abd4201f9f68b7a388d105ac5883dc2accd875,2024-10,Northumbria Police,Northumbria Police,-1.726879,54.954788,On or near Supermarket,E01008280,Gateshead 004E,Shoplifting,Status update unavailable,
0aa2a7bab06a8df63090dd6b9debaeecde53914454d78a9bf8598cebbb3d5dda,2024-10,Northumbria Police,Northumbria Police,-1.726879,54.954788,On or near Supermarket,E01008280,Gateshead 004E,Shoplifting,Investigation complete; no suspect identified,
0dae29a1c80d75216f28623257f2ec8a96883807e755564561ee8cc3b5872b1d,2024-10,Northumbria Police,Northumbria Police,-1.715606,54.951030,On or near Wagtail Close,E01008280,Gateshead 004E,Violence and sexual offences,Investigation complete; no suspect identified,
9484c252616322ce2667b37c936e8e86a804effd5d535bcac90f14d0605d904d,2024-10,Northumbria Police,Northumbria Police,-1.720874,54.954591,On or near Eastlands,E01008280,Gateshead 004E,Violence and sexual offences,Investigation complete; no suspect identified,
8fb9534d1cc7e7a1b5cd78a536b9fbbfe690f53d2652cbe5858a3d764dd89649,2024-10,Northumbria Police,Northumbria Police,-1.718410,54.954109,On or near East Park Gardens,E01008280,Gateshead 004E,Violence and sexual offences,Status update unavailable,
2c3fb96cddb3b09139079dbf63825e5b0daa4e803bb958004d6e05b9d7f917d2,2024-10,Northumbria Police,Northumbria Police,-1.716590,54.950933,On or near West Lea,E01008280,Gateshead 004E,Other crime,Investigation complete; no suspect identified,
cdbcd31ee68860dbf39b2d3b1998de1065ea7718ce8b7f19517bda21704ea82e,2024-10,Northumbria Police,Northumbria Police,-1.727134,54.957095,On or near Jobling Avenue,E01008280,Gateshead 004E,Other crime,Status update unavailable,
7c0843fd70dda5ad29255234ce153859aea97db8cfed2926a5d499444c2727fb,2024-10,Northumbria Police,Northumbria Police,-1.727134,54.957095,On or near Jobling Avenue,E01008280,Gateshead 004E,Other crime,Status update unavailable,
54077b1917d9b7fc6bb9300111d49cb119ad72c4399288365f3da36f65539fa7,2024-10,Northumbria Police,Northumbria Police,-1.727134,54.957095,On or near Jobling Avenue,E01008280,Gateshead 004E,Other crime,Status update unavailable,
72299cdb2d2e9988ec5e53d9663b4c13004a8e8749ae1844da711e45d3dfe23c,2024-10,Northumbria Police,Northumbria Police,-1.727134,54.957095,On or near Jobling Avenue,E01008280,Gateshead 004E,Other crime,Status update unavailable,
,2024-10,Northumbria Police,Northumbria Police,-1.716324,54.964259,On or near Lynwood Avenue,E01008177,Gateshead 005A,Anti-social behaviour,,
,2024-10,Northumbria Police,Northumbria Police,-1.713219,54.963847,On or near West View,E01008177,Gateshead 005A,Anti-social behaviour,,
,2024-10,Northumbria Police,Northumbria Police,-1.712133,54.965031,On or near Shopping Area,E01008177,Gateshead 005A,Anti-social behaviour,,
,2024-10,Northumbria Police,Northumbria Police,-1.711663,54.963098,On or near Lucy Street,E01008177,Gateshead 005A,Anti-social behaviour,,
,2024-10,Northumbria Police,Northumbria Police,-1.712133,54.965031,On or near Shopping Area,E01008177,Gateshead 005A,Anti-social behaviour,,
,2024-10,Northumbria Police,Northumbria Police,-1.709439,54.963910,On or near Supermarket,E01008177,Gateshead 005A,Anti-social behaviour,,
,2024-10,Northumbria Police,Northumbria Police,-1.712133,54.965031,On or near Shopping Area,E01008177,Gateshead 005A,Anti-social behaviour,,
f843bebce1b21f74840e0c19979fd68577f765c0a50ecbf8c54cc1683d6fc66e,2024-10,Northumbria Police,Northumbria Police,-1.709780,54.964289,On or near Parking Area,E01008177,Gateshead 005A,Criminal damage and arson,Investigation complete; no suspect identified,
e140e366316cd3c58ccc517cf3c997cbaaff4da726987f9c3aca8b54cba7cfde,2024-10,Northumbria Police,Northumbria Police,-1.715480,54.964455,On or near Whitmore Road,E01008177,Gateshead 005A,Criminal damage and arson,Status update unavailable,
62c71e0abb0c33c8f1d8101454d4b2aa043f226d20c16eb4f64133df35f2a86b,2024-10,Northumbria Police,Northumbria Police,-1.712853,54.962705,On or near Mabel Street,E01008177,Gateshead 005A,Drugs,Status update unavailable,
bc2642f0fb5b8147c6849a96ec1867f11dd086d2390c79da0af6fd977cc8a54b,2024-10,Northumbria Police,Northumbria Police,-1.709321,54.962949,On or near George Street,E01008177,Gateshead 005A,Other theft,Investigation complete; no suspect identified,
eaf579f1c37684dd6301ad0c5ffe7bbf3be7d64776a02e86fdbd072e9d89ccdd,2024-10,Northumbria Police,Northumbria Police,-1.709439,54.963910,On or near Supermarket,E01008177,Gateshead 005A,Public order,Investigation complete; no suspect identified,
0191c8f6bd4f47acd8db0dfd79157850cbd67fab5b5d3ce85e347fde3bd57012,2024-10,Northumbria Police,Northumbria Police,-1.709439,54.963910,On or near Supermarket,E01008177,Gateshead 005A,Shoplifting,Investigation complete; no suspect identified,
772a06acefc35d8a8445308d45191e2dfc7fc177ad9da61f5ec434b627ae074f,2024-10,Northumbria Police,Northumbria Police,-1.709321,54.962949,On or near George Street,E01008177,Gateshead 005A,Shoplifting,Investigation complete; no suspect identified,
012dd5729950ad5efe8f0fa1fc30bfabbb9c6dd194ec1b9fbf3b9bc3f2f59aec,2024-10,Northumbria Police,Northumbria Police,-1.710292,54.964802,On or near Parking Area,E01008177,Gateshead 005A,Shoplifting,Court result unavailable,
994cf9617b44e4d73bfa4cb901e90d4cd1d335fc94b399d441deec10c8905829,2024-10,Northumbria Police,Northumbria Police,-1.709439,54.963910,On or near Supermarket,E01008177,Gateshead 005A,Shoplifting,Investigation complete; no suspect identified,
1a5cc34d44af15f6a855d0084d5f7549b420875a40b51dd75a19ef90ae22ea55,2024-10,Northumbria Police,Northumbria Police,-1.710292,54.964802,On or near Parking Area,E01008177,Gateshead 005A,Shoplifting,Status update unavailable,
f3ed22ceef3d4933445a0d18d41adf8a5ecc9026f2d48253ce21973eb1f05c19,2024-10,Northumbria Police,Northumbria Police,-1.709439,54.963910,On or near Supermarket,E01008177,Gateshead 005A,Shoplifting,Investigation complete; no suspect identified,
e945925344ca52fe87c7d51913b50b4f8ad0d726f07d356f697eef7d6c1eed9d,2024-10,Northumbria Police,Northumbria Police,-1.712133,54.965031,On or near Shopping Area,E01008177,Gateshead 005A,Shoplifting,Investigation complete; no suspect identified,
b2046c7a01f377b2c467132199dee2a8dc347c1e349134362d46c545b41eaf1a,2024-10,Northumbria Police,Northumbria Police,-1.709439,54.963910,On or near Supermarket,E01008177,Gateshead 005A,Shoplifting,Investigation complete; no suspect identified,
1f3b593a07b95cbd179b70b264c469cde0ada7006cdedb5a6d0ca13cc71e1c99,2024-10,Northumbria Police,Northumbria Police,-1.709439,54.963910,On or near Supermarket,E01008177,Gateshead 005A,Shoplifting,Investigation complete; no suspect identified,
8d84f21f798a0578d6b4cfc7bdc78b0b6b48865e88131338ffed5f9686031a0f,2024-10,Northumbria Police,Northumbria Police,-1.709439,54.963910,On or near Supermarket,E01008177,Gateshead 005A,Shoplifting,Investigation complete; no suspect identified,
4295d85c01cde79081b8856521213d885658ee5557cd1cda6821939b0f364019,2024-10,Northumbria Police,Northumbria Police,-1.709780,54.964289,On or near Parking Area,E01008177,Gateshead 005A,Shoplifting,Investigation complete; no suspect identified,
996a18ff18b51bc852f7d31e9e4533df87da501064ae0acfdca19c20d66aa91f,2024-10,Northumbria Police,Northumbria Police,-1.709439,54.963910,On or near Supermarket,E01008177,Gateshead 005A,Shoplifting,Investigation complete; no suspect identified,
840c6a2c2af1df896f09def9e961f5f7d7b18c2c01cb10903c6e151310cccf0c,2024-10,Northumbria Police,Northumbria Police,-1.709439,54.963910,On or near Supermarket,E01008177,Gateshead 005A,Shoplifting,Investigation complete; no suspect identified,
42c4b1cdba299d5d7d16a949cc44f1151590c16091d6a3bcaf2def7da6824a8c,2024-10,Northumbria Police,Northumbria Police,-1.709439,54.963910,On or near Supermarket,E01008177,Gateshead 005A,Shoplifting,Investigation complete; no suspect identified,
9d708852cca836cdf5d599bc6de322d78673aa5903a05452610a647363854e9d,2024-10,Northumbria Police,Northumbria Police,-1.709780,54.964289,On or near Parking Area,E01008177,Gateshead 005A,Shoplifting,Investigation complete; no suspect identified,
7620782d1b75b0d15b59faeeba447925df6b61958ef559e8f469ac4c9a9f2710,2024-10,Northumbria Police,Northumbria Police,-1.709439,54.963910,On or near Supermarket,E01008177,Gateshead 005A,Violence and sexual offences,Investigation complete; no suspect identified,
6afcc70909a23166c76b702d9e12ff3142b1b0cfae3e29db3c789b0e2a6a375d,2024-10,Northumbria Police,Northumbria Police,-1.715480,54.964455,On or near Whitmore Road,E01008177,Gateshead 005A,Violence and sexual offences,Status update unavailable,
fad7ba3e34ac0014006dcc7cbd98f97197b3f4e41971235af8538ebe526a13a7,2024-10,Northumbria Police,Northumbria Police,-1.712853,54.962705,On or near Mabel Street,E01008177,Gateshead 005A,Violence and sexual offences,Investigation complete; no suspect identified,
22f7b63e6352d9b80ed5a7da6d3668feb4eeebca4deabe228ecba4c18cf524d4,2024-10,Northumbria Police,Northumbria Police,-1.716324,54.964259,On or near Lynwood Avenue,E01008177,Gateshead 005A,Violence and sexual offences,Investigation complete; no suspect identified,
18394e147e9ec572e2ba3fe34a35e1bba46da4fd7b4d585cc15c179c96a414ec,2024-10,Northumbria Police,Northumbria Police,-1.713319,54.962967,On or near Theresa Street,E01008177,Gateshead 005A,Violence and sexual offences,Status update unavailable,
d7e04cf7e1b367383e8e76825a4bdf90f3522c9bbb25c1aefb440abfc0ec5e94,2024-10,Northumbria Police,Northumbria Police,-1.712853,54.962705,On or near Mabel Street,E01008177,Gateshead 005A,Violence and sexual offences,Investigation complete; no suspect identified,
0014b0ad9d3cd2c7d43c3aa3fe106b729daf98f9b65588cd2f462193c0d78ba7,2024-10,Northumbria Police,Northumbria Police,-1.710286,54.961288,On or near Elm Road,E01008177,Gateshead 005A,Violence and sexual offences,Status update unavailable,
810b3f3c60bdf6e0924180f465fb1f454f8fd9761f19a816a4e9dbf03cafde79,2024-10,Northumbria Police,Northumbria Police,-1.726790,54.959448,On or near Daffodil Close,E01008179,Gateshead 005B,Vehicle crime,Investigation complete; no suspect identified,
960682ba2963d282168ed818e8a7a31dde78b14722d8ab6d6340a432600c1f10,2024-10,Northumbria Police,Northumbria Police,-1.728240,54.959793,On or near Crocus Close,E01008179,Gateshead 005B,Violence and sexual offences,Investigation complete; no suspect identified,
3830c412c2be86b2da63cbaf1dfef1ea2c40d191b32b9b56bd8f0ed24f863d45,2024-10,Northumbria Police,Northumbria Police,-1.731646,54.959603,On or near Morgans Way,E01008179,Gateshead 005B,Violence and sexual offences,Investigation complete; no suspect identified,
,2024-10,Northumbria Police,Northumbria Police,-1.704534,54.959774,On or near Shibdon Road,E01008181,Gateshead 005C,Anti-social behaviour,,
,2024-10,Northumbria Police,Northumbria Police,-1.699683,54.951086,On or near Sports/Recreation Area,E01008181,Gateshead 005C,Anti-social behaviour,,
,2024-10,Northumbria Police,Northumbria Police,-1.693844,54.956701,On or near Bates Lane,E01008181,Gateshead 005C,Anti-social behaviour,,
,2024-10,Northumbria Police,Northumbria Police,-1.698213,54.957242,On or near Napier Way,E01008181,Gateshead 005C,Anti-social behaviour,,
,2024-10,Northumbria Police,Northumbria Police,-1.698213,54.957242,On or near Napier Way,E01008181,Gateshead 005C,Anti-social behaviour,,
,2024-10,Northumbria Police,Northumbria Police,-1.708393,54.959577,On or near Laurel Road,E01008181,Gateshead 005C,Anti-social behaviour,,
e7f9c81b17b3cfcc7f765591ff91a4cf7944b2c0d57199dd117eeae22c4e9fa7,2024-10,Northumbria Police,Northumbria Police,-1.704562,54.958129,On or near Woodlands Park Drive,E01008181,Gateshead 005C,Burglary,Investigation complete; no suspect identified,
06b1cdd014a63ef5ca4f91ca341ff2c6d88131f52cff6f7f5186b2e96a9d8f9d,2024-10,Northumbria Police,Northumbria Police,-1.710500,54.959761,On or near Hazel Road,E01008181,Gateshead 005C,Burglary,Investigation complete; no suspect identified,
7068f238bea5ae953799ba89f5442f9f9179013f24af732ca6ca2764cbee454e,2024-10,Northumbria Police,Northumbria Police,-1.710500,54.959761,On or near Hazel Road,E01008181,Gateshead 005C,Criminal damage and arson,Status update unavailable,
5e0094fc3794de48f42cfa393238f11518d18affb219bf120bdccef7587c1dec,2024-10,Northumbria Police,Northumbria Police,-1.713783,54.965808,On or near Tyne Street,E01008181,Gateshead 005C,Criminal damage and arson,Investigation complete; no suspect identified,
3b9eaa0229eac2f2a99de67a0118dec7b5f274cdb7694068bd1f22a150e82d40,2024-10,Northumbria Police,Northumbria Police,-1.706030,54.960245,On or near Shibdon Park View,E01008181,Gateshead 005C,Drugs,Status update unavailable,
31df773f5d4582d8ed7de7d103ec7ec0816945c363f3f8d4d1e13ea26874c4e6,2024-10,Northumbria Police,Northumbria Police,-1.691647,54.956989,On or near Petrol Station,E01008181,Gateshead 005C,Other theft,Investigation complete; no suspect identified,
1f51e4a4a064f1c185635da79843aef98432d3e14003df45c8e296b3d7bae4ab,2024-10,Northumbria Police,Northumbria Police,-1.708583,54.965679,On or near Parking Area,E01008181,Gateshead 005C,Possession of weapons,Investigation complete; no suspect identified,
c14003090dd96dbbff0acf679eb141da4d21a15af99bb87ad986811f64fdcc55,2024-10,Northumbria Police,Northumbria Police,-1.702379,54.968297,On or near Patterson Street,E01008181,Gateshead 005C,Public order,Investigation complete; no suspect identified,
20cc34f1af49c3e7410d59347ab70a979c2abd6a4f4ceb10665677cf7c16c541,2024-10,Northumbria Police,Northumbria Police,-1.699683,54.951086,On or near Sports/Recreation Area,E01008181,Gateshead 005C,Public order,Status update unavailable,
b327627cfe7787139dd473667ec31283f1c07ff114d13f8e609fed911fdc4c5e,2024-10,Northumbria Police,Northumbria Police,-1.707720,54.959791,On or near Shibdon Crescent,E01008181,Gateshead 005C,Robbery,Investigation complete; no suspect identified,
38cfd4e59f0b7d3c647d933aa1db3431e501c9df548d247f79b2f90cfab0a653,2024-10,Northumbria Police,Northumbria Police,-1.702379,54.968297,On or near Patterson Street,E01008181,Gateshead 005C,Vehicle crime,Investigation complete; no suspect identified,
da8609362f7eaf7335e820440583f612fa3de820922b4be16551f94eb955d2a8,2024-10,Northumbria Police,Northumbria Police,-1.698557,54.967604,On or near Dunne Road,E01008181,Gateshead 005C,Vehicle crime,Status update unavailable,
88b991c52c3aee987558b1bf1f675b3662334d8e3802e8932791189fb55ccbc5,2024-10,Northumbria Police,Northumbria Police,-1.713783,54.965808,On or near Tyne Street,E01008181,Gateshead 005C,Violence and sexual offences,Investigation complete; no suspect identified,
76c70370092045af97ab7b33c05c2aed8e4e6ad19a955a16ef0a8bfc3ddc907f,2024-10,Northumbria Police,Northumbria Police,-1.707720,54.959791,On or near Shibdon Crescent,E01008181,Gateshead 005C,Violence and sexual offences,Status update unavailable,
cec1197a55540436146ec5678b45acaf37e76c81dfeed61f90e8e990f267be9a,2024-10,Northumbria Police,Northumbria Police,-1.705568,54.967864,On or near Factory Road,E01008181,Gateshead 005C,Violence and sexual offences,Investigation complete; no suspect identified,
bd213205d6187bad06cab16a4b68f232d08a9d209e022fdaea038cb77c27a08e,2024-10,Northumbria Police,Northumbria Police,-1.704534,54.959774,On or near Shibdon Road,E01008181,Gateshead 005C,Other crime,Court result unavailable,
6a30abf20169ff253343055a155bc497b1a7a2db7758bba41c85872694fd4b49,2024-10,Northumbria Police,Northumbria Police,-1.698257,54.953423,On or near Park/Open Space,E01008181,Gateshead 005C,Other crime,Status update unavailable,
e46903099b93edf24d0e9ec285adfe340c2223ae2e38ed9062fbdef12ee50e66,2024-10,Northumbria Police,Northumbria Police,-1.727565,54.948748,On or near Broom Close,E01008276,Gateshead 005D,Burglary,Investigation complete; no suspect identified,
82903d6ffdc63170904773fe1d2237a88421589d8101d7e9d353af3bd14b8bbd,2024-10,Northumbria Police,Northumbria Police,-1.713732,54.942174,On or near Noel Avenue,E01008276,Gateshead 005D,Criminal damage and arson,Status update unavailable,
46377fd71ccafb6ead6eb0d175c3eee97d8d8a677e33e5249481654a5a5604b4,2024-10,Northumbria Police,Northumbria Police,-1.726651,54.949986,On or near Buttermere Crescent,E01008276,Gateshead 005D,Criminal damage and arson,Status update unavailable,
8fa9c31c64726a3e91ce164d52c8c1f15e45281c8277c2d9ca9d92ba2795f4eb,2024-10,Northumbria Police,Northumbria Police,-1.732401,54.949342,On or near Whinney Close,E01008276,Gateshead 005D,Vehicle crime,Investigation complete; no suspect identified,
bbe8941686422a1e1779a49b7672dfc7f10df3384749c9e0f7504f8823eda767,2024-10,Northumbria Police,Northumbria Police,-1.716879,54.943143,On or near Mundle Avenue,E01008276,Gateshead 005D,Violence and sexual offences,Status update unavailable,
13eaea05868b5aa067eb713b554b4d5c960847fbba13fab49aebe20d0682198a,2024-10,Northumbria Police,Northumbria Police,-1.712845,54.941866,On or near Naylor Avenue,E01008276,Gateshead 005D,Violence and sexual offences,Status update unavailable,
,2024-10,Northumbria Police,Northumbria Police,-1.729357,54.953856,On or near Waterloo Street,E01008279,Gateshead 005E,Anti-social behaviour,,
,2024-10,Northumbria Police,Northumbria Police,-1.730014,54.955892,On or near Petrol Station,E01008279,Gateshead 005E,Anti-social behaviour,,
,2024-10,Northumbria Police,Northumbria Police,-1.729357,54.953856,On or near Waterloo Street,E01008279,Gateshead 005E,Anti-social behaviour,,
76d8ae4d7aff801cd43c169d7d1fc8da620cf90eb4999e4de89c844919269407,2024-10,Northumbria Police,Northumbria Police,-1.734786,54.952358,On or near Stampley Close,E01008279,Gateshead 005E,Vehicle crime,Court result unavailable,
49f627889a7ca21a618f28bbcc95b8513d572d7c5901d4c851eb8a6403774f20,2024-10,Northumbria Police,Northumbria Police,-1.733354,54.951618,On or near Burnthouse Close,E01008279,Gateshead 005E,Vehicle crime,Investigation complete; no suspect identified,
e9142057f3aeee2969402a118e2178a30aa7942b66616312aff9803bae3ec00d,2024-10,Northumbria Police,Northumbria Police,-1.729357,54.953856,On or near Waterloo Street,E01008279,Gateshead 005E,Violence and sexual offences,Status update unavailable,
9951b8955cf839bb96c7ae86414510ca10a408e28541b7166c924911d8f5b8b3,2024-10,Northumbria Police,Northumbria Police,-1.729674,54.953182,On or near Hanover Drive,E01008279,Gateshead 005E,Violence and sexual offences,Status update unavailable,
,2024-10,Northumbria Police,Northumbria Police,-1.638675,54.956721,On or near Staithes Road,E01008209,Gateshead 007A,Anti-social behaviour,,
,2024-10,Northumbria Police,Northumbria Police,-1.650859,54.954411,On or near Meadow Close,E01008209,Gateshead 007A,Anti-social behaviour,,
,2024-10,Northumbria Police,Northumbria Police,-1.657650,54.959707,On or near Bus/Coach Station,E01008209,Gateshead 007A,Anti-social behaviour,,
,2024-10,Northumbria Police,Northumbria Police,-1.657650,54.959707,On or near Bus/Coach Station,E01008209,Gateshead 007A,Anti-social behaviour,,
5e742416115b19548e196d952cf97cac8ecb413a02fbd05758dda0ca297f526d,2024-10,Northumbria Police,Northumbria Police,-1.651564,54.954215,On or near Park Close,E01008209,Gateshead 007A,Burglary,Investigation complete; no suspect identified,
d1f7e32f16ed0e2b5b8396bf58228edf807eb2b26be4a5d4d77d1eef50f6e8b8,2024-10,Northumbria Police,Northumbria Police,-1.646165,54.953804,On or near Ross Avenue,E01008209,Gateshead 007A,Criminal damage and arson,Investigation complete; no suspect identified,
47cbca5bb839f70931351a9335eff4992ada9671a16079b57b2f1783a6733c73,2024-10,Northumbria Police,Northumbria Police,-1.643708,54.954372,On or near Barry Street,E01008209,Gateshead 007A,Criminal damage and arson,Investigation complete; no suspect identified,
a78cfda3e225ad7037cf37dfcdf8a7d578b23c3109102543e75c3a468cd8fdbe,2024-10,Northumbria Police,Northumbria Police,-1.651564,54.954215,On or near Park Close,E01008209,Gateshead 007A,Other theft,Investigation complete; no suspect identified,
561bf0f31d81e3a9dba85a4c21732232633c25a8e06036e32916b2833f521467,2024-10,Northumbria Police,Northumbria Police,-1.657650,54.959707,On or near Bus/Coach Station,E01008209,Gateshead 007A,Theft from the person,Investigation complete; no suspect identified,
71b31f4e0e414590e05ab661a9c5f02f33a7cfa6df5201322e2cd5e585cdf21a,2024-10,Northumbria Police,Northumbria Police,-1.645406,54.956624,On or near Newton Street,E01008209,Gateshead 007A,Vehicle crime,Investigation complete; no suspect identified,
2f7005bb0e9ebfba0e37485bbadbe5e72cbd5b812206efe11a018a60918be7cb,2024-10,Northumbria Police,Northumbria Police,-1.643708,54.954372,On or near Barry Street,E01008209,Gateshead 007A,Violence and sexual offences,Status update unavailable,
007b694031ef9fa2dfbfec340e29899b36333046b4602c6b70115c08628773f5,2024-10,Northumbria Police,Northumbria Police,-1.645406,54.956624,On or near Newton Street,E01008209,Gateshead 007A,Violence and sexual offences,Investigation complete; no suspect identified,
168f251eca7c21336b4d4e4e7f8a9fb95dc0be2ef772ca42da85dee3ed4dc8a9,2024-10,Northumbria Police,Northumbria Police,-1.651564,54.954215,On or near Park Close,E01008209,Gateshead 007A,Violence and sexual offences,Status update unavailable,
6dd41e7a7d8742608761541198358ebdeb7f934f3a9f5d7d2fc0524d89f60516,2024-10,Northumbria Police,Northumbria Police,-1.650492,54.953538,On or near Meadow Lane,E01008209,Gateshead 007A,Violence and sexual offences,Investigation complete; no suspect identified,
cf309b09ed27c9e6bd592b6f58e9d0705b7dc1348f82862828ff71f7f599f6e1,2024-10,Northumbria Police,Northumbria Police,-1.657650,54.959707,On or near Bus/Coach Station,E01008209,Gateshead 007A,Violence and sexual offences,Investigation complete; no suspect identified,
8625dfc14815e1f5efcc57d3a421909ab1eb21458e007d4121bd4cb90a35e412,2024-10,Northumbria Police,Northumbria Police,-1.645406,54.956624,On or near Newton Street,E01008209,Gateshead 007A,Violence and sexual offences,Investigation complete; no suspect identified,
,2024-10,Northumbria Police,Northumbria Police,-1.640767,54.951488,On or near Kent Avenue,E01008210,Gateshead 007B,Anti-social behaviour,,
,2024-10,Northumbria Police,Northumbria Police,-1.640767,54.951488,On or near Kent Avenue,E01008210,Gateshead 007B,Anti-social behaviour,,
,2024-10,Northumbria Police,Northumbria Police,-1.639018,54.951828,On or near Supermarket,E01008210,Gateshead 007B,Anti-social behaviour,,
f72b5a19f6c9a51ed1127a68e0dcb2110eda27a57ae172166dcb0974451b8aba,2024-10,Northumbria Police,Northumbria Police,-1.638251,54.955237,On or near Riverside Court,E01008210,Gateshead 007B,Burglary,Investigation complete; no suspect identified,
9a1ffabe844a5eaf8b63b061ab717ba907d58ce6e80f66bd6aa75528be08e0f4,2024-10,Northumbria Police,Northumbria Police,-1.640687,54.955190,On or near Seymour Street,E01008210,Gateshead 007B,Criminal damage and arson,Status update unavailable,
8244800af8847e84278f03098c95dd52669cb9552d6be2735fdf654500f9c5a8,2024-10,Northumbria Police,Northumbria Police,-1.639121,54.954017,On or near Seymour Court,E01008210,Gateshead 007B,Drugs,Court result unavailable,
fedaac09af3c98f4519fa5cb4c7a26fac9399bb3f1edec73dffc1773d5d46cbf,2024-10,Northumbria Police,Northumbria Police,-1.637414,54.952808,On or near Princess Drive,E01008210,Gateshead 007B,Other theft,Investigation complete; no suspect identified,
72f1cf5efcefeb6e0625c474cf1ad8ce44fb387ceccf963506714e432a87d218,2024-10,Northumbria Police,Northumbria Police,-1.640081,54.956671,On or near Railway Street,E01008210,Gateshead 007B,Possession of weapons,Investigation complete; no suspect identified,
fab8baf2d68c4c259f9923b2b76d15258fbef238539f10922c374514e2c697d5,2024-10,Northumbria Police,Northumbria Police,-1.641442,54.954536,On or near Athol Street,E01008210,Gateshead 007B,Public order,Status update unavailable,
6ca180bc58c826088e839747217c6a496f924119b3c0ea197e4d15b045358c78,2024-10,Northumbria Police,Northumbria Police,-1.639018,54.951828,On or near Supermarket,E01008210,Gateshead 007B,Shoplifting,Investigation complete; no suspect identified,
15ce8abc1907fc1515edd8a34e44c9551823e7525109ff39bd572d4784a96aad,2024-10,Northumbria Police,Northumbria Police,-1.640767,54.951488,On or near Kent Avenue,E01008210,Gateshead 007B,Shoplifting,Investigation complete; no suspect identified,
f6f93b6df1155d366bf50aaf8544244259979d46b1631ae96f84f41b7c68517d,2024-10,Northumbria Police,Northumbria Police,-1.641306,54.954131,On or near Victoria Street,E01008210,Gateshead 007B,Vehicle crime,Investigation complete; no suspect identified,
63996b14698de65b531f227ce7b8ba5fb25b8241251d251610a66634f4dc510e,2024-10,Northumbria Police,Northumbria Police,-1.641306,54.954131,On or near Victoria Street,E01008210,Gateshead 007B,Vehicle crime,Investigation complete; no suspect identified,
584d3113f3e60b68e087cc927a77b1fc27cb952186a409e4e27a1cd63807b251,2024-10,Northumbria Police,Northumbria Police,-1.639018,54.951828,On or near Supermarket,E01008210,Gateshead 007B,Violence and sexual offences,Investigation complete; no suspect identified,
fb2727b798cfd9cec0cc2accedfcf6ec062dc92974ef84651ad605fabc83734e,2024-10,Northumbria Police,Northumbria Police,-1.640687,54.955190,On or near Seymour Street,E01008210,Gateshead 007B,Violence and sexual offences,Status update unavailable,
57c97424a26ba3d9a7bc0937571b61a3ec2d3d61ba34f01974d4c9ef9de20b6d,2024-10,Northumbria Police,Northumbria Police,-1.637414,54.952817,On or near Castlegate Gardens,E01008210,Gateshead 007B,Violence and sexual offences,Investigation complete; no suspect identified,
2cfe393aba2b8085e1bcba8cbb6547943b4384e9da041ed76abe5572face487f,2024-10,Northumbria Police,Northumbria Police,-1.637015,54.953723,On or near Swan Drive,E01008210,Gateshead 007B,Violence and sexual offences,Status update unavailable,
765ee7b0fd1faa6e219ae1860a03b75108b17e975784636106dfaa355e1ef6f5,2024-10,Northumbria Police,Northumbria Police,-1.639121,54.954017,On or near Seymour Court,E01008210,Gateshead 007B,Violence and sexual offences,Status update unavailable,
1dce5af614a9157c990dda72ea6e4aaf445f15ebc87418258ecd3cf6af489dcb,2024-10,Northumbria Police,Northumbria Police,-1.639018,54.951828,On or near Supermarket,E01008210,Gateshead 007B,Violence and sexual offences,Investigation complete; no suspect identified,
dd730efe84ba89eecc077260c314c658292bf6213cf50ab8e5b7bcc2d3577e0f,2024-10,Northumbria Police,Northumbria Police,-1.639121,54.954017,On or near Seymour Court,E01008210,Gateshead 007B,Violence and sexual offences,Investigation complete; no suspect identified,
cf651d4fa1a402143bcb431a5f8b4e15e63cba96307de145342ec51032f32bb6,2024-10,Northumbria Police,Northumbria Police,-1.640767,54.951488,On or near Kent Avenue,E01008210,Gateshead 007B,Violence and sexual offences,Investigation complete; no suspect identified,
,2024-10,Northumbria Police,Northumbria Police,-1.621787,54.957478,On or near Morrison Street,E01008258,Gateshead 007C,Anti-social behaviour,,
,2024-10,Northumbria Police,Northumbria Police,-1.625524,54.955324,On or near Northumberland Street,E01008258,Gateshead 007C,Anti-social behaviour,,
,2024-10,Northumbria Police,Northumbria Police,-1.621787,54.957478,On or near Morrison Street,E01008258,Gateshead 007C,Anti-social behaviour,,
,2024-10,Northumbria Police,Northumbria Police,-1.621787,54.957478,On or near Morrison Street,E01008258,Gateshead 007C,Anti-social behaviour,,
,2024-10,Northumbria Police,Northumbria Police,-1.621787,54.957478,On or near Morrison Street,E01008258,Gateshead 007C,Anti-social behaviour,,
,2024-10,Northumbria Police,Northumbria Police,-1.625524,54.955324,On or near Northumberland Street,E01008258,Gateshead 007C,Anti-social behaviour,,
,2024-10,Northumbria Police,Northumbria Police,-1.621787,54.957478,On or near Morrison Street,E01008258,Gateshead 007C,Anti-social behaviour,,
,2024-10,Northumbria Police,Northumbria Police,-1.621787,54.957478,On or near Morrison Street,E01008258,Gateshead 007C,Anti-social behaviour,,
5d6e368d62428a466e524fd1edc2b3e08be1e79c137ced2358ba728edac0b87b,2024-10,Northumbria Police,Northumbria Police,-1.627233,54.957971,On or near North West Side,E01008258,Gateshead 007C,Burglary,Status update unavailable,
5f0f575caba92148affed8caf57d9304cb46df553907688466259e489a529d82,2024-10,Northumbria Police,Northumbria Police,-1.623689,54.957834,On or near Rose Street,E01008258,Gateshead 007C,Criminal damage and arson,Investigation complete; no suspect identified,
3e926c0da546829890e0508ce8798bd020c508fded740ebc40188afdc161b5f3,2024-10,Northumbria Police,Northumbria Police,-1.624310,54.955166,On or near Shopping Area,E01008258,Gateshead 007C,Criminal damage and arson,Status update unavailable,
d2720fe14450b8dfcf605ec88330c468da6ce3b5cba0df5e0748c1a3acb4b7cc,2024-10,Northumbria Police,Northumbria Police,-1.624310,54.955166,On or near Shopping Area,E01008258,Gateshead 007C,Criminal damage and arson,Status update unavailable,
6597b8de66780474a9ee418f1df821780a349f4f9ae6dfd3385d85cd4baa3c43,2024-10,Northumbria Police,Northumbria Police,-1.626974,54.955544,On or near Tyne View Place,E01008258,Gateshead 007C,Drugs,Investigation complete; no suspect identified,
5971dfaed173a2b41335a19fee85caddf6720b3c56e01a63a47074b3430bd498,2024-10,Northumbria Police,Northumbria Police,-1.625524,54.955324,On or near Northumberland Street,E01008258,Gateshead 007C,Public order,Investigation complete; no suspect identified,
b07eab730c162faa69c4bb5249b177dea4337467e944473c4d2f51a318342cea,2024-10,Northumbria Police,Northumbria Police,-1.626490,54.953826,On or near Heritage Close,E01008258,Gateshead 007C,Public order,Investigation complete; no suspect identified,
700368be179a5593834dda0d27aa699e89e129ff38836d6fecb6234790ca4e1a,2024-10,Northumbria Police,Northumbria Police,-1.626830,54.957574,On or near Christmas Place,E01008258,Gateshead 007C,Vehicle crime,Investigation complete; no suspect identified,
c0372989095a2a2a298b297109df9fe8df224bfb6467c14948ed07c82789acbd,2024-10,Northumbria Police,Northumbria Police,-1.617197,54.960636,On or near A189,E01008258,Gateshead 007C,Vehicle crime,Investigation complete; no suspect identified,
601e58a9eabc62416bb13930de478a1e87b8ab83aee3c7e0311963b09fe5a0bb,2024-10,Northumbria Police,Northumbria Police,-1.627428,54.953676,On or near Johnson Street,E01008258,Gateshead 007C,Violence and sexual offences,Status update unavailable,
2f143285703991b37c27987e856465e64f50e63f4102de5d3160419eae524b06,2024-10,Northumbria Police,Northumbria Police,-1.626974,54.955544,On or near Tyne View Place,E01008258,Gateshead 007C,Violence and sexual offences,Status update unavailable,
c136586602ae9b2c3c18b0d53dccd33eb4495aa641ce94e8110a8f354eab8630,2024-10,Northumbria Police,Northumbria Police,-1.625524,54.955324,On or near Northumberland Street,E01008258,Gateshead 007C,Violence and sexual offences,Status update unavailable,
,2024-10,Northumbria Police,Northumbria Police,-1.628615,54.950274,On or near Parking Area,E01008259,Gateshead 007D,Anti-social behaviour,,
,2024-10,Northumbria Police,Northumbria Police,-1.636531,54.948492,On or near Thornhill Close,E01008259,Gateshead 007D,Anti-social behaviour,,
,2024-10,Northumbria Police,Northumbria Police,-1.625661,54.950642,On or near Angus Road,E01008259,Gateshead 007D,Anti-social behaviour,,
,2024-10,Northumbria Police,Northumbria Police,-1.621350,54.930832,On or near Sixth Avenue,E01008259,Gateshead 007D,Anti-social behaviour,,
,2024-10,Northumbria Police,Northumbria Police,-1.631337,54.951451,On or near Ropery Road,E01008259,Gateshead 007D,Anti-social behaviour,,
,2024-10,Northumbria Police,Northumbria Police,-1.625184,54.953193,On or near Derwentwater Road,E01008259,Gateshead 007D,Anti-social behaviour,,
,2024-10,Northumbria Police,Northumbria Police,-1.618281,54.933653,On or near Parking Area,E01008259,Gateshead 007D,Anti-social behaviour,,
,2024-10,Northumbria Police,Northumbria Police,-1.626465,54.939718,On or near Second Avenue,E01008259,Gateshead 007D,Anti-social behaviour,,
0ffb3dbf3234ab1071df04e66d8532769168229acdee4dcef68f40e24d8b528b,2024-10,Northumbria Police,Northumbria Police,-1.615474,54.935073,On or near Earl'S Court,E01008259,Gateshead 007D,Burglary,Investigation complete; no suspect identified,
f40aa995681fc75c6c69db2f3020d696222e32b09bd570975653acdd85ce4e3a,2024-10,Northumbria Police,Northumbria Police,-1.618281,54.933653,On or near Parking Area,E01008259,Gateshead 007D,Burglary,Investigation complete; no suspect identified,
9e079cfd1f775fd8724fb80eb84fa0f6e8ae8d9bbad54b07d02310d537b74812,2024-10,Northumbria Police,Northumbria Police,-1.621350,54.930832,On or near Sixth Avenue,E01008259,Gateshead 007D,Burglary,Investigation complete; no suspect identified,
456db1875347e2a6e1f44add58c5823a898892e7c5e4de2e62fcd37b89dfef64,2024-10,Northumbria Police,Northumbria Police,-1.617449,54.942341,On or near Market Way,E01008259,Gateshead 007D,Burglary,Status update unavailable,
1e701b616ceb64bfadb6fbed5a48b4f6e5efdc60dd44ad3d828242a66937c1a4,2024-10,Northumbria Police,Northumbria Police,-1.617449,54.942341,On or near Market Way,E01008259,Gateshead 007D,Burglary,Status update unavailable,
0cc761895dd9aae7145e97cc82f3eb9264d2d91275ee171ca54b2fa8c7cd0e2b,2024-10,Northumbria Police,Northumbria Police,-1.616271,54.946390,On or near Cartmel Grove,E01008259,Gateshead 007D,Criminal damage and arson,Investigation complete; no suspect identified,
bff4e54c0a51203a0c5a8fec86bd30bbd310ee696abfcbcca62ff543d7050eac,2024-10,Northumbria Police,Northumbria Police,-1.626807,54.951625,On or near Wooler Crescent,E01008259,Gateshead 007D,Criminal damage and arson,Investigation complete; no suspect identified,
55a60de7e5bf80cbd35551f0a1e403e44d49db2ca64a816dd1d346aa09a1a0eb,2024-10,Northumbria Police,Northumbria Police,-1.626807,54.951625,On or near Wooler Crescent,E01008259,Gateshead 007D,Criminal damage and arson,Investigation complete; no suspect identified,
d3666401c9bdac1669132154cf9fbabee712aabdd5870877393f201214e54e9e,2024-10,Northumbria Police,Northumbria Police,-1.627609,54.951026,On or near Bolam Street,E01008259,Gateshead 007D,Criminal damage and arson,Investigation complete; no suspect identified,
87d9bc358331b39fde490fc0e498b8ddb37c1563c0f0ce9d92ee3388f816e5e9,2024-10,Northumbria Police,Northumbria Police,-1.617449,54.942341,On or near Market Way,E01008259,Gateshead 007D,Drugs,Status update unavailable,
13ddf26b45a5ad8064d695a556d4953c7bbc76ed20c16d97b002561e67d25ab0,2024-10,Northumbria Police,Northumbria Police,-1.617449,54.942341,On or near Market Way,E01008259,Gateshead 007D,Other theft,Investigation complete; no suspect identified,
49082289afc44bf471a8cf5704a030003d06d60dd7d7734db47519030dbba9b4,2024-10,Northumbria Police,Northumbria Police,-1.615354,54.929573,On or near Queensway South,E01008259,Gateshead 007D,Other theft,Status update unavailable,
b5a6fe2a08a616b866c414dda58f100c455b7d0e44ead5aaaf88f1fcef025d1e,2024-10,Northumbria Police,Northumbria Police,-1.616271,54.946390,On or near Cartmel Grove,E01008259,Gateshead 007D,Possession of weapons,Investigation complete; no suspect identified,
6ae2a69232e77a26ea44499e2319988088f7db260d33b59bbb2ff856de9221ed,2024-10,Northumbria Police,Northumbria Police,-1.626465,54.939718,On or near Second Avenue,E01008259,Gateshead 007D,Public order,Investigation complete; no suspect identified,
ad46ff40b119f93873fc997b81a0eac7fc1679085f6f8a7f19d4ef543ba20f36,2024-10,Northumbria Police,Northumbria Police,-1.623407,54.951202,On or near Queen Street,E01008259,Gateshead 007D,Public order,Investigation complete; no suspect identified,
dcb10a4c3d74b4a5f4c520118e96460f42d82ee2fde043b4035753b906ca8e37,2024-10,Northumbria Police,Northumbria Police,-1.609009,54.925698,On or near Eleventh Avenue North,E01008259,Gateshead 007D,Public order,Investigation complete; no suspect identified,
e761b87546648c9cdc38a07935f63b1de41c64ba761005887ba3af277fb5e7aa,2024-10,Northumbria Police,Northumbria Police,-1.616418,54.945716,On or near Fontwell Drive,E01008259,Gateshead 007D,Public order,Investigation complete; no suspect identified,
4aeec42288a6ddd48f2daad68b643959e95800326031d392a307f3024335ffc3,2024-10,Northumbria Police,Northumbria Police,-1.609009,54.925698,On or near Eleventh Avenue North,E01008259,Gateshead 007D,Shoplifting,Status update unavailable,
b651f441082a7140a52620c56347ce67d420832d5f18766be1464268da19df6a,2024-10,Northumbria Police,Northumbria Police,-1.628615,54.950274,On or near Parking Area,E01008259,Gateshead 007D,Vehicle crime,Investigation complete; no suspect identified,
fcfca0f02e2525af28919bd8ca6caa323a688c530289ae8b57bc1c742cdf8ea8,2024-10,Northumbria Police,Northumbria Police,-1.615354,54.929573,On or near Queensway South,E01008259,Gateshead 007D,Vehicle crime,Status update unavailable,
4ecfe85b167b180f36a6769c314c99959467606f07887933a43745cd16659650,2024-10,Northumbria Police,Northumbria Police,-1.616271,54.946390,On or near Cartmel Grove,E01008259,Gateshead 007D,Violence and sexual offences,Investigation complete; no suspect identified,
72bc380b71eee97482f2a731c7e4f3c81e347f170c5f24f90eb1c1c248199520,2024-10,Northumbria Police,Northumbria Police,-1.617449,54.942341,On or near Market Way,E01008259,Gateshead 007D,Violence and sexual offences,Status update unavailable,
309ea4ce13027818756d314f8d5affdb0fe598ef4b55b876e2f56683b4a4ef0b,2024-10,Northumbria Police,Northumbria Police,-1.616271,54.946390,On or near Cartmel Grove,E01008259,Gateshead 007D,Violence and sexual offences,Investigation complete; no suspect identified,
1960caffb5246c57450d05aa3fb6c9f3c7d21f08c456bf6e8cbb54d242340f9c,2024-10,Northumbria Police,Northumbria Police,-1.616271,54.946390,On or near Cartmel Grove,E01008259,Gateshead 007D,Violence and sexual offences,Investigation complete; no suspect identified,
7304d1bd014dc0a8a24ac24e316bc50d915f775d6dea221afc1a0931367f3481,2024-10,Northumbria Police,Northumbria Police,-1.616271,54.946390,On or near Cartmel Grove,E01008259,Gateshead 007D,Violence and sexual offences,Court result unavailable,
31ecc2a04dc023d141cf47c25a876b62675f2cf1eade905f1502439ac9efbb8f,2024-10,Northumbria Police,Northumbria Police,-1.617449,54.942341,On or near Market Way,E01008259,Gateshead 007D,Violence and sexual offences,Status update unavailable,
133b9d9df00f9b35dd699c9d686e88f0870f1085138992b020481c42d186d510,2024-10,Northumbria Police,Northumbria Police,-1.631337,54.951451,On or near Ropery Road,E01008259,Gateshead 007D,Violence and sexual offences,Investigation complete; no suspect identified,
6b06fce90ab6572d6592e74d1967aa0f00c2af88c433d4ee877f1e5b984bc427,2024-10,Northumbria Police,Northumbria Police,-1.616271,54.946390,On or near Cartmel Grove,E01008259,Gateshead 007D,Violence and sexual offences,Status update unavailable,
36b1f733d7288f95a6dae55588014480b1dfab80559a4257d714af0a4abe595e,2024-10,Northumbria Police,Northumbria Police,-1.616271,54.946390,On or near Cartmel Grove,E01008259,Gateshead 007D,Violence and sexual offences,Court result unavailable,
1aff59d9bb5c0bb0ec76d295968505337ff1a8898e8eea1b104c2502c0ff40a1,2024-10,Northumbria Police,Northumbria Police,-1.625963,54.951704,On or near Morris Street,E01008259,Gateshead 007D,Violence and sexual offences,Status update unavailable,
a45c3bfecf52dfe93690de9ca26383c2a08d95450154a1298158a9600c32a4f2,2024-10,Northumbria Police,Northumbria Police,-1.616271,54.946390,On or near Cartmel Grove,E01008259,Gateshead 007D,Violence and sexual offences,Status update unavailable,
d1b8a2f3b68a281972c70bc457856e846973bc0c823c8f1b9ca157824a46f3eb,2024-10,Northumbria Police,Northumbria Police,-1.611462,54.927054,On or near Ninth Avenue East,E01008259,Gateshead 007D,Violence and sexual offences,Status update unavailable,
,2024-10,Northumbria Police,Northumbria Police,-1.609532,54.957098,On or near Hillfield Street,E01008167,Gateshead 008A,Anti-social behaviour,,
,2024-10,Northumbria Police,Northumbria Police,-1.607886,54.957811,On or near Havelock Terrace,E01008167,Gateshead 008A,Anti-social behaviour,,
,2024-10,Northumbria Police,Northumbria Police,-1.609273,54.959649,On or near Bedford Place,E01008167,Gateshead 008A,Anti-social behaviour,,
d2b93a5326fb3cd6240a04e20a3e58f575b8344ba9961420ff651c712c6e297c,2024-10,Northumbria Police,Northumbria Police,-1.608171,54.955755,On or near Villa Place,E01008167,Gateshead 008A,Burglary,Investigation complete; no suspect identified,
c8c39a639acafcf5afc89b37f39a6592bc67d0f0795584741df9b4e9d89b23b2,2024-10,Northumbria Police,Northumbria Police,-1.611651,54.954409,On or near Airey Terrace,E01008167,Gateshead 008A,Criminal damage and arson,Status update unavailable,
04f67d671cd02cc9d50563672fa5f567a780d550b5b862ff2310bf097418b1f3,2024-10,Northumbria Police,Northumbria Police,-1.611651,54.954409,On or near Airey Terrace,E01008167,Gateshead 008A,Criminal damage and arson,Investigation complete; no suspect identified,
aaa5063f348d47216be59bb26efb2204f2ccc2706fbbc28dbad3475ce4be63bd,2024-10,Northumbria Police,Northumbria Police,-1.612303,54.954770,On or near Overhill Terrace,E01008167,Gateshead 008A,Other theft,Investigation complete; no suspect identified,
06a428334029fe7d9f30195ddc0ffa8f62483c6810f58a8717a336de9177b4f0,2024-10,Northumbria Police,Northumbria Police,-1.611141,54.957031,On or near Chester Place,E01008167,Gateshead 008A,Possession of weapons,Court result unavailable,
dbd92247ab9ebd24b398651dffb357032069c5bced3d242ddd2d42375ed0faa4,2024-10,Northumbria Police,Northumbria Police,-1.608171,54.955755,On or near Villa Place,E01008167,Gateshead 008A,Public order,Investigation complete; no suspect identified,
de8cd15a3cef2d4fe8f22da43df380a88bf436ebfc7729495617914edaaf7082,2024-10,Northumbria Police,Northumbria Police,-1.607886,54.957811,On or near Havelock Terrace,E01008167,Gateshead 008A,Public order,Status update unavailable,
90300016a4871312b1a2340cad2ede947b4bff8af25be0132a7e46e64d6b5905,2024-10,Northumbria Police,Northumbria Police,-1.612303,54.954770,On or near Overhill Terrace,E01008167,Gateshead 008A,Public order,Investigation complete; no suspect identified,
4acee4fba4f18e3efb064fbec0d319f013b9622eb1cecbce9117a3394ae54086,2024-10,Northumbria Police,Northumbria Police,-1.612303,54.954770,On or near Overhill Terrace,E01008167,Gateshead 008A,Public order,Status update unavailable,
68c17c49e203287a73777182ecad4193ae287da62c181e7ec1191a2e0351891e,2024-10,Northumbria Police,Northumbria Police,-1.607510,54.956345,On or near Claremont South Avenue,E01008167,Gateshead 008A,Public order,Status update unavailable,
7a308df13fea57b850caae172a19b06a4a086d9093674877286d59943e3b8e56,2024-10,Northumbria Police,Northumbria Police,-1.612303,54.954770,On or near Overhill Terrace,E01008167,Gateshead 008A,Public order,Status update unavailable,
428c124ff0c26e109e972ad969bb665d3308d8c6a02f03ac28ee7a280e289f9e,2024-10,Northumbria Police,Northumbria Police,-1.611141,54.957031,On or near Chester Place,E01008167,Gateshead 008A,Violence and sexual offences,Investigation complete; no suspect identified,
09233a168facb2d3f46d30dd5daff1ac34178b6725b532bbd850ff63a860929e,2024-10,Northumbria Police,Northumbria Police,-1.611651,54.954409,On or near Airey Terrace,E01008167,Gateshead 008A,Violence and sexual offences,Status update unavailable,
19a97712dffdf257accfaba4eccae432560bc4c12f6841fae791fc8a260a9f65,2024-10,Northumbria Police,Northumbria Police,-1.611651,54.954409,On or near Airey Terrace,E01008167,Gateshead 008A,Violence and sexual offences,Investigation complete; no suspect identified,
f2ccf2823287e38a2a3442623c9ed0a934df370900cbb5c4c4ccdbb91cce1a2d,2024-10,Northumbria Police,Northumbria Police,-1.612303,54.954770,On or near Overhill Terrace,E01008167,Gateshead 008A,Violence and sexual offences,Status update unavailable,
f716c85ac8452c150f7ea525512933e3cf80e87bb788b938b6f2bad86a7b2696,2024-10,Northumbria Police,Northumbria Police,-1.612303,54.954770,On or near Overhill Terrace,E01008167,Gateshead 008A,Violence and sexual offences,Status update unavailable,
d311df3897f129a247fdec5d1e55ce268991f97647d0e95343f17cf84ac58fa4,2024-10,Northumbria Police,Northumbria Police,-1.612303,54.954770,On or near Overhill Terrace,E01008167,Gateshead 008A,Violence and sexual offences,Status update unavailable,
f4e88964452200fd66f0e8c1515e88c7490ebd93b0188ab2b132384357b6dd2c,2024-10,Northumbria Police,Northumbria Police,-1.611141,54.957031,On or near Chester Place,E01008167,Gateshead 008A,Violence and sexual offences,Status update unavailable,
7fe73e688ab54d7b89b640da23974eb2ae186a6847acb2b3d709ea4260a015cf,2024-10,Northumbria Police,Northumbria Police,-1.607886,54.957811,On or near Havelock Terrace,E01008167,Gateshead 008A,Violence and sexual offences,Status update unavailable,
9c0782bd65f81d563fe9594cd45cd66495453b3f70fbf3298f38c91e80ec0fe3,2024-10,Northumbria Police,Northumbria Police,-1.610580,54.955331,On or near Claremont Walk,E01008167,Gateshead 008A,Other crime,Status update unavailable,
,2024-10,Northumbria Police,Northumbria Police,-1.612493,54.957718,On or near Windmill Way,E01008170,Gateshead 008C,Anti-social behaviour,,
,2024-10,Northumbria Police,Northumbria Police,-1.616194,54.951197,On or near Saltwell Place,E01008170,Gateshead 008C,Anti-social behaviour,,
,2024-10,Northumbria Police,Northumbria Police,-1.615631,54.954565,On or near Ridsdale Court,E01008170,Gateshead 008C,Anti-social behaviour,,
,2024-10,Northumbria Police,Northumbria Police,-1.616194,54.951197,On or near Saltwell Place,E01008170,Gateshead 008C,Anti-social behaviour,,
,2024-10,Northumbria Police,Northumbria Police,-1.613537,54.954756,On or near Rectory Place,E01008170,Gateshead 008C,Anti-social behaviour,,
31725cc09aa7c92f8c93f1352438d0888049dd6e77c6ec655e3fba78278e4b64,2024-10,Northumbria Police,Northumbria Police,-1.617063,54.956726,On or near Cuthbert Street,E01008170,Gateshead 008C,Burglary,Investigation complete; no suspect identified,
2ce6f723366863f172beba1a50f735e53e93915edc0cbc62bf546a4b01ae1976,2024-10,Northumbria Police,Northumbria Police,-1.613537,54.954756,On or near Rectory Place,E01008170,Gateshead 008C,Burglary,Investigation complete; no suspect identified,
eb0c51dcd163279d029bde1753f43cbbbac212735f7b49239062725f6d32087b,2024-10,Northumbria Police,Northumbria Police,-1.617119,54.955783,On or near Marian Court,E01008170,Gateshead 008C,Burglary,Investigation complete; no suspect identified,
82d96211e16b8cc37e309de7d4d2e58bca398a5345109e9b26b683ef226ed5fe,2024-10,Northumbria Police,Northumbria Police,-1.617119,54.955783,On or near Marian Court,E01008170,Gateshead 008C,Burglary,Investigation complete; no suspect identified,
20aacc84dd63ee065daed68dd2f5df29d9bd0583e877e95d6ed957fc9f0d4714,2024-10,Northumbria Police,Northumbria Police,-1.617096,54.949888,On or near Stephenson Street,E01008170,Gateshead 008C,Burglary,Investigation complete; no suspect identified,
81048a5f4c95810e97886a73b3c4dd0fa1e8c9dfe885a53006c068979fbd8c53,2024-10,Northumbria Police,Northumbria Police,-1.617119,54.955783,On or near Marian Court,E01008170,Gateshead 008C,Burglary,Investigation complete; no suspect identified,
fd21fd8f5274489422464f2a476c064a0a37a9235f5fbf70688f02e9affdbc2e,2024-10,Northumbria Police,Northumbria Police,-1.613537,54.954756,On or near Rectory Place,E01008170,Gateshead 008C,Criminal damage and arson,Investigation complete; no suspect identified,
d95bbda8da796c492a2411064d2384ac3d4ea7cf507d4dce1f9ff6493975f232,2024-10,Northumbria Police,Northumbria Police,-1.613432,54.955933,On or near The Mill,E01008170,Gateshead 008C,Criminal damage and arson,Investigation complete; no suspect identified,
1ac1eaffb9a8754d76fbb3a272169fe6a6542c62f9daad2f5dd5e1373057922d,2024-10,Northumbria Police,Northumbria Police,-1.617119,54.955783,On or near Marian Court,E01008170,Gateshead 008C,Criminal damage and arson,Investigation complete; no suspect identified,
8d4eefbe4d28823d16922e46be695cccca4b145a60fc867ed0cd4ed7d373675c,2024-10,Northumbria Police,Northumbria Police,-1.618400,54.954053,On or near South Hill Road,E01008170,Gateshead 008C,Criminal damage and arson,Investigation complete; no suspect identified,
b322e44b1722e95dc7c096bfe256cca04a2d9fb96ad72d590a07def04e59f159,2024-10,Northumbria Police,Northumbria Police,-1.613537,54.954756,On or near Rectory Place,E01008170,Gateshead 008C,Drugs,Investigation complete; no suspect identified,
2e52f1dc774c24695aa0f059915c37daa085bc63b9822efe4451ef586fe93d47,2024-10,Northumbria Police,Northumbria Police,-1.618043,54.950457,On or near B601,E01008170,Gateshead 008C,Other theft,Investigation complete; no suspect identified,
fa9b344844fde86a510b7ccfb5c2058c78176d11eaed5c2c3835f6615f08f109,2024-10,Northumbria Police,Northumbria Police,-1.618043,54.950457,On or near B601,E01008170,Gateshead 008C,Other theft,Investigation complete; no suspect identified,
39142b3812ea663205c24b66cab4f2b5d7d4c5134e535f838aa8e897606277be,2024-10,Northumbria Police,Northumbria Police,-1.613432,54.955933,On or near The Mill,E01008170,Gateshead 008C,Other theft,Investigation complete; no suspect identified,
a862922e0b4106b2ef143f291168217b29709a2152371f47c7c58204ab31cae0,2024-10,Northumbria Police,Northumbria Police,-1.613537,54.954756,On or near Rectory Place,E01008170,Gateshead 008C,Other theft,Investigation complete; no suspect identified,
63e4fffe0741ba6d05e20a0c5b4072bf0b5d39d84400508a27b625b9dc57a0f7,2024-10,Northumbria Police,Northumbria Police,-1.618043,54.950457,On or near B601,E01008170,Gateshead 008C,Other theft,Investigation complete; no suspect identified,
190ccae0461ebf27027c7fe903478b096f10af614a6d244c5da2aac69ce35380,2024-10,Northumbria Police,Northumbria Police,-1.613432,54.955933,On or near The Mill,E01008170,Gateshead 008C,Possession of weapons,Status update unavailable,
9ec1fe62b7c04f871d867b525ace388faf9cf485b56779ef8db7f23448b4b7c8,2024-10,Northumbria Police,Northumbria Police,-1.613537,54.954756,On or near Rectory Place,E01008170,Gateshead 008C,Public order,Investigation complete; no suspect identified,
e7cea13174fba35720c7d6e376c46abfe8af38d0b3f30787a53388d74f6b7944,2024-10,Northumbria Police,Northumbria Police,-1.612493,54.957718,On or near Windmill Way,E01008170,Gateshead 008C,Public order,Status update unavailable,
734a1d99d939ca245be10f59e50c5ea5bcd04fed027ad7271614d5f165f3f66e,2024-10,Northumbria Police,Northumbria Police,-1.617063,54.956726,On or near Cuthbert Street,E01008170,Gateshead 008C,Shoplifting,Investigation complete; no suspect identified,
bc97166ef294c2764ad134cced427407598348b80cd333108b24360e72216c00,2024-10,Northumbria Police,Northumbria Police,-1.617063,54.956726,On or near Cuthbert Street,E01008170,Gateshead 008C,Shoplifting,Status update unavailable,
6353e714a670a74ff1950cf037857e222727200f64c2ce078332646ba6991b40,2024-10,Northumbria Police,Northumbria Police,-1.618043,54.950457,On or near B601,E01008170,Gateshead 008C,Shoplifting,Investigation complete; no suspect identified,
f6fd8155e88bb378c2ca57fc40ac67806bd28f23aba3ae4530d722fc602acef7,2024-10,Northumbria Police,Northumbria Police,-1.613537,54.954756,On or near Rectory Place,E01008170,Gateshead 008C,Shoplifting,Investigation complete; no suspect identified,
d89fd8e3aa30b0f34c192b8ec66a93e50cb362b80198d0392145ec9dbbc6b7b7,2024-10,Northumbria Police,Northumbria Police,-1.618043,54.950457,On or near B601,E01008170,Gateshead 008C,Shoplifting,Investigation complete; no suspect identified,
ccf69521351b7411e839642ea91692439a4c3490f14e3dbc041cfbc23993b90e,2024-10,Northumbria Police,Northumbria Police,-1.612493,54.957718,On or near Windmill Way,E01008170,Gateshead 008C,Vehicle crime,Investigation complete; no suspect identified,
543344ac6221428e81307a4942262b81232cc311cb175a63b4da8894647e5fbc,2024-10,Northumbria Police,Northumbria Police,-1.616194,54.951197,On or near Saltwell Place,E01008170,Gateshead 008C,Violence and sexual offences,Status update unavailable,
9580ce4124390ce79c6684120a901548e4f6f39d979b081e80da26763a3df465,2024-10,Northumbria Police,Northumbria Police,-1.617119,54.955783,On or near Marian Court,E01008170,Gateshead 008C,Violence and sexual offences,Status update unavailable,
6e41333b0a43b3de5a2dc0bbad29e69d7058b9eaf4f836862b7f1e3544f4709d,2024-10,Northumbria Police,Northumbria Police,-1.613537,54.954756,On or near Rectory Place,E01008170,Gateshead 008C,Violence and sexual offences,Status update unavailable,
4aa27872593d94a181c1d5a0a3f1f600265c1641d0da9e09e5331bd4c8ac6da7,2024-10,Northumbria Police,Northumbria Police,-1.613432,54.955933,On or near The Mill,E01008170,Gateshead 008C,Violence and sexual offences,Investigation complete; no suspect identified,
c700a3f6adec5d35d6d7997e7eb0c5226e55ba03a0e8815f38532c901675a863,2024-10,Northumbria Police,Northumbria Police,-1.616194,54.951197,On or near Saltwell Place,E01008170,Gateshead 008C,Violence and sexual offences,Investigation complete; no suspect identified,
ce9a88c8b0c7ab942df66f3e53e87f0576f578cef3af7f0bc6c546f3e8657d1c,2024-10,Northumbria Police,Northumbria Police,-1.613537,54.954756,On or near Rectory Place,E01008170,Gateshead 008C,Violence and sexual offences,Status update unavailable,
6062233b29637ccefc37e3527d1a8556681303696096051c590688fff74e2bac,2024-10,Northumbria Police,Northumbria Police,-1.617096,54.949888,On or near Stephenson Street,E01008170,Gateshead 008C,Violence and sexual offences,Status update unavailable,
06ff175baae7aafe8aea7fa19ed9001827e48349ebad4b5aedb7c5bff210e272,2024-10,Northumbria Police,Northumbria Police,-1.615113,54.956532,On or near School Street,E01008170,Gateshead 008C,Violence and sexual offences,Status update unavailable,
ec040f0f7599c11d7d9771dc45b6542428714291ab503c00aa82b226fdf31853,2024-10,Northumbria Police,Northumbria Police,-1.615631,54.954565,On or near Ridsdale Court,E01008170,Gateshead 008C,Violence and sexual offences,Investigation complete; no suspect identified,
530cb7950cd4a56d93b7544e411dfbd73bcf700fa2f974594e60fb7105d9b3ef,2024-10,Northumbria Police,Northumbria Police,-1.618469,54.951725,On or near Adler Close,E01008170,Gateshead 008C,Violence and sexual offences,Status update unavailable,
d2f1e4228dda81e078553e6ddc341ddd4ade2bf0b121aebe0891c3d511a1e3c9,2024-10,Northumbria Police,Northumbria Police,-1.613432,54.955933,On or near The Mill,E01008170,Gateshead 008C,Violence and sexual offences,Status update unavailable,
cbd3e6c9c4b5e55a02daa380526617593f1c97af07b75aa70bcae649bdb6260f,2024-10,Northumbria Police,Northumbria Police,-1.617063,54.956726,On or near Cuthbert Street,E01008170,Gateshead 008C,Violence and sexual offences,Status update unavailable,
b2b2b790b83e8a784a6f3156876dc5f60bd06bb1e5e87db8853fe3939ae6e6a9,2024-10,Northumbria Police,Northumbria Police,-1.613432,54.955933,On or near The Mill,E01008170,Gateshead 008C,Violence and sexual offences,Investigation complete; no suspect identified,
2882daa55510feb1cb7788a195ef141f732d916ea9898159076d2abeb27f3b4f,2024-10,Northumbria Police,Northumbria Police,-1.617063,54.956726,On or near Cuthbert Street,E01008170,Gateshead 008C,Violence and sexual offences,Status update unavailable,
3d1fb90b8aa006906e8b9d77f3b4a55b88e671653a5876e578b57365baae2df3,2024-10,Northumbria Police,Northumbria Police,-1.615733,54.953703,On or near Holystone Court,E01008170,Gateshead 008C,Violence and sexual offences,Status update unavailable,
af3c2b4955b07149539f65b7e69e904d1b18a74ee9fa4813d011d7498223ec5b,2024-10,Northumbria Police,Northumbria Police,-1.617119,54.955783,On or near Marian Court,E01008170,Gateshead 008C,Other crime,Investigation complete; no suspect identified,
1518d675a36974bba6ade7458f579e986e7ae5b7bf58f5d83ee62af4dfc105fd,2024-10,Northumbria Police,Northumbria Police,-1.613537,54.954756,On or near Rectory Place,E01008170,Gateshead 008C,Other crime,Court result unavailable,
42ca3c4f279ace587ab40a164ba070e163c14b38c600e5378bc51c552a2925bd,2024-10,Northumbria Police,Northumbria Police,-1.620964,54.953701,On or near Dixon Street,E01008257,Gateshead 008E,Burglary,Offender given a caution,
5064b875c94f87cdb4019d945163045f90850592d92a49d197fecba4dba0e451,2024-10,Northumbria Police,Northumbria Police,-1.622846,54.956124,On or near Wolseley Close,E01008257,Gateshead 008E,Criminal damage and arson,Court result unavailable,
adc596e9ac54766d632090b1fcfb1b0fd5ce3c39a81d1fe9c16306d3bf3ecd1b,2024-10,Northumbria Police,Northumbria Police,-1.622846,54.956124,On or near Wolseley Close,E01008257,Gateshead 008E,Criminal damage and arson,Status update unavailable,
383182d854f0225539174c90f4ef1c85cc9822b5343fb8ca69a08b8f98c81ec9,2024-10,Northumbria Police,Northumbria Police,-1.623233,54.949817,On or near Renwick Court,E01008257,Gateshead 008E,Drugs,Status update unavailable,
2524df0e2dcc3f966bac7c1364383328d63192fb73f40ae12008c933b5f549e4,2024-10,Northumbria Police,Northumbria Police,-1.622846,54.956124,On or near Wolseley Close,E01008257,Gateshead 008E,Drugs,Status update unavailable,
4204648bc0d5c28f0e27b54cd783a7f23e73a6f2ff8b51ee7d62e081f977731f,2024-10,Northumbria Police,Northumbria Police,-1.622846,54.956124,On or near Wolseley Close,E01008257,Gateshead 008E,Possession of weapons,Status update unavailable,
48f0ba9b8db632d7b3fc6819ec24bc3f663ec6f3bb1d41435964fe328a88c63b,2024-10,Northumbria Police,Northumbria Police,-1.620332,54.951201,On or near Temple Green,E01008257,Gateshead 008E,Violence and sexual offences,Investigation complete; no suspect identified,
8ae9df7670e33cf29bf7b88c03e10e69dd2bec96dfb31df1e28d35cfc8dd03d9,2024-10,Northumbria Police,Northumbria Police,-1.619035,54.947998,On or near Sandown Gardens,E01008257,Gateshead 008E,Violence and sexual offences,Status update unavailable,
f5474a0833664f3285d0bba770b56ce30308ee0610c329f4a561e40288fa85c7,2024-10,Northumbria Police,Northumbria Police,-1.623610,54.949594,On or near Walnut Gardens,E01008257,Gateshead 008E,Violence and sexual offences,Investigation complete; no suspect identified,
c8d129f9166e899477015afa17639e6d8ae17086909e31d9d631ad574f7540b3,2024-10,Northumbria Police,Northumbria Police,-1.623233,54.949817,On or near Renwick Court,E01008257,Gateshead 008E,Violence and sexual offences,Status update unavailable,
22dbcfad3bd3592383e10d3a2306845ec03adb7f4b3467f10421e814a2914f21,2024-10,Northumbria Police,Northumbria Police,-1.621756,54.949139,On or near Victoria Road,E01008257,Gateshead 008E,Violence and sexual offences,Status update unavailable,
c8407618b80c347c334730959afdaa5268b4d80fedbaca8be1328c56cbda2f0f,2024-10,Northumbria Police,Northumbria Police,-1.623233,54.949817,On or near Renwick Court,E01008257,Gateshead 008E,Violence and sexual offences,Status update unavailable,
,2024-10,Northumbria Police,Northumbria Police,-1.607744,54.954702,On or near Coatsworth Road,E01035610,Gateshead 008F,Anti-social behaviour,,
,2024-10,Northumbria Police,Northumbria Police,-1.612359,54.952236,On or near Balfour Street,E01035610,Gateshead 008F,Anti-social behaviour,,
,2024-10,Northumbria Police,Northumbria Police,-1.613833,54.953140,On or near Bensham Avenue,E01035610,Gateshead 008F,Anti-social behaviour,,
,2024-10,Northumbria Police,Northumbria Police,-1.613833,54.953140,On or near Bensham Avenue,E01035610,Gateshead 008F,Anti-social behaviour,,
,2024-10,Northumbria Police,Northumbria Police,-1.613833,54.953140,On or near Bensham Avenue,E01035610,Gateshead 008F,Anti-social behaviour,,
e58c19f73b4b241229c6740baa95aaf6a934bcdddd3ff8b5feef0b847adb41a7,2024-10,Northumbria Police,Northumbria Police,-1.614437,54.950473,On or near Saltwell Street,E01035610,Gateshead 008F,Burglary,Investigation complete; no suspect identified,
17e2f1d9aef5f450fc59a2adb46bc4748a8229b5346239e43d207ca961a1af7e,2024-10,Northumbria Police,Northumbria Police,-1.613833,54.953140,On or near Bensham Avenue,E01035610,Gateshead 008F,Criminal damage and arson,Investigation complete; no suspect identified,
e2578ff4db86027ad791ebe3fabd5f66dd356fce96d02ca47b9323fc4e221ce2,2024-10,Northumbria Police,Northumbria Police,-1.613833,54.953140,On or near Bensham Avenue,E01035610,Gateshead 008F,Drugs,Local resolution,
9330789fdb88116a6adb13b8f0b31351138479a1733bd4430910270ffbf96f7a,2024-10,Northumbria Police,Northumbria Police,-1.613833,54.953140,On or near Bensham Avenue,E01035610,Gateshead 008F,Drugs,Status update unavailable,
251944f44560a4191df3babf8b49ccc452de8cca29cbb4b0f770403e8535f1c5,2024-10,Northumbria Police,Northumbria Police,-1.613833,54.953140,On or near Bensham Avenue,E01035610,Gateshead 008F,Drugs,Status update unavailable,
56b8c957a3da806396a885b3faf07ea43959bea7fa396d0f9428f00594c93461,2024-10,Northumbria Police,Northumbria Police,-1.613833,54.953140,On or near Bensham Avenue,E01035610,Gateshead 008F,Other theft,Investigation complete; no suspect identified,
e0cacce409dc92555eb41a6bd9c5809f1632a8438ac74cd8cc112bdb45bd07e1,2024-10,Northumbria Police,Northumbria Police,-1.607744,54.954702,On or near Coatsworth Road,E01035610,Gateshead 008F,Other theft,Investigation complete; no suspect identified,
719b2e7478a84c016287133ef84d4598651b40425b2d5a0c569408ec03de0c18,2024-10,Northumbria Police,Northumbria Police,-1.607744,54.954702,On or near Coatsworth Road,E01035610,Gateshead 008F,Public order,Status update unavailable,
b9bf07032adcc451f01ebf95d6a983776b33ea1d01e70fb01baaf448d07683c9,2024-10,Northumbria Police,Northumbria Police,-1.607744,54.954702,On or near Coatsworth Road,E01035610,Gateshead 008F,Violence and sexual offences,Court result unavailable,
442050c2576232161ea4c97b3d896af74fe4ad348e3648a956dce673241b43b4,2024-10,Northumbria Police,Northumbria Police,-1.613833,54.953140,On or near Bensham Avenue,E01035610,Gateshead 008F,Violence and sexual offences,Investigation complete; no suspect identified,
62728fb9c2f9e66dbee6343bfa7a494230efabae74133b49f3f7d86e718b5edb,2024-10,Northumbria Police,Northumbria Police,-1.612402,54.952605,On or near Hilda Street,E01035610,Gateshead 008F,Violence and sexual offences,Status update unavailable,
8e52b16203643fc0ff0fde3fbbf2a4a1667654d88aa5aafa7bdbc2ba81ca1e49,2024-10,Northumbria Police,Northumbria Police,-1.613833,54.953140,On or near Bensham Avenue,E01035610,Gateshead 008F,Violence and sexual offences,Status update unavailable,
29cadb98db271f67b1d04a7ee998633026043d4f71705e4bb0db7e935cdee54d,2024-10,Northumbria Police,Northumbria Police,-1.609390,54.952460,On or near Grasmere Street West,E01035610,Gateshead 008F,Violence and sexual offences,Status update unavailable,
52b2cc36843222ac67b33bf8c70b268b983790c48a8a08c44f5e4038caf32deb,2024-10,Northumbria Police,Northumbria Police,-1.609390,54.952460,On or near Grasmere Street West,E01035610,Gateshead 008F,Violence and sexual offences,Status update unavailable,
3f3f69fe36b337636657c3d0dd1b64b7576a60ef9b3a9d1c9370554ee4586e7d,2024-10,Northumbria Police,Northumbria Police,-1.610724,54.951764,On or near Curzon Street,E01035610,Gateshead 008F,Violence and sexual offences,Status update unavailable,
e86f852a2463d9bd1777fc4b9ad24615dbd2e24be6201a845e12b218fba415eb,2024-10,Northumbria Police,Northumbria Police,-1.608324,54.956096,On or near Claremont Street,E01035610,Gateshead 008F,Violence and sexual offences,Status update unavailable,
,2024-10,Northumbria Police,Northumbria Police,-1.690509,54.953808,On or near Hexham Road,E01008262,Gateshead 009A,Anti-social behaviour,,
,2024-10,Northumbria Police,Northumbria Police,-1.688732,54.953435,On or near Hexham Road,E01008262,Gateshead 009A,Anti-social behaviour,,
,2024-10,Northumbria Police,Northumbria Police,-1.674872,54.954675,On or near Hollinside Road,E01008262,Gateshead 009A,Anti-social behaviour,,
,2024-10,Northumbria Police,Northumbria Police,-1.674709,54.959482,On or near Parking Area,E01008262,Gateshead 009A,Anti-social behaviour,,
,2024-10,Northumbria Police,Northumbria Police,-1.668929,54.955881,On or near Shopping Area,E01008262,Gateshead 009A,Anti-social behaviour,,
,2024-10,Northumbria Police,Northumbria Police,-1.677275,54.958779,On or near Pinetree Way,E01008262,Gateshead 009A,Anti-social behaviour,,
,2024-10,Northumbria Police,Northumbria Police,-1.681447,54.952581,On or near Park Terrace,E01008262,Gateshead 009A,Anti-social behaviour,,
,2024-10,Northumbria Police,Northumbria Police,-1.674709,54.959482,On or near Parking Area,E01008262,Gateshead 009A,Anti-social behaviour,,
,2024-10,Northumbria Police,Northumbria Police,-1.677275,54.958779,On or near Pinetree Way,E01008262,Gateshead 009A,Anti-social behaviour,,
,2024-10,Northumbria Police,Northumbria Police,-1.674709,54.959482,On or near Parking Area,E01008262,Gateshead 009A,Anti-social behaviour,,
,2024-10,Northumbria Police,Northumbria Police,-1.690509,54.953808,On or near Hexham Road,E01008262,Gateshead 009A,Anti-social behaviour,,
,2024-10,Northumbria Police,Northumbria Police,-1.668929,54.955881,On or near Shopping Area,E01008262,Gateshead 009A,Anti-social behaviour,,
5e7ef6b8d85d90bf6866ab4252cfe9c855b789fe8908dd473262d9806ae9e691,2024-10,Northumbria Police,Northumbria Police,-1.690509,54.953808,On or near Hexham Road,E01008262,Gateshead 009A,Criminal damage and arson,Investigation complete; no suspect identified,
6b3f8579c2cded860b4dccb78d8cbd3aa49e988fce24a4a83b2d266a7872a546,2024-10,Northumbria Police,Northumbria Police,-1.674709,54.959482,On or near Parking Area,E01008262,Gateshead 009A,Criminal damage and arson,Status update unavailable,
70bde2f1385b14c446cf19ac11f9fb20f0fc37619d4c7fd113c9f67eefa8d3f6,2024-10,Northumbria Police,Northumbria Police,-1.675186,54.960256,On or near Shopping Area,E01008262,Gateshead 009A,Criminal damage and arson,Investigation complete; no suspect identified,
5dd67f78479822b3f957b307f668049d2b39de1e58d497e5a2880a091f759788,2024-10,Northumbria Police,Northumbria Police,-1.669490,54.957949,On or near Theme/Adventure Park,E01008262,Gateshead 009A,Criminal damage and arson,Investigation complete; no suspect identified,
9465225336b9d6a770a3e3c513a5e392378b182164102b8fafb58ec99e2f1e38,2024-10,Northumbria Police,Northumbria Police,-1.673395,54.957798,On or near Parking Area,E01008262,Gateshead 009A,Criminal damage and arson,Status update unavailable,
ee6ad660c5c072514d4d2258246d145bacbcf1bd4b4be4c51af0a6f1d7b336d4,2024-10,Northumbria Police,Northumbria Police,-1.669490,54.957949,On or near Theme/Adventure Park,E01008262,Gateshead 009A,Other theft,Investigation complete; no suspect identified,
4a2d741437a9e4a520ab4addc46a1899f40b3f69545543b2265808108abfd087,2024-10,Northumbria Police,Northumbria Police,-1.669490,54.957949,On or near Theme/Adventure Park,E01008262,Gateshead 009A,Other theft,Investigation complete; no suspect identified,
de42574b54319e87c3a329be133b6d445fc10c5bb81caff18a0a0dd95c2be607,2024-10,Northumbria Police,Northumbria Police,-1.666288,54.957977,On or near Shopping Area,E01008262,Gateshead 009A,Other theft,Investigation complete; no suspect identified,
d920321dd12fdae32d59215e63ba13db5e634f53c06f69cbd496b851529284af,2024-10,Northumbria Police,Northumbria Police,-1.663845,54.955103,On or near Parking Area,E01008262,Gateshead 009A,Other theft,Status update unavailable,
9bb4bca19e986d5ef7b41ffe921365591263507d57787b73593f41a44c4ca6ae,2024-10,Northumbria Police,Northumbria Police,-1.675186,54.960256,On or near Shopping Area,E01008262,Gateshead 009A,Other theft,Investigation complete; no suspect identified,
178d4ba9db9f5d1ea0896335eee7e831b0073e75365b34ef28ac9cc1994da1c1,2024-10,Northumbria Police,Northumbria Police,-1.669490,54.957949,On or near Theme/Adventure Park,E01008262,Gateshead 009A,Other theft,Investigation complete; no suspect identified,
5a95d697c0d2f75d362ddbe4ddcfdf9c8d94e2a693db6c3f3ea6b12fd672a363,2024-10,Northumbria Police,Northumbria Police,-1.668929,54.955881,On or near Shopping Area,E01008262,Gateshead 009A,Other theft,Investigation complete; no suspect identified,
99853740549dc80306cdb70913c10d69b0685d1e358a2db73c43634ae32ef8d9,2024-10,Northumbria Police,Northumbria Police,-1.673395,54.957798,On or near Parking Area,E01008262,Gateshead 009A,Other theft,Investigation complete; no suspect identified,
e8d179e9946380298bd70bea4a884516b226aa8ded59a7ea82366630418d2b8e,2024-10,Northumbria Police,Northumbria Police,-1.677275,54.958779,On or near Pinetree Way,E01008262,Gateshead 009A,Possession of weapons,Investigation complete; no suspect identified,
1847738ffac338e41c4e3f92038b1ca5bb9afeb3b34bf209fd5d48de09b92f46,2024-10,Northumbria Police,Northumbria Police,-1.682764,54.953905,On or near Napier Road,E01008262,Gateshead 009A,Public order,Investigation complete; no suspect identified,
aa70f2aec7df0ec544a1f36e5069d59edae8aeec188843f804d1cb958afcd07f,2024-10,Northumbria Police,Northumbria Police,-1.690509,54.953808,On or near Hexham Road,E01008262,Gateshead 009A,Public order,Investigation complete; no suspect identified,
d4787c37f4257e591e23cddeaf4f1b4c8de983f4bd93628d2e28cc5ece1c7cae,2024-10,Northumbria Police,Northumbria Police,-1.669490,54.957949,On or near Theme/Adventure Park,E01008262,Gateshead 009A,Public order,Investigation complete; no suspect identified,
d6d2409f2f9cb8132a207237ef46d027a35c7f1ff2623eaf9c13c3a36ad7a9dd,2024-10,Northumbria Police,Northumbria Police,-1.676394,54.961518,On or near Petrol Station,E01008262,Gateshead 009A,Public order,Status update unavailable,
aebedb955388f00fcb2e16897d627740ab68b55fb76c4c6acf8df1d6372488aa,2024-10,Northumbria Police,Northumbria Police,-1.676394,54.961518,On or near Petrol Station,E01008262,Gateshead 009A,Public order,Status update unavailable,
59b35d8c3f46cfe1c14e79e085d2df80aba7491f96c798503e4f5adf05a9a1ca,2024-10,Northumbria Police,Northumbria Police,-1.678114,54.961333,On or near Gibside Way,E01008262,Gateshead 009A,Public order,Investigation complete; no suspect identified,
73c6abbecb9e5c16b519eaa3cdee99b4f14177c3eb3f8517c749c1caf88f8cd1,2024-10,Northumbria Police,Northumbria Police,-1.668929,54.955881,On or near Shopping Area,E01008262,Gateshead 009A,Public order,Court result unavailable,
e76f7ef8fabc3012dc0c70e1703fce0329faa736e3810bc3deb1a98813c04f92,2024-10,Northumbria Police,Northumbria Police,-1.668929,54.955881,On or near Shopping Area,E01008262,Gateshead 009A,Public order,Court result unavailable,
5c3339ec289cf3b1ab00540552e35ab1d2bff44fda1e4314ce5b92518a2690f8,2024-10,Northumbria Police,Northumbria Police,-1.678073,54.956642,On or near Marconi Way,E01008262,Gateshead 009A,Public order,Status update unavailable,
64d695a2b9a3882c77cb9cd6141fb3860a9bcbdc597ba75c805abf11e643afe6,2024-10,Northumbria Police,Northumbria Police,-1.669490,54.957949,On or near Theme/Adventure Park,E01008262,Gateshead 009A,Shoplifting,Investigation complete; no suspect identified,
cb56c89c9f406ddf800a708698ab84494905ed1cd443572161a7cf482b624fd8,2024-10,Northumbria Police,Northumbria Police,-1.663845,54.955103,On or near Parking Area,E01008262,Gateshead 009A,Shoplifting,Investigation complete; no suspect identified,
f32d62d9e8b3f64d7b7e9704ef569aa4c2fed3341788071d0db6970f420827a7,2024-10,Northumbria Police,Northumbria Police,-1.668929,54.955881,On or near Shopping Area,E01008262,Gateshead 009A,Shoplifting,Court result unavailable,
8fa0cf99c60cbf6d35791401bd229d2e21d3805c06d3a7d1f1d97fc11065717a,2024-10,Northumbria Police,Northumbria Police,-1.673395,54.957798,On or near Parking Area,E01008262,Gateshead 009A,Shoplifting,Investigation complete; no suspect identified,
555b92a6a047c880879a56ea148b5325ae0b7c0bfafd0b0cab1f1ef105c0a883,2024-10,Northumbria Police,Northumbria Police,-1.669490,54.957949,On or near Theme/Adventure Park,E01008262,Gateshead 009A,Shoplifting,Status update unavailable,
b26fee9cdb3d83edfb33896abc7b8e87cf63ada0ff427813e551bdd5e93a48a0,2024-10,Northumbria Police,Northumbria Police,-1.668929,54.955881,On or near Shopping Area,E01008262,Gateshead 009A,Shoplifting,Court result unavailable,
61935671c2adee32df071e267e95f9e65fffa2e5b8b2f13b95d3abc07cc547af,2024-10,Northumbria Police,Northumbria Police,-1.669490,54.957949,On or near Theme/Adventure Park,E01008262,Gateshead 009A,Shoplifting,Court result unavailable,
17bea4142ac7485fbaafe2fce4fcdbe748df9efa1e10db4e29c0389f4b882691,2024-10,Northumbria Police,Northumbria Police,-1.669490,54.957949,On or near Theme/Adventure Park,E01008262,Gateshead 009A,Shoplifting,Status update unavailable,
be24fb287c67da01b6456a3a68b399caef63bbd20e978cf6aec94f41aec497bd,2024-10,Northumbria Police,Northumbria Police,-1.669490,54.957949,On or near Theme/Adventure Park,E01008262,Gateshead 009A,Shoplifting,Status update unavailable,
fb6c3a849d1e3f36a0d568908853df681cb94079ac7393d5f35c03cb1a15c2b4,2024-10,Northumbria Police,Northumbria Police,-1.669490,54.957949,On or near Theme/Adventure Park,E01008262,Gateshead 009A,Shoplifting,Status update unavailable,
e4badd1b452bf7ad13dc375a7485a4202f0a1e08aebfbfa6256a769c50817a1c,2024-10,Northumbria Police,Northumbria Police,-1.669490,54.957949,On or near Theme/Adventure Park,E01008262,Gateshead 009A,Shoplifting,Status update unavailable,
8a1353d5f66e48812d7e596ce130ff958ada0415fc551306364757b9ead182fb,2024-10,Northumbria Police,Northumbria Police,-1.673395,54.957798,On or near Parking Area,E01008262,Gateshead 009A,Shoplifting,Investigation complete; no suspect identified,
ada6dc863622508b06610dcdc987e69345fedc4becfb800fb37b41a42f862a20,2024-10,Northumbria Police,Northumbria Police,-1.668929,54.955881,On or near Shopping Area,E01008262,Gateshead 009A,Shoplifting,Status update unavailable,
374f1dfa0bbd8192696e4a30fe9e333d949a69f20349b7650ed36462c62b6023,2024-10,Northumbria Police,Northumbria Police,-1.669432,54.959324,On or near Scotswood View,E01008262,Gateshead 009A,Shoplifting,Status update unavailable,
ebc5cc18909d45363522855fa7fc447c2a7572e1f1c9bd889c3f94fea047698f,2024-10,Northumbria Police,Northumbria Police,-1.669709,54.955928,On or near Shopping Area,E01008262,Gateshead 009A,Theft from the person,Status update unavailable,
5d88dc3f25fb80f7184cd11d31d1a4f32ee0630586d714a3d1e21557795e7816,2024-10,Northumbria Police,Northumbria Police,-1.671460,54.959500,On or near Parking Area,E01008262,Gateshead 009A,Vehicle crime,Investigation complete; no suspect identified,
be0618379a6c47fef337f3ee21cfd0df9656d8dae2512fcc3f68e93d3fb0a5c2,2024-10,Northumbria Police,Northumbria Police,-1.663845,54.955103,On or near Parking Area,E01008262,Gateshead 009A,Violence and sexual offences,Status update unavailable,
72dd146d10341e1818c0e0934fae891c3a11f2d3b4627acd34f3fe6dd46cac03,2024-10,Northumbria Police,Northumbria Police,-1.678025,54.952967,On or near Colbeck Avenue,E01008262,Gateshead 009A,Violence and sexual offences,Court result unavailable,
fe029b3de188d4210e2bf2b08ad431e24049d26ff456cd7910c177da70714303,2024-10,Northumbria Police,Northumbria Police,-1.663845,54.955103,On or near Parking Area,E01008262,Gateshead 009A,Violence and sexual offences,Status update unavailable,
7ae28da12305e05757dc1dc17f5d986a82fd0db512665cd76858921dfb8b71a0,2024-10,Northumbria Police,Northumbria Police,-1.663845,54.955103,On or near Parking Area,E01008262,Gateshead 009A,Violence and sexual offences,Status update unavailable,
ecb5c5efbf51243addca018d357206177dda030083e7a84d50a105fe22c7cf65,2024-10,Northumbria Police,Northumbria Police,-1.671460,54.959500,On or near Parking Area,E01008262,Gateshead 009A,Violence and sexual offences,Status update unavailable,
59ed35e677c06477639b3543a2c7ae2d5737d6d5ef83a312793d763b7c028bbc,2024-10,Northumbria Police,Northumbria Police,-1.663845,54.955103,On or near Parking Area,E01008262,Gateshead 009A,Violence and sexual offences,Offender given a caution,
50a4ecf5bd249370ed501fc3b09e2576b314845e9771d5a3b66915901d76db4e,2024-10,Northumbria Police,Northumbria Police,-1.668929,54.955881,On or near Shopping Area,E01008262,Gateshead 009A,Violence and sexual offences,Court result unavailable,
08aba27458a7ebbd454877fb71cd5df280fb0beec490de3109584426cb19fd87,2024-10,Northumbria Police,Northumbria Police,-1.669432,54.959324,On or near Scotswood View,E01008262,Gateshead 009A,Violence and sexual offences,Status update unavailable,
2c75d255fefa871eb6a2858b1d9df4db6e4cffa94046ab73cd00542a8ee01cb4,2024-10,Northumbria Police,Northumbria Police,-1.669490,54.957949,On or near Theme/Adventure Park,E01008262,Gateshead 009A,Violence and sexual offences,Status update unavailable,
05b1ba16a28be79e4b614b4e2588158d40fca174951802854a55e44cac287608,2024-10,Northumbria Police,Northumbria Police,-1.685228,54.954280,On or near Front Street,E01008262,Gateshead 009A,Violence and sexual offences,Status update unavailable,
e7333c96facc95fa38a5d5daa1f61148881891343431ba90667df2fe98c4fef0,2024-10,Northumbria Police,Northumbria Police,-1.668929,54.955881,On or near Shopping Area,E01008262,Gateshead 009A,Violence and sexual offences,Investigation complete; no suspect identified,
4aa478fd467b5940848abfc2d3fb73b716cc791d1f827a47195aef00cbd27d0f,2024-10,Northumbria Police,Northumbria Police,-1.669432,54.959324,On or near Scotswood View,E01008262,Gateshead 009A,Violence and sexual offences,Status update unavailable,
c60ae128ff23825f9c137c202a27bb18887ba2adc70a75f5bd81685bcb4fff6d,2024-10,Northumbria Police,Northumbria Police,-1.668929,54.955881,On or near Shopping Area,E01008262,Gateshead 009A,Violence and sexual offences,Status update unavailable,
3c7e2a6219381dae4667ea67510cbafb2896d583acc7257457dec6b1430342f3,2024-10,Northumbria Police,Northumbria Police,-1.669432,54.959324,On or near Scotswood View,E01008262,Gateshead 009A,Violence and sexual offences,Investigation complete; no suspect identified,
658f8a5c09db5156d0b3822ac20ea490bc794d39016ad65a6632ebaeb169507f,2024-10,Northumbria Police,Northumbria Police,-1.669490,54.957949,On or near Theme/Adventure Park,E01008262,Gateshead 009A,Violence and sexual offences,Status update unavailable,
d1cdcd86335b07a2e29b3dbe2c2485a9c978621680e2330ae86786304125706f,2024-10,Northumbria Police,Northumbria Police,-1.681447,54.952581,On or near Park Terrace,E01008262,Gateshead 009A,Violence and sexual offences,Status update unavailable,
33b3058f2f91311f8925179b140928d3b5fb8d3b41b2954d8531f070aadd9cd1,2024-10,Northumbria Police,Northumbria Police,-1.681447,54.952581,On or near Park Terrace,E01008262,Gateshead 009A,Violence and sexual offences,Status update unavailable,
6e33b592f9bd6b4e6c9bfd823b6794479907bc550ad4e53931257683a553556b,2024-10,Northumbria Police,Northumbria Police,-1.678025,54.952967,On or near Colbeck Avenue,E01008262,Gateshead 009A,Violence and sexual offences,Court result unavailable,
960eae70cb6ed93073afa522e33949942b208dea78b8dd3eba19e0867d00460c,2024-10,Northumbria Police,Northumbria Police,-1.668929,54.955881,On or near Shopping Area,E01008262,Gateshead 009A,Violence and sexual offences,Offender given a caution,
e273140030ca090a4610b32d8c619b97d85b06c7f0da8d2b204240d66938601a,2024-10,Northumbria Police,Northumbria Police,-1.678025,54.952967,On or near Colbeck Avenue,E01008262,Gateshead 009A,Other crime,Court result unavailable,
c2ba3d00c960286cd89efda71d2e89c458ce66dbeca89d116a1c38f57e476c78,2024-10,Northumbria Police,Northumbria Police,-1.674690,54.957910,On or near Hollinside Road,E01008262,Gateshead 009A,Other crime,Investigation complete; no suspect identified,
fba83f7936d44265cccd664f08c26c35a3ec689aff7bb6f96b9bbde7e29e4dc8,2024-10,Northumbria Police,Northumbria Police,-1.678114,54.961333,On or near Gibside Way,E01008262,Gateshead 009A,Other crime,Investigation complete; no suspect identified,
,2024-10,Northumbria Police,Northumbria Police,-1.683177,54.945055,On or near Fellside Court,E01008263,Gateshead 009B,Anti-social behaviour,,
,2024-10,Northumbria Police,Northumbria Police,-1.679775,54.946843,On or near Blake Avenue,E01008263,Gateshead 009B,Anti-social behaviour,,
,2024-10,Northumbria Police,Northumbria Police,-1.683177,54.945055,On or near Fellside Court,E01008263,Gateshead 009B,Anti-social behaviour,,
,2024-10,Northumbria Police,Northumbria Police,-1.678420,54.946480,On or near Rose Villa Lane,E01008263,Gateshead 009B,Anti-social behaviour,,
,2024-10,Northumbria Police,Northumbria Police,-1.683177,54.945055,On or near Fellside Court,E01008263,Gateshead 009B,Anti-social behaviour,,
,2024-10,Northumbria Police,Northumbria Police,-1.677684,54.946712,On or near Parking Area,E01008263,Gateshead 009B,Anti-social behaviour,,
,2024-10,Northumbria Police,Northumbria Police,-1.678477,54.947073,On or near Otterburn Gardens,E01008263,Gateshead 009B,Anti-social behaviour,,
,2024-10,Northumbria Police,Northumbria Police,-1.683177,54.945055,On or near Fellside Court,E01008263,Gateshead 009B,Anti-social behaviour,,
a80ba57b6f0a1808be45fdd5286c62e1bedfb56e1f4fc76f0f7b1de342c81f25,2024-10,Northumbria Police,Northumbria Police,-1.678420,54.946480,On or near Rose Villa Lane,E01008263,Gateshead 009B,Shoplifting,Investigation complete; no suspect identified,
424208243dc13dfd84651d4bb348d9124e681d82d2956a6a0e368a623b819da4,2024-10,Northumbria Police,Northumbria Police,-1.678420,54.946480,On or near Rose Villa Lane,E01008263,Gateshead 009B,Shoplifting,Status update unavailable,
b12da9576ca900b6488bd537bfef5fd9233523a58b66755087c17e40c2278482,2024-10,Northumbria Police,Northumbria Police,-1.678420,54.946480,On or near Rose Villa Lane,E01008263,Gateshead 009B,Shoplifting,Investigation complete; no suspect identified,
23dbc0e5264fcf2b25d4d50759621f7843cba68b18d3562ffa8fded58ddf76ec,2024-10,Northumbria Police,Northumbria Police,-1.678420,54.946480,On or near Rose Villa Lane,E01008263,Gateshead 009B,Shoplifting,Investigation complete; no suspect identified,
22c2fd3e3649896ef5fd6e35381568598c3ff03ad5d1ea82e7aea77bcc73b4d5,2024-10,Northumbria Police,Northumbria Police,-1.678420,54.946480,On or near Rose Villa Lane,E01008263,Gateshead 009B,Shoplifting,Court result unavailable,
2c5e436ade79b232cb44147af67f2865c7521824735658bf95bd5d7d07c37c74,2024-10,Northumbria Police,Northumbria Police,-1.678420,54.946480,On or near Rose Villa Lane,E01008263,Gateshead 009B,Shoplifting,Investigation complete; no suspect identified,
a1bb9089c43bd9204249d217ccd3505c79ec6b1be8caa433ca170d4bf1b3e42d,2024-10,Northumbria Police,Northumbria Police,-1.678420,54.946480,On or near Rose Villa Lane,E01008263,Gateshead 009B,Shoplifting,Status update unavailable,
305846b5f5ccf092885463719c67ebb6d9f85b4747bcb63afb2f6007c43048cc,2024-10,Northumbria Police,Northumbria Police,-1.682773,54.948720,On or near Stubbs Avenue,E01008263,Gateshead 009B,Violence and sexual offences,Status update unavailable,
6cbf7fa43fedee96adc7300ecfa09a4fe2217e93666c078718ae6bc0ae4bcbf1,2024-10,Northumbria Police,Northumbria Police,-1.664323,54.946379,On or near Coniston Avenue,E01008264,Gateshead 009C,Criminal damage and arson,Investigation complete; no suspect identified,
a3378809450411e660071147273f8f543552258b35e92996fe96fc0615957f56,2024-10,Northumbria Police,Northumbria Police,-1.671757,54.946013,On or near Whickham Park,E01008264,Gateshead 009C,Public order,Status update unavailable,
b1c406481e988605cce73d656ac618e02dd8d3c3d8fd3480cdd39e53f33fbe87,2024-10,Northumbria Police,Northumbria Police,-1.667191,54.945084,On or near Devon Avenue,E01008264,Gateshead 009C,Shoplifting,Investigation complete; no suspect identified,
31518ddc2c65a864cc99ebf790ba3fb71d9c46c969a8fdca4bf1e3fbabcdde72,2024-10,Northumbria Police,Northumbria Police,-1.676024,54.947336,On or near Coalway Lane,E01008264,Gateshead 009C,Violence and sexual offences,Investigation complete; no suspect identified,
525e504195c0b50342434e202621c64e7e9b9d5210ce3c610a9e86d98a25aa85,2024-10,Northumbria Police,Northumbria Police,-1.678871,54.952493,On or near Parking Area,E01008265,Gateshead 009D,Criminal damage and arson,Investigation complete; no suspect identified,
004ee5daf2de6a38e6d77a725fd0d5ca644ac52112458b4a58568b78bcd74f3c,2024-10,Northumbria Police,Northumbria Police,-1.672269,54.952206,On or near Beverley Drive,E01008265,Gateshead 009D,Other theft,Investigation complete; no suspect identified,
bfa1bd2f69ad5a9e123d0c39c9cedc4ac7d2d9404e786cafcb84f17087bf826b,2024-10,Northumbria Police,Northumbria Police,-1.678066,54.949768,On or near Kipling Avenue,E01008265,Gateshead 009D,Violence and sexual offences,Investigation complete; no suspect identified,
3fbc31c7d93477b954e9583e02beca2c269750958a19f7a3da1bf16cd127df0c,2024-10,Northumbria Police,Northumbria Police,-1.680261,54.952542,On or near Clavering Road,E01008265,Gateshead 009D,Violence and sexual offences,Investigation complete; no suspect identified,
7b66698821d6c0a197b7969c4df014e0cb062ba638b7d7ad4d0487a7f9e9d6d4,2024-10,Northumbria Police,Northumbria Police,-1.680261,54.952542,On or near Clavering Road,E01008265,Gateshead 009D,Violence and sexual offences,Investigation complete; no suspect identified,
b252e50f1980fb7fddea396ff83e51669fe2487c12eb170cb312968450e870d3,2024-10,Northumbria Police,Northumbria Police,-1.678061,54.948420,On or near Kingsley Place,E01008265,Gateshead 009D,Violence and sexual offences,Status update unavailable,
c897dca2b4afe49a9d38264cb78d643449c9470e62f142beb077c8f402c1dfac,2024-10,Northumbria Police,Northumbria Police,-1.678944,54.949312,On or near Morris Road,E01008265,Gateshead 009D,Violence and sexual offences,Status update unavailable,
9867d0956b85db3d2e2ff85b5604a897d81434acfbe47859373abf85f0e3b804,2024-10,Northumbria Police,Northumbria Police,-1.678871,54.952493,On or near Parking Area,E01008265,Gateshead 009D,Other crime,Status update unavailable,
45940ab838c6808b986286f722fafb97f85567063f5e0ecb226728d5c84980ce,2024-10,Northumbria Police,Northumbria Police,-1.687820,54.946226,On or near Parkdale Rise,E01008266,Gateshead 009E,Criminal damage and arson,Investigation complete; no suspect identified,
f115c1505e01809389c5c1175e555f579ff885b3cb04adb436865e995ab14a3c,2024-10,Northumbria Police,Northumbria Police,-1.689974,54.944191,On or near L'Arbre Crescent,E01008266,Gateshead 009E,Violence and sexual offences,Status update unavailable,
,2024-10,Northumbria Police,Northumbria Police,-1.602929,54.948980,On or near Rodsley Avenue,E01008251,Gateshead 010A,Anti-social behaviour,,
,2024-10,Northumbria Police,Northumbria Police,-1.601639,54.947779,On or near Theatre/Concert Hall,E01008251,Gateshead 010A,Anti-social behaviour,,
,2024-10,Northumbria Police,Northumbria Police,-1.602929,54.948980,On or near Rodsley Avenue,E01008251,Gateshead 010A,Anti-social behaviour,,
,2024-10,Northumbria Police,Northumbria Police,-1.600121,54.948755,On or near Patterdale Terrace,E01008251,Gateshead 010A,Anti-social behaviour,,
d9823e9e2391333c64c87ecab247f965c0b863fe01acf40e1358866d9202456f,2024-10,Northumbria Police,Northumbria Police,-1.601639,54.947779,On or near Theatre/Concert Hall,E01008251,Gateshead 010A,Burglary,Investigation complete; no suspect identified,
b53f62c48b723d2ecc434c0779f0f5c540612147953d7912e6a6ce8bca641ebe,2024-10,Northumbria Police,Northumbria Police,-1.602929,54.948980,On or near Rodsley Avenue,E01008251,Gateshead 010A,Public order,Status update unavailable,
573184740cb0f1ffa4124f112b3748c140d653191c84fd95569115d3a84f74e0,2024-10,Northumbria Police,Northumbria Police,-1.602929,54.948980,On or near Rodsley Avenue,E01008251,Gateshead 010A,Public order,Status update unavailable,
2b6cbb28e014fac962759ff5757a9ab32946f17b8478c7db0047e1accf923cd4,2024-10,Northumbria Police,Northumbria Police,-1.603897,54.948956,On or near Brinkburn Avenue,E01008251,Gateshead 010A,Vehicle crime,Investigation complete; no suspect identified,
758af2a704cd19a09b140eaebabd6c8251c786eab40da1774526102571bb805f,2024-10,Northumbria Police,Northumbria Police,-1.608293,54.948045,On or near Fern Dene Road,E01008251,Gateshead 010A,Vehicle crime,Investigation complete; no suspect identified,
7ff3598d1e973499c255d57b94006b1c43035b5d57d5ffb6a45fbdff722b1e54,2024-10,Northumbria Police,Northumbria Police,-1.600803,54.950851,On or near Shipcote Lane,E01008251,Gateshead 010A,Violence and sexual offences,Status update unavailable,
d6ac7a22859d2a2a306309ab74aac4fd33f41e8c56854f18ed028dc0d1b397b9,2024-10,Northumbria Police,Northumbria Police,-1.603897,54.948956,On or near Brinkburn Avenue,E01008251,Gateshead 010A,Violence and sexual offences,Status update unavailable,
33c80100ce56c9c603812029b8d63fd0d7515abfbd0307440bf9675f4d07b6b4,2024-10,Northumbria Police,Northumbria Police,-1.602929,54.948980,On or near Rodsley Avenue,E01008251,Gateshead 010A,Violence and sexual offences,Status update unavailable,
,2024-10,Northumbria Police,Northumbria Police,-1.604036,54.950682,On or near Westfield Terrace,E01008252,Gateshead 010B,Anti-social behaviour,,
,2024-10,Northumbria Police,Northumbria Police,-1.603056,54.951964,On or near Parking Area,E01008252,Gateshead 010B,Anti-social behaviour,,
,2024-10,Northumbria Police,Northumbria Police,-1.600639,54.953205,On or near Camborne Grove,E01008252,Gateshead 010B,Anti-social behaviour,,
443590d406740bb4146c88a623e3c4d74299c04278bde25f67ab8697faf4b605,2024-10,Northumbria Police,Northumbria Police,-1.605341,54.949760,On or near Eastbourne Avenue,E01008252,Gateshead 010B,Burglary,Investigation complete; no suspect identified,
e7373a6c0abe841fed42bf19e649f94952d9f18f064036be96c52075af83537d,2024-10,Northumbria Police,Northumbria Police,-1.605341,54.949760,On or near Eastbourne Avenue,E01008252,Gateshead 010B,Burglary,Investigation complete; no suspect identified,
4ee5342d74600c2e4c91d36900ab6d1aabec9a0b7868bec65f9cd0da11e83ec5,2024-10,Northumbria Police,Northumbria Police,-1.606895,54.952138,On or near Avondale Terrace,E01008252,Gateshead 010B,Criminal damage and arson,Investigation complete; no suspect identified,
67d3c725345ef99178ff9adb2ce97bd2c6b6c59a5c7d78b45f9ca4749a91eb0f,2024-10,Northumbria Police,Northumbria Police,-1.606895,54.952138,On or near Avondale Terrace,E01008252,Gateshead 010B,Drugs,Status update unavailable,
f11ce2e3288412ca5de31bc2b1541d14393381b15dc083095e743b26758cdd74,2024-10,Northumbria Police,Northumbria Police,-1.606895,54.952138,On or near Avondale Terrace,E01008252,Gateshead 010B,Drugs,Status update unavailable,
3213fbd11d2646cf547b003f42c28add70f9c8e1c9be99a2540fa4b68d8c5ae9,2024-10,Northumbria Police,Northumbria Police,-1.604036,54.950682,On or near Westfield Terrace,E01008252,Gateshead 010B,Other theft,Status update unavailable,
1a105b9c0b20c81b4f5477960439198f64e0ea5532f817bc3541f05542216186,2024-10,Northumbria Police,Northumbria Police,-1.604036,54.950682,On or near Westfield Terrace,E01008252,Gateshead 010B,Violence and sexual offences,Investigation complete; no suspect identified,
4743d16e5382aaeb86e3f4ca3dba41df6d43357c63cd1048f2ba1fa705a1dbea,2024-10,Northumbria Police,Northumbria Police,-1.606895,54.952138,On or near Avondale Terrace,E01008252,Gateshead 010B,Violence and sexual offences,Court result unavailable,
a36690f42a43ea9cd72a11d4587cecb17937b48a7fe14b10b937424590f1c120,2024-10,Northumbria Police,Northumbria Police,-1.604036,54.950682,On or near Westfield Terrace,E01008252,Gateshead 010B,Violence and sexual offences,Investigation complete; no suspect identified,
f5b57f296bf1db52dd9df23eb79eb1b72f4d065fbd76b4b91444807b01900a5d,2024-10,Northumbria Police,Northumbria Police,-1.605341,54.949760,On or near Eastbourne Avenue,E01008252,Gateshead 010B,Violence and sexual offences,Status update unavailable,
18e5b39ba0488b52ccf2f16a3844da248b653d63bedf9284b6c6f4e674e9acd2,2024-10,Northumbria Police,Northumbria Police,-1.605341,54.949760,On or near Eastbourne Avenue,E01008252,Gateshead 010B,Violence and sexual offences,Status update unavailable,
,2024-10,Northumbria Police,Northumbria Police,-1.611212,54.949725,On or near Audouins Row,E01008253,Gateshead 010C,Anti-social behaviour,,
bd45bdd29e1ac852213ab673f3715f17cff9e0967b782d7309087330bd3bcfea,2024-10,Northumbria Police,Northumbria Police,-1.606662,54.950358,On or near Westfield Road,E01008253,Gateshead 010C,Criminal damage and arson,Investigation complete; no suspect identified,
36edda6121fb85e71ab5c7573c8f1abc178a22d988286ce4b5c90f8d663f218a,2024-10,Northumbria Police,Northumbria Police,-1.609137,54.951229,On or near Rectory Road,E01008253,Gateshead 010C,Other theft,Investigation complete; no suspect identified,
161dc9a6f75d9e1f49c27029bdb40138b6db284b8e9741cbdcbac5b17942ed31,2024-10,Northumbria Police,Northumbria Police,-1.609137,54.951229,On or near Rectory Road,E01008253,Gateshead 010C,Robbery,Investigation complete; no suspect identified,
95147334fddb50e14b1e058d52453ac91337ee4d317c016d1f35b64664008ccc,2024-10,Northumbria Police,Northumbria Police,-1.607262,54.949767,On or near Windsor Avenue,E01008253,Gateshead 010C,Theft from the person,Investigation complete; no suspect identified,
44c6a9c001efa1d01cc636bdd45981bf0f8430425d3f3ac465ac791e552ca21f,2024-10,Northumbria Police,Northumbria Police,-1.610596,54.950406,On or near Brighton Road,E01008253,Gateshead 010C,Violence and sexual offences,Status update unavailable,
78bf3b4d35f72e664e1f3e1e67da9ab5c30fc22cec712cf02d0b1de720b4c315,2024-10,Northumbria Police,Northumbria Police,-1.610596,54.950406,On or near Brighton Road,E01008253,Gateshead 010C,Violence and sexual offences,Investigation complete; no suspect identified,
7d33dad51082fbe91e06f2e69720fdb35b9b9daa5f76f1db4a2501633c6153b1,2024-10,Northumbria Police,Northumbria Police,-1.610596,54.950406,On or near Brighton Road,E01008253,Gateshead 010C,Violence and sexual offences,Status update unavailable,
23a33d3a11efd2c3da7a05e7b75a81109b0eec3b0dfb76b2faa45fdf36af8443,2024-10,Northumbria Police,Northumbria Police,-1.609137,54.951229,On or near Rectory Road,E01008253,Gateshead 010C,Violence and sexual offences,Status update unavailable,
e39b688d90b0566cc4295c79856266ea024b3280f922c15cb6c7face57499844,2024-10,Northumbria Police,Northumbria Police,-1.611212,54.949725,On or near Audouins Row,E01008253,Gateshead 010C,Violence and sexual offences,Status update unavailable,
65da04323e084f018f0975050d1936e33b79ba33f16d7f55e64f09d9a7444b21,2024-10,Northumbria Police,Northumbria Police,-1.611212,54.949725,On or near Audouins Row,E01008253,Gateshead 010C,Violence and sexual offences,Status update unavailable,
,2024-10,Northumbria Police,Northumbria Police,-1.614418,54.947543,On or near Macadam Street,E01008254,Gateshead 010D,Anti-social behaviour,,
,2024-10,Northumbria Police,Northumbria Police,-1.611913,54.948290,On or near Kelvin Grove,E01008254,Gateshead 010D,Anti-social behaviour,,
,2024-10,Northumbria Police,Northumbria Police,-1.611913,54.948290,On or near Kelvin Grove,E01008254,Gateshead 010D,Anti-social behaviour,,
4e309eba41154993d5fec3f7e84deec004278e5c24e63409adf2a986b2697549,2024-10,Northumbria Police,Northumbria Police,-1.612435,54.947537,On or near Rayleigh Grove,E01008254,Gateshead 010D,Criminal damage and arson,Investigation complete; no suspect identified,
3c4e265099cb166f3bc535123c5d7ade1b625888a0bc09b55feaf960a9e5f384,2024-10,Northumbria Police,Northumbria Police,-1.614418,54.947543,On or near Macadam Street,E01008254,Gateshead 010D,Criminal damage and arson,Status update unavailable,
48068e568350662a033a72eda8d0b5c1b38325f6563af1183a5bd14eb68d7623,2024-10,Northumbria Police,Northumbria Police,-1.615512,54.949092,On or near Trevethick Street,E01008254,Gateshead 010D,Public order,Investigation complete; no suspect identified,
1c69fd2087addb16a62eae5c368c8a296e946a4742483c5ded72dd888c1d7eb0,2024-10,Northumbria Police,Northumbria Police,-1.615512,54.949092,On or near Trevethick Street,E01008254,Gateshead 010D,Robbery,Awaiting court outcome,
be675889b5b42f5198efd36f9b624758eb10bba802810bcfb6d479db7449cd13,2024-10,Northumbria Police,Northumbria Police,-1.615064,54.948596,On or near Brunel Street,E01008254,Gateshead 010D,Vehicle crime,Investigation complete; no suspect identified,
3314fc2aa0d795ebcdfc531c0701bb39f54c5fb7693416d2b4bc6be5eaa7aa7b,2024-10,Northumbria Police,Northumbria Police,-1.615512,54.949092,On or near Trevethick Street,E01008254,Gateshead 010D,Violence and sexual offences,Offender given a caution,
d15e7b09ba15528d85a9a53434a7e3ce7887bdec2a63e52b7013519afc1a3acd,2024-10,Northumbria Police,Northumbria Police,-1.615512,54.949092,On or near Trevethick Street,E01008254,Gateshead 010D,Violence and sexual offences,Offender given a caution,
7f3cd1f5a8402f2a083f61b555aaa557081f8b8dcbd5d5a89bf943c262332dcd,2024-10,Northumbria Police,Northumbria Police,-1.614418,54.947543,On or near Macadam Street,E01008254,Gateshead 010D,Violence and sexual offences,Status update unavailable,
753ffdc3a2fb8e251407ecf481546aff504c697f9afc185cf275e31d42fa3635,2024-10,Northumbria Police,Northumbria Police,-1.613459,54.946578,On or near Watt Street,E01008254,Gateshead 010D,Violence and sexual offences,Status update unavailable,
abf5414b025963ac74bcbcddeba1197e7d6f8dbfb77ef96468e3d563e1dc79e2,2024-10,Northumbria Police,Northumbria Police,-1.615064,54.948596,On or near Brunel Street,E01008254,Gateshead 010D,Violence and sexual offences,Status update unavailable,
9878747c7f892cdae81117f967b9f90bff00ba8ae4d3889c88e8134db4d9cd26,2024-10,Northumbria Police,Northumbria Police,-1.614418,54.947543,On or near Macadam Street,E01008254,Gateshead 010D,Violence and sexual offences,Status update unavailable,
f1e98c693ad47d1f37f05b4a2657c419274464e23c68395af59d1bd7529b2bd3,2024-10,Northumbria Police,Northumbria Police,-1.612178,54.945101,On or near Barry Street,E01008254,Gateshead 010D,Violence and sexual offences,Status update unavailable,
4d866f8c55d9c6e3dd3ce3bd5d905f8e4d39413c2e0ebca0d364c5ed7522d7d5,2024-10,Northumbria Police,Northumbria Police,-1.615064,54.948596,On or near Brunel Street,E01008254,Gateshead 010D,Violence and sexual offences,Awaiting court outcome,
c6230da3c15bf18d1a39b409a97deefa98874d34eeb3c12bd186bf70083289a3,2024-10,Northumbria Police,Northumbria Police,-1.613747,54.945887,On or near Maxwell Street,E01008254,Gateshead 010D,Other crime,Status update unavailable,
,2024-10,Northumbria Police,Northumbria Police,-1.611283,54.943948,On or near Whitworth Close,E01008255,Gateshead 010E,Anti-social behaviour,,
,2024-10,Northumbria Police,Northumbria Police,-1.604069,54.947357,On or near Saltwell View,E01008255,Gateshead 010E,Anti-social behaviour,,
,2024-10,Northumbria Police,Northumbria Police,-1.608277,54.944854,On or near Felton Crescent,E01008255,Gateshead 010E,Anti-social behaviour,,
,2024-10,Northumbria Police,Northumbria Police,-1.611173,54.947335,On or near Faraday Grove,E01008255,Gateshead 010E,Anti-social behaviour,,
,2024-10,Northumbria Police,Northumbria Police,-1.608277,54.944854,On or near Felton Crescent,E01008255,Gateshead 010E,Anti-social behaviour,,
8c8b78cfc347212646204346dea109a5aaab4ce4be2bfcd811c10bb6877c9bfc,2024-10,Northumbria Police,Northumbria Police,-1.609598,54.947087,On or near Edison Gardens,E01008255,Gateshead 010E,Burglary,Status update unavailable,
def0763a18ad78579e2ce2e321fb1bf5d3af533e232cf8fca2b7b77600f34a2a,2024-10,Northumbria Police,Northumbria Police,-1.600241,54.947623,On or near Enfield Road,E01008255,Gateshead 010E,Criminal damage and arson,Investigation complete; no suspect identified,
cafa6b772ab64224a353ab137a8fa7efb61c184f55c35fb773c9edab32caf531,2024-10,Northumbria Police,Northumbria Police,-1.604192,54.942765,On or near Park/Open Space,E01008255,Gateshead 010E,Criminal damage and arson,Investigation complete; no suspect identified,
40d979fe9a4e04d9e851c6056342fc7dbebeb311196e8376f69b0924875590af,2024-10,Northumbria Police,Northumbria Police,-1.612610,54.945587,On or near Arkwright Street,E01008255,Gateshead 010E,Other theft,Status update unavailable,
e20093b0077e0879ec3547eb68b01a665a5a4099305b507d538b09a902542135,2024-10,Northumbria Police,Northumbria Police,-1.607494,54.945095,On or near West Park Road,E01008255,Gateshead 010E,Other theft,Investigation complete; no suspect identified,
27a045f233b90289d6cfbf1fcc13e538c02cc1839abd61ac74ba7d2d7c8e0ad0,2024-10,Northumbria Police,Northumbria Police,-1.604069,54.947357,On or near Saltwell View,E01008255,Gateshead 010E,Vehicle crime,Investigation complete; no suspect identified,
867cd83c530ee151525e2c47dc4876ab083ee4abf458bbf55d174755f3035824,2024-10,Northumbria Police,Northumbria Police,-1.609079,54.937848,On or near Ventnor Crescent,E01008255,Gateshead 010E,Violence and sexual offences,Status update unavailable,
75f1c865756a41db949f530829eddd7de0665045458010b49fb6f1c3a5456660,2024-10,Northumbria Police,Northumbria Police,-1.600798,54.940319,On or near Chesters Park,E01008255,Gateshead 010E,Violence and sexual offences,Investigation complete; no suspect identified,
,2024-10,Northumbria Police,Northumbria Police,-1.586615,54.951945,On or near Severn Gardens,E01008165,Gateshead 011A,Anti-social behaviour,,
,2024-10,Northumbria Police,Northumbria Police,-1.592905,54.953647,On or near Cobden Terrace,E01008165,Gateshead 011A,Anti-social behaviour,,
be276a4912aa02e7a40403424e8382b2187d753ed4acce571d4d895eda61015e,2024-10,Northumbria Police,Northumbria Police,-1.579441,54.951147,On or near Gower Walk,E01008165,Gateshead 011A,Criminal damage and arson,Investigation complete; no suspect identified,
8e2a1036745e2418e7310fcbcb8d393e109aa6039a044e1f9e3abcb975d7365a,2024-10,Northumbria Police,Northumbria Police,-1.579441,54.951147,On or near Gower Walk,E01008165,Gateshead 011A,Criminal damage and arson,Investigation complete; no suspect identified,
cdf1b2f39d767e89e3cf9802224abf52d126698ffb5dee6e6f3ee9bff9e747dc,2024-10,Northumbria Police,Northumbria Police,-1.589135,54.954344,On or near Nile Court,E01008165,Gateshead 011A,Other theft,Investigation complete; no suspect identified,
4f0c736bfd59a37cb282f8b37cff8b776ea48c2d0b92cc14bf845885d0dc47f5,2024-10,Northumbria Police,Northumbria Police,-1.581500,54.951298,On or near Ettrick Gardens,E01008165,Gateshead 011A,Other theft,Status update unavailable,
73e74538d3c87313188b2aaaf62c4cc0a8493765b14ba81032c3fda17d6fd2d5,2024-10,Northumbria Police,Northumbria Police,-1.579441,54.951147,On or near Gower Walk,E01008165,Gateshead 011A,Public order,Status update unavailable,
dc177773366183fbcff56526eb589879770b9ed6db047022b074f28f94590665,2024-10,Northumbria Police,Northumbria Police,-1.590023,54.954553,On or near St Edmund'S Court,E01008165,Gateshead 011A,Public order,Status update unavailable,
a4883a15d5a8a71a3b16e3075acc9c85cf3f56c4a060ec6aeb946469d01108fb,2024-10,Northumbria Police,Northumbria Police,-1.588077,54.953945,On or near Cobden Street,E01008165,Gateshead 011A,Vehicle crime,Investigation complete; no suspect identified,
5240f35f2367b5992370623720e44adb5ff5395b96f62d3d9323e0ba822bacd4,2024-10,Northumbria Police,Northumbria Police,-1.586615,54.951945,On or near Severn Gardens,E01008165,Gateshead 011A,Violence and sexual offences,Investigation complete; no suspect identified,
b44014c61c3af4e70c007d9aff13c682a1f070423708e0e7db6b7fe567d714e5,2024-10,Northumbria Police,Northumbria Police,-1.588910,54.951953,On or near Clyde Street,E01008165,Gateshead 011A,Violence and sexual offences,Status update unavailable,
50dd8153c92d7309cf44ef934a72130ff9a55af160cd3a9c8c9f56e9e5ad2b87,2024-10,Northumbria Police,Northumbria Police,-1.589737,54.951955,On or near Highcliffe Gardens,E01008165,Gateshead 011A,Other crime,Investigation complete; no suspect identified,
88610d6274b91b7aa93fa6b5c62d959c56ec9ac385c5380c710e02ed90c56c42,2024-10,Northumbria Police,Northumbria Police,-1.589498,54.943238,On or near Prefect Place,E01008201,Gateshead 011B,Criminal damage and arson,Status update unavailable,
ce6a80babf37c8d106e0b23ea871b2f16a9e29ae64f2be65b579bc52a5035444,2024-10,Northumbria Police,Northumbria Police,-1.586307,54.942320,On or near Crossway,E01008201,Gateshead 011B,Criminal damage and arson,Status update unavailable,
ceb893dcef909e3c39831a207e51c76130a1b955ee3f0c19928ac96d8575a470,2024-10,Northumbria Police,Northumbria Police,-1.589498,54.943238,On or near Prefect Place,E01008201,Gateshead 011B,Drugs,Investigation complete; no suspect identified,
2336172d38eacff80bb193deef1aae09c936548b4c8efe1bc998b34c0e220f86,2024-10,Northumbria Police,Northumbria Police,-1.587819,54.942612,On or near Fosse Terrace,E01008201,Gateshead 011B,Drugs,Status update unavailable,
a2f7be9bde20e612b5699b5015975fd175aa065520f565c28848cecdffbd8926,2024-10,Northumbria Police,Northumbria Police,-1.589498,54.943238,On or near Prefect Place,E01008201,Gateshead 011B,Other theft,Offender given a caution,
1765ebe77907c2d095e3498851408049f1b2fed21e2fc6f4a7a1fbcdca892756,2024-10,Northumbria Police,Northumbria Police,-1.587208,54.947200,On or near Sports/Recreation Area,E01008201,Gateshead 011B,Public order,Status update unavailable,
46bc76e60947b5af1a3feec11e28b25901a5cc0ad4493ea5bc1ff34918ce5f4a,2024-10,Northumbria Police,Northumbria Police,-1.589498,54.943238,On or near Prefect Place,E01008201,Gateshead 011B,Shoplifting,Status update unavailable,
cb7d02451e0494588813a7c56a15983a4de25cabae41846fe7f4b25c23e8e49e,2024-10,Northumbria Police,Northumbria Police,-1.589498,54.943238,On or near Prefect Place,E01008201,Gateshead 011B,Violence and sexual offences,Investigation complete; no suspect identified,
e9e689c5c1607bea58bb4018ffb7516b53ef252fd7dcdf6883b8f941b46c0bfd,2024-10,Northumbria Police,Northumbria Police,-1.587819,54.942612,On or near Fosse Terrace,E01008201,Gateshead 011B,Violence and sexual offences,Investigation complete; no suspect identified,
45b9a6779d42380fe3a5c8933864f4f7d82bea600a0d6bc0e3ab070b77beb5dd,2024-10,Northumbria Police,Northumbria Police,-1.587208,54.947200,On or near Sports/Recreation Area,E01008201,Gateshead 011B,Violence and sexual offences,Status update unavailable,
341ff4be27047208c08a7616ba4d39d1889b3cb3544344bd9c904ffe669c4f4b,2024-10,Northumbria Police,Northumbria Police,-1.587208,54.947200,On or near Sports/Recreation Area,E01008201,Gateshead 011B,Violence and sexual offences,Status update unavailable,
b71626471acde18f129925b3a322e6655659ebc4478ca81bc5e09f12b5537174,2024-10,Northumbria Police,Northumbria Police,-1.587208,54.947200,On or near Sports/Recreation Area,E01008201,Gateshead 011B,Violence and sexual offences,Status update unavailable,
9d3d69f38d72897c687f54c767a8e640c1067a87431098e9242d3ad438311bec,2024-10,Northumbria Police,Northumbria Police,-1.587208,54.947200,On or near Sports/Recreation Area,E01008201,Gateshead 011B,Violence and sexual offences,Status update unavailable,
2a59be1ab5b97ed4844b0f49b718a69df611ee5b02277b57db837c998c500860,2024-10,Northumbria Police,Northumbria Police,-1.586307,54.942320,On or near Crossway,E01008201,Gateshead 011B,Violence and sexual offences,Status update unavailable,
f81b0a381d2906c2841ca99c84bd4f930aa7bc67e363cccdcdfb32212e93c397,2024-10,Northumbria Police,Northumbria Police,-1.585500,54.941876,On or near Tribune Place,E01008201,Gateshead 011B,Violence and sexual offences,Status update unavailable,
bd2d048ef070f37cb0d6a5e25567487dc0a9569986eb632bbf1a35926324dc9c,2024-10,Northumbria Police,Northumbria Police,-1.589498,54.943238,On or near Prefect Place,E01008201,Gateshead 011B,Other crime,Status update unavailable,
,2024-10,Northumbria Police,Northumbria Police,-1.581718,54.945323,On or near Esk Street,E01008202,Gateshead 011C,Anti-social behaviour,,
,2024-10,Northumbria Police,Northumbria Police,-1.579248,54.950158,On or near Warkworth Gardens,E01008202,Gateshead 011C,Anti-social behaviour,,
91bca990c689b0d7f50b78a23e242b2c9d1059ec9faaae32890ce41225a2b3c2,2024-10,Northumbria Police,Northumbria Police,-1.581612,54.946563,On or near Strathmore Road,E01008202,Gateshead 011C,Drugs,Offender given a caution,
c7e815b87717efbf37c559a1304d32a95938700bba9a209ef9b0b4c274151db3,2024-10,Northumbria Police,Northumbria Police,-1.583448,54.947099,On or near Gainsborough Crescent,E01008202,Gateshead 011C,Public order,Offender given a caution,
6bf1b7c1d50415fe70945e337cde7be4b6c18d20b052e53ed34d3de506358def,2024-10,Northumbria Police,Northumbria Police,-1.575818,54.949679,On or near Flexbury Gardens,E01008202,Gateshead 011C,Vehicle crime,Investigation complete; no suspect identified,
7ce233d3ead085c3ec2b1769d0b23826769dd1d584a4abc2b79909ec35d8d43e,2024-10,Northumbria Police,Northumbria Police,-1.580314,54.948248,On or near Sheriffs Close,E01008202,Gateshead 011C,Violence and sexual offences,Investigation complete; no suspect identified,
8317715713f98948366a103542ab00ae3a004e7031f64d1a413b7b33cc7029af,2024-10,Northumbria Police,Northumbria Police,-1.583236,54.946497,On or near Romney Gardens,E01008202,Gateshead 011C,Violence and sexual offences,Status update unavailable,
a6098fbd75cc2806d28c0a270b39752e84b7ca13f4fb983c9f9ee4ed663430e4,2024-10,Northumbria Police,Northumbria Police,-1.581718,54.945323,On or near Esk Street,E01008202,Gateshead 011C,Violence and sexual offences,Status update unavailable,
23ed751b9f37e4a50f27781fd151bf7f00c027a2e4f4b82f102c73ea3a93d8e9,2024-10,Northumbria Police,Northumbria Police,-1.581612,54.946563,On or near Strathmore Road,E01008202,Gateshead 011C,Violence and sexual offences,Investigation complete; no suspect identified,
7542a76c556519d08dc4138d8255acb89494fb474b681774e7cb5d2d798deb94,2024-10,Northumbria Police,Northumbria Police,-1.580076,54.950062,On or near Woodbine Terrace,E01008202,Gateshead 011C,Violence and sexual offences,Status update unavailable,
8675f4a4ccd42308b3cfd7cd22e3db553f936b2e3708f3c1e7385d88d4860880,2024-10,Northumbria Police,Northumbria Police,-1.580076,54.950062,On or near Woodbine Terrace,E01008202,Gateshead 011C,Violence and sexual offences,Status update unavailable,
201a502d6d70beee7deae46fc3d7c5b4382fbc16e02c5cfe6e7ff811288fb690,2024-10,Northumbria Police,Northumbria Police,-1.581119,54.945905,On or near Atholl Gardens,E01008202,Gateshead 011C,Other crime,Status update unavailable,
c018cb31407654db903a2ca8ee3c006ff1ba37da4e50729ff47e0c407610e8ae,2024-10,Northumbria Police,Northumbria Police,-1.590643,54.950359,On or near Edgware Road,E01008204,Gateshead 011D,Criminal damage and arson,Status update unavailable,
b61cee4019b4006d3bab17a0ca7ba1d84b4ac73094589d5145f25f6122c675fb,2024-10,Northumbria Police,Northumbria Police,-1.588905,54.949365,On or near Chiswick Gardens,E01008204,Gateshead 011D,Criminal damage and arson,Investigation complete; no suspect identified,
a8785ea06540dae178611755e761fa18818363e12efcde14c72b6aaf948036b5,2024-10,Northumbria Police,Northumbria Police,-1.590643,54.950359,On or near Edgware Road,E01008204,Gateshead 011D,Criminal damage and arson,Investigation complete; no suspect identified,
f7ca62fa4b5f62cc6a9deba1b4ff372265d71b7a160b316f14de3a2702933a32,2024-10,Northumbria Police,Northumbria Police,-1.590643,54.950359,On or near Edgware Road,E01008204,Gateshead 011D,Criminal damage and arson,Status update unavailable,
74bc236050f5714bbdaa0c2fd92164879566147c1db7531aa8bf40efe4a6b4f9,2024-10,Northumbria Police,Northumbria Police,-1.591459,54.948412,On or near Listers Lane,E01008204,Gateshead 011D,Other theft,Offender given a caution,
ab78d275b38d714a133ad1478ed61b7903d81c5f866e3c701d41cf1fc7392ca1,2024-10,Northumbria Police,Northumbria Police,-1.591167,54.949570,On or near Kingston Road,E01008204,Gateshead 011D,Other theft,Status update unavailable,
eb011dd78f87cd57ca1a7efd8c0c3fbc16607a303ac88ffea577a87141ef7548,2024-10,Northumbria Police,Northumbria Police,-1.587796,54.949451,On or near Leyton Place,E01008204,Gateshead 011D,Public order,Investigation complete; no suspect identified,
4e28751acf367ab46171d800402546a8243bc00a93d56a4886398fbcb5f5e9c0,2024-10,Northumbria Police,Northumbria Police,-1.592376,54.948819,On or near Fullerton Place,E01008204,Gateshead 011D,Public order,Investigation complete; no suspect identified,
06a01bd4730e68c829e4e2d6695e3bd3d381d127815750f5b55609097ca7c119,2024-10,Northumbria Police,Northumbria Police,-1.594137,54.949220,On or near Conway Square,E01008204,Gateshead 011D,Vehicle crime,Investigation complete; no suspect identified,
243a6182df1b6abc7eab642c557dc086384caf663a4fa75cc698e3dab8a02850,2024-10,Northumbria Police,Northumbria Police,-1.592026,54.947991,On or near Methuen Street,E01008204,Gateshead 011D,Violence and sexual offences,Investigation complete; no suspect identified,
ac15e29f14b1f51e0a4787a8be6b88e185a8c92452f884d0dc52ebfbf520629a,2024-10,Northumbria Police,Northumbria Police,-1.589477,54.948360,On or near Ilford Place,E01008204,Gateshead 011D,Violence and sexual offences,Investigation complete; no suspect identified,
e32dd87025c4974a76f0f556e0b4053f94f92f6c691d1774ad2d85c727ed42bf,2024-10,Northumbria Police,Northumbria Police,-1.591167,54.949570,On or near Kingston Road,E01008204,Gateshead 011D,Violence and sexual offences,Investigation complete; no suspect identified,
25778a107487d1c47896ec6a06c9e3204a38cff59b48f499b75911a3274b4101,2024-10,Northumbria Police,Northumbria Police,-1.588905,54.949365,On or near Chiswick Gardens,E01008204,Gateshead 011D,Violence and sexual offences,Status update unavailable,
4c2d567fc305a8d481de3b3dc4e16d17b9c23fff0dc91553aa908bdee3a8d8be,2024-10,Northumbria Police,Northumbria Police,-1.592026,54.947991,On or near Methuen Street,E01008204,Gateshead 011D,Violence and sexual offences,Local resolution,
ce07c2b60e838e825a03c083df1dde71c6e8c0bce05de235951f66a549cf6ccc,2024-10,Northumbria Police,Northumbria Police,-1.588905,54.949365,On or near Chiswick Gardens,E01008204,Gateshead 011D,Violence and sexual offences,Investigation complete; no suspect identified,
69a32526397d7457896a9db40a3a3a30823b781cf44467c7e4a7f0135b1df7dd,2024-10,Northumbria Police,Northumbria Police,-1.591167,54.949570,On or near Kingston Road,E01008204,Gateshead 011D,Violence and sexual offences,Status update unavailable,
408fe965fcca306941192e5207d7f7909c3c23cfa386ef8ee45533312f3d150b,2024-10,Northumbria Police,Northumbria Police,-1.585373,54.949685,On or near Hendon Road,E01008204,Gateshead 011D,Violence and sexual offences,Status update unavailable,
fb2925352a3ac7a56794027cc31d9a04ae3e241dee6f65e222f2488e17afd10f,2024-10,Northumbria Police,Northumbria Police,-1.585373,54.949685,On or near Hendon Road,E01008204,Gateshead 011D,Violence and sexual offences,Status update unavailable,
5bc1c6490e54b5fd001c2bfc8ba746b694db6895272012bb22247ece26bdfb05,2024-10,Northumbria Police,Northumbria Police,-1.590643,54.950359,On or near Edgware Road,E01008204,Gateshead 011D,Violence and sexual offences,Status update unavailable,
281dc9f94f558a159d9d4932465d59d4367450439331fd201034bee7e9c5eec6,2024-10,Northumbria Police,Northumbria Police,-1.590643,54.950359,On or near Edgware Road,E01008204,Gateshead 011D,Violence and sexual offences,Status update unavailable,
4d5fa158aa7c1a6afdbcafab3fd50e6c8bfa8797d50f82067668df7f3a758287,2024-10,Northumbria Police,Northumbria Police,-1.590643,54.950359,On or near Edgware Road,E01008204,Gateshead 011D,Violence and sexual offences,Status update unavailable,
b957a53de33d7296a4d05d9cb9156d8107be95cf1995476677474ce2d36c78b4,2024-10,Northumbria Police,Northumbria Police,-1.592026,54.947991,On or near Methuen Street,E01008204,Gateshead 011D,Violence and sexual offences,Investigation complete; no suspect identified,
6eb27da0c085954088e2192d5fcc2f8a4cabb0bf569c8b56a1d9f531efa4de8a,2024-10,Northumbria Police,Northumbria Police,-1.585696,54.950189,On or near Bayswater Road,E01008204,Gateshead 011D,Violence and sexual offences,Status update unavailable,
8385724659406845406cea39b7267ed43e9d83a62dfae375f66865a269aca70f,2024-10,Northumbria Police,Northumbria Police,-1.590643,54.950359,On or near Edgware Road,E01008204,Gateshead 011D,Violence and sexual offences,Status update unavailable,
6b1f84d3f9fb1caa781bd477a4d370fdc6f92773935aedf679ba86bce565bc5a,2024-10,Northumbria Police,Northumbria Police,-1.590643,54.950359,On or near Edgware Road,E01008204,Gateshead 011D,Violence and sexual offences,Status update unavailable,
709e32dfe001122f869d38eecf6fc8854ebff51b53315ebdf031d545336e8e1d,2024-10,Northumbria Police,Northumbria Police,-1.585696,54.950189,On or near Bayswater Road,E01008204,Gateshead 011D,Violence and sexual offences,Status update unavailable,
,2024-10,Northumbria Police,Northumbria Police,-1.570825,54.950911,On or near High Street,E01008212,Gateshead 012A,Anti-social behaviour,,
,2024-10,Northumbria Police,Northumbria Police,-1.570825,54.950911,On or near High Street,E01008212,Gateshead 012A,Anti-social behaviour,,
,2024-10,Northumbria Police,Northumbria Police,-1.571586,54.949736,On or near Park Row,E01008212,Gateshead 012A,Anti-social behaviour,,
a5e14d3af737ccae049c0f43a0d5a74c87300745fd6b08db21bdbed03481a934,2024-10,Northumbria Police,Northumbria Police,-1.569773,54.952902,On or near Brandling,E01008212,Gateshead 012A,Burglary,Investigation complete; no suspect identified,
e05421675802196c84d6276a22bf63ba9ac53da181d7ecb08d401038e9cc4c79,2024-10,Northumbria Police,Northumbria Police,-1.574326,54.950537,On or near Dexter Way,E01008212,Gateshead 012A,Criminal damage and arson,Investigation complete; no suspect identified,
339df361349a82a9e35fcde54204f5ead1c8e85e7e396c75cf4d400ab9f31ae0,2024-10,Northumbria Police,Northumbria Police,-1.569289,54.954302,On or near Church Place,E01008212,Gateshead 012A,Criminal damage and arson,Investigation complete; no suspect identified,
e6ee5e34a02e07456606e9a17d56b9646e22a816c5a5a80893606c90359c8b5c,2024-10,Northumbria Police,Northumbria Police,-1.576739,54.946744,On or near Heatherwell Green,E01008212,Gateshead 012A,Criminal damage and arson,Status update unavailable,
1cc312fc50c5b3cbab76b47f71e6323f439c1e8825d15948368725f934374e87,2024-10,Northumbria Police,Northumbria Police,-1.573677,54.952871,On or near Felling Gate,E01008212,Gateshead 012A,Drugs,Court result unavailable,
bcfc1d87ba8694810d148f9de4a3f4aec75031b1ed4b06e6b0e88254cbdb77ba,2024-10,Northumbria Police,Northumbria Police,-1.570825,54.950911,On or near High Street,E01008212,Gateshead 012A,Other theft,Investigation complete; no suspect identified,
c9a0bca5f765d4d80b3d998e4eaccaca6ba916768208edcd90bb226a2bd185fd,2024-10,Northumbria Police,Northumbria Police,-1.575203,54.947296,On or near Victoria Avenue,E01008212,Gateshead 012A,Public order,Status update unavailable,
c8782881b3cfdd0b07a6b4cf8432c5cb95f44aa359d64e07e656d124350654d9,2024-10,Northumbria Police,Northumbria Police,-1.570825,54.950911,On or near High Street,E01008212,Gateshead 012A,Theft from the person,Investigation complete; no suspect identified,
8f2ab52a4661325f30e42e1944d67f99ed7550c5cfd5f061f4b4b25d2c1fa647,2024-10,Northumbria Police,Northumbria Police,-1.569773,54.952902,On or near Brandling,E01008212,Gateshead 012A,Violence and sexual offences,Investigation complete; no suspect identified,
810a69aec784e4d548d4ae11cf6e961c00e13ffddbc36609d9249d38b46614ba,2024-10,Northumbria Police,Northumbria Police,-1.573541,54.949447,On or near Millfield Gardens,E01008212,Gateshead 012A,Violence and sexual offences,Status update unavailable,
29329be58c2b8193c27fc87d37810587d1daef3ee742292c25fb45428038b496,2024-10,Northumbria Police,Northumbria Police,-1.572159,54.951679,On or near Wesley Court,E01008212,Gateshead 012A,Violence and sexual offences,Investigation complete; no suspect identified,
aa7bcb29f5b219a45c99a4aa5e57ad7f3b2807f68d738564e54683f8eeb3a110,2024-10,Northumbria Police,Northumbria Police,-1.571586,54.949736,On or near Park Row,E01008212,Gateshead 012A,Violence and sexual offences,Status update unavailable,
11c855a1e3a58a9115a6ad846a2535844519123d6af177a619da8fcd909bda2d,2024-10,Northumbria Police,Northumbria Police,-1.575258,54.948042,On or near Falla Park Crescent,E01008212,Gateshead 012A,Violence and sexual offences,Investigation complete; no suspect identified,
fc400d6ec2d28581b26dd16912ddb1aefe163109bd2ce65ee48d2196560d1273,2024-10,Northumbria Police,Northumbria Police,-1.569773,54.952902,On or near Brandling,E01008212,Gateshead 012A,Violence and sexual offences,Status update unavailable,
9778d3394876fb2547d38604fab2f21cef39186f05588ca39406ee2bd7fa518e,2024-10,Northumbria Police,Northumbria Police,-1.574326,54.950537,On or near Dexter Way,E01008212,Gateshead 012A,Violence and sexual offences,Status update unavailable,
598360dcea8004c36796fe211b7555c48c87bc056c88db751fc8de5b84b1b4d1,2024-10,Northumbria Police,Northumbria Police,-1.569687,54.946342,On or near Willow Green,E01008213,Gateshead 012B,Burglary,Investigation complete; no suspect identified,
22df6af9c0a1f6a40cc11d4d9ec3b35bbca70737a4f1908e529c63e96b60a400,2024-10,Northumbria Police,Northumbria Police,-1.569687,54.946342,On or near Willow Green,E01008213,Gateshead 012B,Burglary,Investigation complete; no suspect identified,
632dcf715d30d075dfea38bac81fc2b7c1746228861ab2af0304790a64b9f290,2024-10,Northumbria Police,Northumbria Police,-1.569687,54.946342,On or near Willow Green,E01008213,Gateshead 012B,Burglary,Investigation complete; no suspect identified,
4c96b08c197007b705f93af0b96dc19087dc759d3663827ce37ec3ee6009579d,2024-10,Northumbria Police,Northumbria Police,-1.565843,54.945214,On or near Oval Park View,E01008213,Gateshead 012B,Criminal damage and arson,Court result unavailable,
1c48a3df1d047831ed2da1faa3ff2992326ec6b5a2b6f24953fa6dd23d5ef113,2024-10,Northumbria Police,Northumbria Police,-1.560860,54.946921,On or near Prestmede,E01008213,Gateshead 012B,Other theft,Status update unavailable,
3f254fb296cabd9c8b50770083e358e131e90c5cfe5ea1e73985b37b93eb0df2,2024-10,Northumbria Police,Northumbria Police,-1.573893,54.945736,On or near Coldwell Lane,E01008213,Gateshead 012B,Robbery,Investigation complete; no suspect identified,
80ca1a70b360c9c7ffdf1c490ad03416576e6b2d2c542be70af7493a544bfe6f,2024-10,Northumbria Police,Northumbria Police,-1.568536,54.945960,On or near Picherwell,E01008213,Gateshead 012B,Violence and sexual offences,Investigation complete; no suspect identified,
c1b3847aac8cc6f235bee7e565896e8106bc58a9f7bf26281e5dca19328fb43d,2024-10,Northumbria Police,Northumbria Police,-1.573893,54.945736,On or near Coldwell Lane,E01008213,Gateshead 012B,Violence and sexual offences,Status update unavailable,
,2024-10,Northumbria Police,Northumbria Police,-1.561165,54.950454,On or near Bondene Avenue,E01008216,Gateshead 012C,Anti-social behaviour,,
,2024-10,Northumbria Police,Northumbria Police,-1.561165,54.950454,On or near Bondene Avenue,E01008216,Gateshead 012C,Anti-social behaviour,,
,2024-10,Northumbria Police,Northumbria Police,-1.561165,54.950454,On or near Bondene Avenue,E01008216,Gateshead 012C,Anti-social behaviour,,
5e4d941b9c3788967cac60a39ee10edc798fa7dbed35344eb0632714680e29db,2024-10,Northumbria Police,Northumbria Police,-1.559717,54.950080,On or near Mareburn Crescent,E01008216,Gateshead 012C,Burglary,Investigation complete; no suspect identified,
e31967db333629f1a59aa59f800a941835acf23dfc1b0709094932e17b14341b,2024-10,Northumbria Police,Northumbria Police,-1.561165,54.950454,On or near Bondene Avenue,E01008216,Gateshead 012C,Burglary,Investigation complete; no suspect identified,
a2514033d3a8436864e406e3facc408885d980090f84447655f46689e4e1322e,2024-10,Northumbria Police,Northumbria Police,-1.561165,54.950454,On or near Bondene Avenue,E01008216,Gateshead 012C,Burglary,Investigation complete; no suspect identified,
e1861db522d682d29bf49bb8eb48c2a97d002094fd2831e90fe5e5f8e9b3c46e,2024-10,Northumbria Police,Northumbria Police,-1.558982,54.948712,On or near Heworth Burn Crescent,E01008216,Gateshead 012C,Burglary,Status update unavailable,
39efc76e3ce5fd5d5d6eb4b6307a6232312bb07b3dbc824c1b777b69dd4d23bc,2024-10,Northumbria Police,Northumbria Police,-1.566146,54.947515,On or near Werhale Green,E01008216,Gateshead 012C,Criminal damage and arson,Investigation complete; no suspect identified,
768bce21e74fa38265d4339d718e607d28e1ba306cc53e56b3f851f22591892e,2024-10,Northumbria Police,Northumbria Police,-1.561165,54.950454,On or near Bondene Avenue,E01008216,Gateshead 012C,Criminal damage and arson,Investigation complete; no suspect identified,
10c76268df303bf45c392e30f2907a7197f5bf5e84c2c4dd7715f37f0711e111,2024-10,Northumbria Police,Northumbria Police,-1.561266,54.948333,On or near Highbury,E01008216,Gateshead 012C,Criminal damage and arson,Investigation complete; no suspect identified,
58071b6363eda46971b498781ae7a540a6ae5505d6197c6e21e40fa63eb6dee2,2024-10,Northumbria Police,Northumbria Police,-1.566103,54.948593,On or near Rowlandson Crescent,E01008216,Gateshead 012C,Criminal damage and arson,Investigation complete; no suspect identified,
7164d3fe27f9e3144439f1df305af219446d8876399dcb5d10cddc1eac806d13,2024-10,Northumbria Police,Northumbria Police,-1.559717,54.950080,On or near Mareburn Crescent,E01008216,Gateshead 012C,Criminal damage and arson,Status update unavailable,
50ae98d90fd7312a867f4c01df05be8ddbbda79fde38476b43f6fa7dd4c487fc,2024-10,Northumbria Police,Northumbria Police,-1.567698,54.948321,On or near Crowhall Lane,E01008216,Gateshead 012C,Public order,Investigation complete; no suspect identified,
f8df5c5895462b2c2bbf9116539b35167deeb3608d0c018b112ec9c908e8d9a7,2024-10,Northumbria Police,Northumbria Police,-1.559717,54.950080,On or near Mareburn Crescent,E01008216,Gateshead 012C,Public order,Status update unavailable,
ac85f0ab804dcab1aa06df36e16f5a81064dfcf609a06993a469c18d5508fd14,2024-10,Northumbria Police,Northumbria Police,-1.559717,54.950080,On or near Mareburn Crescent,E01008216,Gateshead 012C,Public order,Status update unavailable,
a464d266d937976bf06f859de19282f805da47f2a0c1d048b17ff145141a4121,2024-10,Northumbria Police,Northumbria Police,-1.559717,54.950080,On or near Mareburn Crescent,E01008216,Gateshead 012C,Public order,Status update unavailable,
3980befd7a5a1f9760b49e69b4d3fb8c6ca7e19c1281d91a2642b975f91eed4c,2024-10,Northumbria Police,Northumbria Police,-1.564898,54.948850,On or near St Patrick'S Walk,E01008216,Gateshead 012C,Vehicle crime,Investigation complete; no suspect identified,
33fc59317c4e185fb6d923ebd37b446f5c712ddf5e5683552afb877f49ed6fcb,2024-10,Northumbria Police,Northumbria Police,-1.561165,54.950454,On or near Bondene Avenue,E01008216,Gateshead 012C,Violence and sexual offences,Investigation complete; no suspect identified,
47e506ce970295376cb58473ec8caa235cf7657744876a24f0c61274b1148eae,2024-10,Northumbria Police,Northumbria Police,-1.559717,54.950080,On or near Mareburn Crescent,E01008216,Gateshead 012C,Violence and sexual offences,Investigation complete; no suspect identified,
3595cb6dc3f63189b95fe96b94097415ad29f73934752e490fb2f92ca90ec8e3,2024-10,Northumbria Police,Northumbria Police,-1.559717,54.950080,On or near Mareburn Crescent,E01008216,Gateshead 012C,Violence and sexual offences,Status update unavailable,
,2024-10,Northumbria Police,Northumbria Police,-1.575569,54.945203,On or near Robert Owen Gardens,E01008228,Gateshead 012D,Anti-social behaviour,,
33469bb324017e25dbd10e7f7ab5af6125e3ff066e92a26a0ce6d82a821cb05d,2024-10,Northumbria Police,Northumbria Police,-1.579011,54.944424,On or near Iona Road,E01008228,Gateshead 012D,Burglary,Investigation complete; no suspect identified,
1819ed80226f0064719a48d55aed6100b29d7b436410f6f7850b4728de036654,2024-10,Northumbria Police,Northumbria Police,-1.579011,54.944424,On or near Iona Road,E01008228,Gateshead 012D,Criminal damage and arson,Investigation complete; no suspect identified,
9808ea4a7c3213c50bd89e095a8dbcc3635bc68947a6f12fd6a7b7304a867927,2024-10,Northumbria Police,Northumbria Police,-1.581044,54.941142,On or near Windy Nook Road,E01008228,Gateshead 012D,Drugs,Court result unavailable,
3a2c8a09dc6694d9520be47536c987462cab8aeff4331196813e57ae1a830d9d,2024-10,Northumbria Police,Northumbria Police,-1.575569,54.945203,On or near Robert Owen Gardens,E01008228,Gateshead 012D,Drugs,Investigation complete; no suspect identified,
3e2f0ed926fbc9ba69eded734ae0f92300d2728eb9e641084c226da45f27d918,2024-10,Northumbria Police,Northumbria Police,-1.581044,54.941142,On or near Windy Nook Road,E01008228,Gateshead 012D,Other theft,Status update unavailable,
2e5c024439ad37e74887f727e73a0de949a9843b5300a8aaeeead4bdbf9af796,2024-10,Northumbria Police,Northumbria Police,-1.581044,54.941142,On or near Windy Nook Road,E01008228,Gateshead 012D,Other theft,Investigation complete; no suspect identified,
3d4cc04308a1f2e0574bcecaf897fe794f5ac1a909018d565e6533dfd4986916,2024-10,Northumbria Police,Northumbria Police,-1.581044,54.941142,On or near Windy Nook Road,E01008228,Gateshead 012D,Possession of weapons,Court result unavailable,
19b99e4e86d6ead2ea4ef5a23095ece5974b9a0c3607a01a02e84072f179c7d4,2024-10,Northumbria Police,Northumbria Police,-1.581044,54.941142,On or near Windy Nook Road,E01008228,Gateshead 012D,Public order,Investigation complete; no suspect identified,
e990cb96e21929ee1775820115bf3ea50d61a83807646586b9211b9acea95080,2024-10,Northumbria Police,Northumbria Police,-1.581044,54.941142,On or near Windy Nook Road,E01008228,Gateshead 012D,Public order,Status update unavailable,
e21cc798a4b9b0ccbdaefc94868a9a62abab76132f9f85e735b28f7fdb80d253,2024-10,Northumbria Police,Northumbria Police,-1.581044,54.941142,On or near Windy Nook Road,E01008228,Gateshead 012D,Public order,Status update unavailable,
484d037f608f5ac4bae267cdddeb6d4d26b07363e4937da84562ed52cd1b9c9e,2024-10,Northumbria Police,Northumbria Police,-1.579011,54.944424,On or near Iona Road,E01008228,Gateshead 012D,Vehicle crime,Investigation complete; no suspect identified,
ac49db2e15e84a4d95ff8b5066b1d06a4588e32af3e0c4d6fbc0fe851513d32d,2024-10,Northumbria Police,Northumbria Police,-1.581044,54.941142,On or near Windy Nook Road,E01008228,Gateshead 012D,Violence and sexual offences,Status update unavailable,
58d371e35a33ee7be52c270d4393815cd3e26f3bccf95ba1241ef5f4c0b0cb5a,2024-10,Northumbria Police,Northumbria Police,-1.581044,54.941142,On or near Windy Nook Road,E01008228,Gateshead 012D,Violence and sexual offences,Status update unavailable,
d6af2630eb38e28c1d4fb7ec963e8c215f9a10b2afcabb10cdc1c29a5253f5cc,2024-10,Northumbria Police,Northumbria Police,-1.581044,54.941142,On or near Windy Nook Road,E01008228,Gateshead 012D,Violence and sexual offences,Status update unavailable,
,2024-10,Northumbria Police,Northumbria Police,-1.640909,54.940777,On or near Lobley Gardens,E01008206,Gateshead 013A,Anti-social behaviour,,
,2024-10,Northumbria Police,Northumbria Police,-1.643599,54.943782,On or near Sports/Recreation Area,E01008206,Gateshead 013A,Anti-social behaviour,,
,2024-10,Northumbria Police,Northumbria Police,-1.643599,54.943782,On or near Sports/Recreation Area,E01008206,Gateshead 013A,Anti-social behaviour,,
,2024-10,Northumbria Police,Northumbria Police,-1.640030,54.943128,On or near Raylees Gardens,E01008206,Gateshead 013A,Anti-social behaviour,,
,2024-10,Northumbria Police,Northumbria Police,-1.642369,54.943432,On or near Knightside Gardens,E01008206,Gateshead 013A,Anti-social behaviour,,
23309d873f37c303a998e170e9eb443d32b17bf1d7d069a47647acff6a7e2f06,2024-10,Northumbria Police,Northumbria Police,-1.643599,54.943782,On or near Sports/Recreation Area,E01008206,Gateshead 013A,Burglary,Investigation complete; no suspect identified,
5ea208148bff0d9c4e4bdc30fd86ea1b97d6165fcb720a532d2a44d49cd27b2e,2024-10,Northumbria Police,Northumbria Police,-1.643599,54.943782,On or near Sports/Recreation Area,E01008206,Gateshead 013A,Criminal damage and arson,Status update unavailable,
1dbb345cebc1ee1dee5884318e8c02cd54711542d87319c1b876657cd47e39e4,2024-10,Northumbria Police,Northumbria Police,-1.640569,54.942204,On or near Hillhead Gardens,E01008206,Gateshead 013A,Other theft,Status update unavailable,
ee8503149dd5aa7f6057715a8effcfd767a76d5ee085eb9c6d193914b312b5e9,2024-10,Northumbria Police,Northumbria Police,-1.643531,54.946095,On or near Redesdale Gardens,E01008206,Gateshead 013A,Public order,Investigation complete; no suspect identified,
5f721a0d5e513276837d7f9da4fba431df41ac2d60eda77e28231fb551e7c906,2024-10,Northumbria Police,Northumbria Police,-1.643599,54.943782,On or near Sports/Recreation Area,E01008206,Gateshead 013A,Violence and sexual offences,Court result unavailable,
15cc2ee22ba1cfc2c439b0289e379a756ffe2b9fe366bc3dbe9117f604b8d415,2024-10,Northumbria Police,Northumbria Police,-1.644289,54.943392,On or near Braeside,E01008206,Gateshead 013A,Violence and sexual offences,Status update unavailable,
3f7513e3c142f3efde24b7e6e670a54c41e68f588a8ca1707895402567f1154c,2024-10,Northumbria Police,Northumbria Police,-1.643599,54.943782,On or near Sports/Recreation Area,E01008206,Gateshead 013A,Violence and sexual offences,Investigation complete; no suspect identified,
79101a334732014aa3731dfdd282293c8b2deaffbb09fe3a1122f2abb897bcda,2024-10,Northumbria Police,Northumbria Police,-1.644289,54.943392,On or near Braeside,E01008206,Gateshead 013A,Violence and sexual offences,Status update unavailable,
f9fa69a66bdcd3f965b853091bc4d0a87fa5c81975d5a78f13221fe75cf87fa5,2024-10,Northumbria Police,Northumbria Police,-1.650291,54.944335,On or near Hillside,E01008207,Gateshead 013B,Other theft,Investigation complete; no suspect identified,
fa1e0a5507d54cd48821f8105aab65dc9e3ed0a33ae30db7c8090118ad416c91,2024-10,Northumbria Police,Northumbria Police,-1.644418,54.941146,On or near Gibside Court,E01008207,Gateshead 013B,Other theft,Investigation complete; no suspect identified,
2f696e08820e37eac6b6b5c5897ef9abb91d73139f2f8bce409fa25ad1be40ce,2024-10,Northumbria Police,Northumbria Police,-1.644418,54.941146,On or near Gibside Court,E01008207,Gateshead 013B,Other theft,Investigation complete; no suspect identified,
7e09d0bbf331b3c74f58e8d7074ae1728d4ebf883087832b20aff56ea0c10985,2024-10,Northumbria Police,Northumbria Police,-1.646343,54.945924,On or near Mount Grove,E01008207,Gateshead 013B,Violence and sexual offences,Status update unavailable,
6b042d5afd849dcd3f351541d2ddebda6bbcefe88da9406d720b4bb3fec2ddaa,2024-10,Northumbria Police,Northumbria Police,-1.650291,54.944335,On or near Hillside,E01008207,Gateshead 013B,Other crime,Status update unavailable,
,2024-10,Northumbria Police,Northumbria Police,-1.646312,54.947640,On or near Ede Avenue,E01008208,Gateshead 013C,Anti-social behaviour,,
b4eeb9453bfcabc6c1897dee2c56fb56151dee9cabc48b0f93a48cf372f300ea,2024-10,Northumbria Police,Northumbria Police,-1.649947,54.949762,On or near Park Terrace,E01008208,Gateshead 013C,Criminal damage and arson,Status update unavailable,
d3c004b1748c0fa019c01728742e58460e09821f7e9aa8ba0a91b2e9e2a9b08d,2024-10,Northumbria Police,Northumbria Police,-1.651577,54.952607,On or near Beech Drive,E01008208,Gateshead 013C,Criminal damage and arson,Investigation complete; no suspect identified,
745051bde787859493d7cfe1bd7e38759de08a1ac0e76a0f172c882123770d6d,2024-10,Northumbria Police,Northumbria Police,-1.657941,54.946065,On or near Mansion Heights,E01008208,Gateshead 013C,Other theft,Investigation complete; no suspect identified,
7c708736b61a62b8b2c40aea0300de476f789882ee82cd3bd0588daead2828a5,2024-10,Northumbria Police,Northumbria Police,-1.654867,54.949552,On or near Market Lane,E01008208,Gateshead 013C,Public order,Status update unavailable,
0484af49b3267e9140ee2d134ffa814704dd240394ef827c77d00e8cf349ce09,2024-10,Northumbria Police,Northumbria Police,-1.651577,54.952607,On or near Beech Drive,E01008208,Gateshead 013C,Public order,Status update unavailable,
1f15e473ced7c7c572f331469ae2eeb830c179025624c09b5fe41c93c3da9949,2024-10,Northumbria Police,Northumbria Police,-1.651577,54.952607,On or near Beech Drive,E01008208,Gateshead 013C,Violence and sexual offences,Status update unavailable,
bbc40faee4958c57b4da183e7eb513f3ae6e5fae87e5530d15701c503d113028,2024-10,Northumbria Police,Northumbria Police,-1.657275,54.952838,On or near Federation Way,E01008208,Gateshead 013C,Violence and sexual offences,Investigation complete; no suspect identified,
33a84df26fb31996aaf71e0a269354e5c614a48c2062227f0adf9814c72a0099,2024-10,Northumbria Police,Northumbria Police,-1.644497,54.948111,On or near Myrtle Avenue,E01008208,Gateshead 013C,Violence and sexual offences,Status update unavailable,
,2024-10,Northumbria Police,Northumbria Police,-1.639435,54.948518,On or near Horsley Gardens,E01008211,Gateshead 013D,Anti-social behaviour,,
149a3b17626160e31c9572dee60087765bc7f55b0e51b7e5b048c6093b1c8733,2024-10,Northumbria Police,Northumbria Police,-1.642418,54.951924,On or near Renforth Street,E01008211,Gateshead 013D,Criminal damage and arson,Investigation complete; no suspect identified,
085a6ead99a885a0adb3152073403aaf4b96228d8738393d290142144d8f5458,2024-10,Northumbria Police,Northumbria Police,-1.642963,54.953813,On or near Kingsley Place,E01008211,Gateshead 013D,Other theft,Investigation complete; no suspect identified,
03b4966c50f0d681f188fd14a44dc368a64380f8f22cedf09cf3bf079963ed76,2024-10,Northumbria Police,Northumbria Police,-1.642963,54.953813,On or near Kingsley Place,E01008211,Gateshead 013D,Other theft,Investigation complete; no suspect identified,
493bdbbf49f78102d955142ab0267e7877a38d514aebeb1b97f6e97d40cb8eda,2024-10,Northumbria Police,Northumbria Police,-1.642963,54.953813,On or near Kingsley Place,E01008211,Gateshead 013D,Other theft,Status update unavailable,
931f0c3d4c452a4d9bf2c5d0a7402481e6db9ebb7b920163b6090bfc567c3d4a,2024-10,Northumbria Police,Northumbria Police,-1.641366,54.950807,On or near Parking Area,E01008211,Gateshead 013D,Possession of weapons,Court result unavailable,
dee561298319d7e69d9ad9ef47e19557f27ae130af8616efc63c816b5fb271bb,2024-10,Northumbria Police,Northumbria Police,-1.642408,54.953065,On or near Clephan Street,E01008211,Gateshead 013D,Public order,Investigation complete; no suspect identified,
8c4077f58bf9ccc1a3faebee2040e0ad83d9c73bf5fe74bc481dfb40cfb0278d,2024-10,Northumbria Police,Northumbria Police,-1.648774,54.949948,On or near Hawthorn Drive,E01008211,Gateshead 013D,Vehicle crime,Investigation complete; no suspect identified,
41196e87683af0132aad1ff22a55bdc6667c309445a8543c6e2846ea25c0934b,2024-10,Northumbria Police,Northumbria Police,-1.642408,54.953065,On or near Clephan Street,E01008211,Gateshead 013D,Violence and sexual offences,Status update unavailable,
1ef969a4e0e08585baa7cd7cbf8abe8da0d6a2e0df4c7c418e60a50528363f05,2024-10,Northumbria Police,Northumbria Police,-1.641366,54.950807,On or near Parking Area,E01008211,Gateshead 013D,Violence and sexual offences,Court result unavailable,
31530ee640559882147b1dcc93f358d3f91bc3da47c362ff5d5143a16c13dbbd,2024-10,Northumbria Police,Northumbria Police,-1.642408,54.953065,On or near Clephan Street,E01008211,Gateshead 013D,Violence and sexual offences,Status update unavailable,
,2024-10,Northumbria Police,Northumbria Police,-1.533624,54.939604,On or near New Road,E01008283,Gateshead 014A,Anti-social behaviour,,
d32bc81f0e40f7349f2a70059a4ffb480a1a037e2f126032fa09e95b0f758ba9,2024-10,Northumbria Police,Northumbria Police,-1.527222,54.943812,On or near Slaley Close,E01008283,Gateshead 014A,Other theft,Investigation complete; no suspect identified,
e7ff4fde2e47bde255a7c78c963a39b80d48d04d592556f0f721878354196805,2024-10,Northumbria Police,Northumbria Police,-1.525143,54.943992,On or near Bradbury Close,E01008283,Gateshead 014A,Other theft,Status update unavailable,
0f7413bbcab6dfb23615e460ed8d66138d92cbf9637b0f23e44ce1aa7fb1f4ae,2024-10,Northumbria Police,Northumbria Police,-1.522713,54.946193,On or near Petrol Station,E01008283,Gateshead 014A,Other theft,Investigation complete; no suspect identified,
03339a563674b9f8e5980a08700a6a973c7f67aa7a9f5ffe6c9a5c33e669f4c4,2024-10,Northumbria Police,Northumbria Police,-1.528729,54.947053,On or near Sunderland Road,E01008283,Gateshead 014A,Public order,Status update unavailable,
b85700e6a1623acd5e1c48d79edd99f56a1919efd2aa395a58d72354517e94c9,2024-10,Northumbria Police,Northumbria Police,-1.528729,54.947053,On or near Sunderland Road,E01008283,Gateshead 014A,Vehicle crime,Investigation complete; no suspect identified,
c290e7a233be1337287261efe57f1ee8e77a184c5eb681d66d461c4062c4c3bf,2024-10,Northumbria Police,Northumbria Police,-1.541435,54.936273,On or near Park/Open Space,E01008283,Gateshead 014A,Other crime,Status update unavailable,
ba9c15918758690b1eae25c7260f01c6644a4b2a927317ba18aa6708ff87fc9b,2024-10,Northumbria Police,Northumbria Police,-1.522713,54.946193,On or near Petrol Station,E01008283,Gateshead 014A,Other crime,Status update unavailable,
8f6006a84eb8b3d7001a43709e934502994581649b4d29e3f7d6afb6ce3f6587,2024-10,Northumbria Police,Northumbria Police,-1.522713,54.946193,On or near Petrol Station,E01008283,Gateshead 014A,Other crime,Status update unavailable,
,2024-10,Northumbria Police,Northumbria Police,-1.534867,54.942772,On or near A195,E01008284,Gateshead 014B,Anti-social behaviour,,
,2024-10,Northumbria Police,Northumbria Police,-1.541095,54.937341,On or near Sheraton,E01008284,Gateshead 014B,Anti-social behaviour,,
7536467a4f77349ef0fa7b8c761c690a02cbea26f9ae1327e4f7a6bbd1383a9a,2024-10,Northumbria Police,Northumbria Police,-1.531412,54.941887,On or near Cornforth Close,E01008284,Gateshead 014B,Burglary,Status update unavailable,
ecf5857ce821067f57f93af3320fec9963173b01653c98f5be64e78602098edd,2024-10,Northumbria Police,Northumbria Police,-1.537002,54.940399,On or near Alderwyk,E01008284,Gateshead 014B,Other theft,Investigation complete; no suspect identified,
b2089105db144f59aa48f541ec1847998bd77bc57f77a2df2f990c18f4e074ea,2024-10,Northumbria Police,Northumbria Police,-1.541095,54.937341,On or near Sheraton,E01008284,Gateshead 014B,Public order,Status update unavailable,
83d95c7fd73e8e1e672e7a195a815d87d2a2b7852540f9390131d14cdb63b849,2024-10,Northumbria Police,Northumbria Police,-1.535776,54.942443,On or near Roehedge,E01008284,Gateshead 014B,Public order,Investigation complete; no suspect identified,
b2c5d5465bc3ce584ed17fa9fcb5f511d6f88572eaca323c1299d570f3b2b9a6,2024-10,Northumbria Police,Northumbria Police,-1.535776,54.942443,On or near Roehedge,E01008284,Gateshead 014B,Shoplifting,Court result unavailable,
,2024-10,Northumbria Police,Northumbria Police,-1.531644,54.950182,On or near Manor Gardens,E01008286,Gateshead 014C,Anti-social behaviour,,
8e597c1b740debba98bbc411ea5790195cd552b40e317487d90ccb5186854178,2024-10,Northumbria Police,Northumbria Police,-1.531788,54.944467,On or near Meadowbrook Drive,E01008286,Gateshead 014C,Burglary,Investigation complete; no suspect identified,
9a4fbd139d0f3d36ffc25a5e0e8cd493b05b654453babf98d1b8997a71d45bd1,2024-10,Northumbria Police,Northumbria Police,-1.534285,54.947227,On or near The Mews,E01008286,Gateshead 014C,Drugs,Investigation complete; no suspect identified,
aae99f1379df1753c28739aad0a44a6676e776969204c77da11c797c5bfca413,2024-10,Northumbria Police,Northumbria Police,-1.534285,54.947227,On or near The Mews,E01008286,Gateshead 014C,Possession of weapons,Status update unavailable,
b46932932d900b49bc41ad742ed63c214ddfa0be043d0b7f40db643646013b42,2024-10,Northumbria Police,Northumbria Police,-1.524065,54.948041,On or near Joyce Close,E01008286,Gateshead 014C,Public order,Court result unavailable,
c3fdd26f2e647c3bdb331aadb911da6cff366c97b8d6a60f0859506932f79d7a,2024-10,Northumbria Police,Northumbria Police,-1.524065,54.948041,On or near Joyce Close,E01008286,Gateshead 014C,Public order,Court result unavailable,
ced0a7d9f215308d19797dcd19e670be4bb112ad000d223d24c7b37421a80c69,2024-10,Northumbria Police,Northumbria Police,-1.531788,54.944467,On or near Meadowbrook Drive,E01008286,Gateshead 014C,Violence and sexual offences,Investigation complete; no suspect identified,
df34594e9f2e6ffdc72da6314db8c3e60327399ed9188ed660505fb48aea42ce,2024-10,Northumbria Police,Northumbria Police,-1.524065,54.948041,On or near Joyce Close,E01008286,Gateshead 014C,Violence and sexual offences,Investigation complete; no suspect identified,
0edaa6679491cb9d1355c0ff6f21d7b3f3aa72476806bd6fbe08c3a071b149a6,2024-10,Northumbria Police,Northumbria Police,-1.532213,54.945538,On or near Prestwick Drive,E01008286,Gateshead 014C,Violence and sexual offences,Status update unavailable,
8830b00d04b60d0c562b054307984ba495d306d4f04ec0fbc6665a3c0e534e4c,2024-10,Northumbria Police,Northumbria Police,-1.531404,54.951987,On or near Parklands Court,E01008287,Gateshead 014D,Burglary,Investigation complete; no suspect identified,
d83e32e68f6769ce65c160f059e799c8ee14b10d6a07bdd1b830930565f63f9d,2024-10,Northumbria Police,Northumbria Police,-1.531404,54.951987,On or near Parklands Court,E01008287,Gateshead 014D,Criminal damage and arson,Investigation complete; no suspect identified,
,2024-10,Northumbria Police,Northumbria Police,-1.550507,54.941492,On or near Bleachfeld,E01008231,Gateshead 015A,Anti-social behaviour,,
,2024-10,Northumbria Police,Northumbria Police,-1.551537,54.940120,On or near Leamside,E01008231,Gateshead 015A,Anti-social behaviour,,
,2024-10,Northumbria Police,Northumbria Police,-1.550693,54.943065,On or near Chilcrosse,E01008231,Gateshead 015A,Anti-social behaviour,,
3814ca172ff1ec58e756b0fb3c8714028e98f9c806b3d87ea3134f31577bbf24,2024-10,Northumbria Police,Northumbria Police,-1.548852,54.941521,On or near Staynebrigg,E01008231,Gateshead 015A,Criminal damage and arson,Investigation complete; no suspect identified,
2c5d3c1bbb414b04be489c6a04d071163956ce2d32af6a1e538e70addcc7f8d0,2024-10,Northumbria Police,Northumbria Police,-1.548852,54.941521,On or near Staynebrigg,E01008231,Gateshead 015A,Criminal damage and arson,Investigation complete; no suspect identified,
87ac8c988ce687b1fb7a7e28feb30f565bb4747faa0be114992973f6c921fd95,2024-10,Northumbria Police,Northumbria Police,-1.551379,54.938880,On or near Monkton,E01008231,Gateshead 015A,Criminal damage and arson,Investigation complete; no suspect identified,
8cd67fd529f0aee9f3b09bf4923fe97268f96f701967a5206e2521ce9c8025f4,2024-10,Northumbria Police,Northumbria Police,-1.548852,54.941521,On or near Staynebrigg,E01008231,Gateshead 015A,Criminal damage and arson,Investigation complete; no suspect identified,
b1595a989a2dda92091ac59c2359e9e38183a759865662b67a505b54d279a3f1,2024-10,Northumbria Police,Northumbria Police,-1.548852,54.941521,On or near Staynebrigg,E01008231,Gateshead 015A,Criminal damage and arson,Investigation complete; no suspect identified,
86df3216fbe0e3783d845236ee7726ff7f32785ecccecc8dddbbbf1963104ccb,2024-10,Northumbria Police,Northumbria Police,-1.550507,54.941492,On or near Bleachfeld,E01008231,Gateshead 015A,Public order,Status update unavailable,
6070d848004f5482a76ad21122f8a7baaa1e510e09fe86c0747a50a8a8f5e38c,2024-10,Northumbria Police,Northumbria Police,-1.550557,54.942651,On or near Redemarsh,E01008231,Gateshead 015A,Public order,Status update unavailable,
2893c71f6d5ba80f56b6cded7c3ac2c7ed8bebb024f0266015ed15ec50d302e9,2024-10,Northumbria Police,Northumbria Police,-1.555099,54.937024,On or near Whyndyke,E01008231,Gateshead 015A,Vehicle crime,Investigation complete; no suspect identified,
0e933abef6f906484c161bb7da34fe66ada4f218dad646253b40ec4c23ab2c5b,2024-10,Northumbria Police,Northumbria Police,-1.553647,54.937082,On or near Whitehill,E01008231,Gateshead 015A,Violence and sexual offences,Investigation complete; no suspect identified,
8e9b1eb41f49265a97b94dbd69acd8740d4b8931cf388f4e294bf7501b396810,2024-10,Northumbria Police,Northumbria Police,-1.551537,54.940120,On or near Leamside,E01008231,Gateshead 015A,Violence and sexual offences,Status update unavailable,
a87b9eb5f13c8b01040c5c4a2ad8802eabb5a2218b6d6ec8ec33ccd414398a63,2024-10,Northumbria Police,Northumbria Police,-1.551537,54.940120,On or near Leamside,E01008231,Gateshead 015A,Violence and sexual offences,Status update unavailable,
a4201a168466bec642177c0acf14ccfbc915f074f5f30584b563735f1b62966c,2024-10,Northumbria Police,Northumbria Police,-1.551537,54.940120,On or near Leamside,E01008231,Gateshead 015A,Violence and sexual offences,Investigation complete; no suspect identified,
02766622eb40332ffe1d91a332e1c557241b45d0335c0b8cdd548c5012bd0e85,2024-10,Northumbria Police,Northumbria Police,-1.551537,54.940120,On or near Leamside,E01008231,Gateshead 015A,Violence and sexual offences,Investigation complete; no suspect identified,
76fae2aee217c23671d42e08e153cd641aa930bc03a9a8da0b3301cac9a74fd3,2024-10,Northumbria Police,Northumbria Police,-1.551379,54.938880,On or near Monkton,E01008231,Gateshead 015A,Other crime,Status update unavailable,
29b449e61334f2d820ac15df72059da6169a08c81bf6d9a82d2d5e15dbf2cc65,2024-10,Northumbria Police,Northumbria Police,-1.551379,54.938880,On or near Monkton,E01008231,Gateshead 015A,Other crime,Status update unavailable,
99c2ea018cf691a913a647c93c18aa3b7cfe8ed2db16a8a99ece98a260eee25a,2024-10,Northumbria Police,Northumbria Police,-1.551379,54.938880,On or near Monkton,E01008231,Gateshead 015A,Other crime,Status update unavailable,
,2024-10,Northumbria Police,Northumbria Police,-1.540773,54.951960,On or near Dunn Court,E01008240,Gateshead 015B,Anti-social behaviour,,
,2024-10,Northumbria Police,Northumbria Police,-1.543891,54.948198,On or near Bevan Gardens,E01008240,Gateshead 015B,Anti-social behaviour,,
8a5289ec46a14e966f7fcb8f20686c85ba43ca2708942bb000a96290663e72f4,2024-10,Northumbria Police,Northumbria Police,-1.540773,54.951960,On or near Dunn Court,E01008240,Gateshead 015B,Criminal damage and arson,Investigation complete; no suspect identified,
4e3e636d9f01cde701de6c5157a50a4467b5d18c0afe907fbcb5a0aa8b9db034,2024-10,Northumbria Police,Northumbria Police,-1.543891,54.948198,On or near Bevan Gardens,E01008240,Gateshead 015B,Criminal damage and arson,Investigation complete; no suspect identified,
d1dbbc2b261c59d73dd3860cfddb3fb51ecdf202857004f9e2f5b7f8a9ffba9e,2024-10,Northumbria Police,Northumbria Police,-1.540773,54.951960,On or near Dunn Court,E01008240,Gateshead 015B,Criminal damage and arson,Investigation complete; no suspect identified,
640a97bb154a5da0aa9bab5d876d54081cce489fc37248ab204ba2e5d3ff350e,2024-10,Northumbria Police,Northumbria Police,-1.540773,54.951960,On or near Dunn Court,E01008240,Gateshead 015B,Criminal damage and arson,Investigation complete; no suspect identified,
e439e8d3c9356b0ecc1810c1f8ac584978a5396953c4dba2c09a1ee06b9e663b,2024-10,Northumbria Police,Northumbria Police,-1.540773,54.951960,On or near Dunn Court,E01008240,Gateshead 015B,Criminal damage and arson,Investigation complete; no suspect identified,
e5735aa59909359737cb1c9374e5f58fcad9d6b5c297cd23c2ec77c14bd8a7c3,2024-10,Northumbria Police,Northumbria Police,-1.542664,54.950368,On or near Macmillan Gardens,E01008240,Gateshead 015B,Criminal damage and arson,Status update unavailable,
eeb73a3cb52b8aa0c9abbbf0ea177473d4deb835f272e986fe3bbf77f87d0a75,2024-10,Northumbria Police,Northumbria Police,-1.542487,54.948085,On or near Cole Gardens,E01008240,Gateshead 015B,Criminal damage and arson,Status update unavailable,
320dd73aa0753ff2c3c6a9877faffee87f26b7ec5afc46589f962e27a837801a,2024-10,Northumbria Police,Northumbria Police,-1.544110,54.949546,On or near Lansbury Gardens,E01008240,Gateshead 015B,Criminal damage and arson,Status update unavailable,
94de56b809b8a2368dbdf4934f06617bc0558e4f5898aa6b9cb1363f47423934,2024-10,Northumbria Police,Northumbria Police,-1.540940,54.950954,On or near Bondfield Gardens,E01008240,Gateshead 015B,Criminal damage and arson,Investigation complete; no suspect identified,
66f4345af0b3db962154c04b9cd6561fd94d41ad1c711c46c73cb8506fdd79ac,2024-10,Northumbria Police,Northumbria Police,-1.540948,54.950307,On or near Keir Hardie Avenue,E01008240,Gateshead 015B,Drugs,Investigation complete; no suspect identified,
2528b9868d9d15e2327d5512d8c0b51546a27ff8efb2b1f38f0ca0dc623ed665,2024-10,Northumbria Police,Northumbria Police,-1.540773,54.951960,On or near Dunn Court,E01008240,Gateshead 015B,Public order,Investigation complete; no suspect identified,
c53631dd105d676bc1b3113d9fcc8abd6e7079a91e066b672c0f9523b3dd2c24,2024-10,Northumbria Police,Northumbria Police,-1.540773,54.951960,On or near Dunn Court,E01008240,Gateshead 015B,Public order,Investigation complete; no suspect identified,
e5092501301e22906389fbac94b6aeeaa6bae1283289e02d8250ccac6e97cfd0,2024-10,Northumbria Police,Northumbria Police,-1.544141,54.946806,On or near Grange Road,E01008240,Gateshead 015B,Vehicle crime,Investigation complete; no suspect identified,
286b64d3b35898e2f804f2d7314ae9742292906960ba586398e0a9c9233bf20d,2024-10,Northumbria Police,Northumbria Police,-1.540451,54.947286,On or near Henderson Gardens,E01008240,Gateshead 015B,Vehicle crime,Investigation complete; no suspect identified,
840910133159a1ad3ebd01059cd8d0986764398dfa8b5f86306f047e8674f765,2024-10,Northumbria Police,Northumbria Police,-1.540773,54.951960,On or near Dunn Court,E01008240,Gateshead 015B,Violence and sexual offences,Investigation complete; no suspect identified,
e421a5c0ea51079904c1898a457d5d5848c226aa4f4b116945144514f7b7bf1f,2024-10,Northumbria Police,Northumbria Police,-1.538650,54.950541,On or near Laski Gardens,E01008240,Gateshead 015B,Violence and sexual offences,Status update unavailable,
bdead1eb754d385f9b7131e1135eb3570fc7cec0f323fee028e55c72a5ede702,2024-10,Northumbria Police,Northumbria Police,-1.542487,54.948085,On or near Cole Gardens,E01008240,Gateshead 015B,Violence and sexual offences,Status update unavailable,
,2024-10,Northumbria Police,Northumbria Police,-1.553260,54.946633,On or near St Cuthbert'S Drive,E01008241,Gateshead 015C,Anti-social behaviour,,
3aa1ef07d9f6b449827d9dcdf473a39ba3833d13331cb163b8b0437b54af9e79,2024-10,Northumbria Police,Northumbria Police,-1.559008,54.944964,On or near Wardle Gardens,E01008241,Gateshead 015C,Criminal damage and arson,Investigation complete; no suspect identified,
1d9e1ec820d34421d4d0276bea76f419a6cf83d76e1d6bdd4defc083cf2d4aff,2024-10,Northumbria Police,Northumbria Police,-1.546872,54.949710,On or near Buttermere,E01008241,Gateshead 015C,Criminal damage and arson,Status update unavailable,
5b7753df17dfe8f1a80c18aa12a9c432e1afb04a7c7931caeaac0b83808ab202,2024-10,Northumbria Police,Northumbria Police,-1.550821,54.946938,On or near High Lanes,E01008241,Gateshead 015C,Criminal damage and arson,Status update unavailable,
020017e32033508e4ff34bb88d259f171c4d5e84761ba68a856a08163273663e,2024-10,Northumbria Police,Northumbria Police,-1.558238,54.945429,On or near Parkin Gardens,E01008241,Gateshead 015C,Criminal damage and arson,Status update unavailable,
193bcd373863f3f7e3edeb7a3a22495c1e0ffc3b3f05a8700a586a78b92c2f7c,2024-10,Northumbria Police,Northumbria Police,-1.548066,54.948977,On or near Field Lane,E01008241,Gateshead 015C,Criminal damage and arson,Status update unavailable,
7812d8363e696a14133c36b0b12c879a50e11bbba45ec73404b9a27eecf3fbd4,2024-10,Northumbria Police,Northumbria Police,-1.549769,54.953063,On or near Durham Street,E01008241,Gateshead 015C,Public order,Investigation complete; no suspect identified,
0d1af5b4d367e1b999c5c7f4b0d5ba8f15d0be81b3d7706e24fa02b1030a84e6,2024-10,Northumbria Police,Northumbria Police,-1.559008,54.944964,On or near Wardle Gardens,E01008241,Gateshead 015C,Public order,Court result unavailable,
a039c5ecf2812d804e6790dbd3d653a26b927c935a0263867d8e804da26cce2b,2024-10,Northumbria Police,Northumbria Police,-1.550505,54.952886,On or near John Street,E01008241,Gateshead 015C,Public order,Investigation complete; no suspect identified,
a455173e0fca73f9e5ed865ff47959d7d94b755216783cebbc472a63ddeb2b2e,2024-10,Northumbria Police,Northumbria Police,-1.554918,54.950602,On or near Parking Area,E01008241,Gateshead 015C,Public order,Investigation complete; no suspect identified,
0d4ab342fb773abd73d592895f1d79e0b46b1050d5cbe3d3683995b98b9e6b0c,2024-10,Northumbria Police,Northumbria Police,-1.550821,54.946938,On or near High Lanes,E01008241,Gateshead 015C,Public order,Status update unavailable,
d423bc66df4a55a2f2e6bd67826b94fc8b4c849eaf0e43ccbbfc0a41a0c4390e,2024-10,Northumbria Police,Northumbria Police,-1.550821,54.946938,On or near High Lanes,E01008241,Gateshead 015C,Robbery,Status update unavailable,
71fa52fbef2eb93760e1a8332199a7925a092072897d700a201c84d6c738a412,2024-10,Northumbria Police,Northumbria Police,-1.553800,54.945817,On or near St Edmund'S Drive,E01008241,Gateshead 015C,Shoplifting,Investigation complete; no suspect identified,
ba8a006ab4f9856f282cb574896656e0f6bea3e344fb325cff3f262f05f0da8e,2024-10,Northumbria Police,Northumbria Police,-1.550821,54.946938,On or near High Lanes,E01008241,Gateshead 015C,Violence and sexual offences,Investigation complete; no suspect identified,
b64a14ef119ac0f634633b12e16087888c07e5ae4a0a99c5ee4e94e0717f77db,2024-10,Northumbria Police,Northumbria Police,-1.558238,54.945429,On or near Parkin Gardens,E01008241,Gateshead 015C,Violence and sexual offences,Investigation complete; no suspect identified,
50b0ec8a3f829b2fff046d81582e73c518c901c1465af4d92cbac8cbecf2f9cb,2024-10,Northumbria Police,Northumbria Police,-1.553800,54.945817,On or near St Edmund'S Drive,E01008241,Gateshead 015C,Violence and sexual offences,Investigation complete; no suspect identified,
f8176ca2e7a7d06b765a9d840b422bde71f8c4c1e8038a7c1736429b436ffa76,2024-10,Northumbria Police,Northumbria Police,-1.556826,54.946008,On or near High Heworth Lane,E01008241,Gateshead 015C,Violence and sexual offences,Status update unavailable,
fe88c9bc3c5f02d93e46d17378368c083ac6b979d667738ee1a4e1c830ba6fb9,2024-10,Northumbria Police,Northumbria Police,-1.556826,54.946008,On or near High Heworth Lane,E01008241,Gateshead 015C,Violence and sexual offences,Investigation complete; no suspect identified,
b416e79a3eb8b12fa346b316b7b9e6830ce5861cafe719d9fccb430c9ff56957,2024-10,Northumbria Police,Northumbria Police,-1.548696,54.955486,On or near Gosforth Terrace,E01008241,Gateshead 015C,Violence and sexual offences,Status update unavailable,
5c60f873f31afd60525dddf8e72b0b63d8973f75fcf1cb16b6f90b7e5fc4bd82,2024-10,Northumbria Police,Northumbria Police,-1.559008,54.944964,On or near Wardle Gardens,E01008241,Gateshead 015C,Violence and sexual offences,Investigation complete; no suspect identified,
b73f4c87817a9e03f4dd61ef8729a361ff9f5ef2c2879bee9a7ac23374e4fc70,2024-10,Northumbria Police,Northumbria Police,-1.553800,54.945817,On or near St Edmund'S Drive,E01008241,Gateshead 015C,Violence and sexual offences,Investigation complete; no suspect identified,
d883c239742928d07626dd0ae4ab7d7b97af318381f0bdf443696c0c030c2068,2024-10,Northumbria Police,Northumbria Police,-1.550821,54.946938,On or near High Lanes,E01008241,Gateshead 015C,Violence and sexual offences,Status update unavailable,
980a9360b1ad2772e3f1202d963c8c462a5d181d7025d68c93ba293e637dfd5d,2024-10,Northumbria Police,Northumbria Police,-1.550821,54.946938,On or near High Lanes,E01008241,Gateshead 015C,Violence and sexual offences,Status update unavailable,
1a509ff773929551f5a5df0fde1f25eaa1c2f61e873014284fc48c5a3daff930,2024-10,Northumbria Police,Northumbria Police,-1.550821,54.946938,On or near High Lanes,E01008241,Gateshead 015C,Violence and sexual offences,Status update unavailable,
c0d85aea5acbc1ca5cf59cdea2a67560939ef1d5da1aba390ccddc3c053a368d,2024-10,Northumbria Police,Northumbria Police,-1.549113,54.943311,On or near Whinshaw,E01008242,Gateshead 015D,Criminal damage and arson,Investigation complete; no suspect identified,
8bac9b5f1fe1b8662ee9f55f59f20d0190d0934a734f591e2cdd26c48460d5ac,2024-10,Northumbria Police,Northumbria Police,-1.541866,54.946402,On or near Stileford,E01008242,Gateshead 015D,Other theft,Investigation complete; no suspect identified,
88b7bb501bd3bfe90cba441517020dca58ea6cd682bb39619c4e1a1114725887,2024-10,Northumbria Police,Northumbria Police,-1.547018,54.942251,On or near Fallowfeld,E01008242,Gateshead 015D,Public order,Status update unavailable,
b97f85c4f22de266a3059befc32be5a67b3f9be1beb02a93cbb01c2d04e73e46,2024-10,Northumbria Police,Northumbria Police,-1.543947,54.944666,On or near Thorne Brake,E01008242,Gateshead 015D,Public order,Status update unavailable,
314303febf71f3fe01b45eb5ac74935d951d0690564968af051ef75f8306aae5,2024-10,Northumbria Police,Northumbria Police,-1.543947,54.944666,On or near Thorne Brake,E01008242,Gateshead 015D,Shoplifting,Court result unavailable,
d20fff918932ff7d00dbfe983657c9eb5d48b7425d49339b52b08099ca58e2dc,2024-10,Northumbria Police,Northumbria Police,-1.543947,54.944666,On or near Thorne Brake,E01008242,Gateshead 015D,Shoplifting,Status update unavailable,
321a98ffea2c9fdf15486f4ed335f166746d42e3c10bcf0318b2ec85b41d3e9d,2024-10,Northumbria Police,Northumbria Police,-1.543947,54.944666,On or near Thorne Brake,E01008242,Gateshead 015D,Vehicle crime,Investigation complete; no suspect identified,
7aa66120f4753585156b39a12c90ee33dbed8d08a4008f9d4991dbb6dd9ffd79,2024-10,Northumbria Police,Northumbria Police,-1.545398,54.944717,On or near Grange Crescent,E01008242,Gateshead 015D,Violence and sexual offences,Status update unavailable,
c428b16da4baf411e283e18e62d7bba3380133f3acda57f1d4a6c41ab8d0c87b,2024-10,Northumbria Police,Northumbria Police,-1.547018,54.942251,On or near Fallowfeld,E01008242,Gateshead 015D,Violence and sexual offences,Offender given a caution,
a34fe82dde932ce19e6d558cdd50b8ba1578fa8afe8d32402ca2224847c3a292,2024-10,Northumbria Police,Northumbria Police,-1.545398,54.944717,On or near Grange Crescent,E01008242,Gateshead 015D,Other crime,Status update unavailable,
,2024-10,Northumbria Police,Northumbria Police,-1.545580,54.941165,On or near Supermarket,E01008281,Gateshead 015E,Anti-social behaviour,,
,2024-10,Northumbria Police,Northumbria Police,-1.546086,54.940415,On or near Prince George Square,E01008281,Gateshead 015E,Anti-social behaviour,,
0eadf2c6bda5e1c92a4ba9f24b7f9cf735dedfd18885a8df7020875b3ba2c6ff,2024-10,Northumbria Police,Northumbria Police,-1.546086,54.940415,On or near Prince George Square,E01008281,Gateshead 015E,Criminal damage and arson,Investigation complete; no suspect identified,
e3a36bb924ac4c3d5f26c0e44f4c9040cdb40ad23f4493746d2f3d9113667c0a,2024-10,Northumbria Police,Northumbria Police,-1.545580,54.941165,On or near Supermarket,E01008281,Gateshead 015E,Criminal damage and arson,Status update unavailable,
04ab26d4aab51cd1c49aa3c1853a36b31ffd6a9896f0a15fc5676ae88443a45c,2024-10,Northumbria Police,Northumbria Police,-1.546086,54.940415,On or near Prince George Square,E01008281,Gateshead 015E,Criminal damage and arson,Investigation complete; no suspect identified,
4771e83b01a4ff5fc1a558eb99746f4f38ed01b1e7b52f0a56c3a3f50ea0083d,2024-10,Northumbria Police,Northumbria Police,-1.537258,54.942529,On or near Graystones,E01008281,Gateshead 015E,Criminal damage and arson,Investigation complete; no suspect identified,
a0b75e124fab0549a6c65a6b88ff5882e8058e5f40cabdb7076ea4bbcad1c28b,2024-10,Northumbria Police,Northumbria Police,-1.537258,54.942529,On or near Graystones,E01008281,Gateshead 015E,Criminal damage and arson,Investigation complete; no suspect identified,
d3805774860a125bc6eec3d51f7544ba033cc8e4af93698b313da039f87a05a4,2024-10,Northumbria Police,Northumbria Police,-1.546086,54.940415,On or near Prince George Square,E01008281,Gateshead 015E,Possession of weapons,Investigation complete; no suspect identified,
a62e051ebfd1e41c4dba31a8aa10c290465ffc6fed3f9ee9db1e78a5478abe6a,2024-10,Northumbria Police,Northumbria Police,-1.545580,54.941165,On or near Supermarket,E01008281,Gateshead 015E,Possession of weapons,Court result unavailable,
192bc2dac6e0cac6aee9a041b795ea5d51916e995b9e08cadad4e30b73c97797,2024-10,Northumbria Police,Northumbria Police,-1.545580,54.941165,On or near Supermarket,E01008281,Gateshead 015E,Public order,Investigation complete; no suspect identified,
dee6c765bf47689ebc985a3421f2f4bf10b4c9b5d531d81e204d27aa8f44c225,2024-10,Northumbria Police,Northumbria Police,-1.545580,54.941165,On or near Supermarket,E01008281,Gateshead 015E,Robbery,Investigation complete; no suspect identified,
1281eebd1842226b78b69c959f0f3fe838844cc2693c617d934e0dd84400890f,2024-10,Northumbria Police,Northumbria Police,-1.545580,54.941165,On or near Supermarket,E01008281,Gateshead 015E,Shoplifting,Investigation complete; no suspect identified,
09458e56201d1d780e96a125ba4dcd2ad1301e95f6efafb24f3b587d8bbc77a8,2024-10,Northumbria Police,Northumbria Police,-1.545580,54.941165,On or near Supermarket,E01008281,Gateshead 015E,Shoplifting,Court result unavailable,
67f69cd2682b057573b9a95d2705022f6339f990ef3329af0316eef50198ed85,2024-10,Northumbria Police,Northumbria Police,-1.545580,54.941165,On or near Supermarket,E01008281,Gateshead 015E,Shoplifting,Court result unavailable,
f76338699373bc8f35d04b2a5056f6ba234fe4702fcbc93c69ce3f8547cb3246,2024-10,Northumbria Police,Northumbria Police,-1.545580,54.941165,On or near Supermarket,E01008281,Gateshead 015E,Shoplifting,Investigation complete; no suspect identified,
85615a5ea6ee9b8a7cd328b5a52abc5a9dde2ece2cee9f0e38779bbcea83f0b9,2024-10,Northumbria Police,Northumbria Police,-1.545580,54.941165,On or near Supermarket,E01008281,Gateshead 015E,Shoplifting,Investigation complete; no suspect identified,
48b1bdee0fd4ad5da388caede3eddae393184b99e35258cb1d16c6d412a34ae2,2024-10,Northumbria Police,Northumbria Police,-1.545580,54.941165,On or near Supermarket,E01008281,Gateshead 015E,Shoplifting,Court result unavailable,
fd32f233598b5893cb9db1389815ae107bab509a71d5d788b936a30ceda5af2e,2024-10,Northumbria Police,Northumbria Police,-1.545580,54.941165,On or near Supermarket,E01008281,Gateshead 015E,Shoplifting,Status update unavailable,
4925dad17379253a8ec31bbecec045e92066c275da0c57821613c0b95d5387f3,2024-10,Northumbria Police,Northumbria Police,-1.545580,54.941165,On or near Supermarket,E01008281,Gateshead 015E,Shoplifting,Investigation complete; no suspect identified,
0ca88bca79cf8d5997fafd90effcea3477c033c7c860acff235c7ebddefecddb,2024-10,Northumbria Police,Northumbria Police,-1.545580,54.941165,On or near Supermarket,E01008281,Gateshead 015E,Shoplifting,Court result unavailable,
c4ea7e16c05b863070ec16c115396e9a5f7d334b8a1af5f6317c8ebb6cbf4f8d,2024-10,Northumbria Police,Northumbria Police,-1.546086,54.940415,On or near Prince George Square,E01008281,Gateshead 015E,Violence and sexual offences,Investigation complete; no suspect identified,
5febf78f1154025352d55207a75380d986bb1378dca62995b22abf9fff42c635,2024-10,Northumbria Police,Northumbria Police,-1.537985,54.945911,On or near Lingshaw,E01008281,Gateshead 015E,Violence and sexual offences,Status update unavailable,
6fa54195e625df5da3d8fddfe4f3c5fed352d9d256e328a9ddef6f7ca02264b7,2024-10,Northumbria Police,Northumbria Police,-1.545580,54.941165,On or near Supermarket,E01008281,Gateshead 015E,Violence and sexual offences,Investigation complete; no suspect identified,
5c317bd0ccc32e1f0615b56668b7e2c2b2e11f6a46ffcda01f0fd38cd7b5d9fe,2024-10,Northumbria Police,Northumbria Police,-1.541572,54.943453,On or near Meresyde,E01008281,Gateshead 015E,Violence and sexual offences,Status update unavailable,
52291047a3f6324c79ed09baa2127bf8a193385d09bf83383da95186b72eda51,2024-10,Northumbria Police,Northumbria Police,-1.546086,54.940415,On or near Prince George Square,E01008281,Gateshead 015E,Violence and sexual offences,Investigation complete; no suspect identified,
a86ae65efec894bfc0d67becd615755b0f2d133fc6d7ef6162a70865759d4e46,2024-10,Northumbria Police,Northumbria Police,-1.546086,54.940415,On or near Prince George Square,E01008281,Gateshead 015E,Violence and sexual offences,Status update unavailable,
269f0f0e33a883982aa46459a860f09f9f12353f0f17e104df9248fb2e8470bd,2024-10,Northumbria Police,Northumbria Police,-1.541572,54.943453,On or near Meresyde,E01008281,Gateshead 015E,Violence and sexual offences,Investigation complete; no suspect identified,
b7c70b4fe7efac39d52c1b306ecad3f0670596660a0d3f01c547859e36835724,2024-10,Northumbria Police,Northumbria Police,-1.536756,54.941413,On or near Cropthorne,E01008281,Gateshead 015E,Violence and sexual offences,Investigation complete; no suspect identified,
208b853e7e10d41db90d04bf17b8b6dbc80595b93b2fb3fa42fcef657a386521,2024-10,Northumbria Police,Northumbria Police,-1.537258,54.942529,On or near Graystones,E01008281,Gateshead 015E,Violence and sexual offences,Investigation complete; no suspect identified,
,2024-10,Northumbria Police,Northumbria Police,-1.548892,54.937999,On or near Rennington,E01008282,Gateshead 015F,Anti-social behaviour,,
,2024-10,Northumbria Police,Northumbria Police,-1.548892,54.937999,On or near Rennington,E01008282,Gateshead 015F,Anti-social behaviour,,
,2024-10,Northumbria Police,Northumbria Police,-1.544076,54.935968,On or near Staindrop,E01008282,Gateshead 015F,Anti-social behaviour,,
362ee42792b63df50defd759df7eaf4ea295b6de798d5577c1ebc9fb49d85664,2024-10,Northumbria Police,Northumbria Police,-1.548892,54.937999,On or near Rennington,E01008282,Gateshead 015F,Criminal damage and arson,Investigation complete; no suspect identified,
37e0b23e900b419a94c72543ef68308e339990d5a9161a90553ee706fd98b1ae,2024-10,Northumbria Police,Northumbria Police,-1.548892,54.937999,On or near Rennington,E01008282,Gateshead 015F,Criminal damage and arson,Status update unavailable,
31efa1a483c983e5c7a39940a02685c28d160739ee4d0e42371db60fe264c4d1,2024-10,Northumbria Police,Northumbria Police,-1.543419,54.937484,On or near Hopedene,E01008282,Gateshead 015F,Criminal damage and arson,Investigation complete; no suspect identified,
ddfd79374e2dbb76942f77d380c4535d64707911a7a54cb30f31de60eca8729c,2024-10,Northumbria Police,Northumbria Police,-1.548892,54.937999,On or near Rennington,E01008282,Gateshead 015F,Criminal damage and arson,Investigation complete; no suspect identified,
b817d7c4b5a37d53324bf1d304014a32c6e021e686754e875690c2ab6d19d021,2024-10,Northumbria Police,Northumbria Police,-1.544076,54.935968,On or near Staindrop,E01008282,Gateshead 015F,Criminal damage and arson,Investigation complete; no suspect identified,
9fc525b37998a07a40252b6e1a9fbaae7fe48c9bb8467502698adfaaa19ea4ca,2024-10,Northumbria Police,Northumbria Police,-1.547845,54.938094,On or near Chevington,E01008282,Gateshead 015F,Other theft,Investigation complete; no suspect identified,
ffc0aa6a27c4bded95af1d9dd09f5646defcb5cf45bd2d6d48e09ce0c8330cfa,2024-10,Northumbria Police,Northumbria Police,-1.544076,54.935968,On or near Staindrop,E01008282,Gateshead 015F,Public order,Local resolution,
3101dcea8ac4cc26b2b1ef04c452ce30a8cf52f13bf802af1df9179b2549c060,2024-10,Northumbria Police,Northumbria Police,-1.544076,54.935968,On or near Staindrop,E01008282,Gateshead 015F,Vehicle crime,Investigation complete; no suspect identified,
12c14cab417ed96c28b7ac74108d441428efee35c79fa66350b24bd4a22a5678,2024-10,Northumbria Police,Northumbria Police,-1.544076,54.935968,On or near Staindrop,E01008282,Gateshead 015F,Violence and sexual offences,Status update unavailable,
7edcc727198f976f1544c6383d1a2ef20e9a9f81fb946ce8f1fba013246ccf72,2024-10,Northumbria Police,Northumbria Police,-1.544076,54.935968,On or near Staindrop,E01008282,Gateshead 015F,Violence and sexual offences,Status update unavailable,
c343247abc0920bd727e1c260b30bd90fb91feb3528178e3b3cbd1642fe13742,2024-10,Northumbria Police,Northumbria Police,-1.544076,54.935968,On or near Staindrop,E01008282,Gateshead 015F,Violence and sexual offences,Status update unavailable,
335503738b533cccb6fa68179ee3061bd813a3534076d0bfa831dae39744c17b,2024-10,Northumbria Police,Northumbria Police,-1.544612,54.938315,On or near Hartburn,E01008282,Gateshead 015F,Violence and sexual offences,Status update unavailable,
6f9bc7c58f76044fdccf67c403e7632aa00201fd91722d1b584dfd9c27381a90,2024-10,Northumbria Police,Northumbria Police,-1.544612,54.938315,On or near Hartburn,E01008282,Gateshead 015F,Violence and sexual offences,Status update unavailable,
d1624968d7fe8f0113206a86a98636ba8ecb25e5eb7e0f3c7390a3a351b5f147,2024-10,Northumbria Police,Northumbria Police,-1.548892,54.937999,On or near Rennington,E01008282,Gateshead 015F,Other crime,Status update unavailable,
,2024-10,Northumbria Police,Northumbria Police,-1.583856,54.936317,On or near B1296,E01008219,Gateshead 016A,Anti-social behaviour,,
,2024-10,Northumbria Police,Northumbria Police,-1.583505,54.935534,On or near Blacklock Court,E01008219,Gateshead 016A,Anti-social behaviour,,
,2024-10,Northumbria Police,Northumbria Police,-1.582484,54.940752,On or near Leeming Gardens,E01008219,Gateshead 016A,Anti-social behaviour,,
,2024-10,Northumbria Police,Northumbria Police,-1.584800,54.940149,On or near Watling Place,E01008219,Gateshead 016A,Anti-social behaviour,,
dd72092b2b2e0cf6e4607129f9c1c86d3b778ce85ddc1ca0a37685b12f25f2b7,2024-10,Northumbria Police,Northumbria Police,-1.584800,54.940149,On or near Watling Place,E01008219,Gateshead 016A,Burglary,Investigation complete; no suspect identified,
b457e333e650539102513bce41d85d5ef24f54f0fc18009a0dfdd612796ed5ca,2024-10,Northumbria Police,Northumbria Police,-1.576847,54.937902,On or near Meadow Rise,E01008219,Gateshead 016A,Burglary,Investigation complete; no suspect identified,
f81480ea4899058842869c6bdca3ab1dbd37fb4addcbc54e14f4aecbcffca7dd,2024-10,Northumbria Police,Northumbria Police,-1.587249,54.932680,On or near Carlisle Place,E01008219,Gateshead 016A,Criminal damage and arson,Investigation complete; no suspect identified,
cf45928dafee71f59ef7558341f20d861c16b14253dfa8691a8a02a7663518ea,2024-10,Northumbria Police,Northumbria Police,-1.576847,54.937902,On or near Meadow Rise,E01008219,Gateshead 016A,Criminal damage and arson,Investigation complete; no suspect identified,
3920755e422773d0472caae4f389cf6ccd5122c14a0b8e8244f3df89c857ba8e,2024-10,Northumbria Police,Northumbria Police,-1.584826,54.939106,On or near Coach House Court,E01008219,Gateshead 016A,Vehicle crime,Investigation complete; no suspect identified,
8b6e41bf270e228b72f73e2dbb21cc78c74a569c0eb5bbc681c95bfaa5667c08,2024-10,Northumbria Police,Northumbria Police,-1.583489,54.938652,On or near Queen Elizabeth Avenue,E01008219,Gateshead 016A,Violence and sexual offences,Status update unavailable,
c6c9d58006224151a79908999e92a142077b8b8b5f91bddc410ddcc9edfbda96,2024-10,Northumbria Police,Northumbria Police,-1.583505,54.935534,On or near Blacklock Court,E01008219,Gateshead 016A,Violence and sexual offences,Status update unavailable,
ab2c81068263eb24c534e29783b08a76d36608b24aeb46d8d8dc47df04f35e51,2024-10,Northumbria Police,Northumbria Police,-1.583505,54.935534,On or near Blacklock Court,E01008219,Gateshead 016A,Violence and sexual offences,Status update unavailable,
030daad6e55b3c0db062b193dc19fd0e0a85621f1c2b010420f4f209694050a1,2024-10,Northumbria Police,Northumbria Police,-1.577504,54.937769,On or near Tamarisk Way,E01008219,Gateshead 016A,Violence and sexual offences,Status update unavailable,
772c80c2e2167eb262e22cb0ab342d03dacfa4a44fe8829d6fcd4e29d82c059a,2024-10,Northumbria Police,Northumbria Police,-1.577504,54.937769,On or near Tamarisk Way,E01008219,Gateshead 016A,Violence and sexual offences,Status update unavailable,
b27de0ec84525758f85de4a03ff8f80e882f199a183de8446885606ac512aaf7,2024-10,Northumbria Police,Northumbria Police,-1.583505,54.935534,On or near Blacklock Court,E01008219,Gateshead 016A,Violence and sexual offences,Status update unavailable,
a85492a51ab152dad462235b0f16a0310916d5807b48d65828730fef1493b803,2024-10,Northumbria Police,Northumbria Police,-1.583787,54.933963,On or near Hawkshead Place,E01008219,Gateshead 016A,Other crime,Status update unavailable,
,2024-10,Northumbria Police,Northumbria Police,-1.589062,54.938582,On or near Church Drive,E01008236,Gateshead 016C,Anti-social behaviour,,
,2024-10,Northumbria Police,Northumbria Police,-1.589062,54.938582,On or near Church Drive,E01008236,Gateshead 016C,Anti-social behaviour,,
7e7413c79d1daa2e85b22442e51d9d19e46182af7fb455f1c62c832c55b44c23,2024-10,Northumbria Police,Northumbria Police,-1.594525,54.941489,On or near Sports/Recreation Area,E01008236,Gateshead 016C,Burglary,Investigation complete; no suspect identified,
b23b69291659a9a8fb40b1c0c57724a223315cefc6adae28ca665d76074e8eb3,2024-10,Northumbria Police,Northumbria Police,-1.589389,54.940137,On or near Hillside Place,E01008236,Gateshead 016C,Burglary,Investigation complete; no suspect identified,
e59195d9f2038cca50d3bef5857d3df5aaaf438f8604f0211b1a3f75ddd4bb51,2024-10,Northumbria Police,Northumbria Police,-1.589389,54.940137,On or near Hillside Place,E01008236,Gateshead 016C,Burglary,Investigation complete; no suspect identified,
33d9e42274d6e524e39d8efe3f2ba9bc102fbd124c0f108963e5fbcb6b5cabe7,2024-10,Northumbria Police,Northumbria Police,-1.589389,54.940137,On or near Hillside Place,E01008236,Gateshead 016C,Burglary,Investigation complete; no suspect identified,
2e2cd9c1123721af8fb788132c3a0f06790c4cedbc3bf27c6e727ce676949074,2024-10,Northumbria Police,Northumbria Police,-1.589321,54.942249,On or near Old Durham Road,E01008236,Gateshead 016C,Criminal damage and arson,Investigation complete; no suspect identified,
2f639232fb7240ce2eaaf4f92fb970ff186dde60f503c739c0a35a25a174b9b0,2024-10,Northumbria Police,Northumbria Police,-1.589062,54.938582,On or near Church Drive,E01008236,Gateshead 016C,Criminal damage and arson,Court result unavailable,
9e673ed6db0e8c95eee461354042e99be8a4ea7286dbdf859bc68c40c475e2e3,2024-10,Northumbria Police,Northumbria Police,-1.589062,54.938582,On or near Church Drive,E01008236,Gateshead 016C,Public order,Investigation complete; no suspect identified,
eca057edf667013970a91fa290ccddbd0e2a35720d2cd4997e74b3f98813a326,2024-10,Northumbria Police,Northumbria Police,-1.587402,54.939061,On or near Church Lane,E01008236,Gateshead 016C,Shoplifting,Investigation complete; no suspect identified,
75152a0f51f487d71e0944bf194ecb3a40d80996466582224327e0275f059798,2024-10,Northumbria Police,Northumbria Police,-1.592117,54.938951,On or near Kellfield Avenue,E01008236,Gateshead 016C,Violence and sexual offences,Status update unavailable,
5bd64b1c3fbf59cbff3b6d3d6b7d78b05f3f160c94605074a6c3ab89d316111b,2024-10,Northumbria Police,Northumbria Police,-1.589389,54.940137,On or near Hillside Place,E01008236,Gateshead 016C,Violence and sexual offences,Investigation complete; no suspect identified,
1e79f905993ad19963709f1351e92d8e8d9368d98094fc3fb148638c342123d1,2024-10,Northumbria Police,Northumbria Police,-1.589062,54.938582,On or near Church Drive,E01008236,Gateshead 016C,Violence and sexual offences,Court result unavailable,
e511b6b30c2f3bef45693633bd586324c5fe0963605a43c190ca8736cd99968e,2024-10,Northumbria Police,Northumbria Police,-1.589062,54.938582,On or near Church Drive,E01008236,Gateshead 016C,Violence and sexual offences,Local resolution,
9afd0b0a4721bce7fa4eda87e04bd9882d2b3c9c1bde8344e391aa90069d72cc,2024-10,Northumbria Police,Northumbria Police,-1.589062,54.938582,On or near Church Drive,E01008236,Gateshead 016C,Violence and sexual offences,Court result unavailable,
623db45120e164ecad0c44ec23ecf56c4c0c324923b7adf7883497130ae4e3be,2024-10,Northumbria Police,Northumbria Police,-1.589062,54.938582,On or near Church Drive,E01008236,Gateshead 016C,Violence and sexual offences,Court result unavailable,
f96dd192c27c1e288f973df3c19c03d48362fc3ae3b9218e5bd370a8f41f8b2b,2024-10,Northumbria Police,Northumbria Police,-1.588326,54.940349,On or near Egremont Gardens,E01008236,Gateshead 016C,Violence and sexual offences,Local resolution,
aea93aefe33eae136e5fdb211af2e7f6690d35ec8f5e018893dc50a45268005c,2024-10,Northumbria Police,Northumbria Police,-1.589062,54.938582,On or near Church Drive,E01008236,Gateshead 016C,Violence and sexual offences,Status update unavailable,
7321f088c4ccf355f06b4a779034bb3798f5f4b851771036b44b24780b03a3bc,2024-10,Northumbria Police,Northumbria Police,-1.589062,54.938582,On or near Church Drive,E01008236,Gateshead 016C,Violence and sexual offences,Status update unavailable,
dc982fae448ceb03950fb7b17c0255676d98a6e30ca36d5aca99addd1627749c,2024-10,Northumbria Police,Northumbria Police,-1.589062,54.938582,On or near Church Drive,E01008236,Gateshead 016C,Violence and sexual offences,Status update unavailable,
6cd25bc4e3f1b73bbf84d8faf9fb85e9a5c815ef54a49833d42253359b20cb02,2024-10,Northumbria Police,Northumbria Police,-1.589389,54.940137,On or near Hillside Place,E01008236,Gateshead 016C,Violence and sexual offences,Status update unavailable,
1e0cd8679de445aa00fb6c092a280d8d49baf2a9df5b0017f0d4215ac384c4bc,2024-10,Northumbria Police,Northumbria Police,-1.587402,54.939061,On or near Church Lane,E01008236,Gateshead 016C,Violence and sexual offences,Status update unavailable,
4800f8dcd63359c694d94b71de7cc7da5ea28b8ab90b9636a67d90777e50602d,2024-10,Northumbria Police,Northumbria Police,-1.589389,54.940137,On or near Hillside Place,E01008236,Gateshead 016C,Violence and sexual offences,Status update unavailable,
a77b4fde5be5b25e5dcc99b0d85bb99acdb536f25ddbf60db2429dcb31c55cac,2024-10,Northumbria Police,Northumbria Police,-1.596475,54.943333,On or near Dryden Road,E01008237,Gateshead 016D,Criminal damage and arson,Status update unavailable,
1591f72ecae9f7027608f421c9dd21e26640d5a781fcbd3040f38a3ce921b0f5,2024-10,Northumbria Police,Northumbria Police,-1.596095,54.945381,On or near Valley Drive,E01008237,Gateshead 016D,Violence and sexual offences,Status update unavailable,
3c46bd1c7ffb108d9b0fd0f03bd2d7ce646cc85cf3325c46c199b95acfc854db,2024-10,Northumbria Police,Northumbria Police,-1.599516,54.942067,On or near A167,E01008237,Gateshead 016D,Violence and sexual offences,Status update unavailable,
,2024-10,Northumbria Police,Northumbria Police,-1.598604,54.936502,On or near Clement Street,E01008238,Gateshead 016E,Anti-social behaviour,,
,2024-10,Northumbria Police,Northumbria Police,-1.596434,54.936476,On or near Kells Lane,E01008238,Gateshead 016E,Anti-social behaviour,,
6ab38a5c196de04ad8ce3232e53139518cf1b66ab2c3ba0090ea053e1ee5a3b6,2024-10,Northumbria Police,Northumbria Police,-1.597580,54.937442,On or near Beaconsfield Road,E01008238,Gateshead 016E,Possession of weapons,Awaiting court outcome,
5f048b7c6901c09b8b2fa742c7863de6efdd9fb6047088663d896fab1646c799,2024-10,Northumbria Police,Northumbria Police,-1.597580,54.937442,On or near Beaconsfield Road,E01008238,Gateshead 016E,Public order,Investigation complete; no suspect identified,
7f7098c9a797d0142de65a41bcb8b5d18a64d3fbd157f79b421bf2296f19ef2b,2024-10,Northumbria Police,Northumbria Police,-1.595637,54.935036,On or near Robson Street,E01008238,Gateshead 016E,Violence and sexual offences,Investigation complete; no suspect identified,
,2024-10,Northumbria Police,Northumbria Police,-1.685118,54.942373,On or near Friarside Gardens,E01008267,Gateshead 017A,Anti-social behaviour,,
,2024-10,Northumbria Police,Northumbria Police,-1.673396,54.946089,On or near School Lane,E01008267,Gateshead 017A,Anti-social behaviour,,
,2024-10,Northumbria Police,Northumbria Police,-1.673396,54.946089,On or near School Lane,E01008267,Gateshead 017A,Anti-social behaviour,,
,2024-10,Northumbria Police,Northumbria Police,-1.676719,54.944373,On or near Rectory Lane,E01008267,Gateshead 017A,Anti-social behaviour,,
,2024-10,Northumbria Police,Northumbria Police,-1.675284,54.946184,On or near Church Chare,E01008267,Gateshead 017A,Anti-social behaviour,,
,2024-10,Northumbria Police,Northumbria Police,-1.683662,54.942863,On or near Lavender Road,E01008267,Gateshead 017A,Anti-social behaviour,,
e92589d3994777543314fb7ea475ced17dcc4ac217c81a094a6591a668a91f29,2024-10,Northumbria Police,Northumbria Police,-1.675284,54.946184,On or near Church Chare,E01008267,Gateshead 017A,Burglary,Investigation complete; no suspect identified,
fa26e569a07d7350950a6f7b739dc515869b1280bd06e893378dca82735293ab,2024-10,Northumbria Police,Northumbria Police,-1.684391,54.941499,On or near Firtree Road,E01008267,Gateshead 017A,Criminal damage and arson,Investigation complete; no suspect identified,
d69ae2fcd7d47337dbc2da6b7dd025610533fd3dfe52c58cc6d8b6d1f2b75f03,2024-10,Northumbria Police,Northumbria Police,-1.675284,54.946184,On or near Church Chare,E01008267,Gateshead 017A,Drugs,Status update unavailable,
7b1a667e9a131ccc2a24d40f73c55cd1bcab8ce7a4f5ba58b2e100b6102403e2,2024-10,Northumbria Police,Northumbria Police,-1.677556,54.939325,On or near The Copse,E01008267,Gateshead 017A,Other theft,Investigation complete; no suspect identified,
76bbbb8c078710fb85d87a86f24656664a1e6ecfe835c195344a640e5f777485,2024-10,Northumbria Police,Northumbria Police,-1.685827,54.941539,On or near Runnymede Road,E01008267,Gateshead 017A,Public order,Status update unavailable,
f9cc9a838193675f8514040cf403008e53ef15fa87bb5ffbc21dcf1343ea93f7,2024-10,Northumbria Police,Northumbria Police,-1.673396,54.946089,On or near School Lane,E01008267,Gateshead 017A,Violence and sexual offences,Investigation complete; no suspect identified,
444eaf860b96c849939b8c946bde85bbb6c7ddeb5f00acb7e149393488da8a94,2024-10,Northumbria Police,Northumbria Police,-1.676719,54.944373,On or near Rectory Lane,E01008267,Gateshead 017A,Violence and sexual offences,Status update unavailable,
6cb20fb6d68ae8d244cb9ddeab30292eed38e5ea2347d30e951c135ed33ff20b,2024-10,Northumbria Police,Northumbria Police,-1.678656,54.940289,On or near Oakfield Avenue,E01008269,Gateshead 017B,Criminal damage and arson,Status update unavailable,
6d5fb93c0af2302aedfef85f7e1bd0c03d92ce547d292f247828452f9520bb09,2024-10,Northumbria Police,Northumbria Police,-1.684799,54.937196,On or near Dissington Place,E01008270,Gateshead 017C,Shoplifting,Investigation complete; no suspect identified,
d24c41fbab24d0fa244ee0434fff2a2524eb0534b685a48971a52efa511f8fac,2024-10,Northumbria Police,Northumbria Police,-1.684799,54.937196,On or near Dissington Place,E01008270,Gateshead 017C,Shoplifting,Investigation complete; no suspect identified,
,2024-10,Northumbria Police,Northumbria Police,-1.693110,54.938241,On or near Supermarket,E01008271,Gateshead 017D,Anti-social behaviour,,
a780ab5d1df534f229cd248aaa6fd0e1a7b9366910fe7444c33ba801143f548c,2024-10,Northumbria Police,Northumbria Police,-1.699623,54.935679,On or near Springsyde Close,E01008271,Gateshead 017D,Other theft,Investigation complete; no suspect identified,
3c924ae8801a2a4bc2ebcc1eb49dc01d71757275df27eb52e6aab02ce649dbc9,2024-10,Northumbria Police,Northumbria Police,-1.693110,54.938241,On or near Supermarket,E01008271,Gateshead 017D,Shoplifting,Investigation complete; no suspect identified,
2d44dda1c3bda866fa7639de96ed9278cecd4290568beeec63fb3df1c1c69f8e,2024-10,Northumbria Police,Northumbria Police,-1.693110,54.938241,On or near Supermarket,E01008271,Gateshead 017D,Shoplifting,Investigation complete; no suspect identified,
b624d486ea9a482a99451c139d555e8043512ee0b491d2bdd85b5d68bc4b6bc5,2024-10,Northumbria Police,Northumbria Police,-1.693110,54.938241,On or near Supermarket,E01008271,Gateshead 017D,Shoplifting,Investigation complete; no suspect identified,
9cd11b35bf16f19652dcd6a5b4fc794de2fbb6e6a0057d06cf6755603c78bede,2024-10,Northumbria Police,Northumbria Police,-1.681030,54.938255,On or near Greystoke Gardens,E01008275,Gateshead 017E,Burglary,Investigation complete; no suspect identified,
a9253102783502ce3c1e4dccbe54e8eb2aa50f3452d532c18398c3c5b6b9705e,2024-10,Northumbria Police,Northumbria Police,-1.694467,54.942567,On or near Ingleside,E01008275,Gateshead 017E,Criminal damage and arson,Investigation complete; no suspect identified,
2db0e56d9c9b03fa7f1559c26c064d79a39e207b288e04b8872b00f085b1e767,2024-10,Northumbria Police,Northumbria Police,-1.684023,54.938668,On or near Elsdon Court,E01008275,Gateshead 017E,Public order,Status update unavailable,
a77f75e632537d32c0f8fafddfe62db7ccb3a101d06dc1873ddce50ee3033cd6,2024-10,Northumbria Police,Northumbria Police,-1.684023,54.938668,On or near Elsdon Court,E01008275,Gateshead 017E,Public order,Status update unavailable,
29c4d873b7bcf0cfcd4f056af4b2fa573737f90be487a1159d402ca93a7056e3,2024-10,Northumbria Police,Northumbria Police,-1.694161,54.939619,On or near Oakham Avenue,E01008275,Gateshead 017E,Violence and sexual offences,Investigation complete; no suspect identified,
0fe243d7d0e0875542833b6abffa63cafe197563236c3aa038a7aed09baca8d2,2024-10,Northumbria Police,Northumbria Police,-1.689065,54.938654,On or near Allerton Place,E01008275,Gateshead 017E,Violence and sexual offences,Status update unavailable,
15b4a2fc17fbdf957edcd84ca4fcc5f7682ad6d1512b62c53282c21f3a46c29c,2024-10,Northumbria Police,Northumbria Police,-1.690288,54.939888,On or near Fellside Road,E01008275,Gateshead 017E,Violence and sexual offences,Status update unavailable,
16849b02127056e8bc5821c25110493ec776844c6d854816d24b1d68b6f794da,2024-10,Northumbria Police,Northumbria Police,-1.684023,54.938668,On or near Elsdon Court,E01008275,Gateshead 017E,Violence and sexual offences,Status update unavailable,
5a5a397c18cea440111e30804ffa3012962f4bbb40b0a8396635d45aaa2a61bd,2024-10,Northumbria Police,Northumbria Police,-1.555193,54.944079,On or near Colegate West,E01008229,Gateshead 018A,Public order,Status update unavailable,
c73ddd2dd1d1af8d382d3fe1053a5e609e5ef0b8f610079152eafb171ecd80f1,2024-10,Northumbria Police,Northumbria Police,-1.555193,54.944079,On or near Colegate West,E01008229,Gateshead 018A,Violence and sexual offences,Status update unavailable,
0b2eeafc2b1d65e656de45587b4e8275984b94251788b5b5281de3f4ef783a40,2024-10,Northumbria Police,Northumbria Police,-1.573698,54.940533,On or near Sea View,E01008229,Gateshead 018A,Violence and sexual offences,Status update unavailable,
,2024-10,Northumbria Police,Northumbria Police,-1.570695,54.936667,On or near Campion Gardens,E01008230,Gateshead 018B,Anti-social behaviour,,
,2024-10,Northumbria Police,Northumbria Police,-1.572935,54.937403,On or near Coltsfoot Gardens,E01008230,Gateshead 018B,Anti-social behaviour,,
f8859ea18026d6c8d7263c58d9bed34f7e01e6fbbfd5cac64b8edb7870c57905,2024-10,Northumbria Police,Northumbria Police,-1.568939,54.941855,On or near Cheviot View,E01008230,Gateshead 018B,Drugs,Status update unavailable,
9859f09d9892b964df844032faa45859e68d63174eb4228705229e9fa03340e2,2024-10,Northumbria Police,Northumbria Police,-1.574897,54.943727,On or near Windy Ridge Villas,E01008230,Gateshead 018B,Other theft,Investigation complete; no suspect identified,
bb5fa185b94807eb695edb159cdbabe1cb4d20e5699756940494bd6351162a5c,2024-10,Northumbria Police,Northumbria Police,-1.574803,54.939395,On or near Crossfield Park,E01008230,Gateshead 018B,Vehicle crime,Investigation complete; no suspect identified,
504eaaee6f164f666d6cdbfc4a285bf67143d4be50cfb41ada5ab3ee504504a5,2024-10,Northumbria Police,Northumbria Police,-1.574803,54.939395,On or near Crossfield Park,E01008230,Gateshead 018B,Vehicle crime,Investigation complete; no suspect identified,
837358b552991bf1c7964e08c870a86f4f7e7ab6a385ed26a57244796673b261,2024-10,Northumbria Police,Northumbria Police,-1.574803,54.939395,On or near Crossfield Park,E01008230,Gateshead 018B,Violence and sexual offences,Investigation complete; no suspect identified,
a95b46e2c89966ea0dfc862b0771a4d138b1acdfd4b044550a8792de875da512,2024-10,Northumbria Police,Northumbria Police,-1.569364,54.944381,On or near Squires Gardens,E01008230,Gateshead 018B,Violence and sexual offences,Status update unavailable,
1b9a6d677cab5a667484aa1d735a2e473d6832d7957aed1275457deb1f4af926,2024-10,Northumbria Police,Northumbria Police,-1.572935,54.937403,On or near Coltsfoot Gardens,E01008230,Gateshead 018B,Violence and sexual offences,Investigation complete; no suspect identified,
f1bc9c870da3e3e2f9088ba498b432c8bce815a294f48655c258fde6b667f24f,2024-10,Northumbria Police,Northumbria Police,-1.572935,54.937403,On or near Coltsfoot Gardens,E01008230,Gateshead 018B,Violence and sexual offences,Status update unavailable,
,2024-10,Northumbria Police,Northumbria Police,-1.552679,54.935703,On or near Wealcroft,E01008232,Gateshead 018C,Anti-social behaviour,,
40dac04af44826205ccb7b6a6e697c5d3bc2b5bcacecefb2c04ec83c99aa6118,2024-10,Northumbria Police,Northumbria Police,-1.556419,54.934800,On or near Staneway,E01008232,Gateshead 018C,Criminal damage and arson,Investigation complete; no suspect identified,
e85dfe0338bd708dfe0aeccc17b1fc2b7f7e230b01741be77498fc83f369aff4,2024-10,Northumbria Police,Northumbria Police,-1.561539,54.934675,On or near White Oaks,E01008232,Gateshead 018C,Other theft,Investigation complete; no suspect identified,
d17778657586675fda88e10d3e32f65713efa642d02a7b514f31a406df3b6f88,2024-10,Northumbria Police,Northumbria Police,-1.561539,54.934675,On or near White Oaks,E01008232,Gateshead 018C,Possession of weapons,Investigation complete; no suspect identified,
dcdef43f591d45a25605b9daf3e1255ba2309eae4760f23882e6dc77d56fe041,2024-10,Northumbria Police,Northumbria Police,-1.558380,54.933873,On or near Oakwood,E01008232,Gateshead 018C,Robbery,Investigation complete; no suspect identified,
a80b33e3bf4b0f6bb0b30e84d18457a7d2e97e2e6841fa04f33bba2e18f8dd57,2024-10,Northumbria Police,Northumbria Police,-1.558380,54.933873,On or near Oakwood,E01008232,Gateshead 018C,Shoplifting,Status update unavailable,
446a21f8a1ec65d6edb42801b306d44cba03fdbcb166bc5c814fdde6cf28fc67,2024-10,Northumbria Police,Northumbria Police,-1.558380,54.933873,On or near Oakwood,E01008232,Gateshead 018C,Shoplifting,Investigation complete; no suspect identified,
7e5d3df7d1ebf150bb808f8585525a33395e9c6327b225a239f3234dc232eedc,2024-10,Northumbria Police,Northumbria Police,-1.556719,54.935862,On or near Felldyke,E01008232,Gateshead 018C,Violence and sexual offences,Status update unavailable,
8c139c4edd8edb463fc2e21328e031e9e98a7488308edf5f506d098d4aae14bf,2024-10,Northumbria Police,Northumbria Police,-1.555656,54.934618,On or near Kellsway,E01008232,Gateshead 018C,Violence and sexual offences,Status update unavailable,
027770edd718c8e3afd540a607dac8e3ba910c4910de426b89fbcd15809c0738,2024-10,Northumbria Police,Northumbria Police,-1.554832,54.935729,On or near Whittleburn,E01008232,Gateshead 018C,Violence and sexual offences,Status update unavailable,
1dd3ad58d83b8900cb07bd67a15790f54f8095c420507159754060b34f651c5f,2024-10,Northumbria Police,Northumbria Police,-1.555656,54.934618,On or near Kellsway,E01008232,Gateshead 018C,Violence and sexual offences,Status update unavailable,
22012903a6c3f5164d9455eaef41d491a4cbd573d3e7a83f44166d85dafd2533,2024-10,Northumbria Police,Northumbria Police,-1.561539,54.934675,On or near White Oaks,E01008232,Gateshead 018C,Violence and sexual offences,Investigation complete; no suspect identified,
6aa99db787c66a7fc9eb1cb804d12e722a711010ba594a8e34058ae814d93b91,2024-10,Northumbria Police,Northumbria Police,-1.555656,54.934618,On or near Kellsway,E01008232,Gateshead 018C,Violence and sexual offences,Status update unavailable,
4badf686df434e1ae74d6855122c5699de3c39798c50d4e31dcfc23c354e5faa,2024-10,Northumbria Police,Northumbria Police,-1.558380,54.933873,On or near Oakwood,E01008232,Gateshead 018C,Other crime,Status update unavailable,
,2024-10,Northumbria Police,Northumbria Police,-1.566871,54.936734,On or near Whitehill Drive,E01008233,Gateshead 018D,Anti-social behaviour,,
,2024-10,Northumbria Police,Northumbria Police,-1.560228,54.936117,On or near Planesway,E01008233,Gateshead 018D,Anti-social behaviour,,
86490bbf27035e42c9d923984298bbe19bf0da489681d6a09282839a76b9a3f5,2024-10,Northumbria Police,Northumbria Police,-1.562875,54.936747,On or near Firtrees,E01008233,Gateshead 018D,Criminal damage and arson,Status update unavailable,
c3af0a51e9f283c0e18a1185cc6e660abb379f430d62b5c22de18c860a4b8835,2024-10,Northumbria Police,Northumbria Police,-1.564499,54.938074,On or near Celandine Way,E01008233,Gateshead 018D,Violence and sexual offences,Status update unavailable,
c90421c8e7be8ae92dafccb0efe3cae445c593836fe6e3ed4ada2ade0ad2b821,2024-10,Northumbria Police,Northumbria Police,-1.564499,54.938074,On or near Celandine Way,E01008233,Gateshead 018D,Violence and sexual offences,Status update unavailable,
bd983ed7273e1ef4d4a45dfa12cbc554a40a85ca9cb68b2a12d69010371373a6,2024-10,Northumbria Police,Northumbria Police,-1.566891,54.937768,On or near Dykes Way,E01008233,Gateshead 018D,Violence and sexual offences,Status update unavailable,
100c7757815d3f9760d822dddd3447531dee5cfc6e66dc09bc41f55ca5e55d0b,2024-10,Northumbria Police,Northumbria Police,-1.562875,54.936747,On or near Firtrees,E01008233,Gateshead 018D,Other crime,Status update unavailable,
,2024-10,Northumbria Police,Northumbria Police,-1.552270,54.934552,On or near Lecondale,E01008285,Gateshead 018E,Anti-social behaviour,,
1ae8db7ded47bb1eea834e36782938ce21e021e770364579aa7976b4e78e4b22,2024-10,Northumbria Police,Northumbria Police,-1.549270,54.933480,On or near Claypath,E01008285,Gateshead 018E,Burglary,Status update unavailable,
de2a22daf109c5c247defd00e6f36a4ad06aa2e4d259b6f5695c8aa192bf5187,2024-10,Northumbria Police,Northumbria Police,-1.553380,54.931833,On or near Sports/Recreation Area,E01008285,Gateshead 018E,Criminal damage and arson,Investigation complete; no suspect identified,
0f7f8dc9d37bc74fbfba42b8d01feab3da48c0d1a5dcbfaece33d89a1f6e779c,2024-10,Northumbria Police,Northumbria Police,-1.547857,54.937051,On or near Belmont,E01008285,Gateshead 018E,Criminal damage and arson,Investigation complete; no suspect identified,
82dedc2d5a915704d43d476120eb320ec17717a8d10c179fc78ebf50dba6a3c3,2024-10,Northumbria Police,Northumbria Police,-1.552270,54.934552,On or near Lecondale,E01008285,Gateshead 018E,Criminal damage and arson,Investigation complete; no suspect identified,
32d7abce7618dc4c447d6023817623bcbbb02153cf374f3869ed1d60a96630c2,2024-10,Northumbria Police,Northumbria Police,-1.553380,54.931833,On or near Sports/Recreation Area,E01008285,Gateshead 018E,Violence and sexual offences,Investigation complete; no suspect identified,
ad4cd73e6b7ac3e7622cf44d6db5e5529c7f76b86cfcbb0411d45dea2a0a7c31,2024-10,Northumbria Police,Northumbria Police,-1.550476,54.934518,On or near Rickgarth,E01008285,Gateshead 018E,Violence and sexual offences,Investigation complete; no suspect identified,
ec3aa139c82d4cd8877f082675d7dc195c86a69cb79ee8117c923d7238a97492,2024-10,Northumbria Police,Northumbria Police,-1.549270,54.933480,On or near Claypath,E01008285,Gateshead 018E,Violence and sexual offences,Status update unavailable,
62071654d1a4ecdba94b2b774495a90fdbd20ac99495e7538bcbc5956e298cef,2024-10,Northumbria Police,Northumbria Police,-1.551221,54.934871,On or near Glynfellis,E01008285,Gateshead 018E,Violence and sexual offences,Status update unavailable,
116d3c32a2de97b6cda1f59eb64b736d4ba4a7af556f12eb5f930f2aaf99ce47,2024-10,Northumbria Police,Northumbria Police,-1.553380,54.931833,On or near Sports/Recreation Area,E01008285,Gateshead 018E,Violence and sexual offences,Status update unavailable,
553b2f614380cf681258eb08666acdc11f8db3b16574fbdc2d6aa1faecaa7ddc,2024-10,Northumbria Police,Northumbria Police,-1.553380,54.931833,On or near Sports/Recreation Area,E01008285,Gateshead 018E,Violence and sexual offences,Status update unavailable,
4af5f09853e4fa2d0acf7c890306e0f9355db1190610f4d0bd5696f65023bae9,2024-10,Northumbria Police,Northumbria Police,-1.553380,54.931833,On or near Sports/Recreation Area,E01008285,Gateshead 018E,Violence and sexual offences,Status update unavailable,
,2024-10,Northumbria Police,Northumbria Police,-1.632457,54.934793,On or near Redwood Gardens,E01008256,Gateshead 019A,Anti-social behaviour,,
,2024-10,Northumbria Police,Northumbria Police,-1.632369,54.935818,On or near Hollywood Gardens,E01008256,Gateshead 019A,Anti-social behaviour,,
35a63374273843fe350b21458be6c649d73f154d23c0204249f5f6fc08f00bb0,2024-10,Northumbria Police,Northumbria Police,-1.634760,54.935564,On or near Greenwood Gardens,E01008256,Gateshead 019A,Criminal damage and arson,Investigation complete; no suspect identified,
e8d2cde2233f2aac76c2157154b949d012d21a5ecce8a8caa1628f20360b9ccd,2024-10,Northumbria Police,Northumbria Police,-1.632599,54.936330,On or near Larchwood Gardens,E01008256,Gateshead 019A,Drugs,Investigation complete; no suspect identified,
98668cbb014f7d6f308cf8ccf32e5e88b36c47a53356deb51086e3d212090480,2024-10,Northumbria Police,Northumbria Police,-1.632599,54.936330,On or near Larchwood Gardens,E01008256,Gateshead 019A,Other theft,Status update unavailable,
fadb5e4d583e1b09c52a6a6e43a041a11d87cf017c551ac573644dd6817878ad,2024-10,Northumbria Police,Northumbria Police,-1.633224,54.934508,On or near Silverwood Gardens,E01008256,Gateshead 019A,Other theft,Status update unavailable,
50389778dde06c1adf0528c9b26ccb2c3ef122d287c510c2436cca0b40bf7c05,2024-10,Northumbria Police,Northumbria Police,-1.632457,54.934793,On or near Redwood Gardens,E01008256,Gateshead 019A,Public order,Investigation complete; no suspect identified,
ecdce0cbdd10066ebb46e7ade9f9a3b745a51c8921ce3960e984bf8a951bc1dd,2024-10,Northumbria Police,Northumbria Police,-1.640811,54.937748,On or near Consett Road,E01008256,Gateshead 019A,Violence and sexual offences,Status update unavailable,
,2024-10,Northumbria Police,Northumbria Police,-1.635619,54.940572,On or near Oakfield Road,E01008260,Gateshead 019B,Anti-social behaviour,,
,2024-10,Northumbria Police,Northumbria Police,-1.633967,54.943757,On or near Chiltern Gardens,E01008260,Gateshead 019B,Anti-social behaviour,,
dcede19c8c9f4f85fc8ac504228aacd760355ec2f51b9e7173f145aa7247b328,2024-10,Northumbria Police,Northumbria Police,-1.632321,54.939412,On or near Elmwood Gardens,E01008260,Gateshead 019B,Criminal damage and arson,Status update unavailable,
08df76d5ca295efa4a828829193acb27c04db0248ced76425c6e96d17f6a8187,2024-10,Northumbria Police,Northumbria Police,-1.626960,54.943592,On or near Peacock Court,E01008260,Gateshead 019B,Other theft,Investigation complete; no suspect identified,
3804a30efdf8fc03a1ebf61f4a9ce8927a1df8ae02e9f8dea7650d474d50347e,2024-10,Northumbria Police,Northumbria Police,-1.633374,54.938615,On or near Thornwood Gardens,E01008260,Gateshead 019B,Other theft,Investigation complete; no suspect identified,
6efa570dcd7dae979a98d78f8cbcfc0f00d49a9d8c980958ccec33f64ec7f27f,2024-10,Northumbria Police,Northumbria Police,-1.626960,54.943592,On or near Peacock Court,E01008260,Gateshead 019B,Vehicle crime,Investigation complete; no suspect identified,
9a97ef9605179915aa7c2e708d2a371fb26c5814cc834051f1ceacefb0ee9807,2024-10,Northumbria Police,Northumbria Police,-1.632321,54.939412,On or near Elmwood Gardens,E01008260,Gateshead 019B,Vehicle crime,Investigation complete; no suspect identified,
33bf39e503b95b15b8b761e6b1e6835a6bf8326155d9698fb96c51bf331bf966,2024-10,Northumbria Police,Northumbria Police,-1.628528,54.942779,On or near Camberwell Close,E01008260,Gateshead 019B,Violence and sexual offences,Status update unavailable,
44692dd69b8012e87f0ff9a7c34064b9ea07b6a77d01cba8f8f4dd392da2268b,2024-10,Northumbria Police,Northumbria Police,-1.628528,54.942779,On or near Camberwell Close,E01008260,Gateshead 019B,Violence and sexual offences,Status update unavailable,
fc50ce067db81c7f4164f54f70621b51787ae0c31c6b44255d19f894800feb27,2024-10,Northumbria Police,Northumbria Police,-1.628528,54.942779,On or near Camberwell Close,E01008260,Gateshead 019B,Violence and sexual offences,Status update unavailable,
60afbe07051749d32d638878058a9edac613ca6399d1bc1b8ca7a4fe6c357ea5,2024-10,Northumbria Police,Northumbria Police,-1.626960,54.943592,On or near Peacock Court,E01008260,Gateshead 019B,Violence and sexual offences,Status update unavailable,
5e1ebae17c60ec89674e8668ef9814cffa17ef4a34b00164ae576e4ab8e9d0e6,2024-10,Northumbria Police,Northumbria Police,-1.626960,54.943592,On or near Peacock Court,E01008260,Gateshead 019B,Violence and sexual offences,Status update unavailable,
9aeeb32a19b22655c74be8e64ce26a4c2a1db5acb823180707520c2ab0a3e380,2024-10,Northumbria Police,Northumbria Police,-1.636533,54.939658,On or near A692,E01008261,Gateshead 019C,Burglary,Investigation complete; no suspect identified,
d06983990499f6050e4843ecfe7f23e0317495f316c1ea718ff269cc5f5bb605,2024-10,Northumbria Police,Northumbria Police,-1.638784,54.944500,On or near Moorfoot Gardens,E01008261,Gateshead 019C,Criminal damage and arson,Status update unavailable,
8cd92e3768d18fdf5397f8b832e5f4df0e95eab5c816dd7b6a3355c310f71653,2024-10,Northumbria Police,Northumbria Police,-1.638306,54.942171,On or near Malvern Gardens,E01008261,Gateshead 019C,Public order,Status update unavailable,
fa9358c34ffea2a4c84da0e33daa187a8315dc2d7f72cb93c78828a9c6808a79,2024-10,Northumbria Police,Northumbria Police,-1.638784,54.944500,On or near Moorfoot Gardens,E01008261,Gateshead 019C,Violence and sexual offences,Status update unavailable,
b2435db07c439011750e593cafbbb256c449940551292c6434fca6723ba3fe4f,2024-10,Northumbria Police,Northumbria Police,-1.638784,54.944500,On or near Moorfoot Gardens,E01008261,Gateshead 019C,Violence and sexual offences,Status update unavailable,
b82d8ce3dc3ab364363e70973dc97fdf25af18891299b443d373b3776f4e80d0,2024-10,Northumbria Police,Northumbria Police,-1.637153,54.941880,On or near Scafell Gardens,E01008261,Gateshead 019C,Violence and sexual offences,Status update unavailable,
b7f6c451af66a296f4ac87d14d1095fa84ee39206d2a87aeb9457ebe9523ad7f,2024-10,Northumbria Police,Northumbria Police,-1.637992,54.944093,On or near Cheviot Gardens,E01008261,Gateshead 019C,Violence and sexual offences,Status update unavailable,
dfc8232624cf92118e13b1b049b2d4a3649386f9ac21dd51d67c0031902134d4,2024-10,Northumbria Police,Northumbria Police,-1.636533,54.939658,On or near A692,E01008261,Gateshead 019C,Violence and sexual offences,Investigation complete; no suspect identified,
fc82ba7db16cf1cef0df1872c167ca4f7601a256b991de11ad5b7771d70a37b9,2024-10,Northumbria Police,Northumbria Police,-1.638784,54.944500,On or near Moorfoot Gardens,E01008261,Gateshead 019C,Violence and sexual offences,Status update unavailable,
,2024-10,Northumbria Police,Northumbria Police,-1.675194,54.922514,On or near Gateshead Road,E01008272,Gateshead 019E,Anti-social behaviour,,
,2024-10,Northumbria Police,Northumbria Police,-1.675194,54.922514,On or near Gateshead Road,E01008272,Gateshead 019E,Anti-social behaviour,,
,2024-10,Northumbria Police,Northumbria Police,-1.668333,54.923906,On or near Iris Walk,E01008272,Gateshead 019E,Anti-social behaviour,,
,2024-10,Northumbria Police,Northumbria Police,-1.677663,54.927903,On or near Hole Lane,E01008272,Gateshead 019E,Anti-social behaviour,,
8de4598c3eea5da3c90d7078e934ef0995f0171a1f6b46e67faed513e4a8bf13,2024-10,Northumbria Police,Northumbria Police,-1.675194,54.922514,On or near Gateshead Road,E01008272,Gateshead 019E,Shoplifting,Investigation complete; no suspect identified,
b94539a6e463cb81a4156ff894363ac86164543d7c5ce519ffd7ca2d410e2409,2024-10,Northumbria Police,Northumbria Police,-1.673881,54.922798,On or near Starling Walk,E01008272,Gateshead 019E,Violence and sexual offences,Status update unavailable,
218cf912092948568b8834449022436bf58990d32fc4e46b095cdc69be0e08f3,2024-10,Northumbria Police,Northumbria Police,-1.675685,54.927431,On or near Granby Close,E01008272,Gateshead 019E,Violence and sexual offences,Status update unavailable,
74a9843f5bd7e75997f8fa675d84edb4a3e31f3fcece2429b6d1e29cdad94d1a,2024-10,Northumbria Police,Northumbria Police,-1.669841,54.924539,On or near Lilac Avenue,E01008272,Gateshead 019E,Violence and sexual offences,Status update unavailable,
,2024-10,Northumbria Police,Northumbria Police,-1.704422,54.913332,On or near Lobleyhill Road,E01008273,Gateshead 019F,Anti-social behaviour,,
95c2b5fc8d30ea133d71480a45f9be5a7ae2cde559983ce346e99ad60c2308bb,2024-10,Northumbria Police,Northumbria Police,-1.680398,54.927299,On or near Coanwood Way,E01008273,Gateshead 019F,Possession of weapons,Status update unavailable,
5af84e0eae962d97eeba4663836b9676c14dfbee4967ec8c63d72d3e7b618dea,2024-10,Northumbria Police,Northumbria Police,-1.680398,54.927299,On or near Coanwood Way,E01008273,Gateshead 019F,Violence and sexual offences,Court result unavailable,
93eb678437dff879aef46923d5dfb0611c35f5e607edf33e1ff00d7485262ad8,2024-10,Northumbria Police,Northumbria Police,-1.680398,54.927299,On or near Coanwood Way,E01008273,Gateshead 019F,Violence and sexual offences,Court result unavailable,
c94bf7c3e538e933dabade162716c549313fb91a51021ca1203ee86391e229e4,2024-10,Northumbria Police,Northumbria Police,-1.680398,54.927299,On or near Coanwood Way,E01008273,Gateshead 019F,Violence and sexual offences,Court result unavailable,
8cb9a325f2b709eb179658fbd260365b7c94a14c6742619ff5fccbb5cf22665f,2024-10,Northumbria Police,Northumbria Police,-1.681799,54.915935,On or near St Cuthberts Park,E01008273,Gateshead 019F,Violence and sexual offences,Status update unavailable,
,2024-10,Northumbria Police,Northumbria Police,-1.679004,54.924088,On or near Prinn Place,E01008274,Gateshead 019G,Anti-social behaviour,,
,2024-10,Northumbria Police,Northumbria Police,-1.678266,54.924697,On or near Neill Drive,E01008274,Gateshead 019G,Anti-social behaviour,,
,2024-10,Northumbria Police,Northumbria Police,-1.679004,54.924088,On or near Prinn Place,E01008274,Gateshead 019G,Anti-social behaviour,,
7495c86850822b4819a2e18ebc83dad931a92c898ffa210886506c26dfa26118,2024-10,Northumbria Police,Northumbria Police,-1.678389,54.926809,On or near Longwood Close,E01008274,Gateshead 019G,Criminal damage and arson,Investigation complete; no suspect identified,
6e3df5e79e90025969e0fd3e90ad78988bb146a48a02d2d86a417cc5a577a37b,2024-10,Northumbria Police,Northumbria Police,-1.679004,54.924088,On or near Prinn Place,E01008274,Gateshead 019G,Public order,Investigation complete; no suspect identified,
7463fb03a3fc206ea8fa686ea0d5bf3ae0e4bf335da2377fd39fd511350deccf,2024-10,Northumbria Police,Northumbria Police,-1.682704,54.923837,On or near Clover Hill,E01008274,Gateshead 019G,Violence and sexual offences,Status update unavailable,
5ea881ffd775f0009c1e728dced8654f220ae7d7f2deaf9add08f6804b76d0f9,2024-10,Northumbria Police,Northumbria Police,-1.682704,54.923837,On or near Clover Hill,E01008274,Gateshead 019G,Violence and sexual offences,Status update unavailable,
e343d032e127fbfdfa315c85009b31a31fc0f4d6761b33e0409d3797746c3610,2024-10,Northumbria Police,Northumbria Police,-1.677856,54.923195,On or near Coronation Avenue,E01008274,Gateshead 019G,Violence and sexual offences,Status update unavailable,
4c348bfde33737a7ea731c0a2c14d0e5d6b36848b021392bfe7dad42ba9239b6,2024-10,Northumbria Police,Northumbria Police,-1.594308,54.927510,On or near Cedars Green,E01008193,Gateshead 020A,Vehicle crime,Status update unavailable,
5255984c2482a75ec91dd18ed53d0493bc8debc7e1af8b1dd7f73bba2768a836,2024-10,Northumbria Police,Northumbria Police,-1.598650,54.928657,On or near Sidmouth Road,E01008193,Gateshead 020A,Violence and sexual offences,Investigation complete; no suspect identified,
,2024-10,Northumbria Police,Northumbria Police,-1.595350,54.923182,On or near Weymouth Gardens,E01008194,Gateshead 020B,Anti-social behaviour,,
,2024-10,Northumbria Police,Northumbria Police,-1.595350,54.923182,On or near Weymouth Gardens,E01008194,Gateshead 020B,Anti-social behaviour,,
119c6131bff167d567546b65f504f03cfeda70b141830c9cf32f3b55c8f1cadb,2024-10,Northumbria Police,Northumbria Police,-1.595350,54.923182,On or near Weymouth Gardens,E01008194,Gateshead 020B,Criminal damage and arson,Investigation complete; no suspect identified,
3c24bc439fa097c211cba9e100f2ff8fd869e036788027da0e4cd7dd974715bd,2024-10,Northumbria Police,Northumbria Police,-1.595350,54.923182,On or near Weymouth Gardens,E01008194,Gateshead 020B,Criminal damage and arson,Investigation complete; no suspect identified,
e72e709ee22c61b967c11bd0a04584a0300dd72a020aa704f9e84f6383543214,2024-10,Northumbria Police,Northumbria Police,-1.595350,54.923182,On or near Weymouth Gardens,E01008194,Gateshead 020B,Vehicle crime,Investigation complete; no suspect identified,
51a58a6fb636b681d2f1c800408ebc708fb15c57cca6d6b020b7c3f4ecb922ad,2024-10,Northumbria Police,Northumbria Police,-1.600432,54.925275,On or near Cheddar Gardens,E01008194,Gateshead 020B,Violence and sexual offences,Investigation complete; no suspect identified,
d18004b35a23a834abdf7581dddfbbcaafb3c938b38d382c34be990eb77b991a,2024-10,Northumbria Police,Northumbria Police,-1.595002,54.925221,On or near Cromer Court,E01008194,Gateshead 020B,Violence and sexual offences,Investigation complete; no suspect identified,
27bf8e6df1d1190d4f70bd0c35c936aeb3ae54d8cb32b05cb13ca0e7c118657a,2024-10,Northumbria Police,Northumbria Police,-1.599388,54.923501,On or near St Austell Gardens,E01008194,Gateshead 020B,Violence and sexual offences,Status update unavailable,
5c1ad77ee857736202d5a975f467f4d55586f255e4416275cc7b799340178b6d,2024-10,Northumbria Police,Northumbria Police,-1.602939,54.930486,On or near Earlswood Park,E01008234,Gateshead 020C,Burglary,Investigation complete; no suspect identified,
fd35aa8ae090b0967e80af1fe85a41d5a3788a14357f5e9510817aeae5e19845,2024-10,Northumbria Police,Northumbria Police,-1.598007,54.933759,On or near Engine Lane,E01008234,Gateshead 020C,Burglary,Investigation complete; no suspect identified,
b484f76f94b0396fe675550d0772d3afa5386a06507465cfba3ae4736137ef31,2024-10,Northumbria Police,Northumbria Police,-1.599568,54.933656,On or near Forster Court,E01008234,Gateshead 020C,Criminal damage and arson,Status update unavailable,
f45357555ce3609995651b05a608ce3157beaae33b75ad51f333861f119e93fc,2024-10,Northumbria Police,Northumbria Police,-1.602939,54.930486,On or near Earlswood Park,E01008234,Gateshead 020C,Public order,Investigation complete; no suspect identified,
696a5d176afd3d4b0d1837d4815ca01c88c567953baa646edf532a2348d15a3f,2024-10,Northumbria Police,Northumbria Police,-1.605705,54.926945,On or near Cramond Court,E01008234,Gateshead 020C,Public order,Status update unavailable,
e31699b29173de97bad89a43aade638e4ae441db684734054db6e239314d4033,2024-10,Northumbria Police,Northumbria Police,-1.602401,54.931311,On or near Briermede Avenue,E01008234,Gateshead 020C,Vehicle crime,Investigation complete; no suspect identified,
d04518dc3802a9f7d1f01701b5786fe0f794be4f291240648d508e2b19e316a2,2024-10,Northumbria Police,Northumbria Police,-1.598189,54.931090,On or near Hutton Terrace,E01008234,Gateshead 020C,Violence and sexual offences,Court result unavailable,
e7ebdffe2ab7fdd069d84ed41281854e0b8e6f3bb3099b99d0b9d097d98e3c82,2024-10,Northumbria Police,Northumbria Police,-1.604864,54.933098,On or near Alverstone Avenue,E01008234,Gateshead 020C,Violence and sexual offences,Status update unavailable,
456c3f660d466b82b2b4a54e845dda1b073a76dfb68f39f63058f5508e0aaa42,2024-10,Northumbria Police,Northumbria Police,-1.605705,54.926945,On or near Cramond Court,E01008234,Gateshead 020C,Violence and sexual offences,Status update unavailable,
,2024-10,Northumbria Police,Northumbria Police,-1.599228,54.936459,On or near Elder Grove,E01008239,Gateshead 020D,Anti-social behaviour,,
8dfd56446428515b9c0ee93bd6141ce94f905ff1885bb5e68372d577ad4d4b51,2024-10,Northumbria Police,Northumbria Police,-1.601671,54.935649,On or near Westmorland Gardens,E01008239,Gateshead 020D,Burglary,Investigation complete; no suspect identified,
26569fc7a9fc57ea9b09b5ffe38c77352bdacd86ab5ade73c6b778347b7fac06,2024-10,Northumbria Police,Northumbria Police,-1.599660,54.933890,On or near Well Lane,E01008239,Gateshead 020D,Burglary,Investigation complete; no suspect identified,
c33d824b93e16be38a177e97bf9199cfbdaadd46ab1c82a5257a724c21da5621,2024-10,Northumbria Police,Northumbria Police,-1.599959,54.936794,On or near Edmund Place,E01008239,Gateshead 020D,Burglary,Status update unavailable,
fab915962046b7907d0175df8ecca65dbbcc92f42d257703a9e5be5ae214f9db,2024-10,Northumbria Police,Northumbria Police,-1.599228,54.936459,On or near Elder Grove,E01008239,Gateshead 020D,Burglary,Status update unavailable,
f7210db687c7e1c1b1fd0588e3ee763c4ec6a04b11d0029684af5d1788c3af10,2024-10,Northumbria Police,Northumbria Police,-1.599959,54.936794,On or near Edmund Place,E01008239,Gateshead 020D,Burglary,Status update unavailable,
c899a90a636c23c999893f54ff408356c7d6969878a4073e737a0b9f3bb938e7,2024-10,Northumbria Police,Northumbria Police,-1.599228,54.936459,On or near Elder Grove,E01008239,Gateshead 020D,Criminal damage and arson,Investigation complete; no suspect identified,
9575ce90b2889698aa6587abc96510a682bf52f879413da665d85fa4c612427f,2024-10,Northumbria Police,Northumbria Police,-1.599228,54.936459,On or near Elder Grove,E01008239,Gateshead 020D,Shoplifting,Suspect charged as part of another case,
4ae315f48f6b863eb1b800250c22ce5ba97ccffee89b1ceed44bca9805ac668f,2024-10,Northumbria Police,Northumbria Police,-1.599228,54.936459,On or near Elder Grove,E01008239,Gateshead 020D,Shoplifting,Status update unavailable,
6289c79ab9098e32d3ece922e6f308aa7dafa0ed20a6dddaaf7f5f7e085f2dff,2024-10,Northumbria Police,Northumbria Police,-1.599228,54.936459,On or near Elder Grove,E01008239,Gateshead 020D,Shoplifting,Investigation complete; no suspect identified,
40f2853913e870e7c601d7c2770433513b43e1728c4cae12b96aa21741e086ff,2024-10,Northumbria Police,Northumbria Police,-1.599307,54.934868,On or near Durham Road,E01008239,Gateshead 020D,Shoplifting,Investigation complete; no suspect identified,
d6623f2d816642b6ba7496951f8dc2d589486ed8cf17dae10585d9d4afa83f83,2024-10,Northumbria Police,Northumbria Police,-1.599228,54.936459,On or near Elder Grove,E01008239,Gateshead 020D,Shoplifting,Investigation complete; no suspect identified,
13c441ab7e8864d3875544b87e124f05d3ebfc83d9361aafb16285f3c7803f85,2024-10,Northumbria Police,Northumbria Police,-1.601041,54.936258,On or near Parking Area,E01008239,Gateshead 020D,Vehicle crime,Investigation complete; no suspect identified,
184cebcf5a71a6e709d810e7e7628b4944169ad952f5f451e25253bb766176e7,2024-10,Northumbria Police,Northumbria Police,-1.599307,54.934868,On or near Durham Road,E01008239,Gateshead 020D,Other crime,Status update unavailable,
,2024-10,Northumbria Police,Northumbria Police,-1.571593,54.930038,On or near Beamish Gardens,E01008218,Gateshead 021A,Anti-social behaviour,,
,2024-10,Northumbria Police,Northumbria Police,-1.564614,54.927425,On or near Eighton Terrace,E01008218,Gateshead 021A,Anti-social behaviour,,
5c4c1e3ed7fdf4d8340c2cc4aa381e0fb55fa7f4c2778cf21f94e148f564a5c0,2024-10,Northumbria Police,Northumbria Police,-1.571070,54.924932,On or near Chopwell Gardens,E01008218,Gateshead 021A,Criminal damage and arson,Offender given a caution,
bd0ee0fd7eb31d4e9daa5156c231477bd89131daff50e901be942d370fffa2b8,2024-10,Northumbria Police,Northumbria Police,-1.567623,54.929161,On or near Wingate Gardens,E01008218,Gateshead 021A,Criminal damage and arson,Investigation complete; no suspect identified,
dd988cd42e11a3d0233e855308c6c4479eccdf1108751d80604788c6a011c931,2024-10,Northumbria Police,Northumbria Police,-1.566042,54.928203,On or near Cleadon Gardens,E01008218,Gateshead 021A,Criminal damage and arson,Investigation complete; no suspect identified,
ef24c412cbec9f40a41c99ae4b8f9e35014ac916244bb4d9d9ff4d7cd0b58b46,2024-10,Northumbria Police,Northumbria Police,-1.569835,54.928082,On or near Burnmoor Gardens,E01008218,Gateshead 021A,Public order,Investigation complete; no suspect identified,
1486b6a00f8a927147c1135b9faf0ec00391443a1f214bc702691eadcf5c8d10,2024-10,Northumbria Police,Northumbria Police,-1.569508,54.929420,On or near Waldridge Gardens,E01008218,Gateshead 021A,Robbery,Investigation complete; no suspect identified,
de4ab210ffe81e10c8b9abc61d7e55003a8573f81e5cc6baf7afb3c33918bc4f,2024-10,Northumbria Police,Northumbria Police,-1.572513,54.928586,On or near Plawsworth Gardens,E01008218,Gateshead 021A,Violence and sexual offences,Investigation complete; no suspect identified,
be4d4aa0b9d08757fd9f7680fbbcc6814f46bcf182e0830bad0eb6b0ba075a4a,2024-10,Northumbria Police,Northumbria Police,-1.570026,54.926249,On or near Springwell Road,E01008218,Gateshead 021A,Violence and sexual offences,Status update unavailable,
cb1ce8bdf4acdba6e1ce21406ca266d84a09fc116ed8a2a0769c478db4bb8b13,2024-10,Northumbria Police,Northumbria Police,-1.571070,54.924932,On or near Chopwell Gardens,E01008218,Gateshead 021A,Violence and sexual offences,Investigation complete; no suspect identified,
dcc182cd6c9eb17294dddf319c994ab1233b1118f599d96ca1536b28020833ae,2024-10,Northumbria Police,Northumbria Police,-1.571773,54.927738,On or near Burnhope Gardens,E01008218,Gateshead 021A,Violence and sexual offences,Status update unavailable,
a757bf446a76549f324846a68b006e2ab8f67d9da80fc89bfde2b47354e7d484,2024-10,Northumbria Police,Northumbria Police,-1.570026,54.926249,On or near Springwell Road,E01008218,Gateshead 021A,Violence and sexual offences,Investigation complete; no suspect identified,
6cb96fc4674a56bdabc98216c6d8dc99967e852f3cfe72913fd57c370059ac6e,2024-10,Northumbria Police,Northumbria Police,-1.571773,54.927738,On or near Burnhope Gardens,E01008218,Gateshead 021A,Violence and sexual offences,Status update unavailable,
1bfd56caecdddb9ad467cdf6f0c15d3b6d20871c52577ba44029bef9235489c4,2024-10,Northumbria Police,Northumbria Police,-1.574548,54.926553,On or near Supermarket,E01008218,Gateshead 021A,Violence and sexual offences,Status update unavailable,
6dddb697c6679aeeb9c62b8996cdbc69c728b271b8349c3a281e5471c113c908,2024-10,Northumbria Police,Northumbria Police,-1.566903,54.927937,On or near Whitburn Gardens,E01008218,Gateshead 021A,Violence and sexual offences,Status update unavailable,
4221c229d0c745521eb32c351f88388316bdcd568c63592a9bf4d461e5d9b5cd,2024-10,Northumbria Police,Northumbria Police,-1.569835,54.928082,On or near Burnmoor Gardens,E01008218,Gateshead 021A,Violence and sexual offences,Status update unavailable,
2dfe12f23f32b5cf26347a0306bc3dc04b8ae359ebf2c28bb40b9d294a2517aa,2024-10,Northumbria Police,Northumbria Police,-1.570865,54.926531,On or near Marsden Grove,E01008218,Gateshead 021A,Violence and sexual offences,Status update unavailable,
56fe05ae1c9de74a4aa14d714a151fb89b60b931a94570bcddf888d50af4eedf,2024-10,Northumbria Police,Northumbria Police,-1.571070,54.924932,On or near Chopwell Gardens,E01008218,Gateshead 021A,Violence and sexual offences,Status update unavailable,
53c6ecc917900dac2dce39175771def9cc36df9ac43d36ae78f0817fd8f17d8e,2024-10,Northumbria Police,Northumbria Police,-1.571773,54.927738,On or near Burnhope Gardens,E01008218,Gateshead 021A,Other crime,Status update unavailable,
,2024-10,Northumbria Police,Northumbria Police,-1.574914,54.934714,On or near Parking Area,E01008220,Gateshead 021B,Anti-social behaviour,,
,2024-10,Northumbria Police,Northumbria Police,-1.581821,54.933902,On or near B1296,E01008220,Gateshead 021B,Anti-social behaviour,,
,2024-10,Northumbria Police,Northumbria Police,-1.581332,54.933921,On or near Sports/Recreation Area,E01008220,Gateshead 021B,Anti-social behaviour,,
,2024-10,Northumbria Police,Northumbria Police,-1.581332,54.933921,On or near Sports/Recreation Area,E01008220,Gateshead 021B,Anti-social behaviour,,
da19608aa545954b0c864da3c9f10d8ec03573bb53d347044549f55b98cc4241,2024-10,Northumbria Police,Northumbria Police,-1.574556,54.933167,On or near Harebell Road,E01008220,Gateshead 021B,Criminal damage and arson,Investigation complete; no suspect identified,
b7947b662952db4aacd1dc6b4328db35bd0f71b1ccf4af71fad35a6441ee5bbb,2024-10,Northumbria Police,Northumbria Police,-1.581821,54.933902,On or near B1296,E01008220,Gateshead 021B,Criminal damage and arson,Status update unavailable,
f47ce6efe9fb4899d1ff5ed8887e7826f73d37540278138189c34b3058f695ec,2024-10,Northumbria Police,Northumbria Police,-1.581332,54.933921,On or near Sports/Recreation Area,E01008220,Gateshead 021B,Criminal damage and arson,Investigation complete; no suspect identified,
537e7b9999357264f7d32606dde364da9392ffdb15c8cef192b506d3230dd786,2024-10,Northumbria Police,Northumbria Police,-1.574556,54.933167,On or near Harebell Road,E01008220,Gateshead 021B,Criminal damage and arson,Offender given a caution,
0ac03248582e3cab571b390a5c72deab9ea5657842266d0278254b8896f6865f,2024-10,Northumbria Police,Northumbria Police,-1.581332,54.933921,On or near Sports/Recreation Area,E01008220,Gateshead 021B,Criminal damage and arson,Investigation complete; no suspect identified,
8486099fe66101d57fe89f5a4a10ad9c33d546ac9e0546b87f3c03f5aca6c0b4,2024-10,Northumbria Police,Northumbria Police,-1.581821,54.933902,On or near B1296,E01008220,Gateshead 021B,Criminal damage and arson,Status update unavailable,
cec3926278a6ec93b297a8f0555b39ed96056bb4bedb60a15a4de166db41110b,2024-10,Northumbria Police,Northumbria Police,-1.574914,54.934714,On or near Parking Area,E01008220,Gateshead 021B,Vehicle crime,Status update unavailable,
b89675fe460c5ee1ec4469363034d96684a1cc4bc387c7464a05bdfd57a9f72d,2024-10,Northumbria Police,Northumbria Police,-1.581332,54.933921,On or near Sports/Recreation Area,E01008220,Gateshead 021B,Violence and sexual offences,Investigation complete; no suspect identified,
1f727a503234572215e8f93d45e92c472f3e66af697bc9406d00bea06473f744,2024-10,Northumbria Police,Northumbria Police,-1.574556,54.933167,On or near Harebell Road,E01008220,Gateshead 021B,Violence and sexual offences,Status update unavailable,
148c57e2f9c2fa495ca1504e6b28270d8f4ac1a90edae63e75426ad7bb65229d,2024-10,Northumbria Police,Northumbria Police,-1.574914,54.934714,On or near Parking Area,E01008220,Gateshead 021B,Violence and sexual offences,Investigation complete; no suspect identified,
972abf64f97e34fb51e723976b595cd63a889bbdd5839b0dbb2f065f85628976,2024-10,Northumbria Police,Northumbria Police,-1.586856,54.934530,On or near Southend Road,E01008221,Gateshead 021C,Burglary,Investigation complete; no suspect identified,
a994f298e51a956f1129546fe4e4fbb4dd41d0bee6d2415bb6a69aaa9384697e,2024-10,Northumbria Police,Northumbria Police,-1.588251,54.932339,On or near Supermarket,E01008221,Gateshead 021C,Burglary,Investigation complete; no suspect identified,
1472399ff5cbd8a25d37fe77636b15b263701db14adbfe8f2311216b6b599503,2024-10,Northumbria Police,Northumbria Police,-1.577946,54.929908,On or near Parking Area,E01008221,Gateshead 021C,Criminal damage and arson,Investigation complete; no suspect identified,
3e607bc06c6c3c109bb44b69f185183b695b18642d6773f5daa93fbf0ffc8932,2024-10,Northumbria Police,Northumbria Police,-1.576848,54.934819,On or near Hedgehope,E01008221,Gateshead 021C,Criminal damage and arson,Investigation complete; no suspect identified,
a6dab25395ab183e48cd792658332ce65aa35b22994c1aa5320fea7584d88671,2024-10,Northumbria Police,Northumbria Police,-1.577531,54.933698,On or near Sundew Road,E01008221,Gateshead 021C,Public order,Status update unavailable,
0ac258f7deeb5d6250253749cf82257187f507750d70425f385e76d8817d36ef,2024-10,Northumbria Police,Northumbria Police,-1.576848,54.934819,On or near Hedgehope,E01008221,Gateshead 021C,Public order,Status update unavailable,
d53a960b9c51a52f424e24d10e665376b51e51962afa998b367aeaa0ac77f120,2024-10,Northumbria Police,Northumbria Police,-1.588251,54.932339,On or near Supermarket,E01008221,Gateshead 021C,Shoplifting,Investigation complete; no suspect identified,
4745e3de588c9cf6547242286447559f896a5f355124e0ae1df34715d19f51ef,2024-10,Northumbria Police,Northumbria Police,-1.584580,54.932671,On or near Bowness Place,E01008221,Gateshead 021C,Vehicle crime,Investigation complete; no suspect identified,
5b705dd3e123f2381d75e5a1f701d26e67f66a26c741f450014cf5463ed79499,2024-10,Northumbria Police,Northumbria Police,-1.576848,54.934819,On or near Hedgehope,E01008221,Gateshead 021C,Vehicle crime,Investigation complete; no suspect identified,
e9f2173ca2ca7de303aefd262f8e5216875acbffcb8380f7a15c381d9456dbe2,2024-10,Northumbria Police,Northumbria Police,-1.584078,54.931465,On or near Torver Place,E01008221,Gateshead 021C,Violence and sexual offences,Investigation complete; no suspect identified,
658c3f28e86576f19f9247f2c847c624231a58f5973580475690625d1e7d5839,2024-10,Northumbria Police,Northumbria Police,-1.577531,54.933698,On or near Sundew Road,E01008221,Gateshead 021C,Violence and sexual offences,Status update unavailable,
455a016d7c08e4bb3f7f9b5cc26e153c5c604d9e4d9d67f8bb44e35bb7c3b85b,2024-10,Northumbria Police,Northumbria Police,-1.585267,54.929663,On or near Ulverston Gardens,E01008221,Gateshead 021C,Violence and sexual offences,Status update unavailable,
5bbe491fcd28043aba9df904d7c9e9043d0aea3f47124dd1a4ef66d44a8b18b1,2024-10,Northumbria Police,Northumbria Police,-1.585267,54.929663,On or near Ulverston Gardens,E01008221,Gateshead 021C,Violence and sexual offences,Status update unavailable,
ff6976ec1a770cfc9f563971325df314fd3ca99fa05551daa6e6c291c09ac4c9,2024-10,Northumbria Police,Northumbria Police,-1.577531,54.933698,On or near Sundew Road,E01008221,Gateshead 021C,Violence and sexual offences,Status update unavailable,
b6ea8b891a382be86eb25d9b5affe99c11d28895fc4fd9578d8970d5a20bce9e,2024-10,Northumbria Police,Northumbria Police,-1.577647,54.934535,On or near Cranesville,E01008221,Gateshead 021C,Violence and sexual offences,Investigation complete; no suspect identified,
83a44fc351f8a2c4a92f8853463f911b2c36bd24db24938c199f20d00656f892,2024-10,Northumbria Police,Northumbria Police,-1.584078,54.931465,On or near Torver Place,E01008221,Gateshead 021C,Violence and sexual offences,Status update unavailable,
e93d0368d0f5972e1bcfc2c6c681b4759d6276d54d36b6d7e7a4816042477810,2024-10,Northumbria Police,Northumbria Police,-1.576848,54.934819,On or near Hedgehope,E01008221,Gateshead 021C,Violence and sexual offences,Status update unavailable,
444da523243ad4188bec824080b46b18c2c1276ce9a3fb2e27dd10c4c5110ad2,2024-10,Northumbria Police,Northumbria Police,-1.576848,54.934819,On or near Hedgehope,E01008221,Gateshead 021C,Violence and sexual offences,Status update unavailable,
729e6c9a856e87c2995f8e2de6364e48782483bbfacb9816861a26f2a0035c4f,2024-10,Northumbria Police,Northumbria Police,-1.584085,54.930782,On or near Carnforth Gardens,E01008221,Gateshead 021C,Violence and sexual offences,Status update unavailable,
04b95648ebf93ec587ee58df7154dcaea9ea540b4fa0d01f5baf6f6425c9eedc,2024-10,Northumbria Police,Northumbria Police,-1.577531,54.933698,On or near Sundew Road,E01008221,Gateshead 021C,Violence and sexual offences,Status update unavailable,
09eb6148060644239d395501117372b16c1755a9a6422b7b49107d06da50fb9f,2024-10,Northumbria Police,Northumbria Police,-1.585267,54.929663,On or near Ulverston Gardens,E01008221,Gateshead 021C,Violence and sexual offences,Status update unavailable,
05a27d61f72385d42774fe480898b10bd2fb8ef7a01ab1c93b5982b591f18472,2024-10,Northumbria Police,Northumbria Police,-1.585267,54.929663,On or near Ulverston Gardens,E01008221,Gateshead 021C,Violence and sexual offences,Investigation complete; no suspect identified,
6bb8275d61f659c06f6ac0dbd31934a8a311069fb8c3856fdfc906565c512a17,2024-10,Northumbria Police,Northumbria Police,-1.582522,54.932538,On or near Penrith Gardens,E01008221,Gateshead 021C,Other crime,Status update unavailable,
a092e9bc52a6cfcb8b394259cba4d016ca9a5ff9f12b19a4c2bb4e649975b659,2024-10,Northumbria Police,Northumbria Police,-1.577531,54.933698,On or near Sundew Road,E01008221,Gateshead 021C,Other crime,Court result unavailable,
872385a6ceb3e0fb7a7bdddcb94d167f40c119d1a7ac5fa677db4b24933d141f,2024-10,Northumbria Police,Northumbria Police,-1.574221,54.924943,On or near Springwell Avenue,E01008225,Gateshead 021D,Criminal damage and arson,Investigation complete; no suspect identified,
547aa7caa6fde2a5a5d636e3d6fe31f4364a7038128b3c6207220b98fa98a526,2024-10,Northumbria Police,Northumbria Police,-1.573813,54.923720,On or near Finchale Gardens,E01008225,Gateshead 021D,Robbery,Local resolution,
5e656b03642939fc3650b1b37ab564de09d6e744924410a43058835ac1bb3261,2024-10,Northumbria Police,Northumbria Police,-1.573813,54.923720,On or near Finchale Gardens,E01008225,Gateshead 021D,Shoplifting,Investigation complete; no suspect identified,
d017221a581deb93782acc2abe1ce8aa40b4a11517a27bbf60bdb68c90715f95,2024-10,Northumbria Police,Northumbria Police,-1.574221,54.924943,On or near Springwell Avenue,E01008225,Gateshead 021D,Violence and sexual offences,Investigation complete; no suspect identified,
69ef68c8c0cf042ebecdaf15bae19c8bcaeceef8ecac3710e1eb986d2182ac3e,2024-10,Northumbria Police,Northumbria Police,-1.574221,54.924943,On or near Springwell Avenue,E01008225,Gateshead 021D,Violence and sexual offences,Status update unavailable,
fdb2c10fe9687ca3b5de19faf554ed8195f049d9282ea35ea0bfa0a6965e3df5,2024-10,Northumbria Police,Northumbria Police,-1.574221,54.924943,On or near Springwell Avenue,E01008225,Gateshead 021D,Violence and sexual offences,Investigation complete; no suspect identified,
89db83fb24a21860d6da6b2fd039f2e7352cbad2dba8107a69e423a6f2a1c01a,2024-10,Northumbria Police,Northumbria Police,-1.568270,54.921229,On or near Galloping Green Road,E01008225,Gateshead 021D,Violence and sexual offences,Status update unavailable,
f1e9cd5bf47df625f39a924e7cde561858b2e2af2e4ddade90ddeb8dae0a3d6c,2024-10,Northumbria Police,Northumbria Police,-1.566465,54.917817,On or near Sandy Lane,E01008225,Gateshead 021D,Violence and sexual offences,Status update unavailable,
2c1df402f0ae7374f7fbc23c6dbdcd38a141ddf1141078a022c101084cc23ea2,2024-10,Northumbria Police,Northumbria Police,-1.566082,54.917204,On or near Thomas Street,E01008225,Gateshead 021D,Violence and sexual offences,Investigation complete; no suspect identified,
3d63221f0b0574bfc6e578415078728344705bb2c262aaa35ab789e8a1f17282,2024-10,Northumbria Police,Northumbria Police,-1.573098,54.924939,On or near Seaton Gardens,E01008225,Gateshead 021D,Violence and sexual offences,Status update unavailable,
,2024-10,Northumbria Police,Northumbria Police,-1.561940,54.932268,On or near Aycliffe Crescent,E01008227,Gateshead 021E,Anti-social behaviour,,
,2024-10,Northumbria Police,Northumbria Police,-1.565682,54.929739,On or near Ryhope Gardens,E01008227,Gateshead 021E,Anti-social behaviour,,
7668fc7839f4ce449ddb1c057de166c5a21851e92349772599c2dcdacf8705e1,2024-10,Northumbria Police,Northumbria Police,-1.562772,54.928955,On or near Lanchester Avenue,E01008227,Gateshead 021E,Robbery,Investigation complete; no suspect identified,
5d018f9d64b9b78da4f876fd387bd907e133ac83fb628a12a2f9a1a58e4e9537,2024-10,Northumbria Police,Northumbria Police,-1.565119,54.928407,On or near Brandon Gardens,E01008227,Gateshead 021E,Vehicle crime,Investigation complete; no suspect identified,
448607978e93d64ca5ee610239b1dbb12e622164295ecf09a1b442d68ae807b0,2024-10,Northumbria Police,Northumbria Police,-1.563498,54.929623,On or near Medomsley Gardens,E01008227,Gateshead 021E,Violence and sexual offences,Investigation complete; no suspect identified,
3644ef599cc76f6235a1d67689b9f0b2b8b0f5daea8148425fe1b62909c8a8a5,2024-10,Northumbria Police,Northumbria Police,-1.561262,54.930028,On or near Aycliffe Avenue,E01008227,Gateshead 021E,Violence and sexual offences,Status update unavailable,
20e0b66c2baf7768a6ef7cd9e0034f4ffad1041ae5c8d079f8d62b592b739c25,2024-10,Northumbria Police,Northumbria Police,-1.565119,54.928407,On or near Brandon Gardens,E01008227,Gateshead 021E,Violence and sexual offences,Investigation complete; no suspect identified,
3dd55dddbd6923e9cc0b342c80305c1e8b852db505e833e00db26d8ab0244102,2024-10,Northumbria Police,Northumbria Police,-1.562807,54.931526,On or near Blackhill Crescent,E01008227,Gateshead 021E,Violence and sexual offences,Investigation complete; no suspect identified,
e44f1abe525758b936d4063159bd024e5a9644d17d20a4649827e573b50bbb2c,2024-10,Northumbria Police,Northumbria Police,-1.561262,54.930028,On or near Aycliffe Avenue,E01008227,Gateshead 021E,Violence and sexual offences,Investigation complete; no suspect identified,
9b2249a4f61a61ea4f27d4e15f0f9333f4a4adcb3a603da67ea506fa60159ebd,2024-10,Northumbria Police,Northumbria Police,-1.559255,54.929473,On or near Wallace Gardens,E01008227,Gateshead 021E,Violence and sexual offences,Status update unavailable,
379ec7d1d9989fff5fcd9edfe4e7b1222548b83b592cd3c5cd4ba51f3539cfc5,2024-10,Northumbria Police,Northumbria Police,-1.561940,54.932268,On or near Aycliffe Crescent,E01008227,Gateshead 021E,Violence and sexual offences,Investigation complete; no suspect identified,
,2024-10,Northumbria Police,Northumbria Police,-1.746364,54.918684,On or near Derwent Avenue,E01008184,Gateshead 022A,Anti-social behaviour,,
,2024-10,Northumbria Police,Northumbria Police,-1.740733,54.921054,On or near Hollydene,E01008184,Gateshead 022A,Anti-social behaviour,,
,2024-10,Northumbria Police,Northumbria Police,-1.746364,54.918684,On or near Derwent Avenue,E01008184,Gateshead 022A,Anti-social behaviour,,
71b680c7956dfedbc00fe2b4f0978f30bbb76ba8ff75dd67db83ee7b0f6127e5,2024-10,Northumbria Police,Northumbria Police,-1.739289,54.919963,On or near Burnopfield Road,E01008184,Gateshead 022A,Criminal damage and arson,Investigation complete; no suspect identified,
f7ba856d1ebca5d5176008821e1164e3e76fdee7cb42b433625f1ba0889dbff3,2024-10,Northumbria Police,Northumbria Police,-1.758460,54.917882,On or near West Avenue,E01008184,Gateshead 022A,Criminal damage and arson,Investigation complete; no suspect identified,
df51bce08c151630e58a13b7421eb3af308343e4f33eeee7a79f22dcc7e7b8be,2024-10,Northumbria Police,Northumbria Police,-1.757336,54.917934,On or near Cross Terrace,E01008184,Gateshead 022A,Drugs,Status update unavailable,
f0dccd102a3f4600bffe21a2e3e1a4abe2f6ceb12841b197c1ba6556cb2d9b7d,2024-10,Northumbria Police,Northumbria Police,-1.745007,54.918681,On or near Stirling Avenue,E01008184,Gateshead 022A,Other theft,Investigation complete; no suspect identified,
681c5be4a59bf5bfcc377d491d0871fc0b4b29ef3c3691c8f3f7b7134d8ade26,2024-10,Northumbria Police,Northumbria Police,-1.745007,54.918681,On or near Stirling Avenue,E01008184,Gateshead 022A,Public order,Status update unavailable,
5c5b7b05630092b3850bc6e6c6be7328273aad77579a37551c5a8d1aeec12193,2024-10,Northumbria Police,Northumbria Police,-1.745007,54.918681,On or near Stirling Avenue,E01008184,Gateshead 022A,Shoplifting,Investigation complete; no suspect identified,
8959e730752811c0f018785a28855ffb15c237b1215675537f190e52a26a51fc,2024-10,Northumbria Police,Northumbria Police,-1.758460,54.917882,On or near West Avenue,E01008184,Gateshead 022A,Other crime,Status update unavailable,
,2024-10,Northumbria Police,Northumbria Police,-1.752725,54.921995,On or near Woodlands Road,E01008185,Gateshead 022B,Anti-social behaviour,,
,2024-10,Northumbria Police,Northumbria Police,-1.752725,54.921995,On or near Woodlands Road,E01008185,Gateshead 022B,Anti-social behaviour,,
,2024-10,Northumbria Police,Northumbria Police,-1.749836,54.919895,On or near Smailes Lane,E01008185,Gateshead 022B,Anti-social behaviour,,
deea9b5631374a9e1674f37552dadee6b6ec6378f6bd69e48803481fa40799d1,2024-10,Northumbria Police,Northumbria Police,-1.755060,54.922755,On or near Barkwood Road,E01008185,Gateshead 022B,Criminal damage and arson,Status update unavailable,
25eee907d3d32bcf1289a7daa6505e72c9764d3da413b18b76eec68b9a64a247,2024-10,Northumbria Police,Northumbria Police,-1.755060,54.922755,On or near Barkwood Road,E01008185,Gateshead 022B,Violence and sexual offences,Investigation complete; no suspect identified,
2775bfabf91294b71206ad028095eb0d36267d78ae2471a9cc1e76eed8ed13d6,2024-10,Northumbria Police,Northumbria Police,-1.752725,54.921995,On or near Woodlands Road,E01008185,Gateshead 022B,Violence and sexual offences,Investigation complete; no suspect identified,
2e64ccec15ae1a852d9c2b01f790d89f5525126279d3503c26bf0e65e3af22e4,2024-10,Northumbria Police,Northumbria Police,-1.755060,54.922755,On or near Barkwood Road,E01008185,Gateshead 022B,Violence and sexual offences,Court result unavailable,
46838ddde21d21fac1971f466f7cfce4410cfa1feed9f32089d43135fec6e076,2024-10,Northumbria Police,Northumbria Police,-1.752725,54.921995,On or near Woodlands Road,E01008185,Gateshead 022B,Violence and sexual offences,Status update unavailable,
,2024-10,Northumbria Police,Northumbria Police,-1.747155,54.924464,On or near Rowland Burn Way,E01008188,Gateshead 022C,Anti-social behaviour,,
,2024-10,Northumbria Police,Northumbria Police,-1.746950,54.927339,On or near Thornfield Place,E01008188,Gateshead 022C,Anti-social behaviour,,
3e481e8ff345162e28c6aa0e84acf535e4bd5f53c122650811d2d5f778190ff3,2024-10,Northumbria Police,Northumbria Police,-1.742598,54.926998,On or near Dominies Close,E01008188,Gateshead 022C,Public order,Investigation complete; no suspect identified,
b1858d6edfcdd12ec792d083fb3dfd632c7643899244874dded97391b5501b12,2024-10,Northumbria Police,Northumbria Police,-1.746910,54.926189,On or near Carnforth Gardens,E01008188,Gateshead 022C,Violence and sexual offences,Status update unavailable,
d712ffa029a5b0d442524758b574bdd0092f51f79301cde3c2ebe1b83081f604,2024-10,Northumbria Police,Northumbria Police,-1.722705,54.938115,On or near Parking Area,E01008278,Gateshead 022D,Violence and sexual offences,Investigation complete; no suspect identified,
,2024-10,Northumbria Police,Northumbria Police,-1.591987,54.919459,On or near Smithyford,E01008189,Gateshead 023A,Anti-social behaviour,,
,2024-10,Northumbria Police,Northumbria Police,-1.593289,54.920228,On or near Trafford,E01008189,Gateshead 023A,Anti-social behaviour,,
,2024-10,Northumbria Police,Northumbria Police,-1.597857,54.922139,On or near Hertford,E01008189,Gateshead 023A,Anti-social behaviour,,
,2024-10,Northumbria Police,Northumbria Police,-1.597857,54.922139,On or near Hertford,E01008189,Gateshead 023A,Anti-social behaviour,,
,2024-10,Northumbria Police,Northumbria Police,-1.597648,54.919631,On or near Woodford,E01008189,Gateshead 023A,Anti-social behaviour,,
,2024-10,Northumbria Police,Northumbria Police,-1.593289,54.920228,On or near Trafford,E01008189,Gateshead 023A,Anti-social behaviour,,
,2024-10,Northumbria Police,Northumbria Police,-1.597648,54.919631,On or near Woodford,E01008189,Gateshead 023A,Anti-social behaviour,,
,2024-10,Northumbria Police,Northumbria Police,-1.593289,54.920228,On or near Trafford,E01008189,Gateshead 023A,Anti-social behaviour,,
,2024-10,Northumbria Police,Northumbria Police,-1.593289,54.920228,On or near Trafford,E01008189,Gateshead 023A,Anti-social behaviour,,
,2024-10,Northumbria Police,Northumbria Police,-1.593289,54.920228,On or near Trafford,E01008189,Gateshead 023A,Anti-social behaviour,,
,2024-10,Northumbria Police,Northumbria Police,-1.593289,54.920228,On or near Trafford,E01008189,Gateshead 023A,Anti-social behaviour,,
,2024-10,Northumbria Police,Northumbria Police,-1.593289,54.920228,On or near Trafford,E01008189,Gateshead 023A,Anti-social behaviour,,
,2024-10,Northumbria Police,Northumbria Police,-1.597857,54.922139,On or near Hertford,E01008189,Gateshead 023A,Anti-social behaviour,,
,2024-10,Northumbria Police,Northumbria Police,-1.597857,54.922139,On or near Hertford,E01008189,Gateshead 023A,Anti-social behaviour,,
2a3b6143f7d74ea4a5cce3e7e5d3337820876430bdbb3da57445b32c92203841,2024-10,Northumbria Police,Northumbria Police,-1.593289,54.920228,On or near Trafford,E01008189,Gateshead 023A,Burglary,Investigation complete; no suspect identified,
7833b42f5fcd8871f41fd88b0987b58aa269bced230af0f80a7b8a5e0f59d8c0,2024-10,Northumbria Police,Northumbria Police,-1.597857,54.922139,On or near Hertford,E01008189,Gateshead 023A,Criminal damage and arson,Investigation complete; no suspect identified,
97bbd7ac68ffad0f7a140977298a7b61b9e06f8368ca62a306242a4f58d5d66f,2024-10,Northumbria Police,Northumbria Police,-1.597648,54.919631,On or near Woodford,E01008189,Gateshead 023A,Criminal damage and arson,Investigation complete; no suspect identified,
3e4ee37e7300230b3108437e90d10b29358052db977161355d53289e5444464c,2024-10,Northumbria Police,Northumbria Police,-1.597857,54.922139,On or near Hertford,E01008189,Gateshead 023A,Criminal damage and arson,Investigation complete; no suspect identified,
4aab97bc16eb99b177f84d19e412f1fb9166220c9cd0e4cd0a4f16aa0a913f16,2024-10,Northumbria Police,Northumbria Police,-1.593289,54.920228,On or near Trafford,E01008189,Gateshead 023A,Drugs,Court result unavailable,
12dba03e60a86e8487a33632230f9aeca80c04168c24dd2d354c312519a2a282,2024-10,Northumbria Police,Northumbria Police,-1.593289,54.920228,On or near Trafford,E01008189,Gateshead 023A,Possession of weapons,Status update unavailable,
1f46815b96bf98aef961b0f80cecda3ab49d527f7f7e77180df39e162290604c,2024-10,Northumbria Police,Northumbria Police,-1.597648,54.919631,On or near Woodford,E01008189,Gateshead 023A,Public order,Investigation complete; no suspect identified,
9e8cd433d087c6262e190d50d75d179446e4375dde76ad571ea9cf13a017ae7e,2024-10,Northumbria Police,Northumbria Police,-1.593289,54.920228,On or near Trafford,E01008189,Gateshead 023A,Public order,Status update unavailable,
7a567436e31328c885d0fd2bafc3c01faaa0085ba2541afb812e4099108d3fca,2024-10,Northumbria Police,Northumbria Police,-1.593289,54.920228,On or near Trafford,E01008189,Gateshead 023A,Public order,Investigation complete; no suspect identified,
c3ed549fff1d96f3e0b651b537073179c841f5321d6f718cf7b1824a5cd6eb37,2024-10,Northumbria Police,Northumbria Police,-1.593289,54.920228,On or near Trafford,E01008189,Gateshead 023A,Shoplifting,Investigation complete; no suspect identified,
e68bc3bbd0b71c20f7e090501a212e6cfa5e51c3fe0f40d7937c12dad42b5b09,2024-10,Northumbria Police,Northumbria Police,-1.593289,54.920228,On or near Trafford,E01008189,Gateshead 023A,Shoplifting,Investigation complete; no suspect identified,
29a3bd2a6c2db674aa2bd71409694ceac5f8e64ffff69d167d0ea35c3652aae3,2024-10,Northumbria Police,Northumbria Police,-1.593289,54.920228,On or near Trafford,E01008189,Gateshead 023A,Shoplifting,Investigation complete; no suspect identified,
21f95cfa16bbeec107da1176616df4403c0ac68d1acf441d22cbc5f882788a4c,2024-10,Northumbria Police,Northumbria Police,-1.593289,54.920228,On or near Trafford,E01008189,Gateshead 023A,Shoplifting,Investigation complete; no suspect identified,
c2ed19e7650149fe528127b267280edb17825c7ddbda0ffbd97b77a48f3daaa8,2024-10,Northumbria Police,Northumbria Police,-1.593289,54.920228,On or near Trafford,E01008189,Gateshead 023A,Shoplifting,Court result unavailable,
1b37db4099cacf6e89e2f3d2c056b9e2fc2c7adbe10c0edfee0f7d79ff716d95,2024-10,Northumbria Police,Northumbria Police,-1.593289,54.920228,On or near Trafford,E01008189,Gateshead 023A,Shoplifting,Status update unavailable,
a3ca81cc517d1f5e5498d68a567c346824ef8d1e6fa791de8a4bc54cf786027f,2024-10,Northumbria Police,Northumbria Police,-1.597648,54.919631,On or near Woodford,E01008189,Gateshead 023A,Vehicle crime,Investigation complete; no suspect identified,
20c15d3658df75eedbd093aba7113b07ae17bf8f226d2bd47e4df2e190d2e3a8,2024-10,Northumbria Police,Northumbria Police,-1.593289,54.920228,On or near Trafford,E01008189,Gateshead 023A,Violence and sexual offences,Investigation complete; no suspect identified,
40a2d51e4a6ece97dfbd8eba097e3a8db7c647f220f69748b14d114f070224ea,2024-10,Northumbria Police,Northumbria Police,-1.597857,54.922139,On or near Hertford,E01008189,Gateshead 023A,Violence and sexual offences,Status update unavailable,
f801db76e271455d36d4bccb84ba9466100730bffc6c824d073182eac4c24da4,2024-10,Northumbria Police,Northumbria Police,-1.593289,54.920228,On or near Trafford,E01008189,Gateshead 023A,Violence and sexual offences,Investigation complete; no suspect identified,
fc2c97ba430a79c11d9457589f938680f6cbfd1771bd058b4b02e2c5336ba474,2024-10,Northumbria Police,Northumbria Police,-1.593289,54.920228,On or near Trafford,E01008189,Gateshead 023A,Violence and sexual offences,Investigation complete; no suspect identified,
4d2e7fca7f3ac7e27a08693280db20e4f2674c77bba8ce32ddfc785801610cf8,2024-10,Northumbria Police,Northumbria Police,-1.593289,54.920228,On or near Trafford,E01008189,Gateshead 023A,Violence and sexual offences,Status update unavailable,
f85bf6ccfc8319bb9d1048284ca379bc57f180cfb75c53c98826608d9c83f274,2024-10,Northumbria Police,Northumbria Police,-1.593289,54.920228,On or near Trafford,E01008189,Gateshead 023A,Violence and sexual offences,Status update unavailable,
ed8a056a0d96cea68a557299bf3e7a66328074a7b38b079764d55362370f8a50,2024-10,Northumbria Police,Northumbria Police,-1.597857,54.922139,On or near Hertford,E01008189,Gateshead 023A,Violence and sexual offences,Status update unavailable,
afcfd435d7a4030d4eb01cf45988dc23854c01b3d08aaf23e0ce3630125303be,2024-10,Northumbria Police,Northumbria Police,-1.597857,54.922139,On or near Hertford,E01008189,Gateshead 023A,Violence and sexual offences,Status update unavailable,
74be69c47af63a2c6d402b8fede4a86b1c3676dddbac92d0e544b3b856f3f6c2,2024-10,Northumbria Police,Northumbria Police,-1.597857,54.922139,On or near Hertford,E01008189,Gateshead 023A,Violence and sexual offences,Investigation complete; no suspect identified,
6ed06c1ed33002b71ecfc56d2ffb32259369936706d2074540a6010046639c0d,2024-10,Northumbria Police,Northumbria Police,-1.597857,54.922139,On or near Hertford,E01008189,Gateshead 023A,Other crime,Status update unavailable,
,2024-10,Northumbria Police,Northumbria Police,-1.587476,54.922670,On or near Ivanhoe View,E01008190,Gateshead 023B,Anti-social behaviour,,
,2024-10,Northumbria Police,Northumbria Police,-1.588110,54.918701,On or near Richmond Close,E01008190,Gateshead 023B,Anti-social behaviour,,
,2024-10,Northumbria Police,Northumbria Police,-1.589592,54.920197,On or near Rokeby View,E01008190,Gateshead 023B,Anti-social behaviour,,
,2024-10,Northumbria Police,Northumbria Police,-1.588110,54.918701,On or near Richmond Close,E01008190,Gateshead 023B,Anti-social behaviour,,
,2024-10,Northumbria Police,Northumbria Police,-1.590975,54.920582,On or near Petrol Station,E01008190,Gateshead 023B,Anti-social behaviour,,
,2024-10,Northumbria Police,Northumbria Police,-1.588110,54.918701,On or near Richmond Close,E01008190,Gateshead 023B,Anti-social behaviour,,
,2024-10,Northumbria Police,Northumbria Police,-1.588110,54.918701,On or near Richmond Close,E01008190,Gateshead 023B,Anti-social behaviour,,
,2024-10,Northumbria Police,Northumbria Police,-1.587476,54.922670,On or near Ivanhoe View,E01008190,Gateshead 023B,Anti-social behaviour,,
,2024-10,Northumbria Police,Northumbria Police,-1.587476,54.922670,On or near Ivanhoe View,E01008190,Gateshead 023B,Anti-social behaviour,,
135ccb052dbc84e10baf48a44be5dee7d62db3c015ae52f76220d6070a9a2554,2024-10,Northumbria Police,Northumbria Police,-1.587476,54.922670,On or near Ivanhoe View,E01008190,Gateshead 023B,Burglary,Status update unavailable,
467153bba7983b743e654a0dc27b986d6a567f21fa56f628491bd829b8c0f0c9,2024-10,Northumbria Police,Northumbria Police,-1.588110,54.918701,On or near Richmond Close,E01008190,Gateshead 023B,Criminal damage and arson,Investigation complete; no suspect identified,
602dc1dc232fd90ff8d81ad9fbba83ad10ad36cd0fe851c900401119b71b9c23,2024-10,Northumbria Police,Northumbria Police,-1.587916,54.923921,On or near Stocksfield Gardens,E01008190,Gateshead 023B,Criminal damage and arson,Investigation complete; no suspect identified,
14d42072b906e8987dabbcd02c009fd36a1551df93ff27ff3f9d01bf03b5b324,2024-10,Northumbria Police,Northumbria Police,-1.587476,54.922670,On or near Ivanhoe View,E01008190,Gateshead 023B,Other theft,Status update unavailable,
37db9c2f846cd877c4b3fa742c977ce6ef2955c3eb4a23e0909e0724ca728224,2024-10,Northumbria Police,Northumbria Police,-1.588110,54.918701,On or near Richmond Close,E01008190,Gateshead 023B,Other theft,Status update unavailable,
fcf1f35207e661b7f02539a08de3f8e2e6eac1cca2ecd43721c378cf15a22ff6,2024-10,Northumbria Police,Northumbria Police,-1.587476,54.922670,On or near Ivanhoe View,E01008190,Gateshead 023B,Possession of weapons,Status update unavailable,
5d95b64ccf8ebab2af0fe3c68e1c3fdd4e04659f51f67067bdadacee72f1da8c,2024-10,Northumbria Police,Northumbria Police,-1.588110,54.918701,On or near Richmond Close,E01008190,Gateshead 023B,Public order,Status update unavailable,
1f47c34ca88c8d3fccc67772871c1b10d53e60e9951fce5c8e403ebf17e614cf,2024-10,Northumbria Police,Northumbria Police,-1.587476,54.922670,On or near Ivanhoe View,E01008190,Gateshead 023B,Theft from the person,Investigation complete; no suspect identified,
dfca026ea796da5c6bd4ee4fdc03b679a18f01726237feb9fc146d3eebda5ee7,2024-10,Northumbria Police,Northumbria Police,-1.587476,54.922670,On or near Ivanhoe View,E01008190,Gateshead 023B,Vehicle crime,Investigation complete; no suspect identified,
c21f87b5f1d3f4826730d4cd29d9958e900cb9f59f1eef2e22b230aacac47e39,2024-10,Northumbria Police,Northumbria Police,-1.587476,54.922670,On or near Ivanhoe View,E01008190,Gateshead 023B,Violence and sexual offences,Investigation complete; no suspect identified,
975d58213202d6d63b5b1c636f158d6c8490ce052e87869e71c138e7b1ff0b9f,2024-10,Northumbria Police,Northumbria Police,-1.587476,54.922670,On or near Ivanhoe View,E01008190,Gateshead 023B,Violence and sexual offences,Investigation complete; no suspect identified,
6a9e24cbba8a238aafd917ff1335f734d8a8d12e9ebb50c188c8b5e7ea0ae386,2024-10,Northumbria Police,Northumbria Police,-1.588110,54.918701,On or near Richmond Close,E01008190,Gateshead 023B,Violence and sexual offences,Investigation complete; no suspect identified,
4be539b5f7ef9821d27b8d596edcdb41680d921d87ecad1fa403d0f897a998d5,2024-10,Northumbria Police,Northumbria Police,-1.587476,54.922670,On or near Ivanhoe View,E01008190,Gateshead 023B,Violence and sexual offences,Status update unavailable,
ca860a0028023acadf6c95277628cd3b2707d6aab28ebad1e1fa7e2793327c3d,2024-10,Northumbria Police,Northumbria Police,-1.588110,54.918701,On or near Richmond Close,E01008190,Gateshead 023B,Violence and sexual offences,Status update unavailable,
639071cf70ef7a8b67fc7a18dd4ac78a933785bfd816ffdca030b6f2144687a1,2024-10,Northumbria Police,Northumbria Police,-1.587916,54.923921,On or near Stocksfield Gardens,E01008190,Gateshead 023B,Violence and sexual offences,Status update unavailable,
9c789361ffdc35118f597db6b684e909817b8a16bb4394c13482eceb7e7f1512,2024-10,Northumbria Police,Northumbria Police,-1.587476,54.922670,On or near Ivanhoe View,E01008190,Gateshead 023B,Violence and sexual offences,Status update unavailable,
c9e023c254ac2b69b42190b3c3fe94c64579ce48eff9996327e566bb9b4debae,2024-10,Northumbria Police,Northumbria Police,-1.588110,54.918701,On or near Richmond Close,E01008190,Gateshead 023B,Violence and sexual offences,Status update unavailable,
59cdd389cef30682594e84e9affcdd355824cffc3de8e0ee16b0cd4f5e52de6c,2024-10,Northumbria Police,Northumbria Police,-1.588110,54.918701,On or near Richmond Close,E01008190,Gateshead 023B,Violence and sexual offences,Status update unavailable,
708d741ffce47adf1d5610bb2bd8ac5b0261d75873b625dbed04b69e9ec8b725,2024-10,Northumbria Police,Northumbria Police,-1.588110,54.918701,On or near Richmond Close,E01008190,Gateshead 023B,Violence and sexual offences,Status update unavailable,
dc1c0388e4d5d456783e3c296b96a76e76d4158bbfc028ffc41d6f87ffda415d,2024-10,Northumbria Police,Northumbria Police,-1.587476,54.922670,On or near Ivanhoe View,E01008190,Gateshead 023B,Violence and sexual offences,Status update unavailable,
9c64c2b782be4f0796c7aa680749cbd6ae16df4d44f71fb53b15c0c50706e823,2024-10,Northumbria Police,Northumbria Police,-1.588088,54.920803,On or near St Ronans View,E01008190,Gateshead 023B,Violence and sexual offences,Status update unavailable,
f897cc012408eddb81d723e62a2e7ca3bb9d7ce8b9d9431fc17df56758ba31a1,2024-10,Northumbria Police,Northumbria Police,-1.582988,54.920696,On or near Waverley Road,E01008191,Gateshead 023C,Criminal damage and arson,Investigation complete; no suspect identified,
6e8391ff0031fe1c535f02fc2a51da39362281612bb067b97473da3bff361846,2024-10,Northumbria Police,Northumbria Police,-1.582988,54.920696,On or near Waverley Road,E01008191,Gateshead 023C,Other theft,Investigation complete; no suspect identified,
3fe7a007c969f470b34d18bce74c9e04748ffd7d27de993e3cd7fdddd71f2730,2024-10,Northumbria Police,Northumbria Police,-1.582988,54.920696,On or near Waverley Road,E01008191,Gateshead 023C,Public order,Status update unavailable,
3fef43f890344657d6b8d9d26e2bfa782fb9773bf27971913dbb253184056b64,2024-10,Northumbria Police,Northumbria Police,-1.582988,54.920696,On or near Waverley Road,E01008191,Gateshead 023C,Violence and sexual offences,Status update unavailable,
92d49fe544130e52164ecc5566df160960cb9b9f9472a0fb58924d72c323edd2,2024-10,Northumbria Police,Northumbria Police,-1.582988,54.920696,On or near Waverley Road,E01008191,Gateshead 023C,Violence and sexual offences,Status update unavailable,
,2024-10,Northumbria Police,Northumbria Police,-1.588983,54.929487,On or near Grisedale Gardens,E01008192,Gateshead 023D,Anti-social behaviour,,
,2024-10,Northumbria Police,Northumbria Police,-1.588319,54.925729,On or near Mardale Gardens,E01008192,Gateshead 023D,Anti-social behaviour,,
1400d9f7aa588fd85e6cb6cdc64c4451345c028057975e9766dee804111cc9be,2024-10,Northumbria Police,Northumbria Police,-1.588912,54.927258,On or near Wetheral Gardens,E01008192,Gateshead 023D,Public order,Investigation complete; no suspect identified,
2948807ebd5b409df75695951f56154ecb365ebe6e7b4ea79013b29cab4ed11f,2024-10,Northumbria Police,Northumbria Police,-1.588319,54.925729,On or near Mardale Gardens,E01008192,Gateshead 023D,Public order,Investigation complete; no suspect identified,
0cfa527210b5c4730898cd6705ab9eeb95c08c7e1bae5a91a420659f3e382a82,2024-10,Northumbria Police,Northumbria Police,-1.588912,54.927258,On or near Wetheral Gardens,E01008192,Gateshead 023D,Theft from the person,Status update unavailable,
e1722fd890ffd18c891842a647e5a442d9039f23caabba69d38663eb502b01cf,2024-10,Northumbria Police,Northumbria Police,-1.588983,54.929487,On or near Grisedale Gardens,E01008192,Gateshead 023D,Violence and sexual offences,Investigation complete; no suspect identified,
554e839d232705e0c9e6cf6a5b3a7ff472d5ff08e569803d9a7f9ba646eca1ce,2024-10,Northumbria Police,Northumbria Police,-1.590392,54.927479,On or near Brampton Gardens,E01008192,Gateshead 023D,Violence and sexual offences,Status update unavailable,
86843ef24602b3868ba0fe48f69950b4a848080a1ffef418f4ba59982d2c6d11,2024-10,Northumbria Police,Northumbria Police,-1.590392,54.927479,On or near Brampton Gardens,E01008192,Gateshead 023D,Violence and sexual offences,Status update unavailable,
,2024-10,Northumbria Police,Northumbria Police,-1.574721,54.927883,On or near Marlborough Crescent,E01008217,Gateshead 023E,Anti-social behaviour,,
,2024-10,Northumbria Police,Northumbria Police,-1.580213,54.927938,On or near North View,E01008217,Gateshead 023E,Anti-social behaviour,,
445b23ba7026246a28d207d5af2d3b7e1e770ccb22042af140fa5075ad9944cd,2024-10,Northumbria Police,Northumbria Police,-1.576297,54.924905,On or near Parking Area,E01008217,Gateshead 023E,Criminal damage and arson,Offender given a caution,
60f6403ac4dd411a1764bb3ffc164d956e8b3ff638dcd25b261c4c452f448cfc,2024-10,Northumbria Police,Northumbria Police,-1.579923,54.920774,On or near Sports/Recreation Area,E01008217,Gateshead 023E,Criminal damage and arson,Investigation complete; no suspect identified,
f59809bf81ea639015db1aff95bd068e49ba69c6de1108064cb21c9c9832a814,2024-10,Northumbria Police,Northumbria Police,-1.579626,54.922895,On or near Seaham Gardens,E01008217,Gateshead 023E,Drugs,Status update unavailable,
2b2feaee557cd173e660911ee98dcc52bfbad11c7a528ce7c4d051b1eecafc4c,2024-10,Northumbria Police,Northumbria Police,-1.576297,54.924905,On or near Parking Area,E01008217,Gateshead 023E,Public order,Status update unavailable,
1d4eca5370209fef66420746237f5b7917b35b9a1686a8af09121d9d236ae079,2024-10,Northumbria Police,Northumbria Police,-1.575311,54.926690,On or near High Street,E01008217,Gateshead 023E,Shoplifting,Court result unavailable,
8b095195c25e678a6862a5e15d62e83406625e08cc7ea974e2e9476966216002,2024-10,Northumbria Police,Northumbria Police,-1.575311,54.926690,On or near High Street,E01008217,Gateshead 023E,Shoplifting,Status update unavailable,
d2f9056c5d9eb583e3b2d77ea032fcd8b36b7b8a54fe8509de217779a594b837,2024-10,Northumbria Police,Northumbria Police,-1.575311,54.926690,On or near High Street,E01008217,Gateshead 023E,Shoplifting,Court result unavailable,
84d3eb35ce4a56c88a6790aafdc0e88b59496ac12ff20b93699e4b8313a274f5,2024-10,Northumbria Police,Northumbria Police,-1.575311,54.926690,On or near High Street,E01008217,Gateshead 023E,Shoplifting,Investigation complete; no suspect identified,
f4c4184dfae7c90a8b966667da42c82fd5747b7b7badff50047bc01950a0df22,2024-10,Northumbria Police,Northumbria Police,-1.575311,54.926690,On or near High Street,E01008217,Gateshead 023E,Shoplifting,Investigation complete; no suspect identified,
e1580815f97acf91eff234f95e3e2e2db97cb47c5bfc0efb56efd7caf5e2473f,2024-10,Northumbria Police,Northumbria Police,-1.575311,54.926690,On or near High Street,E01008217,Gateshead 023E,Shoplifting,Court result unavailable,
f4d40c041ee711ac85267c1a28b728de9131ff40decea28e9b8b31edc3a2b817,2024-10,Northumbria Police,Northumbria Police,-1.576297,54.924905,On or near Parking Area,E01008217,Gateshead 023E,Violence and sexual offences,Investigation complete; no suspect identified,
6b6b2140bbee00c3b54ce8af31f9473d0902619d778511c7f0f215a842379478,2024-10,Northumbria Police,Northumbria Police,-1.587709,54.927416,On or near Easedale Gardens,E01008217,Gateshead 023E,Violence and sexual offences,Status update unavailable,
95564616c6b6f6a976d731ca060eefc828ae36d3483b6ca2451c77386b1f713c,2024-10,Northumbria Police,Northumbria Police,-1.582454,54.928548,On or near Moss Heaps,E01008217,Gateshead 023E,Violence and sexual offences,Investigation complete; no suspect identified,
3ce25dba6c63a4bd8de6f9506cece9a83f88a339326b255e8c091f4b9e60d95c,2024-10,Northumbria Police,Northumbria Police,-1.580213,54.927938,On or near North View,E01008217,Gateshead 023E,Violence and sexual offences,Status update unavailable,
0020278630da1a3da1c04a736a690d6dd4d9a52af7f6b5395442fee254d4bb03,2024-10,Northumbria Police,Northumbria Police,-1.587709,54.927416,On or near Easedale Gardens,E01008217,Gateshead 023E,Violence and sexual offences,Status update unavailable,
02a1c95b71cc39ec0e9055b89f3c85e1af73898abb3210a8145ed5963b658bac,2024-10,Northumbria Police,Northumbria Police,-1.575595,54.903854,On or near Sports/Recreation Area,E01008222,Gateshead 025A,Criminal damage and arson,Investigation complete; no suspect identified,
f5c5662334aa7fd4807e0848e278aecc9e4b7cdac74700fc0e0034db520ea08b,2024-10,Northumbria Police,Northumbria Police,-1.573355,54.900686,On or near Highridge,E01008222,Gateshead 025A,Vehicle crime,Investigation complete; no suspect identified,
71cf15b2e1d6ee46a8f8a6efc0f942bba90b539fe248698bb6d45e0fda389251,2024-10,Northumbria Police,Northumbria Police,-1.575888,54.901450,On or near Sanders Gardens,E01008222,Gateshead 025A,Violence and sexual offences,Status update unavailable,
a8b33ec0faec688c827fc5a37762867049c1a85681254bea7036e775e73b6d1c,2024-10,Northumbria Police,Northumbria Police,-1.575888,54.901450,On or near Sanders Gardens,E01008222,Gateshead 025A,Violence and sexual offences,Status update unavailable,
ed53cb9b856a5083a08c731bce6b17b791db218d3350d897fc3f8b8bc01db147,2024-10,Northumbria Police,Northumbria Police,-1.574984,54.899910,On or near Fellcross,E01008222,Gateshead 025A,Violence and sexual offences,Status update unavailable,
e06c781bf05a996ec10f9b47fd77e3e3d8ee2d98972ccd81baeadb4fbf33dcf6,2024-10,Northumbria Police,Northumbria Police,-1.574984,54.899910,On or near Fellcross,E01008222,Gateshead 025A,Violence and sexual offences,Status update unavailable,
ee5392a07ef0c21db321551d03a2331135ec20aef3d9a6b21f2f2f8189f416a2,2024-10,Northumbria Police,Northumbria Police,-1.572112,54.903171,On or near Hattam Close,E01008222,Gateshead 025A,Violence and sexual offences,Status update unavailable,
,2024-10,Northumbria Police,Northumbria Police,-1.585062,54.902515,On or near Mary Avenue,E01008223,Gateshead 025B,Anti-social behaviour,,
ff95d416803ff3aa6f6c966bb76aa35fb9c6121e2b354041c31bcd9079e013f0,2024-10,Northumbria Police,Northumbria Police,-1.579303,54.901488,On or near Lavers Road,E01008223,Gateshead 025B,Criminal damage and arson,Investigation complete; no suspect identified,
184c0d3a6cbee0f64e7d78ec800fc773ec2088d09ccaa35b34050fba6cb9defe,2024-10,Northumbria Police,Northumbria Police,-1.585062,54.902515,On or near Mary Avenue,E01008223,Gateshead 025B,Drugs,Investigation complete; no suspect identified,
2d835db2215ec5420b9271f97a9ea71e67996a43ec49ad26d9e1503c4929cc8b,2024-10,Northumbria Police,Northumbria Police,-1.583318,54.903821,On or near Lansbury Close,E01008223,Gateshead 025B,Other theft,Status update unavailable,
07c4ba2ef92ef749127d29e95a20c8c501fbcf6cf1ce521adcc7ffbf743496de,2024-10,Northumbria Police,Northumbria Police,-1.580909,54.901539,On or near Rutland Square,E01008223,Gateshead 025B,Violence and sexual offences,Status update unavailable,
5b1e82591b3ef8073f606fc666391b5420e2fbdc2f4a90e1bfe7442f7f272e7a,2024-10,Northumbria Police,Northumbria Police,-1.580909,54.901539,On or near Rutland Square,E01008223,Gateshead 025B,Violence and sexual offences,Status update unavailable,
bf05e2abec3df6b2b9e1680dfe8248b404df12c9a8cecc4af8e81ac7c4880bdb,2024-10,Northumbria Police,Northumbria Police,-1.580160,54.903100,On or near Devon Crescent,E01008223,Gateshead 025B,Violence and sexual offences,Status update unavailable,
b6a473bbf620b4d324fcd350900fb953891c5060eea7cd8d67cbfe7cc5232527,2024-10,Northumbria Police,Northumbria Police,-1.580909,54.901539,On or near Rutland Square,E01008223,Gateshead 025B,Violence and sexual offences,Status update unavailable,
c7f58f4de4b017dbf776f9df3a1a4026b6416acc1d986ca9d482237f80180815,2024-10,Northumbria Police,Northumbria Police,-1.580160,54.903100,On or near Devon Crescent,E01008223,Gateshead 025B,Violence and sexual offences,Status update unavailable,
dd68665d58842e29213625001a372d46698a0fd43d4030b7a1e7602743a9f664,2024-10,Northumbria Police,Northumbria Police,-1.580909,54.901539,On or near Rutland Square,E01008223,Gateshead 025B,Violence and sexual offences,Status update unavailable,
5f5010c1873bda6ccaff37c5b073cf07a2acc4dd878de305617aec4838bd343a,2024-10,Northumbria Police,Northumbria Police,-1.580909,54.901539,On or near Rutland Square,E01008223,Gateshead 025B,Violence and sexual offences,Status update unavailable,
b70fb5211f827f557e19119c9fec3064887041ede27d19d3ba6fe2110455a6ce,2024-10,Northumbria Police,Northumbria Police,-1.580160,54.903100,On or near Devon Crescent,E01008223,Gateshead 025B,Violence and sexual offences,Status update unavailable,
00d7a207a2c6a20b18eea4be4be699b9fd437ffc42c3c933755a1405adc51e8f,2024-10,Northumbria Police,Northumbria Police,-1.580499,54.900459,On or near Edward Road,E01008223,Gateshead 025B,Violence and sexual offences,Status update unavailable,
db46f83ddd89ec8ab101c93b9846c3c188d0a36ef4f2211cdd0a77a0266e96a6,2024-10,Northumbria Police,Northumbria Police,-1.585062,54.902515,On or near Mary Avenue,E01008223,Gateshead 025B,Violence and sexual offences,Status update unavailable,
0f6187a9405aaf81929abaf985bf816c0c7eed29873054b0b100b3143ec29a03,2024-10,Northumbria Police,Northumbria Police,-1.580909,54.901539,On or near Rutland Square,E01008223,Gateshead 025B,Other crime,Status update unavailable,
71321f61047a7c6f2ccee408da13efc3e6b6f4a5866e0dbf1fa7aab9914991f3,2024-10,Northumbria Police,Northumbria Police,-1.580909,54.901539,On or near Rutland Square,E01008223,Gateshead 025B,Other crime,Status update unavailable,
5de78a0782c129d0cee656a9c25937f1738e7f8c9135b9a57ede48dc05df6c46,2024-10,Northumbria Police,Northumbria Police,-1.580909,54.901539,On or near Rutland Square,E01008223,Gateshead 025B,Other crime,Status update unavailable,
,2024-10,Northumbria Police,Northumbria Police,-1.571530,54.905074,On or near Angel Way,E01008224,Gateshead 025C,Anti-social behaviour,,
,2024-10,Northumbria Police,Northumbria Police,-1.590530,54.916929,On or near Cowen Gardens,E01008224,Gateshead 025C,Anti-social behaviour,,
,2024-10,Northumbria Police,Northumbria Police,-1.587042,54.913314,On or near Durham Road,E01008224,Gateshead 025C,Anti-social behaviour,,
a4440e2353d3301bf989da8214c374eb3c4684bf15ec213bec686b6ca2e26116,2024-10,Northumbria Police,Northumbria Police,-1.579121,54.918921,On or near Western View,E01008224,Gateshead 025C,Criminal damage and arson,Investigation complete; no suspect identified,
c70292fa4e5902825d03baf993b369487058c3ec717df07560864d1ab1271964,2024-10,Northumbria Police,Northumbria Police,-1.581531,54.906214,On or near Leyburn Place,E01008224,Gateshead 025C,Possession of weapons,Status update unavailable,
6da8f68bdbec641723c0eb7c5d91d9131ca64532788686e7458ec39a172f072e,2024-10,Northumbria Police,Northumbria Police,-1.582417,54.906496,On or near Valley View,E01008224,Gateshead 025C,Public order,Status update unavailable,
1d287b9111aa616bc3cc30f5ee9a6149a4e65becfdb5f78b54b0239185a2bc8f,2024-10,Northumbria Police,Northumbria Police,-1.587822,54.905588,On or near Longshank Lane,E01008224,Gateshead 025C,Public order,Court result unavailable,
f70f3a0e7db9851ee7151f1c87f9870f517417b4a5bd183c3eeb4c9d31bdc2b8,2024-10,Northumbria Police,Northumbria Police,-1.587042,54.913314,On or near Durham Road,E01008224,Gateshead 025C,Violence and sexual offences,Investigation complete; no suspect identified,
f62664e8d2d0752c0cb4aacd019f728d8f8092faace5db7f3a3e48c283d0e27a,2024-10,Northumbria Police,Northumbria Police,-1.579121,54.918921,On or near Western View,E01008224,Gateshead 025C,Violence and sexual offences,Status update unavailable,
a9d328aaffd3e00c0dcec14a2e64f19a2094b1e27d3b23a00e159f2f29bb9915,2024-10,Northumbria Police,Northumbria Police,-1.571530,54.905074,On or near Angel Way,E01008224,Gateshead 025C,Violence and sexual offences,Investigation complete; no suspect identified,
dbc471f034c053c300f7b36f324f13487004e6fd27b607e12ff0a9371f9b453b,2024-10,Northumbria Police,Northumbria Police,-1.621037,54.922654,On or near Shopping Area,E01008226,Gateshead 025D,Criminal damage and arson,Investigation complete; no suspect identified,
e2e6524e6333a626504a124b385237d752c489bd5c72f5f6ccab6987120488a0,2024-10,Northumbria Police,Northumbria Police,-1.621037,54.922654,On or near Shopping Area,E01008226,Gateshead 025D,Criminal damage and arson,Investigation complete; no suspect identified,
43e8bbf5387015a7eb27582ff79218fcefb971c717c2e9f4a93b59931cc32593,2024-10,Northumbria Police,Northumbria Police,-1.600992,54.917494,On or near Smithy Lane,E01008226,Gateshead 025D,Drugs,Court result unavailable,
a3d30f80e0f770c2aa022af9f6b16fa80ee4e02bbae82d3d50882f004f7da8e4,2024-10,Northumbria Police,Northumbria Police,-1.600992,54.917494,On or near Smithy Lane,E01008226,Gateshead 025D,Drugs,Court result unavailable,
9575e70fa441c285149e5139bd4cc305f620aca9c17f9e385628929f049c5d76,2024-10,Northumbria Police,Northumbria Police,-1.602401,54.905907,On or near Greenford Lane,E01008226,Gateshead 025D,Other theft,Investigation complete; no suspect identified,
22010ea48eb1b799856a183ca860b02d7c71f5bf9675339e773017c3f94373e6,2024-10,Northumbria Police,Northumbria Police,-1.618762,54.920751,On or near Banesley Lane,E01008226,Gateshead 025D,Public order,Investigation complete; no suspect identified,
8fc90bf3be71408781a34f53a5bd874c172719bbf7dd0ccadbd2def7d9e15c98,2024-10,Northumbria Police,Northumbria Police,-1.621037,54.922654,On or near Shopping Area,E01008226,Gateshead 025D,Shoplifting,Investigation complete; no suspect identified,
21650ab516436b30044dd93616e853221ca7e9bdd2d5c18aeab66814ce91c662,2024-10,Northumbria Police,Northumbria Police,-1.621037,54.922654,On or near Shopping Area,E01008226,Gateshead 025D,Shoplifting,Investigation complete; no suspect identified,
fc0c04e650981b82a8c17d5214dad0b2660304b0bff6f2010a8dc3d4c42cd6a2,2024-10,Northumbria Police,Northumbria Police,-1.621037,54.922654,On or near Shopping Area,E01008226,Gateshead 025D,Shoplifting,Investigation complete; no suspect identified,
b57594cafc294016fc558921843c41b96b6b3d38e5f742290528f916f8feaf25,2024-10,Northumbria Police,Northumbria Police,-1.621037,54.922654,On or near Shopping Area,E01008226,Gateshead 025D,Shoplifting,Court result unavailable,
63a73214851f853b207878669ebb214057268fccbb7a4d6ef087d4f138f4b7e3,2024-10,Northumbria Police,Northumbria Police,-1.621037,54.922654,On or near Shopping Area,E01008226,Gateshead 025D,Shoplifting,Investigation complete; no suspect identified,
18ba8f9f6142a182e8312674946d967567035bcd96052af4307088175614dea0,2024-10,Northumbria Police,Northumbria Police,-1.621037,54.922654,On or near Shopping Area,E01008226,Gateshead 025D,Shoplifting,Investigation complete; no suspect identified,
6cf2d08e06a7e435ebda74e3651799b6d1baa4a38f1b2a7b71ff942973c9202d,2024-10,Northumbria Police,Northumbria Police,-1.621037,54.922654,On or near Shopping Area,E01008226,Gateshead 025D,Shoplifting,Investigation complete; no suspect identified,
396df10af0bf11a98cf671c9ef42ba4a827358614f04d22c0085ac38063b6f92,2024-10,Northumbria Police,Northumbria Police,-1.621037,54.922654,On or near Shopping Area,E01008226,Gateshead 025D,Shoplifting,Investigation complete; no suspect identified,
2e85e78097537f40a7e66d4a7211557ab123b74565af8780f1fb5ccd2b5dd293,2024-10,Northumbria Police,Northumbria Police,-1.621037,54.922654,On or near Shopping Area,E01008226,Gateshead 025D,Shoplifting,Investigation complete; no suspect identified,
bc97b0a0948a43342ab92a42016e2d078b78f84fcd4bca1bb530ab719a85d2fc,2024-10,Northumbria Police,Northumbria Police,-1.621037,54.922654,On or near Shopping Area,E01008226,Gateshead 025D,Shoplifting,Investigation complete; no suspect identified,
00ee378739f45e00e835f9cad67e07e060d342daafb227605e77ab682b4f596d,2024-10,Northumbria Police,Northumbria Police,-1.621037,54.922654,On or near Shopping Area,E01008226,Gateshead 025D,Shoplifting,Court result unavailable,
ccd9ce0dade0d36122ba34b1185f1a9f2fe73be6f865696b15b3c89700ebb7d4,2024-10,Northumbria Police,Northumbria Police,-1.621037,54.922654,On or near Shopping Area,E01008226,Gateshead 025D,Shoplifting,Court result unavailable,
aae23ae08e7ec1cb06b2cda0532d69e3a5f843eb38559cd9efee95713e5e1cfc,2024-10,Northumbria Police,Northumbria Police,-1.621037,54.922654,On or near Shopping Area,E01008226,Gateshead 025D,Theft from the person,Investigation complete; no suspect identified,
c5a052700bb67acd1e2682a9a01e16bec138a8b198ef017131931fe063d09c44,2024-10,Northumbria Police,Northumbria Police,-1.621264,54.905149,On or near Prospect Terrace,E01008226,Gateshead 025D,Vehicle crime,Investigation complete; no suspect identified,
2d9981aa41aa075c488002458acbcc7053cbfd58d71375e2352d03f1b2d6ec90,2024-10,Northumbria Police,Northumbria Police,-1.621037,54.922654,On or near Shopping Area,E01008226,Gateshead 025D,Vehicle crime,Investigation complete; no suspect identified,
eb0c863c1baf13d350289f9f0070f78dbf97179604a1ff07c01abe328cd8f480,2024-10,Northumbria Police,Northumbria Police,-1.621037,54.922654,On or near Shopping Area,E01008226,Gateshead 025D,Violence and sexual offences,Status update unavailable,
47d506e250cd7cfc4748320744073429a30149a40f297c0c0d1c8a9c701c0a86,2024-10,Northumbria Police,Northumbria Police,-1.621355,54.903774,On or near Ashvale Avenue,E01008226,Gateshead 025D,Violence and sexual offences,Status update unavailable,
02958e18b6ef38be77e7000f41f7be03b0c0ac1fc4100fd7254d9622f216e35f,2024-10,Northumbria Police,Northumbria Police,-1.615601,54.905266,On or near West View,E01008226,Gateshead 025D,Violence and sexual offences,Status update unavailable,
334f6534f85358b981e7dc55b9fd91f7f9092f3bb8b06e0dd533d6401732c058,2024-10,Northumbria Police,Northumbria Police,-1.621037,54.922654,On or near Shopping Area,E01008226,Gateshead 025D,Violence and sexual offences,Investigation complete; no suspect identified,
ff6370ca42013c3b948f246afd912ee0e4b95c11440af4e8fdfb91ca9abe7f27,2024-10,Northumbria Police,Northumbria Police,-1.621037,54.922654,On or near Shopping Area,E01008226,Gateshead 025D,Other crime,Status update unavailable,
,2024-10,Northumbria Police,Northumbria Police,-1.559916,54.890403,On or near Petrol Station,E01008172,Gateshead 026A,Anti-social behaviour,,
,2024-10,Northumbria Police,Northumbria Police,-1.557599,54.889864,On or near Motorway Service Area,E01008172,Gateshead 026A,Anti-social behaviour,,
,2024-10,Northumbria Police,Northumbria Police,-1.564139,54.881872,On or near Eskdale,E01008172,Gateshead 026A,Anti-social behaviour,,
,2024-10,Northumbria Police,Northumbria Police,-1.569108,54.886499,On or near Colebrooke,E01008172,Gateshead 026A,Anti-social behaviour,,
f227dc8b3f86345fc8264645e2cafb1f4785abf697e1e597258951308c34dc26,2024-10,Northumbria Police,Northumbria Police,-1.566996,54.881388,On or near Portree Close,E01008172,Gateshead 026A,Drugs,Status update unavailable,
bc55ce1382f291aab46898cbf544cfc4eb2048be5359a32e10fc601d993007e8,2024-10,Northumbria Police,Northumbria Police,-1.565060,54.886090,On or near Ennerdale,E01008172,Gateshead 026A,Other theft,Investigation complete; no suspect identified,
cb2e3d259487720fe91e440f4131d8e7bd18f659dd78bbd087be318ab604d8a4,2024-10,Northumbria Police,Northumbria Police,-1.558203,54.888779,On or near Petrol Station,E01008172,Gateshead 026A,Other theft,Investigation complete; no suspect identified,
409f48a7fd741aa1ac39b357b45ffa9be720c624a33d267f1e0fb8c748ecb643,2024-10,Northumbria Police,Northumbria Police,-1.570882,54.885373,On or near Renfrew Place,E01008172,Gateshead 026A,Violence and sexual offences,Status update unavailable,
8b8db2ad499513f4cc8f443bd962d2f231d6b26fdf07f05acb6b3799f2ddbef2,2024-10,Northumbria Police,Northumbria Police,-1.566996,54.881388,On or near Portree Close,E01008172,Gateshead 026A,Violence and sexual offences,Investigation complete; no suspect identified,
0e56b0d479cb9b0007d03c75deaddd5a009e2e1d67ba37576cfc98225dc897e1,2024-10,Northumbria Police,Northumbria Police,-1.557915,54.889398,On or near Washington Motorway Services,E01008172,Gateshead 026A,Violence and sexual offences,Investigation complete; no suspect identified,
454a98a6c2df574793583bf08c3aa4f5c317d682dc0f49494e48acb5607be22d,2024-10,Northumbria Police,Northumbria Police,-1.568075,54.885471,On or near Errol Place,E01008172,Gateshead 026A,Violence and sexual offences,Status update unavailable,
5faf6c149bf0b777eb2408a27c25f049bf7ee419ed0bb5438eb2c5ea95ff3d71,2024-10,Northumbria Police,Northumbria Police,-1.557915,54.889398,On or near Washington Motorway Services,E01008172,Gateshead 026A,Violence and sexual offences,Investigation complete; no suspect identified,
25e00e1f7c6bfda711d3e7141301d3c01758bd67ec25aa3ea94c22c4acd75e38,2024-10,Northumbria Police,Northumbria Police,-1.564139,54.881872,On or near Eskdale,E01008172,Gateshead 026A,Other crime,Status update unavailable,
,2024-10,Northumbria Police,Northumbria Police,-1.574470,54.880659,On or near Cheshire Avenue,E01008173,Gateshead 026B,Anti-social behaviour,,
90e0b516f4eff93e358ed0ab16697f6d63e1d8fc340891f6bf8463c8f0d25a1f,2024-10,Northumbria Police,Northumbria Police,-1.575754,54.883099,On or near York Road,E01008173,Gateshead 026B,Burglary,Court result unavailable,
9723af7e18e36fd2a5d6d80956b93336d0c07fd2a0be6447bc50711eafbc488b,2024-10,Northumbria Police,Northumbria Police,-1.574889,54.883842,On or near Dorset Avenue,E01008173,Gateshead 026B,Other theft,Status update unavailable,
f3f665b28fc80656c5642c5e120df3937ff45676f4c23a658745619f4cb991a8,2024-10,Northumbria Police,Northumbria Police,-1.573589,54.882885,On or near Surrey Terrace,E01008173,Gateshead 026B,Other theft,Investigation complete; no suspect identified,
ad994981b33a2c5e02a627eb84cca3c030755253d98ef14f66dabd0dd1c964b3,2024-10,Northumbria Police,Northumbria Police,-1.576171,54.880449,On or near Petrol Station,E01008173,Gateshead 026B,Other theft,Investigation complete; no suspect identified,
cc3f96939c39008fc9182458a563fcf6258e433cd19c2cbd8cb7038f5e90f149,2024-10,Northumbria Police,Northumbria Police,-1.575754,54.883099,On or near York Road,E01008173,Gateshead 026B,Shoplifting,Court result unavailable,
dbd7b827b323e9ce2b3c4dac8459e6196e08f9b5feb75536e0b529ab6d4e01db,2024-10,Northumbria Police,Northumbria Police,-1.575754,54.883099,On or near York Road,E01008173,Gateshead 026B,Shoplifting,Status update unavailable,
ccc648e5826dc62bd2a43f1c1a98bd19a2560ba072067fbce90efb4997e9356f,2024-10,Northumbria Police,Northumbria Police,-1.575754,54.883099,On or near York Road,E01008173,Gateshead 026B,Shoplifting,Court result unavailable,
06e5f7c9b501ef431b57bb846e21684d4540135c89614afa28ceebea2b805d8f,2024-10,Northumbria Police,Northumbria Police,-1.575754,54.883099,On or near York Road,E01008173,Gateshead 026B,Shoplifting,Court result unavailable,
c2e65a5f789e7ac2a0772fe34b89688a9a57665b354f87357f720988ba759fbd,2024-10,Northumbria Police,Northumbria Police,-1.575754,54.883099,On or near York Road,E01008173,Gateshead 026B,Shoplifting,Court result unavailable,
ea56166ce85b5127cdcdf4c5a46b3fb396dbdb790fc7159f5453a3af141edabb,2024-10,Northumbria Police,Northumbria Police,-1.576171,54.880449,On or near Petrol Station,E01008173,Gateshead 026B,Shoplifting,Investigation complete; no suspect identified,
d8d042a53e3c4b341cd25f5e16febb342b8e35cea9654d80a66b45647ec0148a,2024-10,Northumbria Police,Northumbria Police,-1.574889,54.883842,On or near Dorset Avenue,E01008173,Gateshead 026B,Violence and sexual offences,Investigation complete; no suspect identified,
1ae6a92549c8507ca2fa6a86dc855fc605f8736f6bbc0e00629f42f34f25b880,2024-10,Northumbria Police,Northumbria Police,-1.575754,54.883099,On or near York Road,E01008173,Gateshead 026B,Violence and sexual offences,Status update unavailable,
8de9a7bdec92f3644bcb7f80ebf26837f54f493d2fb7205fd7e1970f9fdc68c6,2024-10,Northumbria Police,Northumbria Police,-1.571491,54.880891,On or near Cumberland Place,E01008173,Gateshead 026B,Violence and sexual offences,Investigation complete; no suspect identified,
5ccdaef4b95357320f7cf8025641b9e1643aad337a0ca57a8cebeb0ab9fd9424,2024-10,Northumbria Police,Northumbria Police,-1.575754,54.883099,On or near York Road,E01008173,Gateshead 026B,Violence and sexual offences,Status update unavailable,
2a13e4a8262c648e727f8dfac0c86c1b011049da737a368f60d300bc35c1bd45,2024-10,Northumbria Police,Northumbria Police,-1.572903,54.881409,On or near Cambridge Place,E01008173,Gateshead 026B,Other crime,Status update unavailable,
,2024-10,Northumbria Police,Northumbria Police,-1.575201,54.892703,On or near Harras Bank,E01008174,Gateshead 026C,Anti-social behaviour,,
,2024-10,Northumbria Police,Northumbria Police,-1.571143,54.896059,On or near Kateregina,E01008174,Gateshead 026C,Anti-social behaviour,,
,2024-10,Northumbria Police,Northumbria Police,-1.576793,54.897005,On or near Orchard Close,E01008174,Gateshead 026C,Anti-social behaviour,,
,2024-10,Northumbria Police,Northumbria Police,-1.566301,54.893921,On or near Portobello Way,E01008174,Gateshead 026C,Anti-social behaviour,,
,2024-10,Northumbria Police,Northumbria Police,-1.566301,54.893921,On or near Portobello Way,E01008174,Gateshead 026C,Anti-social behaviour,,
72ba880f17959e374775f022e52fda640a482c3f7ce77198e3b66c4df439609a,2024-10,Northumbria Police,Northumbria Police,-1.566301,54.893921,On or near Portobello Way,E01008174,Gateshead 026C,Burglary,Investigation complete; no suspect identified,
dba9255d5ba2612a9b765129a115903c9224e8cc218719b900af8683b048cd36,2024-10,Northumbria Police,Northumbria Police,-1.576793,54.897005,On or near Orchard Close,E01008174,Gateshead 026C,Burglary,Investigation complete; no suspect identified,
f08f8fc1eb68ad7ef18d1d9b35b13c406f768c4f7e443f2016a50aeb42379880,2024-10,Northumbria Police,Northumbria Police,-1.569006,54.900509,On or near Maple Avenue,E01008174,Gateshead 026C,Burglary,Investigation complete; no suspect identified,
a6be0076be41a319b31c7b48bfd02ab78b70491e616b47abc720115c6a594b92,2024-10,Northumbria Police,Northumbria Police,-1.566499,54.895773,On or near Portmeads Rise,E01008174,Gateshead 026C,Criminal damage and arson,Status update unavailable,
4b38aa0e1d696a1acb018130f5ede278d30fe38e9227127641798451f753a4a8,2024-10,Northumbria Police,Northumbria Police,-1.576254,54.890371,On or near Radcliffe Street,E01008174,Gateshead 026C,Other theft,Investigation complete; no suspect identified,
fa3c4d437ab8f5dcb252ef08d5febaab32bceaa432da1d410674f8528df7306e,2024-10,Northumbria Police,Northumbria Police,-1.576254,54.890371,On or near Radcliffe Street,E01008174,Gateshead 026C,Other theft,Investigation complete; no suspect identified,
772f13a4c2d7c7b7add3f87971c178056b8ac82b327ec9b9e8199d7402135834,2024-10,Northumbria Police,Northumbria Police,-1.566499,54.895773,On or near Portmeads Rise,E01008174,Gateshead 026C,Public order,Status update unavailable,
c4ad04ec76e4ffd48e35c13b86d8c41f3fe2c8f9760fac7e0c8e88e1fc2fe989,2024-10,Northumbria Police,Northumbria Police,-1.566499,54.895773,On or near Portmeads Rise,E01008174,Gateshead 026C,Public order,Status update unavailable,
298667ceabed67de307e77f1e863e620913128e08a81a245a047d3871ba654de,2024-10,Northumbria Police,Northumbria Police,-1.566499,54.895773,On or near Portmeads Rise,E01008174,Gateshead 026C,Public order,Status update unavailable,
86068f1afcb017a9b527f03f37be689c8f642af81502dda086869a59ed4198e3,2024-10,Northumbria Police,Northumbria Police,-1.571401,54.896644,On or near South View,E01008174,Gateshead 026C,Shoplifting,Investigation complete; no suspect identified,
508ec3387d49c163047a215ecdaf695bd48cd23645384d9cea61d89f781d6af3,2024-10,Northumbria Police,Northumbria Police,-1.576805,54.892817,On or near Petrol Station,E01008174,Gateshead 026C,Shoplifting,Investigation complete; no suspect identified,
4004ed33779664cb504ef49c4985f2d65f7ebfdeda6ada70bcd5e956cb5c80cb,2024-10,Northumbria Police,Northumbria Police,-1.566301,54.893921,On or near Portobello Way,E01008174,Gateshead 026C,Vehicle crime,Investigation complete; no suspect identified,
cc4c1d558dcdee72a1238f280ed878b7171459d0ba249804b42ba0a29b6e70d4,2024-10,Northumbria Police,Northumbria Police,-1.572551,54.897062,On or near Woodbine Terrace,E01008174,Gateshead 026C,Violence and sexual offences,Investigation complete; no suspect identified,
cb932afabbe13b37bf991d4035e422ab239bc50c4a3575f80feace997cc80003,2024-10,Northumbria Police,Northumbria Police,-1.566499,54.895773,On or near Portmeads Rise,E01008174,Gateshead 026C,Violence and sexual offences,Status update unavailable,
d5542b4b82753c1b8d9a638d8b65eb14c6cdb53e4f7cb04f1adfe57ce9bde999,2024-10,Northumbria Police,Northumbria Police,-1.576805,54.892817,On or near Petrol Station,E01008174,Gateshead 026C,Violence and sexual offences,Investigation complete; no suspect identified,
9e3f5c36d5aa0a39bf42d29cd8e4958ec1b322a84e6ac71a7602ae4e9cc33b8d,2024-10,Northumbria Police,Northumbria Police,-1.565328,54.900316,On or near Beamish View,E01008174,Gateshead 026C,Violence and sexual offences,Status update unavailable,
fb05bd316226666be3d808735b1d90a94deb78d446db1fab8a10e0cd7d76c5cc,2024-10,Northumbria Police,Northumbria Police,-1.576779,54.890840,On or near Durham Road,E01008174,Gateshead 026C,Violence and sexual offences,Status update unavailable,
79a29b32e905ffe6ec5253b4d72084be112e8ef0f38fe0500ede2f287c0f44f0,2024-10,Northumbria Police,Northumbria Police,-1.566499,54.895773,On or near Portmeads Rise,E01008174,Gateshead 026C,Violence and sexual offences,Status update unavailable,
645cc2aec379f584d5206a72da10ef3ea79a091ae8cb0e07cb3bdc54165fcca4,2024-10,Northumbria Police,Northumbria Police,-1.575771,54.899275,On or near Mount Pleasant,E01008174,Gateshead 026C,Other crime,Status update unavailable,
,2024-10,Northumbria Police,Northumbria Police,-1.580097,54.895587,On or near Beaconsfield Terrace,E01008175,Gateshead 026D,Anti-social behaviour,,
,2024-10,Northumbria Police,Northumbria Police,-1.581624,54.897210,On or near King Street,E01008175,Gateshead 026D,Anti-social behaviour,,
,2024-10,Northumbria Police,Northumbria Police,-1.581624,54.897210,On or near King Street,E01008175,Gateshead 026D,Anti-social behaviour,,
,2024-10,Northumbria Police,Northumbria Police,-1.581624,54.897210,On or near King Street,E01008175,Gateshead 026D,Anti-social behaviour,,
,2024-10,Northumbria Police,Northumbria Police,-1.580694,54.898204,On or near Ravensworth Road,E01008175,Gateshead 026D,Anti-social behaviour,,
,2024-10,Northumbria Police,Northumbria Police,-1.574558,54.894481,On or near Church Street,E01008175,Gateshead 026D,Anti-social behaviour,,
,2024-10,Northumbria Police,Northumbria Police,-1.574558,54.894481,On or near Church Street,E01008175,Gateshead 026D,Anti-social behaviour,,
,2024-10,Northumbria Police,Northumbria Police,-1.581624,54.897210,On or near King Street,E01008175,Gateshead 026D,Anti-social behaviour,,
9ee79260bbf584565e8abbdc3cba0d81d2fd63f544c563325dad5edfea405401,2024-10,Northumbria Police,Northumbria Police,-1.581422,54.895628,On or near Station Lane,E01008175,Gateshead 026D,Burglary,Investigation complete; no suspect identified,
eab7f97d874728b3425a24e5965fca4406e4282692a9a73ab06bae8da728d1c5,2024-10,Northumbria Police,Northumbria Police,-1.580097,54.895587,On or near Beaconsfield Terrace,E01008175,Gateshead 026D,Burglary,Status update unavailable,
272c97bfcb937de5b38c208293b7dce1831967906c108430e27605271bc27f64,2024-10,Northumbria Police,Northumbria Police,-1.580097,54.895587,On or near Beaconsfield Terrace,E01008175,Gateshead 026D,Criminal damage and arson,Investigation complete; no suspect identified,
b904668acc09d6681eff4bf663fcdfa2795ea830a33076a65f90168ad1098ba1,2024-10,Northumbria Police,Northumbria Police,-1.578446,54.893973,On or near Parking Area,E01008175,Gateshead 026D,Criminal damage and arson,Status update unavailable,
6d9468952df87b1bf40eade88f7990208aa2a04adb1c0a3918c2a8f5dec93b7d,2024-10,Northumbria Police,Northumbria Police,-1.581624,54.897210,On or near King Street,E01008175,Gateshead 026D,Criminal damage and arson,Investigation complete; no suspect identified,
596bf8852ce5e2ab1c5d83958ca094f6353e7be4d35e077127d623da74c7d4b8,2024-10,Northumbria Police,Northumbria Police,-1.578903,54.898000,On or near Craig Street,E01008175,Gateshead 026D,Criminal damage and arson,Investigation complete; no suspect identified,
9b8ade1e66bf01f4d974ca9fc7048ce5a3387311624f354b544a31941956a202,2024-10,Northumbria Police,Northumbria Police,-1.580097,54.895587,On or near Beaconsfield Terrace,E01008175,Gateshead 026D,Criminal damage and arson,Investigation complete; no suspect identified,
e89ec6404e90599051dd265a36d381e0478a019410249235db2d67178a348ed8,2024-10,Northumbria Police,Northumbria Police,-1.580097,54.895587,On or near Beaconsfield Terrace,E01008175,Gateshead 026D,Criminal damage and arson,Investigation complete; no suspect identified,
8147f5941bb353c0101e2fd86babd7d7db253a6055237623c4bebeb760fa7659,2024-10,Northumbria Police,Northumbria Police,-1.579762,54.897824,On or near Bertram Street,E01008175,Gateshead 026D,Drugs,Status update unavailable,
41efb9294ab35415ad815cf18599cdabf69ccc1354fd62c607f542bb91baf469,2024-10,Northumbria Police,Northumbria Police,-1.579070,54.896887,On or near West Street,E01008175,Gateshead 026D,Drugs,Status update unavailable,
14c3c4dc6979ce97ecb8c10c59cf1af2a5e17def886a5f265aa3b84448a17535,2024-10,Northumbria Police,Northumbria Police,-1.581624,54.897210,On or near King Street,E01008175,Gateshead 026D,Drugs,Status update unavailable,
8785e7b48fa9b1781a00edcf105c0ebe9cb68e4f55b433640f8f8789f14cd201,2024-10,Northumbria Police,Northumbria Police,-1.579070,54.896887,On or near West Street,E01008175,Gateshead 026D,Other theft,Investigation complete; no suspect identified,
91f90ee5d03a138f688f6fbf254bcd14b8e5e2faa09f3b43b50ddd801cbabbfc,2024-10,Northumbria Police,Northumbria Police,-1.576457,54.896302,On or near The Avenue,E01008175,Gateshead 026D,Other theft,Investigation complete; no suspect identified,
ebb7d7d17714a1df340f46f2dc4224463a984ab5befff4f92b78f03bce581d46,2024-10,Northumbria Police,Northumbria Police,-1.580097,54.895587,On or near Beaconsfield Terrace,E01008175,Gateshead 026D,Public order,Investigation complete; no suspect identified,
3ef7afb57ea17577094b1157fd073f07b3164d7d6ebcfef173d9876c8e162d2b,2024-10,Northumbria Police,Northumbria Police,-1.576495,54.895611,On or near Holyoake Gardens,E01008175,Gateshead 026D,Robbery,Investigation complete; no suspect identified,
27e2c35a72fe55e482811e1be1e32402ad66b0e6033a95de60b0c1109d2058b8,2024-10,Northumbria Police,Northumbria Police,-1.580097,54.895587,On or near Beaconsfield Terrace,E01008175,Gateshead 026D,Shoplifting,Investigation complete; no suspect identified,
40e9c8089d9a3bf17d20a93f18aef67844e595c955b4a075e2f57f5492931387,2024-10,Northumbria Police,Northumbria Police,-1.580097,54.895587,On or near Beaconsfield Terrace,E01008175,Gateshead 026D,Shoplifting,Investigation complete; no suspect identified,
ff2abb6a9cbd8dc3fa03e9d264d67240e696dc56214de89766b0c861b72aa3f2,2024-10,Northumbria Police,Northumbria Police,-1.580097,54.895587,On or near Beaconsfield Terrace,E01008175,Gateshead 026D,Shoplifting,Investigation complete; no suspect identified,
b35c70af60d06c72c4f7394e526e4908aad38ff9aebfad71166e00484d2dfa59,2024-10,Northumbria Police,Northumbria Police,-1.580097,54.895587,On or near Beaconsfield Terrace,E01008175,Gateshead 026D,Shoplifting,Investigation complete; no suspect identified,
2b109f6dd6c846d11e33f373ddf80348d976c05bd637733f33e6615423971b61,2024-10,Northumbria Police,Northumbria Police,-1.580097,54.895587,On or near Beaconsfield Terrace,E01008175,Gateshead 026D,Shoplifting,Investigation complete; no suspect identified,
28595380e801f6c247a872eed6d3279cc3337d84e386ef3937dc64957dd52e24,2024-10,Northumbria Police,Northumbria Police,-1.580097,54.895587,On or near Beaconsfield Terrace,E01008175,Gateshead 026D,Shoplifting,Investigation complete; no suspect identified,
4b89779d6dda99e2aaa4c52d9e35e912e2e796afd86357c151b1e7e0f5ce0c53,2024-10,Northumbria Police,Northumbria Police,-1.580097,54.895587,On or near Beaconsfield Terrace,E01008175,Gateshead 026D,Shoplifting,Investigation complete; no suspect identified,
b2902a40dd9395d5628f94f999e8efc0ec779d9b6c7673de1dcd048455aeda3a,2024-10,Northumbria Police,Northumbria Police,-1.580097,54.895587,On or near Beaconsfield Terrace,E01008175,Gateshead 026D,Shoplifting,Investigation complete; no suspect identified,
8769e14d6b382c92671162e2ab0546815b9b09ce243d66e0e7dec77cd7f6e9db,2024-10,Northumbria Police,Northumbria Police,-1.580097,54.895587,On or near Beaconsfield Terrace,E01008175,Gateshead 026D,Shoplifting,Investigation complete; no suspect identified,
a4ae4ec3d34d5a638d332ad0ab9c7bf535b764bffc250aaeb018f0690effc767,2024-10,Northumbria Police,Northumbria Police,-1.580097,54.895587,On or near Beaconsfield Terrace,E01008175,Gateshead 026D,Shoplifting,Investigation complete; no suspect identified,
546316be5b4b92501697ac5807da8fdaad4d2e8d4212a45ac59e48f46eaaa09a,2024-10,Northumbria Police,Northumbria Police,-1.576495,54.895611,On or near Holyoake Gardens,E01008175,Gateshead 026D,Shoplifting,Investigation complete; no suspect identified,
12dae66260a8a01e30f9fbdc8bc661b977365b81335e569634e48e7a9fb9f203,2024-10,Northumbria Police,Northumbria Police,-1.581422,54.895628,On or near Station Lane,E01008175,Gateshead 026D,Vehicle crime,Investigation complete; no suspect identified,
1b67cb7ef9ff94c2c89a16b5f5aea4e5288b8441d7f75cd848e2fc54de21b9ce,2024-10,Northumbria Police,Northumbria Police,-1.579070,54.896887,On or near West Street,E01008175,Gateshead 026D,Vehicle crime,Investigation complete; no suspect identified,
b847e135fce14eeb4c79e367acdb539364e3896066d8490117af085d60b374c4,2024-10,Northumbria Police,Northumbria Police,-1.578446,54.893973,On or near Parking Area,E01008175,Gateshead 026D,Vehicle crime,Investigation complete; no suspect identified,
8dc5dfc1371f6b140e0546cb3d9524675f65ed4327a1e3ee7ba9424575499009,2024-10,Northumbria Police,Northumbria Police,-1.581624,54.897210,On or near King Street,E01008175,Gateshead 026D,Vehicle crime,Investigation complete; no suspect identified,
42e198439e103547a1577c5f0be14b15f70c71cd1860702247b1271c0707b1d2,2024-10,Northumbria Police,Northumbria Police,-1.580694,54.898204,On or near Ravensworth Road,E01008175,Gateshead 026D,Violence and sexual offences,Investigation complete; no suspect identified,
1f339b07650e142716c306e1bbc2297c519d9e156a2049e80ec0a9d74e7f88fb,2024-10,Northumbria Police,Northumbria Police,-1.580097,54.895587,On or near Beaconsfield Terrace,E01008175,Gateshead 026D,Violence and sexual offences,Status update unavailable,
82e5f9cfeece309577771ed6040ecfd50bf53c7fbcb5ec5b740ed179ba0160c7,2024-10,Northumbria Police,Northumbria Police,-1.579762,54.897824,On or near Bertram Street,E01008175,Gateshead 026D,Violence and sexual offences,Investigation complete; no suspect identified,
d053f36fed9044a889f5c52b447df7c4aaf3c4cfdde29164ab9a01ad727e9050,2024-10,Northumbria Police,Northumbria Police,-1.580097,54.895587,On or near Beaconsfield Terrace,E01008175,Gateshead 026D,Violence and sexual offences,Status update unavailable,
5adfb33fa51b9dc72822e91b289e50e4d7662634869e87b75c26e471aece0a6d,2024-10,Northumbria Police,Northumbria Police,-1.574558,54.894481,On or near Church Street,E01008175,Gateshead 026D,Violence and sexual offences,Status update unavailable,
55ea88c71120c37ebdd97c96be35596d28da3467e343472b613427b75e05c4cb,2024-10,Northumbria Police,Northumbria Police,-1.580097,54.895587,On or near Beaconsfield Terrace,E01008175,Gateshead 026D,Violence and sexual offences,Investigation complete; no suspect identified,
73f9097d8ec20465ae379c5ae5e70de46d8389d6d5b567e06b9f7df01232727b,2024-10,Northumbria Police,Northumbria Police,-1.574558,54.894481,On or near Church Street,E01008175,Gateshead 026D,Violence and sexual offences,Status update unavailable,
f4db5448a67d592af52cad1d5cc74dc588354bd29fa060b3eb40d7578a66090a,2024-10,Northumbria Police,Northumbria Police,-1.578903,54.898000,On or near Craig Street,E01008175,Gateshead 026D,Violence and sexual offences,Status update unavailable,
0b09555e136f68ce30aca990f96a8b1167eaca5d0be06296f7cdf7792da31e75,2024-10,Northumbria Police,Northumbria Police,-1.578903,54.898000,On or near Craig Street,E01008175,Gateshead 026D,Violence and sexual offences,Status update unavailable,
6bb7693603d1745da830daaaf1d6885890f734df4437243067420be2e4369bad,2024-10,Northumbria Police,Northumbria Police,-1.574558,54.894481,On or near Church Street,E01008175,Gateshead 026D,Other crime,Status update unavailable,
404eb5d891677e6d05f062cd9812d6b86d85af007a62adf987ba24bfd628337c,2024-10,Northumbria Police,Northumbria Police,-1.574558,54.894481,On or near Church Street,E01008175,Gateshead 026D,Other crime,Status update unavailable,
faf645b3255882a1acce3931694b91707e49f6286c095f264b945686b7ff852e,2024-10,Northumbria Police,Northumbria Police,-1.562222,54.896189,On or near Penshaw Way,E01008176,Gateshead 026E,Burglary,Investigation complete; no suspect identified,
57b0399ff2a58c14bee2b823dea2bb4f496e930a6a9f7423703d79a7964786ce,2024-10,Northumbria Police,Northumbria Police,-1.567651,54.890179,On or near Leafield Glade,E01008176,Gateshead 026E,Public order,Status update unavailable,
ec108c17ffb0cae355c627f527cb45ddb2f4bbf6b2e11b53f94c3b5663193e4e,2024-10,Northumbria Police,Northumbria Police,-1.562222,54.896189,On or near Penshaw Way,E01008176,Gateshead 026E,Vehicle crime,Investigation complete; no suspect identified,
6795be2e39448efe8372a68a055d617a6b6c2849831d55c0b2dff586f402e5a0,2024-10,Northumbria Police,Northumbria Police,-1.566090,54.891782,On or near Fellside,E01008176,Gateshead 026E,Other crime,Status update unavailable,
,2024-10,Northumbria Police,Northumbria Police,-1.588649,54.957640,On or near Gateshead Stadium,E01008162,Gateshead 027A,Anti-social behaviour,,
,2024-10,Northumbria Police,Northumbria Police,-1.588649,54.957640,On or near Gateshead Stadium,E01008162,Gateshead 027A,Anti-social behaviour,,
,2024-10,Northumbria Police,Northumbria Police,-1.596488,54.957585,On or near Parking Area,E01008162,Gateshead 027A,Anti-social behaviour,,
,2024-10,Northumbria Police,Northumbria Police,-1.588649,54.957640,On or near Gateshead Stadium,E01008162,Gateshead 027A,Anti-social behaviour,,
,2024-10,Northumbria Police,Northumbria Police,-1.584909,54.955309,On or near Fleetwood Way,E01008162,Gateshead 027A,Anti-social behaviour,,
,2024-10,Northumbria Police,Northumbria Police,-1.586238,54.959717,On or near Foster Drive,E01008162,Gateshead 027A,Anti-social behaviour,,
,2024-10,Northumbria Police,Northumbria Police,-1.591674,54.958100,On or near Shelley Drive,E01008162,Gateshead 027A,Anti-social behaviour,,
,2024-10,Northumbria Police,Northumbria Police,-1.591674,54.958100,On or near Shelley Drive,E01008162,Gateshead 027A,Anti-social behaviour,,
,2024-10,Northumbria Police,Northumbria Police,-1.587972,54.959723,On or near St James Road,E01008162,Gateshead 027A,Anti-social behaviour,,
ce3043876846645f1135619787c8685c431b7efe1f9beca4bc8879b56cde3aa2,2024-10,Northumbria Police,Northumbria Police,-1.593422,54.958132,On or near Parking Area,E01008162,Gateshead 027A,Burglary,Investigation complete; no suspect identified,
0512aa08d972b0c4bc1a26572d1170b7720e5e2e0997112c61c38d81fe4b57f4,2024-10,Northumbria Police,Northumbria Police,-1.592975,54.957619,On or near Bede Court,E01008162,Gateshead 027A,Burglary,Investigation complete; no suspect identified,
b5633d66259d3d3121f00a9a8a0c58c1fa434b2c46df3ad5dbe9e367f5a34b01,2024-10,Northumbria Police,Northumbria Police,-1.596488,54.957585,On or near Parking Area,E01008162,Gateshead 027A,Criminal damage and arson,Investigation complete; no suspect identified,
ffb9412ab215c44dc5454903cfdae0f75162c8bdf19e57d502a874b60a292e7e,2024-10,Northumbria Police,Northumbria Police,-1.588649,54.957640,On or near Gateshead Stadium,E01008162,Gateshead 027A,Criminal damage and arson,Investigation complete; no suspect identified,
e2705cc022e101fbf58326e51b618d7777844a0030d3cda27269b54123b5f9d4,2024-10,Northumbria Police,Northumbria Police,-1.588649,54.957640,On or near Gateshead Stadium,E01008162,Gateshead 027A,Criminal damage and arson,Investigation complete; no suspect identified,
bff5710e1534d42b7700728851853d725c4c1193387bf9d5586a36762f86ab06,2024-10,Northumbria Police,Northumbria Police,-1.588649,54.957640,On or near Gateshead Stadium,E01008162,Gateshead 027A,Criminal damage and arson,Investigation complete; no suspect identified,
8ef83867a73500401af0d37ed10e3ef635017c84dfbb537fd04f3f297ec0f4c8,2024-10,Northumbria Police,Northumbria Police,-1.588649,54.957640,On or near Gateshead Stadium,E01008162,Gateshead 027A,Criminal damage and arson,Investigation complete; no suspect identified,
989d74c41c6ade0f9c352cb1555718322d80343c1109b95a36a5d6f422cf72c1,2024-10,Northumbria Police,Northumbria Police,-1.593422,54.958132,On or near Parking Area,E01008162,Gateshead 027A,Criminal damage and arson,Investigation complete; no suspect identified,
caf6441276be35d5196ecfd734107fbd39ab9dcbb7f7f8916fa3e5e4f9840ec8,2024-10,Northumbria Police,Northumbria Police,-1.596488,54.957585,On or near Parking Area,E01008162,Gateshead 027A,Criminal damage and arson,Investigation complete; no suspect identified,
438f4ab29b76f74a0d3a10fe7dbb6b9df4343b355bbd4d7210138f876fc7b600,2024-10,Northumbria Police,Northumbria Police,-1.593422,54.958132,On or near Parking Area,E01008162,Gateshead 027A,Criminal damage and arson,Investigation complete; no suspect identified,
f440f480fb9f727211632dd39ee97678f15517b28172662a90a126180ec032bc,2024-10,Northumbria Police,Northumbria Police,-1.588649,54.957640,On or near Gateshead Stadium,E01008162,Gateshead 027A,Criminal damage and arson,Status update unavailable,
a534bdb0e902d9d89c5749808927bf133287def3eb5f5cda482f5a756123b5ed,2024-10,Northumbria Police,Northumbria Police,-1.586715,54.960446,On or near Redgrave Close,E01008162,Gateshead 027A,Criminal damage and arson,Investigation complete; no suspect identified,
b68b5972f73e00bd21d38e86cfbe204537efa00d212afd9bf1b2b25ad58f5962,2024-10,Northumbria Police,Northumbria Police,-1.595129,54.958887,On or near Supermarket,E01008162,Gateshead 027A,Drugs,Court result unavailable,
89ab34015c450f49a434329aeb26b5f2c49e7efdc321476b814bc50ff86110f5,2024-10,Northumbria Police,Northumbria Police,-1.591674,54.958100,On or near Shelley Drive,E01008162,Gateshead 027A,Drugs,Status update unavailable,
4f81ec6eae24a6d2b74903d02d4c5cf6967008b23f27cf00b92e122458753839,2024-10,Northumbria Police,Northumbria Police,-1.596488,54.957585,On or near Parking Area,E01008162,Gateshead 027A,Other theft,Investigation complete; no suspect identified,
a47b5560259dfc682dab4593fae5c67b47c9479dcd75757f921f8208fd2649ab,2024-10,Northumbria Police,Northumbria Police,-1.588649,54.957640,On or near Gateshead Stadium,E01008162,Gateshead 027A,Other theft,Status update unavailable,
67c875e9fc7a2aa66e8bd1fae101f2ac08911be0231574a1435485030710a8f7,2024-10,Northumbria Police,Northumbria Police,-1.588649,54.957640,On or near Gateshead Stadium,E01008162,Gateshead 027A,Other theft,Status update unavailable,
3355d1f2c38a369f998f8e40ca8975a86545f388d612b5bda05ea120d023a79e,2024-10,Northumbria Police,Northumbria Police,-1.593422,54.958132,On or near Parking Area,E01008162,Gateshead 027A,Other theft,Status update unavailable,
c2864cc14bf01a9b259a4e304e6dc53b9a7cfb640071b1e830bf28b67f303b85,2024-10,Northumbria Police,Northumbria Police,-1.582215,54.957600,On or near Old Fold Road,E01008162,Gateshead 027A,Public order,Investigation complete; no suspect identified,
c47d9284a7862fa314fc4073d4c1db96992a1ae801565e1a56eaa1e4a4d0f56b,2024-10,Northumbria Police,Northumbria Police,-1.588649,54.957640,On or near Gateshead Stadium,E01008162,Gateshead 027A,Public order,Status update unavailable,
1b3acf73c09261e75520d644d11d6b12c0ebf67d14b842484a5a7c5cff19ef8f,2024-10,Northumbria Police,Northumbria Police,-1.588649,54.957640,On or near Gateshead Stadium,E01008162,Gateshead 027A,Robbery,Investigation complete; no suspect identified,
abeb98e6478cbdaa68cb52cd2a76110ac71f32b94a841b61e190d2018af2f34d,2024-10,Northumbria Police,Northumbria Police,-1.588369,54.955968,On or near St Vincent Court,E01008162,Gateshead 027A,Vehicle crime,Investigation complete; no suspect identified,
c37d8d03ddd0de8784f7bb0de2ade38be6417667aed5d794ed87b81292753bb7,2024-10,Northumbria Police,Northumbria Police,-1.583797,54.955629,On or near Bishops Park Road,E01008162,Gateshead 027A,Vehicle crime,Investigation complete; no suspect identified,
a84901851aa048c2605e01a4b7a4d613cf72fc13a3cc0508889cf9b29bf5f242,2024-10,Northumbria Police,Northumbria Police,-1.588649,54.957640,On or near Gateshead Stadium,E01008162,Gateshead 027A,Vehicle crime,Investigation complete; no suspect identified,
8be19a0c140445b6846a94c65665779421e67901f3fea2bb86c09704e81cc7a5,2024-10,Northumbria Police,Northumbria Police,-1.585870,54.956004,On or near Angel Avenue,E01008162,Gateshead 027A,Vehicle crime,Investigation complete; no suspect identified,
9cbd3288dd572785836b94e1417573a3a464b5bb2d972dcee45300da59e9469a,2024-10,Northumbria Police,Northumbria Police,-1.586715,54.960446,On or near Redgrave Close,E01008162,Gateshead 027A,Vehicle crime,Investigation complete; no suspect identified,
de80dd7fcb4f2c64b0b6f9564903cdf93310bb1a4dd2cb8933c5ec67d818a433,2024-10,Northumbria Police,Northumbria Police,-1.595129,54.958887,On or near Supermarket,E01008162,Gateshead 027A,Vehicle crime,Investigation complete; no suspect identified,
81acbe2e6caad6592a334362453fa1c8aabcc3a677f363d6e7bfb5a9a81fd8b5,2024-10,Northumbria Police,Northumbria Police,-1.591674,54.958100,On or near Shelley Drive,E01008162,Gateshead 027A,Violence and sexual offences,Status update unavailable,
77a135af9169813fad73cdf2c63655db9a30b6357f3bee989b085ea2d549f477,2024-10,Northumbria Police,Northumbria Police,-1.588649,54.957640,On or near Gateshead Stadium,E01008162,Gateshead 027A,Violence and sexual offences,Court result unavailable,
8ff4980912b147449be92186b2d4213099060834a11a5f8c6a6901ad8c65149b,2024-10,Northumbria Police,Northumbria Police,-1.588649,54.957640,On or near Gateshead Stadium,E01008162,Gateshead 027A,Violence and sexual offences,Investigation complete; no suspect identified,
cf5848396f3d0a22c1cee23d16cf797a554aa5d667bfbe3a0d0b1d72c30913cf,2024-10,Northumbria Police,Northumbria Police,-1.582215,54.957600,On or near Old Fold Road,E01008162,Gateshead 027A,Violence and sexual offences,Investigation complete; no suspect identified,
424c460b6f5c7956a0fe8faff026b7a00778c07d9e35d69c1e8f377370963e05,2024-10,Northumbria Police,Northumbria Police,-1.591674,54.958100,On or near Shelley Drive,E01008162,Gateshead 027A,Violence and sexual offences,Status update unavailable,
0d5b6b038c81828477957fdc7added627e1e334b53b22fc7e807539b7ea5f063,2024-10,Northumbria Police,Northumbria Police,-1.588649,54.957640,On or near Gateshead Stadium,E01008162,Gateshead 027A,Violence and sexual offences,Investigation complete; no suspect identified,
625acc5de1429d33cefb980313676eae11f14aa2d8cf4ecd3a907ba6f0e16f53,2024-10,Northumbria Police,Northumbria Police,-1.588649,54.957640,On or near Gateshead Stadium,E01008162,Gateshead 027A,Violence and sexual offences,Investigation complete; no suspect identified,
5fcda0f43f6d08eec8103a1487bcbecd9573ba2238c7f13b231b9125528d4236,2024-10,Northumbria Police,Northumbria Police,-1.595129,54.958887,On or near Supermarket,E01008162,Gateshead 027A,Violence and sexual offences,Status update unavailable,
347e85c9396b7cabc443db5d0b3bfc4b1cfc60f859e6dfcac51c61bc6de4eb95,2024-10,Northumbria Police,Northumbria Police,-1.594964,54.956987,On or near Milton Square,E01008162,Gateshead 027A,Violence and sexual offences,Status update unavailable,
e6a154b269814251d5cd164823a28efb8bb094dcdfe8f8645b4f3d9e5a9723e9,2024-10,Northumbria Police,Northumbria Police,-1.588649,54.957640,On or near Gateshead Stadium,E01008162,Gateshead 027A,Violence and sexual offences,Status update unavailable,
81a8f29cd38130f361ae66ac5c603518822e1a08d822f913d5836e58f969d16c,2024-10,Northumbria Police,Northumbria Police,-1.592975,54.957619,On or near Bede Court,E01008162,Gateshead 027A,Violence and sexual offences,Status update unavailable,
f9f38e39ea9ac1cf8ab0382141859ac8cf0dba46db19d2d9f5a7ecebdaa52b92,2024-10,Northumbria Police,Northumbria Police,-1.593422,54.958132,On or near Parking Area,E01008162,Gateshead 027A,Violence and sexual offences,Status update unavailable,
1d7499ecb20645ec9e283d942d678915258fa91fe54cca78e9dc61d956024c5f,2024-10,Northumbria Police,Northumbria Police,-1.582215,54.957600,On or near Old Fold Road,E01008162,Gateshead 027A,Violence and sexual offences,Status update unavailable,
a299fc82c348900d79739c23fcf3ef0674ee796609ba272faff6eed8115a9e54,2024-10,Northumbria Police,Northumbria Police,-1.591674,54.958100,On or near Shelley Drive,E01008162,Gateshead 027A,Violence and sexual offences,Status update unavailable,
a8800d70d80f6177dedf0f444c7223f216dfcba5e832d3df70cef4cc4daf0302,2024-10,Northumbria Police,Northumbria Police,-1.591674,54.958100,On or near Shelley Drive,E01008162,Gateshead 027A,Violence and sexual offences,Investigation complete; no suspect identified,
ea474fed535162a59a25d38b2260bfe61caa589a36c20b2548c025ccc1824f2e,2024-10,Northumbria Police,Northumbria Police,-1.588649,54.957640,On or near Gateshead Stadium,E01008162,Gateshead 027A,Violence and sexual offences,Investigation complete; no suspect identified,
48956cbcb4433e7e1ba82ea90e64207c9330ad93b9a37caa265a7537f343a3a8,2024-10,Northumbria Police,Northumbria Police,-1.595129,54.958887,On or near Supermarket,E01008162,Gateshead 027A,Violence and sexual offences,Status update unavailable,
c7d3fee161621ef0e1330caaeeeb51b00308e3e47fb25a0b41b4a849b2679eb9,2024-10,Northumbria Police,Northumbria Police,-1.588369,54.955968,On or near St Vincent Court,E01008162,Gateshead 027A,Violence and sexual offences,Status update unavailable,
4fc72d16d68929754afcc4a984ed09cc96ce28845b9214123eec9b82d2e83c63,2024-10,Northumbria Police,Northumbria Police,-1.592975,54.957619,On or near Bede Court,E01008162,Gateshead 027A,Violence and sexual offences,Status update unavailable,
4d793d189c62e71c7aa261030ffeb1d8d90e169650bf5498c32d7e1be84be1af,2024-10,Northumbria Police,Northumbria Police,-1.592975,54.957619,On or near Bede Court,E01008162,Gateshead 027A,Violence and sexual offences,Status update unavailable,
51714bf49a76cd34676cf437fd5c85c1ba0b000f541ce17af55c63325bfa3fed,2024-10,Northumbria Police,Northumbria Police,-1.593422,54.958132,On or near Parking Area,E01008162,Gateshead 027A,Violence and sexual offences,Status update unavailable,
3a21dc9adc49bc14e8521f7ee9fd0afd422c9915fa21c57866460602a42c7405,2024-10,Northumbria Police,Northumbria Police,-1.591674,54.958100,On or near Shelley Drive,E01008162,Gateshead 027A,Violence and sexual offences,Investigation complete; no suspect identified,
4f7dd9fc8e2ca09a9b1d7b3c19a701e23359346bccb21277f8e9f21c4ef8e428,2024-10,Northumbria Police,Northumbria Police,-1.588649,54.957640,On or near Gateshead Stadium,E01008162,Gateshead 027A,Violence and sexual offences,Investigation complete; no suspect identified,
0ab3791e3a9e3dc01df057e1c358ce2f3dd5b870ead321b4b064f927f49e9084,2024-10,Northumbria Police,Northumbria Police,-1.588649,54.957640,On or near Gateshead Stadium,E01008162,Gateshead 027A,Violence and sexual offences,Offender given a caution,
,2024-10,Northumbria Police,Northumbria Police,-1.579407,54.954373,On or near B1426,E01008164,Gateshead 027B,Anti-social behaviour,,
,2024-10,Northumbria Police,Northumbria Police,-1.578960,54.953824,On or near Oban Street,E01008164,Gateshead 027B,Anti-social behaviour,,
,2024-10,Northumbria Police,Northumbria Police,-1.577401,54.953594,On or near Fox Street,E01008164,Gateshead 027B,Anti-social behaviour,,
85be377bb48297a66ac5c38a1477c6d81dcd4b9043371d54fbb4593d998fc773,2024-10,Northumbria Police,Northumbria Police,-1.579942,54.953935,On or near Asher Street,E01008164,Gateshead 027B,Bicycle theft,Status update unavailable,
6d02dd06d9fb251ff6662d67a149903c7254776e56879daf1f456ea37b6ffa55,2024-10,Northumbria Police,Northumbria Police,-1.583847,54.953850,On or near Lumley Gardens,E01008164,Gateshead 027B,Criminal damage and arson,Investigation complete; no suspect identified,
6aa2dfca12dad936604baae376d3d3e6cf4b8e20753c9aac0485b5926123c52a,2024-10,Northumbria Police,Northumbria Police,-1.583847,54.953850,On or near Lumley Gardens,E01008164,Gateshead 027B,Drugs,Investigation complete; no suspect identified,
50a1a9cb8cfb7abb5507648a5ada8c293fdac7c757a12a546005a7ed44c2ba82,2024-10,Northumbria Police,Northumbria Police,-1.578960,54.953824,On or near Oban Street,E01008164,Gateshead 027B,Other theft,Investigation complete; no suspect identified,
c0c53f7c41d5722ea31a38856df20451f3da07e8c89ab70e40789e70831b76c0,2024-10,Northumbria Police,Northumbria Police,-1.586200,54.954262,On or near King Edward Place,E01008164,Gateshead 027B,Vehicle crime,Investigation complete; no suspect identified,
0affa9f9070f7cfc245e643f546a8038c8db7cda20d0b3974d0c469a79d43470,2024-10,Northumbria Police,Northumbria Police,-1.586460,54.954829,On or near King Edward Street,E01008164,Gateshead 027B,Vehicle crime,Court result unavailable,
485a4736347f6c4955916f44089e841644207a760bceef6eee395bf26f5380f7,2024-10,Northumbria Police,Northumbria Police,-1.578344,54.954460,On or near Parking Area,E01008164,Gateshead 027B,Vehicle crime,Investigation complete; no suspect identified,
79ca5b3f3fe58d2227e305305d1213dd07290c62cb07fcefa0212b1097995323,2024-10,Northumbria Police,Northumbria Police,-1.586460,54.954829,On or near King Edward Street,E01008164,Gateshead 027B,Violence and sexual offences,Investigation complete; no suspect identified,
622ecc689b21dcfc281a5ce95dd40456e6ccd0a2610cb6968df955ddf2ebc8b1,2024-10,Northumbria Police,Northumbria Police,-1.578960,54.953824,On or near Oban Street,E01008164,Gateshead 027B,Violence and sexual offences,Investigation complete; no suspect identified,
6c2e1c3a0840957ecd158cc4578e9ca123ae6e155b8c384f10130670e7f71640,2024-10,Northumbria Police,Northumbria Police,-1.585310,54.954304,On or near Parking Area,E01008164,Gateshead 027B,Violence and sexual offences,Status update unavailable,
20756050bce4a0fd425f3d3311f708e6c609a30e4d119f9e7c6ea2a4d509f6e7,2024-10,Northumbria Police,Northumbria Police,-1.587157,54.955353,On or near Howe Street,E01008164,Gateshead 027B,Violence and sexual offences,Status update unavailable,
f181170cc4a94222ac9ce5c3710601ed87167c1e192e9778e8b66045e9bab040,2024-10,Northumbria Police,Northumbria Police,-1.578344,54.954460,On or near Parking Area,E01008164,Gateshead 027B,Violence and sexual offences,Investigation complete; no suspect identified,
a3e0a05e5b2f677310330c9c022896426727083a72f036255eedacb8e0842ca2,2024-10,Northumbria Police,Northumbria Police,-1.588178,54.954799,On or near Moore Street,E01008164,Gateshead 027B,Violence and sexual offences,Status update unavailable,
952a060260da1b34db397e9b69e147a73b68d74dc791878479b042f39f433e0b,2024-10,Northumbria Police,Northumbria Police,-1.579407,54.954373,On or near B1426,E01008164,Gateshead 027B,Violence and sexual offences,Investigation complete; no suspect identified,
eea4ed271b2bd5da0332ba17dedc4c61e2793f907c1d075e4f75b81fb4bf8de3,2024-10,Northumbria Police,Northumbria Police,-1.587157,54.955353,On or near Howe Street,E01008164,Gateshead 027B,Violence and sexual offences,Status update unavailable,
c543fc5e1c6ab409bd05c9e1fae9c39acab2215ecead06fbd8c1770e16c7dfc6,2024-10,Northumbria Police,Northumbria Police,-1.585310,54.954304,On or near Parking Area,E01008164,Gateshead 027B,Violence and sexual offences,Court result unavailable,
e24955e6f4d502a918e4b10b712f7e6ea17dbdbc09a2f6fa491a0a2c02752634,2024-10,Northumbria Police,Northumbria Police,-1.588178,54.954799,On or near Moore Street,E01008164,Gateshead 027B,Violence and sexual offences,Status update unavailable,
f399691d6d135262525e71d760775c0f1372f652575c1cae6669d366d186a1ab,2024-10,Northumbria Police,Northumbria Police,-1.588178,54.954799,On or near Moore Street,E01008164,Gateshead 027B,Violence and sexual offences,Status update unavailable,
979edb56a84035ebef930481583a7669f4834527b92a20abe4c4b4caeb1f93c8,2024-10,Northumbria Police,Northumbria Police,-1.580685,54.954594,On or near Walcher Grove,E01008164,Gateshead 027B,Violence and sexual offences,Status update unavailable,
74643c121cb813f1b9cf9ee1ac1e46af355a6e195ad12c96b45c54b471dd5ae5,2024-10,Northumbria Police,Northumbria Police,-1.587157,54.955353,On or near Howe Street,E01008164,Gateshead 027B,Other crime,Status update unavailable,
,2024-10,Northumbria Police,Northumbria Police,-1.602061,54.960983,On or near Charles Street,E01008166,Gateshead 027C,Anti-social behaviour,,
,2024-10,Northumbria Police,Northumbria Police,-1.602061,54.960983,On or near Charles Street,E01008166,Gateshead 027C,Anti-social behaviour,,
,2024-10,Northumbria Police,Northumbria Police,-1.602061,54.960983,On or near Charles Street,E01008166,Gateshead 027C,Anti-social behaviour,,
,2024-10,Northumbria Police,Northumbria Police,-1.603976,54.963182,On or near West Street,E01008166,Gateshead 027C,Anti-social behaviour,,
,2024-10,Northumbria Police,Northumbria Police,-1.599645,54.962098,On or near Hopper Place,E01008166,Gateshead 027C,Anti-social behaviour,,
,2024-10,Northumbria Police,Northumbria Police,-1.602118,54.963122,On or near Supermarket,E01008166,Gateshead 027C,Anti-social behaviour,,
,2024-10,Northumbria Police,Northumbria Police,-1.602061,54.960983,On or near Charles Street,E01008166,Gateshead 027C,Anti-social behaviour,,
,2024-10,Northumbria Police,Northumbria Police,-1.602061,54.960983,On or near Charles Street,E01008166,Gateshead 027C,Anti-social behaviour,,
,2024-10,Northumbria Police,Northumbria Police,-1.603976,54.963182,On or near West Street,E01008166,Gateshead 027C,Anti-social behaviour,,
,2024-10,Northumbria Police,Northumbria Police,-1.599645,54.962098,On or near Hopper Place,E01008166,Gateshead 027C,Anti-social behaviour,,
,2024-10,Northumbria Police,Northumbria Police,-1.602118,54.963122,On or near Supermarket,E01008166,Gateshead 027C,Anti-social behaviour,,
,2024-10,Northumbria Police,Northumbria Police,-1.602118,54.963122,On or near Supermarket,E01008166,Gateshead 027C,Anti-social behaviour,,
,2024-10,Northumbria Police,Northumbria Police,-1.603264,54.964141,On or near Nelson Street,E01008166,Gateshead 027C,Anti-social behaviour,,
,2024-10,Northumbria Police,Northumbria Police,-1.602118,54.963122,On or near Supermarket,E01008166,Gateshead 027C,Anti-social behaviour,,
,2024-10,Northumbria Police,Northumbria Police,-1.602061,54.960983,On or near Charles Street,E01008166,Gateshead 027C,Anti-social behaviour,,
,2024-10,Northumbria Police,Northumbria Police,-1.603976,54.963182,On or near West Street,E01008166,Gateshead 027C,Anti-social behaviour,,
,2024-10,Northumbria Police,Northumbria Police,-1.598656,54.959462,On or near Gateshead Highway,E01008166,Gateshead 027C,Anti-social behaviour,,
,2024-10,Northumbria Police,Northumbria Police,-1.603976,54.963182,On or near West Street,E01008166,Gateshead 027C,Anti-social behaviour,,
,2024-10,Northumbria Police,Northumbria Police,-1.602118,54.963122,On or near Supermarket,E01008166,Gateshead 027C,Anti-social behaviour,,
,2024-10,Northumbria Police,Northumbria Police,-1.602118,54.963122,On or near Supermarket,E01008166,Gateshead 027C,Anti-social behaviour,,
,2024-10,Northumbria Police,Northumbria Police,-1.603976,54.963182,On or near West Street,E01008166,Gateshead 027C,Anti-social behaviour,,
,2024-10,Northumbria Police,Northumbria Police,-1.603976,54.963182,On or near West Street,E01008166,Gateshead 027C,Anti-social behaviour,,
,2024-10,Northumbria Police,Northumbria Police,-1.601527,54.959678,On or near Ann Street,E01008166,Gateshead 027C,Anti-social behaviour,,
,2024-10,Northumbria Police,Northumbria Police,-1.603976,54.963182,On or near West Street,E01008166,Gateshead 027C,Anti-social behaviour,,
,2024-10,Northumbria Police,Northumbria Police,-1.603976,54.963182,On or near West Street,E01008166,Gateshead 027C,Anti-social behaviour,,
,2024-10,Northumbria Police,Northumbria Police,-1.602118,54.963122,On or near Supermarket,E01008166,Gateshead 027C,Anti-social behaviour,,
,2024-10,Northumbria Police,Northumbria Police,-1.599811,54.962665,On or near Hopper Street,E01008166,Gateshead 027C,Anti-social behaviour,,
,2024-10,Northumbria Police,Northumbria Police,-1.600469,54.959279,On or near Warwick Street,E01008166,Gateshead 027C,Anti-social behaviour,,
,2024-10,Northumbria Police,Northumbria Police,-1.601527,54.959678,On or near Ann Street,E01008166,Gateshead 027C,Anti-social behaviour,,
,2024-10,Northumbria Police,Northumbria Police,-1.602061,54.960983,On or near Charles Street,E01008166,Gateshead 027C,Anti-social behaviour,,
,2024-10,Northumbria Police,Northumbria Police,-1.602061,54.960983,On or near Charles Street,E01008166,Gateshead 027C,Anti-social behaviour,,
,2024-10,Northumbria Police,Northumbria Police,-1.599645,54.962098,On or near Hopper Place,E01008166,Gateshead 027C,Anti-social behaviour,,
,2024-10,Northumbria Police,Northumbria Police,-1.603976,54.963182,On or near West Street,E01008166,Gateshead 027C,Anti-social behaviour,,
,2024-10,Northumbria Police,Northumbria Police,-1.599811,54.962665,On or near Hopper Street,E01008166,Gateshead 027C,Anti-social behaviour,,
,2024-10,Northumbria Police,Northumbria Police,-1.599645,54.962098,On or near Hopper Place,E01008166,Gateshead 027C,Anti-social behaviour,,
,2024-10,Northumbria Police,Northumbria Police,-1.602118,54.963122,On or near Supermarket,E01008166,Gateshead 027C,Anti-social behaviour,,
,2024-10,Northumbria Police,Northumbria Police,-1.602118,54.963122,On or near Supermarket,E01008166,Gateshead 027C,Anti-social behaviour,,
,2024-10,Northumbria Police,Northumbria Police,-1.602061,54.960983,On or near Charles Street,E01008166,Gateshead 027C,Anti-social behaviour,,
d0ff0b0af65eb57f2c8d10a0713c4d5ca7f9027f109553218c20a0a7b7928653,2024-10,Northumbria Police,Northumbria Police,-1.602118,54.963122,On or near Supermarket,E01008166,Gateshead 027C,Bicycle theft,Investigation complete; no suspect identified,
2f9be4ce240945985590e4f935ca91cb78124806b2854065dc34bbde27cb45fa,2024-10,Northumbria Police,Northumbria Police,-1.602118,54.963122,On or near Supermarket,E01008166,Gateshead 027C,Bicycle theft,Investigation complete; no suspect identified,
0a4e4ac5ea0d4875782a44afb0bc54e36bbfef8cb7314c4a9d5064bba5f0908e,2024-10,Northumbria Police,Northumbria Police,-1.595572,54.966398,On or near Abbots Hill,E01008166,Gateshead 027C,Bicycle theft,Investigation complete; no suspect identified,
fd77d08e820014c0ab8675d72db45111cd0770ac4640e77c4e8d2a5e13fcb999,2024-10,Northumbria Police,Northumbria Police,-1.596136,54.969419,On or near Parking Area,E01008166,Gateshead 027C,Bicycle theft,Investigation complete; no suspect identified,
6397263ec1c3cc8d6ba2c80b8b837f1fc0ecbc17bd3d9be709caf2e11485bc52,2024-10,Northumbria Police,Northumbria Police,-1.588610,54.964532,On or near Albany Road,E01008166,Gateshead 027C,Bicycle theft,Investigation complete; no suspect identified,
2cf4e28226be746467b71419bc733cd95cd5635bec4b52f6da1630086dd5a642,2024-10,Northumbria Police,Northumbria Police,-1.599811,54.962665,On or near Hopper Street,E01008166,Gateshead 027C,Burglary,Investigation complete; no suspect identified,
15f5392cf98f004f483864ee09d814c78766525601a0e6dcc838cca823a4eee0,2024-10,Northumbria Police,Northumbria Police,-1.595683,54.966300,On or near Parking Area,E01008166,Gateshead 027C,Burglary,Investigation complete; no suspect identified,
946ba954b58f6b8b44cc1be0640766de7ec2a243efc7d6c657af9c7b8768418b,2024-10,Northumbria Police,Northumbria Police,-1.599562,54.961019,On or near Chandless Street,E01008166,Gateshead 027C,Burglary,Investigation complete; no suspect identified,
e7425c45538d5ee1a486f4fdac8bc4fc7cf2042bf2deaa32cf24c2600888babd,2024-10,Northumbria Police,Northumbria Police,-1.599811,54.962665,On or near Hopper Street,E01008166,Gateshead 027C,Burglary,Investigation complete; no suspect identified,
e2f7f8222ad1ee94bbd1095c203eddd31229cd871c0d802dde22e4623c060b1e,2024-10,Northumbria Police,Northumbria Police,-1.584065,54.961444,On or near Stadium Industrial Park,E01008166,Gateshead 027C,Burglary,Investigation complete; no suspect identified,
7bdbe96d96bb06e2afa3e76bfe5c2f84ca44875559edb5f74bffaccdc2c73150,2024-10,Northumbria Police,Northumbria Police,-1.584065,54.961444,On or near Stadium Industrial Park,E01008166,Gateshead 027C,Burglary,Investigation complete; no suspect identified,
60a6c4eef2a4acd7619f2c8ec25e579719598eb903b34f9f1b94aaf8de78c118,2024-10,Northumbria Police,Northumbria Police,-1.589044,54.967859,On or near Deptford Road,E01008166,Gateshead 027C,Burglary,Status update unavailable,
2811db162ab4bc1ecc2dabd94f77ffb30b6dd77ea42dc9ec921a154ba4064978,2024-10,Northumbria Police,Northumbria Police,-1.602118,54.963122,On or near Supermarket,E01008166,Gateshead 027C,Burglary,Court result unavailable,
52973b5e81d7f4138bf3a7025746ef363032f8a6a6873b737ef3f998e57ef6fc,2024-10,Northumbria Police,Northumbria Police,-1.595572,54.966398,On or near Abbots Hill,E01008166,Gateshead 027C,Criminal damage and arson,Investigation complete; no suspect identified,
fc4109b67e5fd4c7fda1b8dcd2df00042dc427c468b62b3659636a76f97efeaf,2024-10,Northumbria Police,Northumbria Police,-1.603976,54.963182,On or near West Street,E01008166,Gateshead 027C,Criminal damage and arson,Status update unavailable,
6f09287d0286291596ccc1fe047f80dedaeda5634b35f1be5ef016e016d9492a,2024-10,Northumbria Police,Northumbria Police,-1.596136,54.969419,On or near Parking Area,E01008166,Gateshead 027C,Criminal damage and arson,Investigation complete; no suspect identified,
b55ceeef065c1c4098fefe1d1c9e5f0fe86e3d3d21de80b3e7689f7b9919c572,2024-10,Northumbria Police,Northumbria Police,-1.600469,54.959279,On or near Warwick Street,E01008166,Gateshead 027C,Criminal damage and arson,Investigation complete; no suspect identified,
5d77e6de19c566124cec98208a407ab678276a7551c839a39ea941460eff6c8a,2024-10,Northumbria Police,Northumbria Police,-1.602061,54.960983,On or near Charles Street,E01008166,Gateshead 027C,Criminal damage and arson,Investigation complete; no suspect identified,
bd736d80099668a54c384bf43204cf56062a7f7782e48c14fe70b5c7dab7a597,2024-10,Northumbria Police,Northumbria Police,-1.602118,54.963122,On or near Supermarket,E01008166,Gateshead 027C,Criminal damage and arson,Investigation complete; no suspect identified,
25fa248ad9cfabcd036dfe8db07d3fc0c3ce69e2de0d84f0e042339ada33e184,2024-10,Northumbria Police,Northumbria Police,-1.584065,54.961444,On or near Stadium Industrial Park,E01008166,Gateshead 027C,Drugs,Local resolution,
b73da2e100bc14a9384b2538eed2f2938f3ada356837cb8fb3f30b0252b250b4,2024-10,Northumbria Police,Northumbria Police,-1.602061,54.960983,On or near Charles Street,E01008166,Gateshead 027C,Drugs,Status update unavailable,
28b255604be77521b1d8681b4b45814d540c4739dead67942808fd0602639eb8,2024-10,Northumbria Police,Northumbria Police,-1.602061,54.960983,On or near Charles Street,E01008166,Gateshead 027C,Drugs,Court result unavailable,
6c76c6ce7ca79fe8b73d126a1ab2e08e42cc9dd59348d0226086d861528c2e2f,2024-10,Northumbria Police,Northumbria Police,-1.601527,54.959678,On or near Ann Street,E01008166,Gateshead 027C,Drugs,Local resolution,
7024cc6b436abf17b19c9ac8bc79042379e130754337bcfcbeb2dd9a0f80b365,2024-10,Northumbria Police,Northumbria Police,-1.601067,54.958895,On or near Police Station,E01008166,Gateshead 027C,Drugs,Status update unavailable,
bf5186f37ab41ca90302e3917c4f8b8fac5bdca6b0cf9f915eafca03a4dc3b3e,2024-10,Northumbria Police,Northumbria Police,-1.602118,54.963122,On or near Supermarket,E01008166,Gateshead 027C,Other theft,Investigation complete; no suspect identified,
9b338f9e6120a7157aae5039abc74105d633773532fd6259675840c8a5372f01,2024-10,Northumbria Police,Northumbria Police,-1.604897,54.966375,On or near Bottle Bank,E01008166,Gateshead 027C,Other theft,Investigation complete; no suspect identified,
adacdd23d98e5662cb3e14c321ba0f649a367f850d795258cd4aea19afd76ff0,2024-10,Northumbria Police,Northumbria Police,-1.602118,54.963122,On or near Supermarket,E01008166,Gateshead 027C,Other theft,Investigation complete; no suspect identified,
8cab635ca98663ed5f6ba24bd4049f32000b81695253a2134914b1c8d7b76b71,2024-10,Northumbria Police,Northumbria Police,-1.602118,54.963122,On or near Supermarket,E01008166,Gateshead 027C,Other theft,Investigation complete; no suspect identified,
3337d1b8de37c759093f42e81d7d29ccedf2214b48b6a40da2e5ec98071a9c87,2024-10,Northumbria Police,Northumbria Police,-1.605471,54.965199,On or near Wellington Street,E01008166,Gateshead 027C,Other theft,Investigation complete; no suspect identified,
7a84e416879bcf3f34a23b41b0e176be9be949e64134908cd52433a80dc4ec79,2024-10,Northumbria Police,Northumbria Police,-1.597070,54.968173,On or near Mill Road,E01008166,Gateshead 027C,Other theft,Status update unavailable,
8bf01d67333660d279df810a0359a5c3297c7dd63e5b174f23386b908223d9d1,2024-10,Northumbria Police,Northumbria Police,-1.601527,54.959678,On or near Ann Street,E01008166,Gateshead 027C,Other theft,Investigation complete; no suspect identified,
0568bdc43c0b7511e79d10057aee5d04f764bcf427384aeff7ea867667260201,2024-10,Northumbria Police,Northumbria Police,-1.602118,54.963122,On or near Supermarket,E01008166,Gateshead 027C,Possession of weapons,Investigation complete; no suspect identified,
094bfb43daabc70794fef2ecc1996967abe03afd92c7e0d0a573a956e0194d0b,2024-10,Northumbria Police,Northumbria Police,-1.600469,54.959279,On or near Warwick Street,E01008166,Gateshead 027C,Public order,Investigation complete; no suspect identified,
a94308dd9011a8efb866a412fc0266fb6230d16110c0835c778397ef42de4370,2024-10,Northumbria Police,Northumbria Police,-1.602061,54.960983,On or near Charles Street,E01008166,Gateshead 027C,Public order,Investigation complete; no suspect identified,
fcbbb986afacc667cba4432e66de808090f5a2f6278d592da97ec6c47a94e3ee,2024-10,Northumbria Police,Northumbria Police,-1.602118,54.963122,On or near Supermarket,E01008166,Gateshead 027C,Public order,Investigation complete; no suspect identified,
7975c7b5594f69a246a006869d4301870618ef124acc9f57dc22f56d4c7a5f07,2024-10,Northumbria Police,Northumbria Police,-1.602061,54.960983,On or near Charles Street,E01008166,Gateshead 027C,Public order,Status update unavailable,
50552e716965a8db3a85f87ff54d8bf41e0cde44df8df59ab8424a1afddc4f85,2024-10,Northumbria Police,Northumbria Police,-1.602061,54.960983,On or near Charles Street,E01008166,Gateshead 027C,Public order,Investigation complete; no suspect identified,
7bcaba93a013100035c8007e7a0b9fcf42b0c938f2634541181c045d6dfaa428,2024-10,Northumbria Police,Northumbria Police,-1.602061,54.960983,On or near Charles Street,E01008166,Gateshead 027C,Public order,Investigation complete; no suspect identified,
ed6dd679a60255f28c1d37426dd1d1a0fe60e52d96eb6f83c2f31b20d6fe2f69,2024-10,Northumbria Police,Northumbria Police,-1.602118,54.963122,On or near Supermarket,E01008166,Gateshead 027C,Public order,Investigation complete; no suspect identified,
0c0bb057e60a4b051da31a18fba027bd836dd488fd20f5f24bd32eee1230015d,2024-10,Northumbria Police,Northumbria Police,-1.602118,54.963122,On or near Supermarket,E01008166,Gateshead 027C,Public order,Investigation complete; no suspect identified,
a42f773821d755d43021b7baf0b0189fb019612ee002addbd8849c3623d12a26,2024-10,Northumbria Police,Northumbria Police,-1.603868,54.966192,On or near Parking Area,E01008166,Gateshead 027C,Public order,Investigation complete; no suspect identified,
08f59b74f801e9c09570003966fdac7ae9b4e7b6cdec2aea6af7705bc8dd2139,2024-10,Northumbria Police,Northumbria Police,-1.603976,54.963182,On or near West Street,E01008166,Gateshead 027C,Public order,Investigation complete; no suspect identified,
8efc359545450e420c5d00f484ab238fc05dd2e5398adce50066aacae09816de,2024-10,Northumbria Police,Northumbria Police,-1.602118,54.963122,On or near Supermarket,E01008166,Gateshead 027C,Public order,Investigation complete; no suspect identified,
a8b4982aeb59872dde625ff55f6b62dc7b57db1456dda2346e26cad1b33a1e1f,2024-10,Northumbria Police,Northumbria Police,-1.602061,54.960983,On or near Charles Street,E01008166,Gateshead 027C,Public order,Status update unavailable,
02d2ad4688d759e9d7bb69a51dd3f2018381bd33404479096ddf48b1ad3a97cd,2024-10,Northumbria Police,Northumbria Police,-1.602061,54.960983,On or near Charles Street,E01008166,Gateshead 027C,Public order,Status update unavailable,
57d856df42c7f8cfbbec248996ee2594dd869384aa32a3c7851b02af7cd672a5,2024-10,Northumbria Police,Northumbria Police,-1.586519,54.965819,On or near Saltmeadows Road,E01008166,Gateshead 027C,Public order,Status update unavailable,
8bc5733eae15ec2055c4aeb301f0f00555c10ee967f2b68eaef86f6ffad901d5,2024-10,Northumbria Police,Northumbria Police,-1.604897,54.966375,On or near Bottle Bank,E01008166,Gateshead 027C,Robbery,Investigation complete; no suspect identified,
52ddddb0a9d947d1160403591429d291e3b86b0415401e69ab489dfe230305ce,2024-10,Northumbria Police,Northumbria Police,-1.604897,54.966375,On or near Bottle Bank,E01008166,Gateshead 027C,Robbery,Investigation complete; no suspect identified,
abb9ce89fa6b40c77227fc26ee298c13af60f6aabe2dc393cec615b40767347e,2024-10,Northumbria Police,Northumbria Police,-1.597070,54.968173,On or near Mill Road,E01008166,Gateshead 027C,Robbery,Status update unavailable,
1dca5fe21c98e5c876f0b67c310076c998f94b96430f32e4834faf317a2eb384,2024-10,Northumbria Police,Northumbria Police,-1.602118,54.963122,On or near Supermarket,E01008166,Gateshead 027C,Shoplifting,Investigation complete; no suspect identified,
11721ed368f33be3185e93212a3e071add083d0121bb13eceaf7fbe018f6ef6c,2024-10,Northumbria Police,Northumbria Police,-1.602061,54.960983,On or near Charles Street,E01008166,Gateshead 027C,Shoplifting,Status update unavailable,
c57643c742b8bdc746ee8c31fd7db230a9f739cbcd546687c748d46f557982e8,2024-10,Northumbria Police,Northumbria Police,-1.602118,54.963122,On or near Supermarket,E01008166,Gateshead 027C,Shoplifting,Investigation complete; no suspect identified,
6f83dad7338390fdbee7960be24f2a824f1c5a136cca1e19576db1ed5e7ab3a3,2024-10,Northumbria Police,Northumbria Police,-1.588555,54.961924,On or near Petrol Station,E01008166,Gateshead 027C,Shoplifting,Investigation complete; no suspect identified,
ab66e91ac93751617ed1c7e2472cb52f815f1d1e44a831bdf691a10123238a74,2024-10,Northumbria Police,Northumbria Police,-1.602061,54.960983,On or near Charles Street,E01008166,Gateshead 027C,Shoplifting,Court result unavailable,
051e080d36725314fe3751bdf7917f8a0d52949917f31a74a9c88762e9f856f2,2024-10,Northumbria Police,Northumbria Police,-1.602118,54.963122,On or near Supermarket,E01008166,Gateshead 027C,Shoplifting,Court result unavailable,
3707b1fd77e614547da4a4b21518185f8f32e8c7032c2b367fcfd41392ee4e58,2024-10,Northumbria Police,Northumbria Police,-1.603976,54.963182,On or near West Street,E01008166,Gateshead 027C,Shoplifting,Status update unavailable,
afd9963dc33163cecfcc66da39e25594f661afe333d7d25a335d806008174440,2024-10,Northumbria Police,Northumbria Police,-1.603976,54.963182,On or near West Street,E01008166,Gateshead 027C,Shoplifting,Court result unavailable,
adfca43524496aefac8b8ff2dc97216864c4804e78748cca708372b93aa0302e,2024-10,Northumbria Police,Northumbria Police,-1.602061,54.960983,On or near Charles Street,E01008166,Gateshead 027C,Shoplifting,Status update unavailable,
fe34a2fff97d703cb2bf4c51364e7e8de98f6c0a3dc0379cce9d5d22b6941309,2024-10,Northumbria Police,Northumbria Police,-1.602118,54.963122,On or near Supermarket,E01008166,Gateshead 027C,Shoplifting,Status update unavailable,
ba148b12367066f8f7564a4999771bad36779157d3282f5d4da9552ec7abe269,2024-10,Northumbria Police,Northumbria Police,-1.602118,54.963122,On or near Supermarket,E01008166,Gateshead 027C,Shoplifting,Status update unavailable,
b96789163f70c52a48bc1c50b5b36665d2ee931036710c78fe065876b07e6940,2024-10,Northumbria Police,Northumbria Police,-1.602118,54.963122,On or near Supermarket,E01008166,Gateshead 027C,Theft from the person,Investigation complete; no suspect identified,
5443c73eb85fba8a62c056b00ee0c741b682e4f9514261586b6e43951b8ae82e,2024-10,Northumbria Police,Northumbria Police,-1.602061,54.960983,On or near Charles Street,E01008166,Gateshead 027C,Theft from the person,Court result unavailable,
fe7a8432f163515e4a9612c81cf02cceb516041b806b42b4dbe9194b8d7557b7,2024-10,Northumbria Police,Northumbria Police,-1.599129,54.958978,On or near Parking Area,E01008166,Gateshead 027C,Vehicle crime,Investigation complete; no suspect identified,
4e03522217340a98f2d6050fc0c53ce9944dac72a34a5ddea645ef500d9c6b2c,2024-10,Northumbria Police,Northumbria Police,-1.602118,54.963122,On or near Supermarket,E01008166,Gateshead 027C,Violence and sexual offences,Investigation complete; no suspect identified,
341693a8750e1cb9f3aca0c636b7cfeb1b36f66c48a6d58b08bf301276e98741,2024-10,Northumbria Police,Northumbria Police,-1.602061,54.960983,On or near Charles Street,E01008166,Gateshead 027C,Violence and sexual offences,Investigation complete; no suspect identified,
2ae9efdfea192a5c818fd2c01f34b511503fbe6338f02ce8500cb392422c5e37,2024-10,Northumbria Police,Northumbria Police,-1.602061,54.960983,On or near Charles Street,E01008166,Gateshead 027C,Violence and sexual offences,Investigation complete; no suspect identified,
9af115577d551e54119eeb62bab1cdfa79b53e167eb7860d57e7b9f57df78140,2024-10,Northumbria Police,Northumbria Police,-1.602118,54.963122,On or near Supermarket,E01008166,Gateshead 027C,Violence and sexual offences,Investigation complete; no suspect identified,
19d120065dbe9c2cabdbff258876e66094ffc219824dd37c2294c374f300c731,2024-10,Northumbria Police,Northumbria Police,-1.599562,54.961019,On or near Chandless Street,E01008166,Gateshead 027C,Violence and sexual offences,Investigation complete; no suspect identified,
4ca57c37706a92c684635b1744fff85e7f8ebb8f400a390c8f2420d1c0e73575,2024-10,Northumbria Police,Northumbria Police,-1.597070,54.968173,On or near Mill Road,E01008166,Gateshead 027C,Violence and sexual offences,Status update unavailable,
df9f45c4a44969a0fe2e25de6dc72791492b7aa9a4688397dbd79fe498bf8e9b,2024-10,Northumbria Police,Northumbria Police,-1.599562,54.961019,On or near Chandless Street,E01008166,Gateshead 027C,Violence and sexual offences,Investigation complete; no suspect identified,
39ecee64ae56e98da739c312ff26ef33f1a118bb123821f7869a997677c72ae3,2024-10,Northumbria Police,Northumbria Police,-1.603976,54.963182,On or near West Street,E01008166,Gateshead 027C,Violence and sexual offences,Status update unavailable,
bee4228f23cc6ab295a127551779c9681347247c8825913b3976b0e6823ef8e3,2024-10,Northumbria Police,Northumbria Police,-1.593559,54.969348,On or near South Shore Road,E01008166,Gateshead 027C,Violence and sexual offences,Investigation complete; no suspect identified,
b191868d345690f0c16ee21be6461cb797c777d74511da6846ee4d24d4b51293,2024-10,Northumbria Police,Northumbria Police,-1.604891,54.965404,On or near Half Moon Lane,E01008166,Gateshead 027C,Violence and sexual offences,Investigation complete; no suspect identified,
3bbaff8c01b1d484ff401faf404ed7ff012f8bfb85b691e4a984622c6137cc97,2024-10,Northumbria Police,Northumbria Police,-1.602061,54.960983,On or near Charles Street,E01008166,Gateshead 027C,Violence and sexual offences,Status update unavailable,
c703242c1792cf7954430cf546817095449dfb49fc316d563508bbbe1fcb4925,2024-10,Northumbria Police,Northumbria Police,-1.602061,54.960983,On or near Charles Street,E01008166,Gateshead 027C,Violence and sexual offences,Investigation complete; no suspect identified,
f2507136285d5cc0dbb8b365dc07adb8f3222ac2fb39ada6e77c435bd36a729f,2024-10,Northumbria Police,Northumbria Police,-1.599811,54.962665,On or near Hopper Street,E01008166,Gateshead 027C,Violence and sexual offences,Investigation complete; no suspect identified,
581b93b7c68333f43ca9416a31d682461719e117bf1a869915427801b31579d0,2024-10,Northumbria Police,Northumbria Police,-1.602118,54.963122,On or near Supermarket,E01008166,Gateshead 027C,Violence and sexual offences,Investigation complete; no suspect identified,
09d0f01bce8df3740170ef6ff70cc83af1f2b7f18575e93d9912cc17cf073329,2024-10,Northumbria Police,Northumbria Police,-1.602061,54.960983,On or near Charles Street,E01008166,Gateshead 027C,Violence and sexual offences,Court result unavailable,
13a7d2e7835a413c8a49cc8386c7bb22aa3bcce130bf7d9c5d6e6ecee2883528,2024-10,Northumbria Police,Northumbria Police,-1.602061,54.960983,On or near Charles Street,E01008166,Gateshead 027C,Violence and sexual offences,Investigation complete; no suspect identified,
37f4b30bf547895dd6b4f7b657f15540d7a1521feadc45a51b4a04d655b869ec,2024-10,Northumbria Police,Northumbria Police,-1.601527,54.959678,On or near Ann Street,E01008166,Gateshead 027C,Violence and sexual offences,Status update unavailable,
dfabcd9955b7a73fd4ee9c68ac755a1eeec64e586c02a2c8541de7ec045f5baf,2024-10,Northumbria Police,Northumbria Police,-1.602118,54.963122,On or near Supermarket,E01008166,Gateshead 027C,Violence and sexual offences,Investigation complete; no suspect identified,
11c2fd7cc1c5ef70b250cce45a3bf580ad3947577dfcda157482ff285e065cd5,2024-10,Northumbria Police,Northumbria Police,-1.602061,54.960983,On or near Charles Street,E01008166,Gateshead 027C,Violence and sexual offences,Court result unavailable,
9b6edb5dd388d30c4bf742ae2c4b6e9d8b8e9cc5b0a7feffb3b894311ed40b5f,2024-10,Northumbria Police,Northumbria Police,-1.601527,54.959678,On or near Ann Street,E01008166,Gateshead 027C,Violence and sexual offences,Investigation complete; no suspect identified,
39c5c733af3a34816abc3b2233233af37e1e876d3738fa4943026ee165c9996f,2024-10,Northumbria Police,Northumbria Police,-1.599645,54.962098,On or near Hopper Place,E01008166,Gateshead 027C,Violence and sexual offences,Investigation complete; no suspect identified,
bcd8571a7d255c7936e044dd35e66270d3590a34726f74bbbe5819414e7874c8,2024-10,Northumbria Police,Northumbria Police,-1.602061,54.960983,On or near Charles Street,E01008166,Gateshead 027C,Violence and sexual offences,Status update unavailable,
e70903de80daef44975dca0f0fb060fce209b93647bbe3ff24f2049538b3b196,2024-10,Northumbria Police,Northumbria Police,-1.603976,54.963182,On or near West Street,E01008166,Gateshead 027C,Violence and sexual offences,Local resolution,
c045be8437c121c8e239756d6fc63397267717b0685a0abdcc5ff2ad344bcd5e,2024-10,Northumbria Police,Northumbria Police,-1.603976,54.963182,On or near West Street,E01008166,Gateshead 027C,Violence and sexual offences,Status update unavailable,
e1fd3b5ed93f2f216be62a52ec9d1738df4b61028ef974428dcbd88b102ec53c,2024-10,Northumbria Police,Northumbria Police,-1.602118,54.963122,On or near Supermarket,E01008166,Gateshead 027C,Violence and sexual offences,Status update unavailable,
944e5f3613f5b0e63d17868d780e851008956da40051fa4a77e89ecbec9ee8b4,2024-10,Northumbria Police,Northumbria Police,-1.604897,54.966375,On or near Bottle Bank,E01008166,Gateshead 027C,Violence and sexual offences,Status update unavailable,
04cb951461cee9eeee3dea465f10c5a0723705a9dcb3d6b84661ab52e7c55f87,2024-10,Northumbria Police,Northumbria Police,-1.599811,54.962665,On or near Hopper Street,E01008166,Gateshead 027C,Violence and sexual offences,Status update unavailable,
170e143f064647c8e8e2fe3fcfc8860906c755c26fd8ab9f4d1eddf46069487f,2024-10,Northumbria Police,Northumbria Police,-1.602061,54.960983,On or near Charles Street,E01008166,Gateshead 027C,Violence and sexual offences,Status update unavailable,
54398058a3c40be5984f1875f75657dcdaa8f7e765bca895a15632f57020adc6,2024-10,Northumbria Police,Northumbria Police,-1.604897,54.966375,On or near Bottle Bank,E01008166,Gateshead 027C,Violence and sexual offences,Status update unavailable,
3072c1052ab89141a8a8877d473901b2a433cd15b70f6b2a93c3fbc577e0c884,2024-10,Northumbria Police,Northumbria Police,-1.602061,54.960983,On or near Charles Street,E01008166,Gateshead 027C,Violence and sexual offences,Status update unavailable,
33223a86b7350ff4f02b061ebaac5719c6d6336a9898fd994350506fe5a3d4b2,2024-10,Northumbria Police,Northumbria Police,-1.602061,54.960983,On or near Charles Street,E01008166,Gateshead 027C,Violence and sexual offences,Status update unavailable,
169688da6468da1e2c5bf74304bcce7c50968f6810485a53abbc70e7dbff4917,2024-10,Northumbria Police,Northumbria Police,-1.602061,54.960983,On or near Charles Street,E01008166,Gateshead 027C,Violence and sexual offences,Status update unavailable,
15a920b82b7d394e0248e4a98bd7ea71e97b9a96bbbf7b1e31c014c252e9e19e,2024-10,Northumbria Police,Northumbria Police,-1.602118,54.963122,On or near Supermarket,E01008166,Gateshead 027C,Other crime,Status update unavailable,
,2024-10,Northumbria Police,Northumbria Police,-1.612062,54.963648,On or near Rabbit Banks Road,E01035611,Gateshead 027E,Anti-social behaviour,,
,2024-10,Northumbria Police,Northumbria Police,-1.606488,54.965068,On or near Hudson Street,E01035611,Gateshead 027E,Anti-social behaviour,,
5b311d99e28f4598fb4a72ec86d36ce7842dc4cf3723d73656d30544ca256e7d,2024-10,Northumbria Police,Northumbria Police,-1.608291,54.964373,On or near Fletcher Road,E01035611,Gateshead 027E,Burglary,Court result unavailable,
03c4af3c3cc7cb292fd0f83b96a476c5ae556500544b83b93e9b0df2ebfc321d,2024-10,Northumbria Police,Northumbria Police,-1.606527,54.961060,On or near Half Moon Lane,E01035611,Gateshead 027E,Burglary,Investigation complete; no suspect identified,
0ae5fe9a182f010dd08bab97d49914ff4a73009ce438524c0c6d61d710d9c4f7,2024-10,Northumbria Police,Northumbria Police,-1.610647,54.962969,On or near Worsdell Drive,E01035611,Gateshead 027E,Criminal damage and arson,Investigation complete; no suspect identified,
276bd89ccb52c34ff78c3b6318a93cbc83098ce94c3d5c3b3f2689d53465b90f,2024-10,Northumbria Police,Northumbria Police,-1.610191,54.961638,On or near Askew Road,E01035611,Gateshead 027E,Criminal damage and arson,Status update unavailable,
6ca34c34e58922c1164f026694b87647ac2d6147184999fd68c17149d8faa68e,2024-10,Northumbria Police,Northumbria Police,-1.606527,54.961060,On or near Half Moon Lane,E01035611,Gateshead 027E,Other theft,Investigation complete; no suspect identified,
f20c06b07495500b719f6d2f6d5b8bddb87340e794fbdc3ea3589213177eb3a1,2024-10,Northumbria Police,Northumbria Police,-1.606527,54.961060,On or near Half Moon Lane,E01035611,Gateshead 027E,Other theft,Status update unavailable,
be98697cd4b830d5e26c8cbe75d84f385148e6505dd51868173eb0a4d6bf3923,2024-10,Northumbria Police,Northumbria Police,-1.611297,54.960321,On or near St Cuthbert'S Road,E01035611,Gateshead 027E,Other theft,Investigation complete; no suspect identified,
aa4b403f259038575976e0b0d566f5715201ef941315b8af881d77d597c528d5,2024-10,Northumbria Police,Northumbria Police,-1.606527,54.961060,On or near Half Moon Lane,E01035611,Gateshead 027E,Public order,Investigation complete; no suspect identified,
6704bc1f498cebcc1df80fef0e6049217155240e3e1b9151808226074912f8b9,2024-10,Northumbria Police,Northumbria Police,-1.606527,54.961060,On or near Half Moon Lane,E01035611,Gateshead 027E,Public order,Status update unavailable,
5fa4209553b3b9fa234c96febabcfc6550d4387c44c0b0aa3550219afe5cbaf5,2024-10,Northumbria Police,Northumbria Police,-1.606527,54.961060,On or near Half Moon Lane,E01035611,Gateshead 027E,Shoplifting,Investigation complete; no suspect identified,
25c7f57bf95e0edf3edf5b08290162599197bec236702644440950a1b7f73b3d,2024-10,Northumbria Police,Northumbria Police,-1.606527,54.961060,On or near Half Moon Lane,E01035611,Gateshead 027E,Theft from the person,Investigation complete; no suspect identified,
1e43278cd4d371f51995055f56ab64614b5b520f335636cdaaf9cc83c4b95ca0,2024-10,Northumbria Police,Northumbria Police,-1.606527,54.961060,On or near Half Moon Lane,E01035611,Gateshead 027E,Violence and sexual offences,Investigation complete; no suspect identified,
cdb171cd796621d377c89c9e834621648bef1b1919800e22019ba41b0789645c,2024-10,Northumbria Police,Northumbria Police,-1.611297,54.960321,On or near St Cuthbert'S Road,E01035611,Gateshead 027E,Violence and sexual offences,Status update unavailable,
e78f0ecacac52be7c651772c1711ba7f27deac0b80e9c956b1f0b1f2b6e7dab9,2024-10,Northumbria Police,Northumbria Police,-1.606527,54.961060,On or near Half Moon Lane,E01035611,Gateshead 027E,Violence and sexual offences,Status update unavailable,
,2024-10,Northumbria Police,Northumbria Police,-1.607921,54.959016,On or near Havelock Close,E01035612,Gateshead 027F,Anti-social behaviour,,
,2024-10,Northumbria Police,Northumbria Police,-1.606885,54.962778,On or near Mulgrave Terrace,E01035612,Gateshead 027F,Anti-social behaviour,,
,2024-10,Northumbria Police,Northumbria Police,-1.607921,54.959016,On or near Havelock Close,E01035612,Gateshead 027F,Anti-social behaviour,,
,2024-10,Northumbria Police,Northumbria Police,-1.606885,54.962778,On or near Mulgrave Terrace,E01035612,Gateshead 027F,Anti-social behaviour,,
6813335b404b5fed8668bc3a0ac6aa5653390e2be2216fecaa463c30bbc309c5,2024-10,Northumbria Police,Northumbria Police,-1.604887,54.964272,On or near Parking Area,E01035612,Gateshead 027F,Bicycle theft,Investigation complete; no suspect identified,
810b41c8de039fb4fe3b2bf88de582cb91b91cdb8740a83df48452b6d735e432,2024-10,Northumbria Police,Northumbria Police,-1.604536,54.957010,On or near Worcester Green,E01035612,Gateshead 027F,Other theft,Investigation complete; no suspect identified,
f6a712d7609662e0b092aea9fea2d0725bb6230132ab3510a3f5a62b65ea3312,2024-10,Northumbria Police,Northumbria Police,-1.601852,54.956839,On or near Denmark Street,E01035612,Gateshead 027F,Public order,Status update unavailable,
b44879c474c985f091da2f7771b52f4431d7707a96fc3c0d8bfc7f2f74d7ff5f,2024-10,Northumbria Police,Northumbria Police,-1.604536,54.957010,On or near Worcester Green,E01035612,Gateshead 027F,Vehicle crime,Investigation complete; no suspect identified,
af092b3e9ab3be053e09318d946a26051b846602ddcc8349a56966bae8f3880c,2024-10,Northumbria Police,Northumbria Police,-1.604536,54.957010,On or near Worcester Green,E01035612,Gateshead 027F,Vehicle crime,Investigation complete; no suspect identified,
68790bdeea36283b4bcb1f0cfe30644b1e353325f3206701a46500616804d4f1,2024-10,Northumbria Police,Northumbria Police,-1.604536,54.957010,On or near Worcester Green,E01035612,Gateshead 027F,Violence and sexual offences,Investigation complete; no suspect identified,
dead46c24663fdc60b0a33820b2ac843cff05687d7b4589a1a14a3589dc0b9c7,2024-10,Northumbria Police,Northumbria Police,-1.604536,54.957010,On or near Worcester Green,E01035612,Gateshead 027F,Violence and sexual offences,Investigation complete; no suspect identified,
1f15fc9b725e9cce353295854a98d00487fde62010a92b884f7a15fcb5b0b76f,2024-10,Northumbria Police,Northumbria Police,-1.604887,54.964272,On or near Parking Area,E01035612,Gateshead 027F,Violence and sexual offences,Investigation complete; no suspect identified,
722726d927a8a59667646e87c31dd56eec91df7265a322ff4318140ed633bf64,2024-10,Northumbria Police,Northumbria Police,-1.608802,54.958336,On or near Coatsworth Court,E01035612,Gateshead 027F,Violence and sexual offences,Status update unavailable,
b3c6c467418b764ed345fe7af0f04f2266974b49139922ecf79e5a21cb875b47,2024-10,Northumbria Police,Northumbria Police,-1.604536,54.957010,On or near Worcester Green,E01035612,Gateshead 027F,Violence and sexual offences,Investigation complete; no suspect identified,
7de067d5f29869542b3d796eaa4eb9f9786c606b1a7dbb6109b0a8efc6d18323,2024-10,Northumbria Police,Northumbria Police,-1.601852,54.956839,On or near Denmark Street,E01035612,Gateshead 027F,Violence and sexual offences,Investigation complete; no suspect identified,
7074ff41999545ea7cdddf8f6714f2ea7c8c34e5a35ca2af9a4aff42d4d2d99f,2024-10,Northumbria Police,Northumbria Police,-1.607921,54.959016,On or near Havelock Close,E01035612,Gateshead 027F,Violence and sexual offences,Status update unavailable,
fcd33656928d61c31e410b0ebbc253b21d4c3a49a681bdcc1a747f0d826d4f0c,2024-10,Northumbria Police,Northumbria Police,-1.604536,54.957010,On or near Worcester Green,E01035612,Gateshead 027F,Violence and sexual offences,Investigation complete; no suspect identified,
60785a54615e02d7bff77391ddbf297b7eca98e89b80c43b97e8208dcfad54ac,2024-10,Northumbria Police,Northumbria Police,-1.605656,54.963816,On or near Parking Area,E01035612,Gateshead 027F,Violence and sexual offences,Status update unavailable,
8fbd2ac020403e39c4913473786f15ab9cd27b4a3997f3adf5f44d89da77bed3,2024-10,Northumbria Police,Northumbria Police,-1.604536,54.957010,On or near Worcester Green,E01035612,Gateshead 027F,Violence and sexual offences,Status update unavailable,
e3c8b42d12c274c1d1cf06c0be59e4d498ea6527f5ee9a09d194793138079af5,2024-10,Northumbria Police,Northumbria Police,-1.608802,54.958336,On or near Coatsworth Court,E01035612,Gateshead 027F,Other crime,Status update unavailable,
800508aba4273882bf8e78cb4907afafdce31ac73d464e8471970251a54bf04e,2024-10,Northumbria Police,Northumbria Police,-1.604536,54.957010,On or near Worcester Green,E01035612,Gateshead 027F,Other crime,Investigation complete; no suspect identified,
,2024-10,Northumbria Police,Northumbria Police,-1.601144,54.955759,On or near Gladstone Terrace,E01008163,Gateshead 028A,Anti-social behaviour,,
,2024-10,Northumbria Police,Northumbria Police,-1.595837,54.954034,On or near Milvain Street,E01008163,Gateshead 028A,Anti-social behaviour,,
,2024-10,Northumbria Police,Northumbria Police,-1.601214,54.955004,On or near Granville Street,E01008163,Gateshead 028A,Anti-social behaviour,,
,2024-10,Northumbria Police,Northumbria Police,-1.594629,54.953023,On or near Fife Street,E01008163,Gateshead 028A,Anti-social behaviour,,
d258a3735ac56a6a26d700fc13e22b25c693dfabc43868f85d55fa60d2807fb6,2024-10,Northumbria Police,Northumbria Police,-1.603411,54.953969,On or near Ripon Street,E01008163,Gateshead 028A,Burglary,Court result unavailable,
b482e13d955fb542b441f2fc904f714eb29b515f92ff8d0f386786810e9ec4c7,2024-10,Northumbria Police,Northumbria Police,-1.595746,54.952245,On or near Woods Terrace,E01008163,Gateshead 028A,Burglary,Status update unavailable,
85a9bd899af76351e9d3de077215ffcaf61f38739e3361e65196e2700999b258,2024-10,Northumbria Police,Northumbria Police,-1.603411,54.953969,On or near Ripon Street,E01008163,Gateshead 028A,Burglary,Investigation complete; no suspect identified,
00df4681efa569defc28d7621aca1182899ba3309984b423bb4a9821a8f329d4,2024-10,Northumbria Police,Northumbria Police,-1.590565,54.951958,On or near Teviot Street,E01008163,Gateshead 028A,Criminal damage and arson,Investigation complete; no suspect identified,
71c49f96e7fe591bdd9d8cbba0558d25f4edafdc95a8cbfd1541ce1009b7eca5,2024-10,Northumbria Police,Northumbria Police,-1.597772,54.955685,On or near King James Street,E01008163,Gateshead 028A,Criminal damage and arson,Investigation complete; no suspect identified,
f40362a485e417330cabcf6049e29d5260034fec3a9363be8f309ce911667d57,2024-10,Northumbria Police,Northumbria Police,-1.601799,54.954350,On or near Hartington Street,E01008163,Gateshead 028A,Other theft,Court result unavailable,
ad8de99ad3fe11d611ec333c0e545cb627bc99e765b05c90b1c6ef0db7ac1636,2024-10,Northumbria Police,Northumbria Police,-1.601799,54.954350,On or near Hartington Street,E01008163,Gateshead 028A,Other theft,Investigation complete; no suspect identified,
251aedebb93a50f66b62aef0f2c44d2110fcbe21022c70f546df8b1571882bb7,2024-10,Northumbria Police,Northumbria Police,-1.597772,54.955685,On or near King James Street,E01008163,Gateshead 028A,Other theft,Status update unavailable,
1166545627a0b5544494ca4decef9d1a175b72a1f39fe6e5ffe2ba00c79c3c23,2024-10,Northumbria Police,Northumbria Police,-1.597772,54.955685,On or near King James Street,E01008163,Gateshead 028A,Possession of weapons,Court result unavailable,
fa01b626b27b0bb40997c3b86f8c987411005c9575745365c8d09a1b59d439b9,2024-10,Northumbria Police,Northumbria Police,-1.601799,54.954350,On or near Hartington Street,E01008163,Gateshead 028A,Possession of weapons,Status update unavailable,
3dc6708952db8993d3881cfc61e1324217c9d2a6dc36f51a1bcccf96f77c4724,2024-10,Northumbria Police,Northumbria Police,-1.601799,54.954350,On or near Hartington Street,E01008163,Gateshead 028A,Possession of weapons,Status update unavailable,
1315661ddb72a7d464fcb4a505c7a20719a6d5ef393b60c3ef5e64d0a91f1911,2024-10,Northumbria Police,Northumbria Police,-1.603411,54.953969,On or near Ripon Street,E01008163,Gateshead 028A,Possession of weapons,Court result unavailable,
4d2b7c6ca1d21ae27a4a185faa05502c5bbd4ff2b3b0b85a21d751d43c853bec,2024-10,Northumbria Police,Northumbria Police,-1.596488,54.956112,On or near Sutherland Street,E01008163,Gateshead 028A,Public order,Investigation complete; no suspect identified,
f4f6d3974e33f4233d2deba49ad749564bca0c6239b7a7e6fd64d726fa4d6fd4,2024-10,Northumbria Police,Northumbria Police,-1.601799,54.954350,On or near Hartington Street,E01008163,Gateshead 028A,Public order,Status update unavailable,
1c121ddbc604505a17fe0d128214422ea72e4e49d91ccf38bedd010ba388f91b,2024-10,Northumbria Police,Northumbria Police,-1.597772,54.955685,On or near King James Street,E01008163,Gateshead 028A,Public order,Investigation complete; no suspect identified,
9881fff53386c30b551fbc9b9a8dbe5185b3a0e32f79d1ec6f4f9951edb33e5a,2024-10,Northumbria Police,Northumbria Police,-1.601799,54.954350,On or near Hartington Street,E01008163,Gateshead 028A,Robbery,Investigation complete; no suspect identified,
30890e0d0c671d96b18285f16afa68a6631574b57846f48edbc4713805c7613c,2024-10,Northumbria Police,Northumbria Police,-1.601799,54.954350,On or near Hartington Street,E01008163,Gateshead 028A,Robbery,Investigation complete; no suspect identified,
de68d8b7f9016aafae3d1430b3adb825df0d0ea9d51ca6217a6249568532a5ff,2024-10,Northumbria Police,Northumbria Police,-1.597772,54.955685,On or near King James Street,E01008163,Gateshead 028A,Shoplifting,Investigation complete; no suspect identified,
007e14f2c9624d22b41299b64a635edbb3b7fbbf7ead2d110f1ad20c9357eb9d,2024-10,Northumbria Police,Northumbria Police,-1.597772,54.955685,On or near King James Street,E01008163,Gateshead 028A,Shoplifting,Investigation complete; no suspect identified,
a3d84cc6fee997eae06abb90b1bca7093ea3c709022756d7bda542d4b0f16d1d,2024-10,Northumbria Police,Northumbria Police,-1.597772,54.955685,On or near King James Street,E01008163,Gateshead 028A,Shoplifting,Investigation complete; no suspect identified,
b6f99fa38ea486530932252b6a41754a52373ea6012695fb4c46a9b948b224d6,2024-10,Northumbria Police,Northumbria Police,-1.597772,54.955685,On or near King James Street,E01008163,Gateshead 028A,Shoplifting,Investigation complete; no suspect identified,
d571a6f339f6b174dc80b165593fcfd733920e97bde3a544c9d84d5a32ee21e0,2024-10,Northumbria Police,Northumbria Police,-1.597772,54.955685,On or near King James Street,E01008163,Gateshead 028A,Theft from the person,Investigation complete; no suspect identified,
57997976825952d9f0381807515ba81f2d005bea2cf0c0654782a195494db6cb,2024-10,Northumbria Police,Northumbria Police,-1.595746,54.952245,On or near Woods Terrace,E01008163,Gateshead 028A,Theft from the person,Status update unavailable,
450f9f41d3a206d9624d7f989d7fc7757c0bb1c546da2509a51b072b4bca0110,2024-10,Northumbria Police,Northumbria Police,-1.591357,54.952365,On or near Ellison Villas,E01008163,Gateshead 028A,Theft from the person,Investigation complete; no suspect identified,
a4dc3570b941d6adb52beac31575e5997d6ea89108ae7e7dfea24261b8afb229,2024-10,Northumbria Police,Northumbria Police,-1.597772,54.955685,On or near King James Street,E01008163,Gateshead 028A,Theft from the person,Investigation complete; no suspect identified,
89ffcad082bf710b65585b666d639cf0e7906c662b7b0f6cb82e096bff6ebff4,2024-10,Northumbria Police,Northumbria Police,-1.597772,54.955685,On or near King James Street,E01008163,Gateshead 028A,Violence and sexual offences,Investigation complete; no suspect identified,
4e94f59a7240522e1e4c5cbf6b88b375899cfde22600ea308f297e33a9f963f4,2024-10,Northumbria Police,Northumbria Police,-1.596488,54.956112,On or near Sutherland Street,E01008163,Gateshead 028A,Violence and sexual offences,Status update unavailable,
409bdebbbe0847768b9354ed8295051162a3bf6155d5db3aec376e9bf0890701,2024-10,Northumbria Police,Northumbria Police,-1.597772,54.955685,On or near King James Street,E01008163,Gateshead 028A,Violence and sexual offences,Investigation complete; no suspect identified,
fdf036409cd666753ed9bd6eaf3b43e0c261e55635c0d7d489ad15cf56d67544,2024-10,Northumbria Police,Northumbria Police,-1.603359,54.954454,On or near Lincoln Street,E01008163,Gateshead 028A,Violence and sexual offences,Status update unavailable,
f9af657e8bca3dae4a272c39f756a335ac7f7e03f80a5aea9e9b94ddcd8d484c,2024-10,Northumbria Police,Northumbria Police,-1.601799,54.954350,On or near Hartington Street,E01008163,Gateshead 028A,Violence and sexual offences,Investigation complete; no suspect identified,
8f7077c1bab61bb7887ba389b8915a108fc95b0aba1e692a155662a522a6df35,2024-10,Northumbria Police,Northumbria Police,-1.596069,54.955787,On or near Marlowe Gardens,E01008163,Gateshead 028A,Violence and sexual offences,Status update unavailable,
a9fd6da0ac72269e03789bec9fec9bf3439b04daa201c7326d33905713cad04a,2024-10,Northumbria Police,Northumbria Police,-1.597772,54.955685,On or near King James Street,E01008163,Gateshead 028A,Violence and sexual offences,Investigation complete; no suspect identified,
a55e27a714d507107195c0634c2cb414160fa4af44fa68b7ed0da65742138de4,2024-10,Northumbria Police,Northumbria Police,-1.597772,54.955685,On or near King James Street,E01008163,Gateshead 028A,Violence and sexual offences,Status update unavailable,
8b32723454944c66a0eafafcab03f85d74650cdad74d452526d97f252ea8529e,2024-10,Northumbria Police,Northumbria Police,-1.597772,54.955685,On or near King James Street,E01008163,Gateshead 028A,Violence and sexual offences,Status update unavailable,
,2024-10,Northumbria Police,Northumbria Police,-1.598064,54.951498,On or near Shipcote Terrace,E01008203,Gateshead 028B,Anti-social behaviour,,
,2024-10,Northumbria Police,Northumbria Police,-1.597542,54.953707,On or near Abbey Court,E01008203,Gateshead 028B,Anti-social behaviour,,
,2024-10,Northumbria Police,Northumbria Police,-1.594435,54.950569,On or near Newman Terrace,E01008203,Gateshead 028B,Anti-social behaviour,,
,2024-10,Northumbria Police,Northumbria Police,-1.597499,54.953329,On or near Cramer Street,E01008203,Gateshead 028B,Anti-social behaviour,,
,2024-10,Northumbria Police,Northumbria Police,-1.598064,54.951498,On or near Shipcote Terrace,E01008203,Gateshead 028B,Anti-social behaviour,,
,2024-10,Northumbria Police,Northumbria Police,-1.597256,54.951109,On or near Chandos Street,E01008203,Gateshead 028B,Anti-social behaviour,,
f2f9d7dfbd416b1aa69dce8de295e18b7324ec4698072dc266fc2761f440b10d,2024-10,Northumbria Police,Northumbria Police,-1.594435,54.950569,On or near Newman Terrace,E01008203,Gateshead 028B,Criminal damage and arson,Investigation complete; no suspect identified,
398baaa0b9a5af0e721f3d7f4d38d6a669b57c09f9a1098e4a83decbd946cdcd,2024-10,Northumbria Police,Northumbria Police,-1.594435,54.950569,On or near Newman Terrace,E01008203,Gateshead 028B,Criminal damage and arson,Investigation complete; no suspect identified,
34612b428134d491fc37abc5d8552ab20db91df50ed9f2ae53766c7a7ff85f85,2024-10,Northumbria Police,Northumbria Police,-1.597105,54.950560,On or near Raby Street,E01008203,Gateshead 028B,Drugs,Investigation complete; no suspect identified,
a3617e66fe3f792bde82b027e6e84d73e5b2899de90ab34b0055e5009964591e,2024-10,Northumbria Police,Northumbria Police,-1.597987,54.954562,On or near St Edmund'S Road,E01008203,Gateshead 028B,Other theft,Status update unavailable,
5248eb1aedbd8fa74130fe150ca9ee25b14dcd49cf468174d407e59185f4d0f4,2024-10,Northumbria Police,Northumbria Police,-1.597256,54.951109,On or near Chandos Street,E01008203,Gateshead 028B,Other theft,Status update unavailable,
c406abd05f7a6ef43e549565dd1baa55f0bebde36c059399acf06e512cbd0c93,2024-10,Northumbria Police,Northumbria Police,-1.597987,54.954562,On or near St Edmund'S Road,E01008203,Gateshead 028B,Other theft,Investigation complete; no suspect identified,
e2c596df03df4cca95de2043f23261b61771a3a97672e14aaf0094d1fb0f1ed2,2024-10,Northumbria Police,Northumbria Police,-1.597256,54.951109,On or near Chandos Street,E01008203,Gateshead 028B,Other theft,Status update unavailable,
904f1acf7750f82b6c9c84c8a4a539db5cb4a27e08faa49e65f7197807eda869,2024-10,Northumbria Police,Northumbria Police,-1.597987,54.954562,On or near St Edmund'S Road,E01008203,Gateshead 028B,Public order,Investigation complete; no suspect identified,
fe2bf328ee8fe5b539862d5a481096835f99732db5a45febb1e4fd8e7dc0a0ff,2024-10,Northumbria Police,Northumbria Police,-1.598064,54.951498,On or near Shipcote Terrace,E01008203,Gateshead 028B,Violence and sexual offences,Investigation complete; no suspect identified,
91bb573e2fbbc587fa0f110e3f40a30bf0d213c127c4ef7d3d3fa7a19cc985b5,2024-10,Northumbria Police,Northumbria Police,-1.594435,54.950569,On or near Newman Terrace,E01008203,Gateshead 028B,Violence and sexual offences,Investigation complete; no suspect identified,
2afc3dc757d88aef1e056e7cc57a5be0f882e3c29c6594a11d9b8f7f32417f27,2024-10,Northumbria Police,Northumbria Police,-1.593162,54.949882,On or near Caris Street,E01008203,Gateshead 028B,Violence and sexual offences,Status update unavailable,
a9897a880d7c0ba70e1d6390ec51f4565112137b3edf53a7de004cab16a2fcf6,2024-10,Northumbria Police,Northumbria Police,-1.594435,54.950569,On or near Newman Terrace,E01008203,Gateshead 028B,Violence and sexual offences,Investigation complete; no suspect identified,
f34139477f02d736395ee1f7c12d6e0862a5ebd3b8beaf05451bcf941c0d8ae6,2024-10,Northumbria Police,Northumbria Police,-1.594002,54.950137,On or near Rosebery Avenue,E01008203,Gateshead 028B,Violence and sexual offences,Status update unavailable,
42e6739609bef0c9142571837cdae67a229bcdc0eaffb70bd1b8dcf5a799fe7f,2024-10,Northumbria Police,Northumbria Police,-1.594435,54.950569,On or near Newman Terrace,E01008203,Gateshead 028B,Violence and sexual offences,Investigation complete; no suspect identified,
,2024-10,Northumbria Police,Northumbria Police,-1.597960,54.946214,On or near Summerfield Road,E01008205,Gateshead 028C,Anti-social behaviour,,
3b001f580024fbbc0ade893f3531aab50e581e26c6641ccd3e42597a91b07cf2,2024-10,Northumbria Police,Northumbria Police,-1.597308,54.949060,On or near Perry Street,E01008205,Gateshead 028C,Burglary,Investigation complete; no suspect identified,
656636fb9cb1b1106ca9fab543fa3c31adae456da3041f0842afeb98b057a7d2,2024-10,Northumbria Police,Northumbria Police,-1.597664,54.947758,On or near Lindum Road,E01008205,Gateshead 028C,Burglary,Status update unavailable,
d2ff993cf887d38d4478ee6815bde80da46264d558da2d4564bb3f3a48baf6ad,2024-10,Northumbria Police,Northumbria Police,-1.597308,54.949060,On or near Perry Street,E01008205,Gateshead 028C,Burglary,Investigation complete; no suspect identified,
04fe1074c5e49a31b1d32542860a7efc96d5badb7137285061f00318500462fe,2024-10,Northumbria Police,Northumbria Police,-1.597664,54.947758,On or near Lindum Road,E01008205,Gateshead 028C,Burglary,Status update unavailable,
d2fad040ddad97f27180084f48d9beb2750776883b259b445f1c22d3ed443c6d,2024-10,Northumbria Police,Northumbria Police,-1.597664,54.947758,On or near Lindum Road,E01008205,Gateshead 028C,Burglary,Status update unavailable,
2446539e5d05ba7b9dc115835934b8e941f3c0c4eb2be082dd55829f0a9a2632,2024-10,Northumbria Police,Northumbria Police,-1.597308,54.949060,On or near Perry Street,E01008205,Gateshead 028C,Burglary,Court result unavailable,
1b86db81994856bf179e230e74a2d892c42a4085d1737db3856aafe81dbb9c49,2024-10,Northumbria Police,Northumbria Police,-1.591255,54.947027,On or near Baden Powell Street,E01008205,Gateshead 028C,Other theft,Status update unavailable,
e66e61b27fa5db760595e7fbbf568156b688e5339f2788251a22cae81183c892,2024-10,Northumbria Police,Northumbria Police,-1.597308,54.949060,On or near Perry Street,E01008205,Gateshead 028C,Possession of weapons,Court result unavailable,
1a671ddd72f623a80bd846fca90d5712a91daacbc0a89ced6f16151eb09de63f,2024-10,Northumbria Police,Northumbria Police,-1.589026,54.946705,On or near Brownsea Place,E01008205,Gateshead 028C,Violence and sexual offences,Investigation complete; no suspect identified,
02167e8df2b9488278809dbdface63152185d0ed54eac454eea1d73bf7535c5a,2024-10,Northumbria Police,Northumbria Police,-1.589026,54.946705,On or near Brownsea Place,E01008205,Gateshead 028C,Violence and sexual offences,Status update unavailable,
,2024-10,Northumbria Police,Northumbria Police,-1.781896,54.925619,On or near Beechwood,E01008196,Gateshead 029A,Anti-social behaviour,,
,2024-10,Northumbria Police,Northumbria Police,-1.781896,54.925619,On or near Beechwood,E01008196,Gateshead 029A,Anti-social behaviour,,
d25072e6f0ee6ef6fc3c05d6312492ab059e2d7830c253afdc041f56d127309d,2024-10,Northumbria Police,Northumbria Police,-1.783650,54.936100,On or near Strothers Road,E01008196,Gateshead 029A,Burglary,Investigation complete; no suspect identified,
f819874506f3a60dd9a560da3814363908b372726c83c60abe314ae6fd957a46,2024-10,Northumbria Police,Northumbria Police,-1.780392,54.929741,On or near Spen Burn,E01008196,Gateshead 029A,Criminal damage and arson,Investigation complete; no suspect identified,
29352c8e9116d5c6baf9306daea92c4e325b367df1c586b2067ba267bd80c9dd,2024-10,Northumbria Police,Northumbria Police,-1.780855,54.936409,On or near Pawston Road,E01008196,Gateshead 029A,Criminal damage and arson,Investigation complete; no suspect identified,
5375c1b0fd733703ca15f59862f31a8b8ec25dab0bd11ba0ebd7af52c313d67a,2024-10,Northumbria Police,Northumbria Police,-1.784415,54.930179,On or near Robert Terrace,E01008196,Gateshead 029A,Public order,Status update unavailable,
30078a28b758a3bdcf5e8b64617bc5d3d6bc75b4b9dea9dafad1ae8768a2f183,2024-10,Northumbria Police,Northumbria Police,-1.782420,54.935639,On or near Ramsay Street,E01008196,Gateshead 029A,Public order,Investigation complete; no suspect identified,
7c6b20a407363130320c886f1b2e5fb7bf36ad26cd3627c08576ba8057cc8efc,2024-10,Northumbria Police,Northumbria Police,-1.797005,54.934047,On or near Parking Area,E01008196,Gateshead 029A,Violence and sexual offences,Status update unavailable,
30ed42f57c772736b674b026f4c61d8e90d26bda2267509eb39e8a3fa33ea84e,2024-10,Northumbria Police,Northumbria Police,-1.781719,54.929608,On or near Greenlea Close,E01008196,Gateshead 029A,Violence and sexual offences,Court result unavailable,
1701403df9a24b9ce967194e55a2da529c55756c21f40ea69b4b14d1974d898f,2024-10,Northumbria Police,Northumbria Police,-1.797005,54.934047,On or near Parking Area,E01008196,Gateshead 029A,Violence and sexual offences,Status update unavailable,
39874bfc48c644225bf58cdb14f276420b90560eba574facc13724b30275494a,2024-10,Northumbria Police,Northumbria Police,-1.782677,54.934175,On or near Collingdon Green,E01008196,Gateshead 029A,Violence and sexual offences,Investigation complete; no suspect identified,
63dcc5782ff13cfd6ca359137de5e7aeb9fcac10c6f9bafd2904b0b72b0fa998,2024-10,Northumbria Police,Northumbria Police,-1.782570,54.931003,On or near Ashtree Lane,E01008196,Gateshead 029A,Violence and sexual offences,Awaiting court outcome,
a5ae76e2d5b9ef5aa434e44dd0d6357d765790fa0af4556fcc74009bbe2180c7,2024-10,Northumbria Police,Northumbria Police,-1.780392,54.929741,On or near Spen Burn,E01008196,Gateshead 029A,Violence and sexual offences,Status update unavailable,
d3a1bb96c7cfe63bcfebefe00c7cf3a9721e625c3ffd8f51fddf47c60af6c843,2024-10,Northumbria Police,Northumbria Police,-1.781719,54.929608,On or near Greenlea Close,E01008196,Gateshead 029A,Violence and sexual offences,Investigation complete; no suspect identified,
0348232ed21784862a1174f7fdfa83136a98e158e91ccdf73d8d789062ac99ca,2024-10,Northumbria Police,Northumbria Police,-1.784970,54.928661,On or near The Crescent,E01008196,Gateshead 029A,Violence and sexual offences,Investigation complete; no suspect identified,
eb4ab68f5eac20399c22199e928f2cd9efb0d719ddb1bff4f504168881db7eef,2024-10,Northumbria Police,Northumbria Police,-1.780392,54.929741,On or near Spen Burn,E01008196,Gateshead 029A,Violence and sexual offences,Status update unavailable,
,2024-10,Northumbria Police,Northumbria Police,-1.771987,54.923030,On or near William Morris Avenue,E01008183,Gateshead 029B,Anti-social behaviour,,
07cc6205025bd23caa1ea0c2b57b4ada3e99abadaf45a43f5f6d23dc3c25c39a,2024-10,Northumbria Police,Northumbria Police,-1.769100,54.923106,On or near Woodlea Road,E01008183,Gateshead 029B,Criminal damage and arson,Investigation complete; no suspect identified,
a0e30385a74daf41e2a07862f7687ecef033367f5e214938bae29397b30c2b58,2024-10,Northumbria Police,Northumbria Police,-1.766872,54.922553,On or near North View,E01008183,Gateshead 029B,Public order,Investigation complete; no suspect identified,
bd4e57183abb841a164d0cb0ac6d49c798d51e2e41596b2e6d2c5e27b2fc1ebf,2024-10,Northumbria Police,Northumbria Police,-1.803701,54.927516,On or near Clayton Terrace Road,E01008183,Gateshead 029B,Violence and sexual offences,Status update unavailable,
c965fc6cbc5ff94fd9782e3032e38ff44cdcd2a16c334b2a6719a676465c24a8,2024-10,Northumbria Police,Northumbria Police,-1.757914,54.923030,On or near Hollinside Terrace,E01008183,Gateshead 029B,Violence and sexual offences,Investigation complete; no suspect identified,
,2024-10,Northumbria Police,Northumbria Police,-1.808544,54.919705,On or near Tay Street,E01008186,Gateshead 029C,Anti-social behaviour,,
,2024-10,Northumbria Police,Northumbria Police,-1.810136,54.919546,On or near South Road,E01008186,Gateshead 029C,Anti-social behaviour,,
,2024-10,Northumbria Police,Northumbria Police,-1.808544,54.919705,On or near Tay Street,E01008186,Gateshead 029C,Anti-social behaviour,,
,2024-10,Northumbria Police,Northumbria Police,-1.810136,54.919546,On or near South Road,E01008186,Gateshead 029C,Anti-social behaviour,,
,2024-10,Northumbria Police,Northumbria Police,-1.808544,54.919705,On or near Tay Street,E01008186,Gateshead 029C,Anti-social behaviour,,
,2024-10,Northumbria Police,Northumbria Police,-1.808544,54.919705,On or near Tay Street,E01008186,Gateshead 029C,Anti-social behaviour,,
,2024-10,Northumbria Police,Northumbria Police,-1.810136,54.919546,On or near South Road,E01008186,Gateshead 029C,Anti-social behaviour,,
3afa3381fc904d2864b859338d2a70c9fe63c2d36edf0464e7093e4cac599999,2024-10,Northumbria Police,Northumbria Police,-1.815034,54.919724,On or near Supermarket,E01008186,Gateshead 029C,Burglary,Status update unavailable,
34f0c5c974460cfd5e8aa567d55e464469d4a49d312a8d510f8203897e09788b,2024-10,Northumbria Police,Northumbria Police,-1.815034,54.919724,On or near Supermarket,E01008186,Gateshead 029C,Burglary,Status update unavailable,
b6ddc0609ef05c8b6c18ba763b79e356fce7e5f3ee205c62df359c5b1106366b,2024-10,Northumbria Police,Northumbria Police,-1.808544,54.919705,On or near Tay Street,E01008186,Gateshead 029C,Criminal damage and arson,Investigation complete; no suspect identified,
d1695fb70954bf68f017c3db0ff0bde2a7b807edae1c3ea1f9487b2cf5b265a6,2024-10,Northumbria Police,Northumbria Police,-1.808544,54.919705,On or near Tay Street,E01008186,Gateshead 029C,Criminal damage and arson,Investigation complete; no suspect identified,
5f1a197a331209dad11b8f311a6856cbd6dc88fd9dff7c12db2e80cbb7cf357c,2024-10,Northumbria Police,Northumbria Police,-1.808544,54.919705,On or near Tay Street,E01008186,Gateshead 029C,Criminal damage and arson,Investigation complete; no suspect identified,
7d9d8a875f10e450ea41b8bd66633622a3d5f9596871c5bbc9346c55cf4e06ab,2024-10,Northumbria Police,Northumbria Police,-1.810136,54.919546,On or near South Road,E01008186,Gateshead 029C,Other theft,Investigation complete; no suspect identified,
d4a57339f04ca10683250cf71215ede4525429ce6652cb6f24cefa9c1f6e918a,2024-10,Northumbria Police,Northumbria Police,-1.815034,54.919724,On or near Supermarket,E01008186,Gateshead 029C,Other theft,Status update unavailable,
54dbdc4e44617128d3390b84d27cd93e8253f5dfc0fcc3f2c8155279ea68563e,2024-10,Northumbria Police,Northumbria Police,-1.808544,54.919705,On or near Tay Street,E01008186,Gateshead 029C,Violence and sexual offences,Investigation complete; no suspect identified,
9d4080873c2e8b97de4a8a8c92fee9658250ff9cf14104cb5d4de5294db486c3,2024-10,Northumbria Police,Northumbria Police,-1.810136,54.919546,On or near South Road,E01008186,Gateshead 029C,Violence and sexual offences,Status update unavailable,
b820c3f0eb56c6f72572c9fc34da903ea813a4ce24933552c73f7fe242207226,2024-10,Northumbria Police,Northumbria Police,-1.815034,54.919724,On or near Supermarket,E01008186,Gateshead 029C,Violence and sexual offences,Status update unavailable,
310e004747390fd3ee3614c2204b0ce9a275bc6c408e1158750e0357b1abb4de,2024-10,Northumbria Police,Northumbria Police,-1.811092,54.921857,On or near West Meadows,E01008186,Gateshead 029C,Violence and sexual offences,Status update unavailable,
01fb8df35039ab8137223798a00f160ce7fa56746c9dc9f2c01d92f35e5b80bd,2024-10,Northumbria Police,Northumbria Police,-1.813311,54.921169,On or near Monument Court,E01008186,Gateshead 029C,Violence and sexual offences,Investigation complete; no suspect identified,
33dcdb3f9ff56253ecaed5c541eb570aaa918c56f6d47dedb2ed028e128f1745,2024-10,Northumbria Police,Northumbria Police,-1.810136,54.919546,On or near South Road,E01008186,Gateshead 029C,Violence and sexual offences,Status update unavailable,
dda3c233d8bc5454f9e4865c3e169f946077aaf31432afda8a1fc21878ba4f60,2024-10,Northumbria Police,Northumbria Police,-1.815034,54.919724,On or near Supermarket,E01008186,Gateshead 029C,Violence and sexual offences,Status update unavailable,
b5532f1ff9875c01b0d4069cbc2f832b8953b74f64e13529719f2c8e490e0a27,2024-10,Northumbria Police,Northumbria Police,-1.815034,54.919724,On or near Supermarket,E01008186,Gateshead 029C,Other crime,Status update unavailable,
52089b21db70c6caec8bcc9562afad0724553a4efa0d56e482bb213205f2ef19,2024-10,Northumbria Police,Northumbria Police,-1.815034,54.919724,On or near Supermarket,E01008186,Gateshead 029C,Other crime,Investigation complete; no suspect identified,
,2024-10,Northumbria Police,Northumbria Police,-1.811758,54.916323,On or near Parking Area,E01035624,Gateshead 029D,Anti-social behaviour,,
,2024-10,Northumbria Police,Northumbria Police,-1.814117,54.918887,On or near Parkside Court,E01035624,Gateshead 029D,Anti-social behaviour,,
470aad55fe6f8d6ea509e67782bee6a3ed8879005e6963c8e6a93974367531b1,2024-10,Northumbria Police,Northumbria Police,-1.816442,54.911918,On or near Valley Dene,E01035624,Gateshead 029D,Violence and sexual offences,Status update unavailable,
c0b3b7697da4db91757542c8e9d8d82a3d0033f98ed3879867aa354d04853e38,2024-10,Northumbria Police,Northumbria Police,-1.636739,54.015625,On or near Barse Beck Lane,E01027682,Harrogate 018A,Other theft,Status update unavailable,
fef82c2d5fc8b92daf06518feaa09fbad2fef66dba057a3bb525b238fef7bfe1,2024-10,Northumbria Police,Northumbria Police,-1.628045,55.025613,On or near Gilwell Way,E01008309,Newcastle upon Tyne 002A,Public order,Status update unavailable,
7997e9f997c4c8559c2d9d1a9ea4643105e597e95dc9efea09f087f18dc5e2a7,2024-10,Northumbria Police,Northumbria Police,-1.628045,55.025613,On or near Gilwell Way,E01008309,Newcastle upon Tyne 002A,Shoplifting,Investigation complete; no suspect identified,
88abf396da8e4be4909da363078365244d8cd047a293ee2395110d9ca15eecbb,2024-10,Northumbria Police,Northumbria Police,-1.628045,55.025613,On or near Gilwell Way,E01008309,Newcastle upon Tyne 002A,Violence and sexual offences,Investigation complete; no suspect identified,
,2024-10,Northumbria Police,Northumbria Police,-1.632109,55.015597,On or near Lesbury Chase,E01008352,Newcastle upon Tyne 002C,Anti-social behaviour,,
,2024-10,Northumbria Police,Northumbria Police,-1.631712,55.014562,On or near Kirkley Close,E01008352,Newcastle upon Tyne 002C,Anti-social behaviour,,
ecb8991006ed92b31867721b4d7981cf3a3e8ba0b544a1fb4886588155bb75c8,2024-10,Northumbria Police,Northumbria Police,-1.630494,55.014352,On or near Coquet Avenue,E01008352,Newcastle upon Tyne 002C,Criminal damage and arson,Investigation complete; no suspect identified,
3f573e5d912a68be238ec7b5bb2eef13208d5c684d02127137ef5f0221e6a1fa,2024-10,Northumbria Police,Northumbria Police,-1.630494,55.014352,On or near Coquet Avenue,E01008352,Newcastle upon Tyne 002C,Criminal damage and arson,Investigation complete; no suspect identified,
344b9a38760da39d6afa229d5a371d03945375d8e95081a23db01797fb2af377,2024-10,Northumbria Police,Northumbria Police,-1.630494,55.014352,On or near Coquet Avenue,E01008352,Newcastle upon Tyne 002C,Violence and sexual offences,Status update unavailable,
7f80b5827b52bb4418cd3aa04bb5ba952f5bd301dd2ca48bd33f4f8cdf6c2ffb,2024-10,Northumbria Police,Northumbria Police,-1.630494,55.014352,On or near Coquet Avenue,E01008352,Newcastle upon Tyne 002C,Violence and sexual offences,Awaiting court outcome,
c3ad437c35553b342c79f3cac29e539d40f2451c6b3c6a7708a7334083bac28d,2024-10,Northumbria Police,Northumbria Police,-1.630494,55.014352,On or near Coquet Avenue,E01008352,Newcastle upon Tyne 002C,Violence and sexual offences,Status update unavailable,
2af314fcd34df3238c1505406acac8a65c66917ae1cf8e45a3cc18a53a948f8e,2024-10,Northumbria Police,Northumbria Police,-1.630494,55.014352,On or near Coquet Avenue,E01008352,Newcastle upon Tyne 002C,Violence and sexual offences,Status update unavailable,
19e74a68d12025689c81c8b49310e368ea5d1448a63d4097b3202c522d718e2f,2024-10,Northumbria Police,Northumbria Police,-1.630494,55.014352,On or near Coquet Avenue,E01008352,Newcastle upon Tyne 002C,Violence and sexual offences,Status update unavailable,
,2024-10,Northumbria Police,Northumbria Police,-1.616756,55.018470,On or near Celandine Close,E01008357,Newcastle upon Tyne 002D,Anti-social behaviour,,
1f7e9c6dc1801d8204d0f7b48fc7a35101e159c47b7ca3896d47a9929f076561,2024-10,Northumbria Police,Northumbria Police,-1.621968,55.019744,On or near Great North Road,E01008357,Newcastle upon Tyne 002D,Violence and sexual offences,Investigation complete; no suspect identified,
,2024-10,Northumbria Police,Northumbria Police,-1.621815,55.014397,On or near Petrol Station,E01008358,Newcastle upon Tyne 002E,Anti-social behaviour,,
,2024-10,Northumbria Police,Northumbria Police,-1.619630,55.017284,On or near Grange Road,E01008358,Newcastle upon Tyne 002E,Anti-social behaviour,,
1d58bda364d22a79fe2c83eb9fa249993d8969fce85b73b38f81960eb5b37544,2024-10,Northumbria Police,Northumbria Police,-1.619894,55.013190,On or near Supermarket,E01008358,Newcastle upon Tyne 002E,Burglary,Investigation complete; no suspect identified,
419364feecff5b582b68ad7efd3238bc7074a0967ce552baf656e2b13aac9e5b,2024-10,Northumbria Police,Northumbria Police,-1.619894,55.013190,On or near Supermarket,E01008358,Newcastle upon Tyne 002E,Criminal damage and arson,Offender given a caution,
083fe65a8636a4c5b34ecf5564463064704eff103151750e3d61b7cb8adda900,2024-10,Northumbria Police,Northumbria Police,-1.621815,55.014397,On or near Petrol Station,E01008358,Newcastle upon Tyne 002E,Other theft,Investigation complete; no suspect identified,
a743fe40933a63909adae596d155e28d2198360f5941aa2e217bb2ae2dee4eb6,2024-10,Northumbria Police,Northumbria Police,-1.621815,55.014397,On or near Petrol Station,E01008358,Newcastle upon Tyne 002E,Other theft,Investigation complete; no suspect identified,
e2fab83ac887e844761a9e5edbc8532f76287933ec68084ee9df6009fea15424,2024-10,Northumbria Police,Northumbria Police,-1.624293,55.011987,On or near Theatre/Concert Hall,E01008358,Newcastle upon Tyne 002E,Other theft,Status update unavailable,
e8aea3edf1940afb433613329a625c8fa2cbf59ff7ebc79882bf38ce7009635d,2024-10,Northumbria Police,Northumbria Police,-1.618783,55.014217,On or near Harewood Road,E01008358,Newcastle upon Tyne 002E,Possession of weapons,Court result unavailable,
0ce6bd68b6afa60c09192664ce6bd53ce2feb8830d7499bcd9e3a3c1f267581c,2024-10,Northumbria Police,Northumbria Police,-1.619894,55.013190,On or near Supermarket,E01008358,Newcastle upon Tyne 002E,Vehicle crime,Investigation complete; no suspect identified,
2b5cbb5cdebcc3dba0877c38c4a5a1ed1f48b9b58a1481e3a91687d35d011e81,2024-10,Northumbria Police,Northumbria Police,-1.621815,55.014397,On or near Petrol Station,E01008358,Newcastle upon Tyne 002E,Other crime,Status update unavailable,
,2024-10,Northumbria Police,Northumbria Police,-1.632434,55.026264,On or near Branckenpeth Mews,E01033550,Newcastle upon Tyne 002F,Anti-social behaviour,,
1d5acdf6dd68d65a2567db65435edf620d73980f80d773ce854e7b66a7b32f13,2024-10,Northumbria Police,Northumbria Police,-1.632657,55.027604,On or near Netherwitton Way,E01033550,Newcastle upon Tyne 002F,Burglary,Status update unavailable,
fd17055ce378558989edcf2b7d1a1dd977b65dec04fdb56065f8f09c683f0040,2024-10,Northumbria Police,Northumbria Police,-1.636521,55.025836,On or near Halton Way,E01033550,Newcastle upon Tyne 002F,Criminal damage and arson,Court result unavailable,
38947f337690f676fed25bd5f0cbe46e56c5dac8f9d1cfdff53d3f88344dfb5a,2024-10,Northumbria Police,Northumbria Police,-1.636521,55.025836,On or near Halton Way,E01033550,Newcastle upon Tyne 002F,Violence and sexual offences,Investigation complete; no suspect identified,
cabc4f84e19dfd20d6a6f86434a1df05a1531db48ea7d6afa82e17c676a7ae41,2024-10,Northumbria Police,Northumbria Police,-1.614588,55.026074,On or near Hazelmere Avenue,E01033551,Newcastle upon Tyne 002G,Bicycle theft,Investigation complete; no suspect identified,
51ffd9852c1f07305415cc07beb7fa1354d790f319566450e28e75abde0642ac,2024-10,Northumbria Police,Northumbria Police,-1.626031,55.035267,On or near Rotary Way,E01033551,Newcastle upon Tyne 002G,Criminal damage and arson,Investigation complete; no suspect identified,
be93e056d48385f293a8806e322489a40205f1b69eeaa2c08d219c3dca948f53,2024-10,Northumbria Police,Northumbria Police,-1.624980,55.035533,On or near Rotary Way,E01033551,Newcastle upon Tyne 002G,Other theft,Investigation complete; no suspect identified,
cec8553f1b6396212ebf94bf781b5c36aa23cd0f34b5c479a89d660f33ed26d8,2024-10,Northumbria Police,Northumbria Police,-1.613316,55.026618,On or near Greenriggs Avenue,E01033551,Newcastle upon Tyne 002G,Other theft,Investigation complete; no suspect identified,
c1717ee76e9223c405ad49e1b0fdd10df3a16b9745a89c57fdcf337746a43378,2024-10,Northumbria Police,Northumbria Police,-1.617932,55.024737,On or near Newlands Avenue,E01033551,Newcastle upon Tyne 002G,Violence and sexual offences,Status update unavailable,
1f09673b782773254fac0c0056ebca65a2999fa3b70218e0b7d96a27208671e2,2024-10,Northumbria Police,Northumbria Police,-1.613316,55.026618,On or near Greenriggs Avenue,E01033551,Newcastle upon Tyne 002G,Violence and sexual offences,Investigation complete; no suspect identified,
0c5c81a519847af728e0556e0a5a564f796e77bdecd861664240cf0b8c500676,2024-10,Northumbria Police,Northumbria Police,-1.617932,55.024737,On or near Newlands Avenue,E01033551,Newcastle upon Tyne 002G,Violence and sexual offences,Status update unavailable,
2182f2fbf541247ba174075bb4784ad3c57217805a7c6522c4e30a1b4722a303,2024-10,Northumbria Police,Northumbria Police,-1.617932,55.024737,On or near Newlands Avenue,E01033551,Newcastle upon Tyne 002G,Violence and sexual offences,Investigation complete; no suspect identified,
e9c57bd3c062ad284b1383e7523f8ac8b2d50e39352d98ea2c02d64456e68bf5,2024-10,Northumbria Police,Northumbria Police,-1.617932,55.024737,On or near Newlands Avenue,E01033551,Newcastle upon Tyne 002G,Violence and sexual offences,Investigation complete; no suspect identified,
564ac174e023ac24109da96719e5bbc8c4eeee33db9b30a00a952acf44d3b7bf,2024-10,Northumbria Police,Northumbria Police,-1.624980,55.035533,On or near Rotary Way,E01033551,Newcastle upon Tyne 002G,Other crime,Investigation complete; no suspect identified,
,2024-10,Northumbria Police,Northumbria Police,-1.635280,55.014276,On or near Wansbeck Road,E01008336,Newcastle upon Tyne 003A,Anti-social behaviour,,
ee93b250bc159ab80d2c99ed65febd5fdebb2e3b1c9a83af8303bcbd849b81fe,2024-10,Northumbria Police,Northumbria Police,-1.638627,55.015985,On or near Aln Crescent,E01008336,Newcastle upon Tyne 003A,Bicycle theft,Investigation complete; no suspect identified,
92c15cca2726be7e54be563dc57519a9f6ed66a16ffd2de4531b34531b392c4e,2024-10,Northumbria Police,Northumbria Police,-1.640189,55.014480,On or near Heddon Close,E01008336,Newcastle upon Tyne 003A,Burglary,Investigation complete; no suspect identified,
e263a2ed8dd330755328af5c394b9818263c03ad03be41f846b11d07d8c44a9a,2024-10,Northumbria Police,Northumbria Police,-1.638627,55.015985,On or near Aln Crescent,E01008336,Newcastle upon Tyne 003A,Criminal damage and arson,Investigation complete; no suspect identified,
a922c1f20bf7abc9245af1a75505992a4cf83d39cd571af51e364c5a3f850181,2024-10,Northumbria Police,Northumbria Police,-1.637914,55.015309,On or near Chatton Wynd,E01008336,Newcastle upon Tyne 003A,Criminal damage and arson,Investigation complete; no suspect identified,
3872b5bf220f2b95d14a387940b2fd5060c728e31cff9e577d4fe37cce77fab4,2024-10,Northumbria Police,Northumbria Police,-1.639921,55.012951,On or near Felton Avenue,E01008336,Newcastle upon Tyne 003A,Criminal damage and arson,Investigation complete; no suspect identified,
a65f5f865f0c0436d26a242263de3f39cde14e02fb10f0d75b1eed7773a6af59,2024-10,Northumbria Police,Northumbria Police,-1.638627,55.015985,On or near Aln Crescent,E01008336,Newcastle upon Tyne 003A,Criminal damage and arson,Investigation complete; no suspect identified,
e948730bd173191c44eb8973d59026356fb22b80a3df8afef8df440a9616774d,2024-10,Northumbria Police,Northumbria Police,-1.641450,55.015103,On or near Laurel Avenue,E01008336,Newcastle upon Tyne 003A,Criminal damage and arson,Investigation complete; no suspect identified,
037b6e64906c20ef9546352a1d7e34fa6a98868b9a0887230dc1f839726d3bb7,2024-10,Northumbria Police,Northumbria Police,-1.640189,55.014480,On or near Heddon Close,E01008336,Newcastle upon Tyne 003A,Other theft,Status update unavailable,
77defa3a3799a516e926f7184c8482997f1a3a19e62037e2c7d7afba95b80c8d,2024-10,Northumbria Police,Northumbria Police,-1.639285,55.012338,On or near Eshott Close,E01008336,Newcastle upon Tyne 003A,Public order,Investigation complete; no suspect identified,
d4c110076f21e7df127ab2f0047625ed0e541eb044cd97675016384349eb0f2d,2024-10,Northumbria Police,Northumbria Police,-1.635280,55.014276,On or near Wansbeck Road,E01008336,Newcastle upon Tyne 003A,Public order,Status update unavailable,
ff5ef0d27588fe2990b5fa51a718f2880058578d3698c7ce9d190dd5fe35a9c7,2024-10,Northumbria Police,Northumbria Police,-1.639285,55.012338,On or near Eshott Close,E01008336,Newcastle upon Tyne 003A,Vehicle crime,Investigation complete; no suspect identified,
46b8fabd861d78c417af86d722095c4c51323b04a328b6490ebd2f5baa0f98df,2024-10,Northumbria Police,Northumbria Police,-1.638748,55.014772,On or near Aln Walk,E01008336,Newcastle upon Tyne 003A,Violence and sexual offences,Status update unavailable,
e4d874f195760dc60ad41e55510e48f9e47c8e93b2a60ad66a8b5571bd9ec429,2024-10,Northumbria Police,Northumbria Police,-1.638829,55.012696,On or near Whalton Avenue,E01008336,Newcastle upon Tyne 003A,Violence and sexual offences,Court result unavailable,
5b25a066373dc6ad9bec31fb6c077af30ba9b489e9c3169f006252a47dd85919,2024-10,Northumbria Police,Northumbria Police,-1.638829,55.012696,On or near Whalton Avenue,E01008336,Newcastle upon Tyne 003A,Violence and sexual offences,Status update unavailable,
8fe76f23fb65129c1c8c04742781ce02697e831f6d3e19fc3ad0f074245d5161,2024-10,Northumbria Police,Northumbria Police,-1.638829,55.012696,On or near Whalton Avenue,E01008336,Newcastle upon Tyne 003A,Violence and sexual offences,Court result unavailable,
74ace8e09c723a22eef67da613f75679a53725812a4b4df7f34fccd989f24d37,2024-10,Northumbria Police,Northumbria Police,-1.639921,55.012951,On or near Felton Avenue,E01008336,Newcastle upon Tyne 003A,Violence and sexual offences,Status update unavailable,
3f19da44fbaf2982ed04307f326a8382594c9621a24ed47c6e72b823b6f7e7f8,2024-10,Northumbria Police,Northumbria Police,-1.639602,55.015448,On or near Etal Place,E01008336,Newcastle upon Tyne 003A,Violence and sexual offences,Status update unavailable,
8d6d2a074cbd89b0c2cc2ed09abfbdb70cc9f599d8a964d4529979827130fbec,2024-10,Northumbria Police,Northumbria Police,-1.640779,55.013214,On or near Falstone Square,E01008336,Newcastle upon Tyne 003A,Violence and sexual offences,Status update unavailable,
,2024-10,Northumbria Police,Northumbria Police,-1.645407,55.015034,On or near Mapledene Road,E01008337,Newcastle upon Tyne 003B,Anti-social behaviour,,
,2024-10,Northumbria Police,Northumbria Police,-1.644441,55.016442,On or near Fawdon Lane,E01008337,Newcastle upon Tyne 003B,Anti-social behaviour,,
cc4acbc9a2aaea84f735b301f08f3e531124d11367ef92b29910400ba44a22f7,2024-10,Northumbria Police,Northumbria Police,-1.646749,55.017096,On or near Brotherlee Road,E01008337,Newcastle upon Tyne 003B,Criminal damage and arson,Investigation complete; no suspect identified,
60fc6d3ad7a327407c2af4d8a95d679c88694e508ca6b40455f42279c851b292,2024-10,Northumbria Police,Northumbria Police,-1.646372,55.015540,On or near Elm Grove,E01008337,Newcastle upon Tyne 003B,Public order,Court result unavailable,
4888b7433e1001e9d97a5f2dda1b30dfbe609a0bcc6d47d7a78aba21bd65e3d4,2024-10,Northumbria Police,Northumbria Police,-1.647637,55.015697,On or near Strathearn Way,E01008337,Newcastle upon Tyne 003B,Violence and sexual offences,Investigation complete; no suspect identified,
89a1bad3b70be0b6e4e4d710820110309ae1b3134096202157c5a5f1d6dfb6d1,2024-10,Northumbria Police,Northumbria Police,-1.649195,55.018217,On or near Cresswell Drive,E01008337,Newcastle upon Tyne 003B,Violence and sexual offences,Investigation complete; no suspect identified,
3f8b00ecd777aa5a7bf77c196d6bce6f71d74bbcf7c67e213ef99b0e5e613694,2024-10,Northumbria Police,Northumbria Police,-1.647637,55.015697,On or near Strathearn Way,E01008337,Newcastle upon Tyne 003B,Violence and sexual offences,Status update unavailable,
b7b26432931119f7c96ba44bf637126938d8d9c57f5ecaaa4efcf1a4b6b60e13,2024-10,Northumbria Police,Northumbria Police,-1.646749,55.017096,On or near Brotherlee Road,E01008337,Newcastle upon Tyne 003B,Violence and sexual offences,Status update unavailable,
b0fbff44c03d164e68397dccde4e3e620fd66c10d750d0950e49b349d9b5c097,2024-10,Northumbria Police,Northumbria Police,-1.646749,55.017096,On or near Brotherlee Road,E01008337,Newcastle upon Tyne 003B,Violence and sexual offences,Court result unavailable,
207de15c526f65e9f6af16682146f47415e79faecf694f5c32bbea83e1e4651e,2024-10,Northumbria Police,Northumbria Police,-1.646749,55.017096,On or near Brotherlee Road,E01008337,Newcastle upon Tyne 003B,Violence and sexual offences,Status update unavailable,
491e2a29fc9cd5993998242768254cf9174294663fc5d007742e74d80c492fed,2024-10,Northumbria Police,Northumbria Police,-1.647637,55.015697,On or near Strathearn Way,E01008337,Newcastle upon Tyne 003B,Other crime,Status update unavailable,
e7a4ab8756fe124a1b8d37f2ae3dbc3d31daa97fd2e9661047048c5f7855a0dc,2024-10,Northumbria Police,Northumbria Police,-1.647637,55.015697,On or near Strathearn Way,E01008337,Newcastle upon Tyne 003B,Other crime,Status update unavailable,
,2024-10,Northumbria Police,Northumbria Police,-1.648607,55.013965,On or near Brandon Road,E01008338,Newcastle upon Tyne 003C,Anti-social behaviour,,
,2024-10,Northumbria Police,Northumbria Police,-1.648607,55.013965,On or near Brandon Road,E01008338,Newcastle upon Tyne 003C,Anti-social behaviour,,
,2024-10,Northumbria Police,Northumbria Police,-1.648607,55.013965,On or near Brandon Road,E01008338,Newcastle upon Tyne 003C,Anti-social behaviour,,
,2024-10,Northumbria Police,Northumbria Police,-1.645217,55.013578,On or near Parking Area,E01008338,Newcastle upon Tyne 003C,Anti-social behaviour,,
4dedea7a24474aa14864428d8b60fa87d08b2f30aa21b76491fb0d3e68870c76,2024-10,Northumbria Police,Northumbria Police,-1.648607,55.013965,On or near Brandon Road,E01008338,Newcastle upon Tyne 003C,Criminal damage and arson,Investigation complete; no suspect identified,
ed53b6b6478ef0ac7c477fc45d53ff6bbf275df7dfdde2ec3fc395c5c7e50b66,2024-10,Northumbria Police,Northumbria Police,-1.645217,55.013578,On or near Parking Area,E01008338,Newcastle upon Tyne 003C,Criminal damage and arson,Investigation complete; no suspect identified,
2c938791863926a04e9ca0a61a7af7a6441cef341df0b9c9257031031962ce7d,2024-10,Northumbria Police,Northumbria Police,-1.654087,55.014906,On or near Amherst Road,E01008338,Newcastle upon Tyne 003C,Criminal damage and arson,Investigation complete; no suspect identified,
623564f35376f781e3bfabc41808d836c970781a25737c8c5b288fff8d219a44,2024-10,Northumbria Police,Northumbria Police,-1.645307,55.012893,On or near Supermarket,E01008338,Newcastle upon Tyne 003C,Shoplifting,Investigation complete; no suspect identified,
e7b3f4146e2fd5308339d2099d2a7e46452f1d9535a2514fbe39a2af85fd8570,2024-10,Northumbria Police,Northumbria Police,-1.645217,55.013578,On or near Parking Area,E01008338,Newcastle upon Tyne 003C,Violence and sexual offences,Investigation complete; no suspect identified,
0a1f8ec202c2f5b6fc7acf5f3ed78d4febd098642ecfd2b3209e0a168a92115d,2024-10,Northumbria Police,Northumbria Police,-1.648607,55.013965,On or near Brandon Road,E01008338,Newcastle upon Tyne 003C,Violence and sexual offences,Status update unavailable,
88deb4753bf3c05c2ccdf0ac00ecbd9cac346415689fb6e6383d88cbf9ee81bd,2024-10,Northumbria Police,Northumbria Police,-1.655857,55.014579,On or near Horsley Court,E01008338,Newcastle upon Tyne 003C,Violence and sexual offences,Status update unavailable,
ad470bf1d1dbd0c85839482e545e0e4d235920a47ab9a026e347674868675804,2024-10,Northumbria Police,Northumbria Police,-1.645217,55.013578,On or near Parking Area,E01008338,Newcastle upon Tyne 003C,Violence and sexual offences,Investigation complete; no suspect identified,
7859dbec4762cbf0a122984ea1fa2b028a5c31b97c73c8ac244271a8636a1d8c,2024-10,Northumbria Police,Northumbria Police,-1.654087,55.014906,On or near Amherst Road,E01008338,Newcastle upon Tyne 003C,Violence and sexual offences,Status update unavailable,
,2024-10,Northumbria Police,Northumbria Police,-1.659483,55.011174,On or near Byrewood Walk,E01008339,Newcastle upon Tyne 003D,Anti-social behaviour,,
,2024-10,Northumbria Police,Northumbria Police,-1.659070,55.010113,On or near Brodrick Close,E01008339,Newcastle upon Tyne 003D,Anti-social behaviour,,
,2024-10,Northumbria Police,Northumbria Police,-1.655385,55.009500,On or near Columbia Grange,E01008339,Newcastle upon Tyne 003D,Anti-social behaviour,,
,2024-10,Northumbria Police,Northumbria Police,-1.656286,55.010105,On or near Shandon Way,E01008339,Newcastle upon Tyne 003D,Anti-social behaviour,,
7a437c5505fe55d71ad269bcea39f5b1de922e3283fe49364895a34422711f90,2024-10,Northumbria Police,Northumbria Police,-1.658665,55.009833,On or near Carsdale Road,E01008339,Newcastle upon Tyne 003D,Criminal damage and arson,Investigation complete; no suspect identified,
66813d8ff8f18b696657c0999298ff012cc58ab94efab23cd85fb031a71183d7,2024-10,Northumbria Police,Northumbria Police,-1.656286,55.010105,On or near Shandon Way,E01008339,Newcastle upon Tyne 003D,Criminal damage and arson,Status update unavailable,
f4959df93f49effce0fb437dffafbac4536c13ed7c3a82968d21d0402f569980,2024-10,Northumbria Police,Northumbria Police,-1.656858,55.010969,On or near Redland Avenue,E01008339,Newcastle upon Tyne 003D,Criminal damage and arson,Investigation complete; no suspect identified,
de8486d26c0f904a9ebec6a17254e2edf93c6c106824a14be22e178a1d0f325b,2024-10,Northumbria Police,Northumbria Police,-1.658768,55.008818,On or near Castle Close,E01008339,Newcastle upon Tyne 003D,Public order,Status update unavailable,
f55ac35a320fec4eead431ad6c047cc33b1d48b207c2555cc9614a17ee3c8703,2024-10,Northumbria Police,Northumbria Police,-1.657463,55.009641,On or near Saxondale Road,E01008339,Newcastle upon Tyne 003D,Public order,Status update unavailable,
832b6adfe6dff5ee7e25d8c66bc12d6ecda8424a628b1d827e3f0994176f9563,2024-10,Northumbria Police,Northumbria Police,-1.656286,55.010105,On or near Shandon Way,E01008339,Newcastle upon Tyne 003D,Public order,Status update unavailable,
9d07e1679b4ccd7df76a72b94aad72ba9da45bd73d877b8282cf13419b5c38de,2024-10,Northumbria Police,Northumbria Police,-1.656286,55.010105,On or near Shandon Way,E01008339,Newcastle upon Tyne 003D,Violence and sexual offences,Investigation complete; no suspect identified,
8fd34e9845e9cec30b6c2ebc9b2bc930778c99a74d8a871ebc3c01e5e63ead64,2024-10,Northumbria Police,Northumbria Police,-1.658794,55.009447,On or near Bodley Close,E01008339,Newcastle upon Tyne 003D,Violence and sexual offences,Investigation complete; no suspect identified,
049beca9a08261dc5499864df8517f15a969bc0615734788b04e142fb87a3e72,2024-10,Northumbria Police,Northumbria Police,-1.659070,55.010113,On or near Brodrick Close,E01008339,Newcastle upon Tyne 003D,Violence and sexual offences,Status update unavailable,
c210f04d4a002d154e0b1b1fc4936d818792afcc3a3a1c6eee32fa84010f158e,2024-10,Northumbria Police,Northumbria Police,-1.655278,55.007325,On or near Bradwell Road,E01008339,Newcastle upon Tyne 003D,Violence and sexual offences,Status update unavailable,
af55a87930b0f55cec1145609b1efa525ee00c5724f20a3b691103d90afcc193,2024-10,Northumbria Police,Northumbria Police,-1.658768,55.008818,On or near Castle Close,E01008339,Newcastle upon Tyne 003D,Violence and sexual offences,Status update unavailable,
5243cbe592a4af0a6064e068721ca5c83dd8cad2df64cd5eaf6cd5d2575e929a,2024-10,Northumbria Police,Northumbria Police,-1.655385,55.009500,On or near Columbia Grange,E01008339,Newcastle upon Tyne 003D,Violence and sexual offences,Investigation complete; no suspect identified,
,2024-10,Northumbria Police,Northumbria Police,-1.648156,55.010082,On or near Ambridge Way,E01008340,Newcastle upon Tyne 003E,Anti-social behaviour,,
,2024-10,Northumbria Police,Northumbria Police,-1.648156,55.010082,On or near Ambridge Way,E01008340,Newcastle upon Tyne 003E,Anti-social behaviour,,
,2024-10,Northumbria Police,Northumbria Police,-1.648156,55.010082,On or near Ambridge Way,E01008340,Newcastle upon Tyne 003E,Anti-social behaviour,,
,2024-10,Northumbria Police,Northumbria Police,-1.649722,55.009826,On or near Hillsview Avenue,E01008340,Newcastle upon Tyne 003E,Anti-social behaviour,,
,2024-10,Northumbria Police,Northumbria Police,-1.648156,55.010082,On or near Ambridge Way,E01008340,Newcastle upon Tyne 003E,Anti-social behaviour,,
,2024-10,Northumbria Police,Northumbria Police,-1.648156,55.010082,On or near Ambridge Way,E01008340,Newcastle upon Tyne 003E,Anti-social behaviour,,
,2024-10,Northumbria Police,Northumbria Police,-1.647079,55.009854,On or near Delamere Road,E01008340,Newcastle upon Tyne 003E,Anti-social behaviour,,
,2024-10,Northumbria Police,Northumbria Police,-1.651404,55.010603,On or near Afton Way,E01008340,Newcastle upon Tyne 003E,Anti-social behaviour,,
,2024-10,Northumbria Police,Northumbria Police,-1.648156,55.010082,On or near Ambridge Way,E01008340,Newcastle upon Tyne 003E,Anti-social behaviour,,
1f9090cfbf8ce600a3391a2ffbee5999d9daae3133704bfff26bff281bf4b5d3,2024-10,Northumbria Police,Northumbria Police,-1.648564,55.008070,On or near Trowbridge Way,E01008340,Newcastle upon Tyne 003E,Burglary,Investigation complete; no suspect identified,
97cb98a42203d82acc60976e6536eef2c87f1e2374310965d6bc7edde64800ee,2024-10,Northumbria Police,Northumbria Police,-1.646072,55.010543,On or near Milne Way,E01008340,Newcastle upon Tyne 003E,Burglary,Investigation complete; no suspect identified,
f5d3f8ae594c507a07e34964cd66f1f3bb4a6a4c3ec75d5a0256c0347e5e9aac,2024-10,Northumbria Police,Northumbria Police,-1.649722,55.009826,On or near Hillsview Avenue,E01008340,Newcastle upon Tyne 003E,Burglary,Status update unavailable,
f29d83fc16da409bf4e764fbc833362efc7c87ae34cc6f69119e9ad3005c66d8,2024-10,Northumbria Police,Northumbria Police,-1.647229,55.010537,On or near Bodmin Way,E01008340,Newcastle upon Tyne 003E,Burglary,Status update unavailable,
4f485bf715aef074a9d1658a96af7ed9ba6af3b1feff917d5b7928e54f3233f9,2024-10,Northumbria Police,Northumbria Police,-1.649722,55.009826,On or near Hillsview Avenue,E01008340,Newcastle upon Tyne 003E,Criminal damage and arson,Status update unavailable,
81c50f75554d3a283b3167dd3000406294ed16092542a43001474f830ff3d041,2024-10,Northumbria Police,Northumbria Police,-1.649722,55.009826,On or near Hillsview Avenue,E01008340,Newcastle upon Tyne 003E,Criminal damage and arson,Status update unavailable,
81028a0e1885e293ab564cfa7f2dec664a374776608dad0f19a42a3263fcc500,2024-10,Northumbria Police,Northumbria Police,-1.649722,55.009826,On or near Hillsview Avenue,E01008340,Newcastle upon Tyne 003E,Criminal damage and arson,Investigation complete; no suspect identified,
d2da69d49943791a55e8fa7df0e45428094ebe9241f11674c406d48d7886cf52,2024-10,Northumbria Police,Northumbria Police,-1.649722,55.009826,On or near Hillsview Avenue,E01008340,Newcastle upon Tyne 003E,Public order,Investigation complete; no suspect identified,
b35db218b941f3a0ea5ed1e4f302e9e98e172010625007ef062135e1bb3a6cbf,2024-10,Northumbria Police,Northumbria Police,-1.648156,55.010082,On or near Ambridge Way,E01008340,Newcastle upon Tyne 003E,Public order,Investigation complete; no suspect identified,
8521d9320eb11c72a57a2482d4926753ac4d70e5eb96e4eb7557ebd8c5d00c80,2024-10,Northumbria Police,Northumbria Police,-1.649389,55.008558,On or near Colgrove Way,E01008340,Newcastle upon Tyne 003E,Violence and sexual offences,Investigation complete; no suspect identified,
3184da86688cbc83632f9828b524170be2d352ca4d231b3fdcd7554a24c43042,2024-10,Northumbria Police,Northumbria Police,-1.648156,55.010082,On or near Ambridge Way,E01008340,Newcastle upon Tyne 003E,Violence and sexual offences,Status update unavailable,
65658373eed044dc1e9d555552b86b56b48a4258e8f66be37b4c74d75c167952,2024-10,Northumbria Police,Northumbria Police,-1.649722,55.009826,On or near Hillsview Avenue,E01008340,Newcastle upon Tyne 003E,Violence and sexual offences,Status update unavailable,
f538863a9ee2d18f392d16d8bf472671de87fbc540f2dc8fc857c18abada1b73,2024-10,Northumbria Police,Northumbria Police,-1.646857,55.006681,On or near Crantock Road,E01008340,Newcastle upon Tyne 003E,Violence and sexual offences,Status update unavailable,
6357d56475cfa8f3687c6f60c2f356938ca461a65b788f3f3d49736b33ed28b4,2024-10,Northumbria Police,Northumbria Police,-1.649722,55.009826,On or near Hillsview Avenue,E01008340,Newcastle upon Tyne 003E,Violence and sexual offences,Status update unavailable,
11854d67dd9053d270f9bae53fea2a608d52f2f1868b1568c1f56c4a52252da4,2024-10,Northumbria Police,Northumbria Police,-1.649722,55.009826,On or near Hillsview Avenue,E01008340,Newcastle upon Tyne 003E,Violence and sexual offences,Status update unavailable,
fc4b334674ac5ec978026165193a9943e9746739e1ab275c3169e66601f85919,2024-10,Northumbria Police,Northumbria Police,-1.647732,55.006684,On or near Shilmore Road,E01008340,Newcastle upon Tyne 003E,Violence and sexual offences,Status update unavailable,
4c762e796e80aa5a601b5fea49b367ee187e3425857e3265af319967b07251ec,2024-10,Northumbria Police,Northumbria Police,-1.647732,55.006684,On or near Shilmore Road,E01008340,Newcastle upon Tyne 003E,Violence and sexual offences,Status update unavailable,
ee023bc679f03bdf33537aea0e90896ab5de839962b6445c308e1f5b440534e3,2024-10,Northumbria Police,Northumbria Police,-1.647229,55.010537,On or near Bodmin Way,E01008340,Newcastle upon Tyne 003E,Violence and sexual offences,Investigation complete; no suspect identified,
,2024-10,Northumbria Police,Northumbria Police,-1.638864,55.010522,On or near Leagreen Court,E01008341,Newcastle upon Tyne 003F,Anti-social behaviour,,
e397558f3e58ce3599a05ba2462965923c7e5c3d5ad15114e27064d18ab26c73,2024-10,Northumbria Police,Northumbria Police,-1.638864,55.010522,On or near Leagreen Court,E01008341,Newcastle upon Tyne 003F,Other theft,Investigation complete; no suspect identified,
66dd693bbb4ce2d5f0e09e20dd21f55caf7c52feb1297704b151f6a9ee794856,2024-10,Northumbria Police,Northumbria Police,-1.645168,55.010172,On or near Edgefield Avenue,E01008341,Newcastle upon Tyne 003F,Public order,Investigation complete; no suspect identified,
f7f60ed22585cd92a06705f05f18075cd87a3cc55339788c6009122fe7102382,2024-10,Northumbria Police,Northumbria Police,-1.644903,55.008410,On or near Winton Way,E01008341,Newcastle upon Tyne 003F,Public order,Status update unavailable,
ae1ee091f132e95326a1e33d3eda7a3f80191dc53fb884b56ab2b1a2a3e0a806,2024-10,Northumbria Police,Northumbria Police,-1.642813,55.009581,On or near Carrfield Road,E01008341,Newcastle upon Tyne 003F,Violence and sexual offences,Status update unavailable,
,2024-10,Northumbria Police,Northumbria Police,-1.642651,55.018971,On or near Broomley Walk,E01008342,Newcastle upon Tyne 003G,Anti-social behaviour,,
be28195cb4e97c3cb3c6ad0fb0ccec27eab044077c516739f6801c6f6d77588d,2024-10,Northumbria Police,Northumbria Police,-1.645916,55.021191,On or near Ingram Avenue,E01008342,Newcastle upon Tyne 003G,Bicycle theft,Investigation complete; no suspect identified,
d7ffc5018bac7c8c4c63968255708ccdfe49f7824d4db6084a4ff182a335d851,2024-10,Northumbria Police,Northumbria Police,-1.642651,55.018971,On or near Broomley Walk,E01008342,Newcastle upon Tyne 003G,Criminal damage and arson,Investigation complete; no suspect identified,
aa61f57db9b6fe92d17a74235680700c553221bc59a7698dcda05e3479882171,2024-10,Northumbria Police,Northumbria Police,-1.645786,55.019906,On or near Belsay Gardens,E01008342,Newcastle upon Tyne 003G,Other theft,Investigation complete; no suspect identified,
8174c066017c4f83d8042bf7e2cab455c184205199c4c8b7ab05bc654006bf3c,2024-10,Northumbria Police,Northumbria Police,-1.645786,55.019906,On or near Belsay Gardens,E01008342,Newcastle upon Tyne 003G,Other theft,Status update unavailable,
e08c0e63995628c2e52ec0ad07477dbbaca119c8cca599facaff465b186f66fe,2024-10,Northumbria Police,Northumbria Police,-1.642651,55.018971,On or near Broomley Walk,E01008342,Newcastle upon Tyne 003G,Public order,Status update unavailable,
c099b1e11124436721af35c266bef59064ec39abb0925664ec1ce41bb69535d2,2024-10,Northumbria Police,Northumbria Police,-1.649021,55.020176,On or near Ancroft Way,E01008342,Newcastle upon Tyne 003G,Vehicle crime,Investigation complete; no suspect identified,
1f51be887d458ff8a0380edf22478f6975f35de36ade2a4b4972b1350b40a90e,2024-10,Northumbria Police,Northumbria Police,-1.645786,55.019906,On or near Belsay Gardens,E01008342,Newcastle upon Tyne 003G,Violence and sexual offences,Status update unavailable,
,2024-10,Northumbria Police,Northumbria Police,-1.670206,55.009748,On or near Ebchester Court,E01008293,Newcastle upon Tyne 004A,Anti-social behaviour,,
,2024-10,Northumbria Police,Northumbria Police,-1.670206,55.009748,On or near Ebchester Court,E01008293,Newcastle upon Tyne 004A,Anti-social behaviour,,
,2024-10,Northumbria Police,Northumbria Police,-1.676217,55.003042,On or near Felthorpe Court,E01008293,Newcastle upon Tyne 004A,Anti-social behaviour,,
,2024-10,Northumbria Police,Northumbria Police,-1.671762,55.008692,On or near Poynings Close,E01008293,Newcastle upon Tyne 004A,Anti-social behaviour,,
,2024-10,Northumbria Police,Northumbria Police,-1.668641,55.002240,On or near St Keverne Square,E01008293,Newcastle upon Tyne 004A,Anti-social behaviour,,
07e908c543059d3a0bc74d2df15c9437fb8be6ad15bd120a311608ccacf04def,2024-10,Northumbria Police,Northumbria Police,-1.671762,55.008692,On or near Poynings Close,E01008293,Newcastle upon Tyne 004A,Burglary,Court result unavailable,
44de40a1d3a2b11f926e15be02e327e636c2da702ac223c1fd4383c8e71be1ef,2024-10,Northumbria Police,Northumbria Police,-1.670206,55.009748,On or near Ebchester Court,E01008293,Newcastle upon Tyne 004A,Criminal damage and arson,Investigation complete; no suspect identified,
da7fbcdde146f7cdb5d65b9904182efe07c5dcfb5ed31e03052cc4ceeb85a7ef,2024-10,Northumbria Police,Northumbria Police,-1.668862,55.003876,On or near St Austell Close,E01008293,Newcastle upon Tyne 004A,Criminal damage and arson,Investigation complete; no suspect identified,
74219ef9a522f95bf7928584b64daba5aadf4c9c035b2c4004f2a42de624db50,2024-10,Northumbria Police,Northumbria Police,-1.670206,55.009748,On or near Ebchester Court,E01008293,Newcastle upon Tyne 004A,Shoplifting,Status update unavailable,
d66fe822138be8da20e590cbba9886cb0847baeaa7c8fd2a55af630ed143f7c8,2024-10,Northumbria Police,Northumbria Police,-1.670206,55.009748,On or near Ebchester Court,E01008293,Newcastle upon Tyne 004A,Shoplifting,Investigation complete; no suspect identified,
cb4ad9a94c742eb4543211ded27b0e56a0cf600b60fe14ea58941f539de8462e,2024-10,Northumbria Police,Northumbria Police,-1.670206,55.009748,On or near Ebchester Court,E01008293,Newcastle upon Tyne 004A,Shoplifting,Investigation complete; no suspect identified,
2d22346135030dddc1f2203c32e1bb7ec1e0f9112c7091867086d438985e97f7,2024-10,Northumbria Police,Northumbria Police,-1.670206,55.009748,On or near Ebchester Court,E01008293,Newcastle upon Tyne 004A,Shoplifting,Investigation complete; no suspect identified,
8784276284bd0216dc8cde42b2bef0509eaeedd0998927370729fdea2b9f0720,2024-10,Northumbria Police,Northumbria Police,-1.677745,55.003550,On or near Shearwater Close,E01008293,Newcastle upon Tyne 004A,Violence and sexual offences,Investigation complete; no suspect identified,
798361f1f259f9c1f894038f08039dadab8d9fc6766c957cc1e8337dd122a7ff,2024-10,Northumbria Police,Northumbria Police,-1.677745,55.003550,On or near Shearwater Close,E01008293,Newcastle upon Tyne 004A,Violence and sexual offences,Status update unavailable,
df87a98248b7da5c18a5f8f9ec133b90f91236dc5429b30c0e2526d4d364388e,2024-10,Northumbria Police,Northumbria Police,-1.677745,55.003550,On or near Shearwater Close,E01008293,Newcastle upon Tyne 004A,Violence and sexual offences,Investigation complete; no suspect identified,
60260003d47466332ca200796fd75f725afe130a47354b5d9a31f97899480405,2024-10,Northumbria Police,Northumbria Police,-1.677745,55.003550,On or near Shearwater Close,E01008293,Newcastle upon Tyne 004A,Violence and sexual offences,Investigation complete; no suspect identified,
e4ed1501ff956f3dd4b7497a4e8b867d7c51e7ee92bc79e59550546378b06c3a,2024-10,Northumbria Police,Northumbria Police,-1.676217,55.003042,On or near Felthorpe Court,E01008293,Newcastle upon Tyne 004A,Violence and sexual offences,Investigation complete; no suspect identified,
396931afdb2473ac97f789e7a3fb7015d53f45b99ec2ed4668ff6ff3bd531fff,2024-10,Northumbria Police,Northumbria Police,-1.677745,55.003550,On or near Shearwater Close,E01008293,Newcastle upon Tyne 004A,Violence and sexual offences,Status update unavailable,
40800adad8aae050c06f6ee3bb4034809e95dea6907659ee176ced60646df45f,2024-10,Northumbria Police,Northumbria Police,-1.668862,55.003876,On or near St Austell Close,E01008293,Newcastle upon Tyne 004A,Other crime,Court result unavailable,
,2024-10,Northumbria Police,Northumbria Police,-1.683531,55.001381,On or near Kyloe Place,E01008456,Newcastle upon Tyne 004B,Anti-social behaviour,,
,2024-10,Northumbria Police,Northumbria Police,-1.686528,55.001874,On or near Kielder Close,E01008456,Newcastle upon Tyne 004B,Anti-social behaviour,,
,2024-10,Northumbria Police,Northumbria Police,-1.683531,55.001381,On or near Kyloe Place,E01008456,Newcastle upon Tyne 004B,Anti-social behaviour,,
12b789095fde97d46203ddefc972ae38b08bb338d42e5783963964dac7ca08ad,2024-10,Northumbria Police,Northumbria Police,-1.684805,55.002373,On or near Kidlandlee Green,E01008456,Newcastle upon Tyne 004B,Criminal damage and arson,Investigation complete; no suspect identified,
e4b6a62e9f1ea2a4971d067b5131a9ac2abdb60b6e5e3455bdf37c6156aef1ed,2024-10,Northumbria Police,Northumbria Police,-1.689995,55.002404,On or near Bardon Close,E01008456,Newcastle upon Tyne 004B,Criminal damage and arson,Investigation complete; no suspect identified,
8b0aedec24a857cc633f0c9cdbfd1da77dc26334bb4e4ecae772cedf9e5db1ea,2024-10,Northumbria Police,Northumbria Police,-1.683531,55.001381,On or near Kyloe Place,E01008456,Newcastle upon Tyne 004B,Other theft,Investigation complete; no suspect identified,
38fc670efe2c66f1a38c90f320e001d11e54ada6745c761708f8022375e238bf,2024-10,Northumbria Police,Northumbria Police,-1.684805,55.002373,On or near Kidlandlee Green,E01008456,Newcastle upon Tyne 004B,Other theft,Status update unavailable,
53bc0241dfe0080c198ebdbe15bdfd0ccf928b558f0ec9a1871d50615a8a6739,2024-10,Northumbria Police,Northumbria Police,-1.689703,55.001802,On or near Trevelyan Drive,E01008456,Newcastle upon Tyne 004B,Public order,Status update unavailable,
a470b79b29e63401d5e60196a63a88ec4d2991024563252a04902f24cb779a4b,2024-10,Northumbria Police,Northumbria Police,-1.686528,55.001874,On or near Kielder Close,E01008456,Newcastle upon Tyne 004B,Public order,Status update unavailable,
9934354c08bc00fe8a9d42b36319762afec324a7259f58e8718de29caeaab2bf,2024-10,Northumbria Police,Northumbria Police,-1.682053,55.002429,On or near Alwinton Close,E01008456,Newcastle upon Tyne 004B,Violence and sexual offences,Investigation complete; no suspect identified,
43633fc6ce6f1b230b3ed2751d053aeecd6bfad55de02c23c05f9f42b126bab7,2024-10,Northumbria Police,Northumbria Police,-1.685462,55.002357,On or near Kidlandlee Place,E01008456,Newcastle upon Tyne 004B,Violence and sexual offences,Investigation complete; no suspect identified,
6ca2ded81989be39346b09fc6c8482733cc7fd44ef7a195bb7709ff0d9e100d6,2024-10,Northumbria Police,Northumbria Police,-1.689703,55.001802,On or near Trevelyan Drive,E01008456,Newcastle upon Tyne 004B,Violence and sexual offences,Investigation complete; no suspect identified,
4a48f7f5b3061f1153743541c8a4b6e37a4e25e23102f7ca7e5999abf70431b8,2024-10,Northumbria Police,Northumbria Police,-1.689995,55.002404,On or near Bardon Close,E01008456,Newcastle upon Tyne 004B,Violence and sexual offences,Status update unavailable,
b392b4d4c51189b7a32fc42e5ee916613df435b0375940d19b4a043b9fdcf9ce,2024-10,Northumbria Police,Northumbria Police,-1.689995,55.002404,On or near Bardon Close,E01008456,Newcastle upon Tyne 004B,Violence and sexual offences,Status update unavailable,
720a6f69a78ae7a3d48ca2ba7c9527144e4ac35077f8d6c483536db11c9a18bb,2024-10,Northumbria Police,Northumbria Police,-1.684805,55.002373,On or near Kidlandlee Green,E01008456,Newcastle upon Tyne 004B,Violence and sexual offences,Status update unavailable,
,2024-10,Northumbria Police,Northumbria Police,-1.683798,55.003161,On or near Yetholm Place,E01008457,Newcastle upon Tyne 004C,Anti-social behaviour,,
,2024-10,Northumbria Police,Northumbria Police,-1.688182,55.006318,On or near Parking Area,E01008457,Newcastle upon Tyne 004C,Anti-social behaviour,,
,2024-10,Northumbria Police,Northumbria Police,-1.694268,55.001714,On or near Petrol Station,E01008457,Newcastle upon Tyne 004C,Anti-social behaviour,,
,2024-10,Northumbria Police,Northumbria Police,-1.683798,55.003161,On or near Yetholm Place,E01008457,Newcastle upon Tyne 004C,Anti-social behaviour,,
,2024-10,Northumbria Police,Northumbria Police,-1.683798,55.003161,On or near Yetholm Place,E01008457,Newcastle upon Tyne 004C,Anti-social behaviour,,
,2024-10,Northumbria Police,Northumbria Police,-1.692599,55.001279,On or near Anson Place,E01008457,Newcastle upon Tyne 004C,Anti-social behaviour,,
3ace1be0919fe8a5c25b27f163e50a2ca7545447f16c63a2cefc03578cc86afa,2024-10,Northumbria Police,Northumbria Police,-1.693364,55.003446,On or near St Marks Court,E01008457,Newcastle upon Tyne 004C,Burglary,Court result unavailable,
f00eaa9d6b0b36939dc3f9ff1cb6112dc2d535ad239ab693b2002793171accf0,2024-10,Northumbria Police,Northumbria Police,-1.694916,55.002839,On or near Redburn Road,E01008457,Newcastle upon Tyne 004C,Burglary,Investigation complete; no suspect identified,
2819b936bcf72aef408154ca1017e55a0e78e89e7ed31c9012bbe0000b1cff79,2024-10,Northumbria Police,Northumbria Police,-1.685776,55.006195,On or near Parking Area,E01008457,Newcastle upon Tyne 004C,Criminal damage and arson,Investigation complete; no suspect identified,
6740c0adbda0bf5f737a0901fc5ed416c0b3407de4abf7b1f6f3acad415c7f6b,2024-10,Northumbria Police,Northumbria Police,-1.688182,55.006318,On or near Parking Area,E01008457,Newcastle upon Tyne 004C,Shoplifting,Suspect charged as part of another case,
988c24b5001a23a65dd633ae57c9431034b563b4a4caa52c4282de4cb272c2c7,2024-10,Northumbria Police,Northumbria Police,-1.689906,55.005882,On or near Newbiggin Lane,E01008457,Newcastle upon Tyne 004C,Violence and sexual offences,Status update unavailable,
97f82b079fac069435ab0bcbdc503012c7b62ee90d97b90f005d9f99679063f3,2024-10,Northumbria Police,Northumbria Police,-1.684732,55.005662,On or near Orchard Drive,E01008457,Newcastle upon Tyne 004C,Violence and sexual offences,Investigation complete; no suspect identified,
2472f8db8047469651a79ec90780405e128f989d87d21fc19c709ef7eb61aefa,2024-10,Northumbria Police,Northumbria Police,-1.684732,55.005662,On or near Orchard Drive,E01008457,Newcastle upon Tyne 004C,Violence and sexual offences,Investigation complete; no suspect identified,
523e1e3e390200c3d1b34475d758b738f878c4a235aaff53ec805d11315fdbe1,2024-10,Northumbria Police,Northumbria Police,-1.694711,55.005157,On or near Westgarth,E01008457,Newcastle upon Tyne 004C,Violence and sexual offences,Status update unavailable,
a37aa445c987dfbb5596c42f160bbba6165a12684c4d240e6433a73f65f016c6,2024-10,Northumbria Police,Northumbria Police,-1.681241,55.002274,On or near Langleeford Road,E01008457,Newcastle upon Tyne 004C,Violence and sexual offences,Investigation complete; no suspect identified,
1b03ce4d06a78d410a678b02f8c75d0392aacc61041df08f206d63f673f3b1b8,2024-10,Northumbria Police,Northumbria Police,-1.683798,55.003161,On or near Yetholm Place,E01008457,Newcastle upon Tyne 004C,Violence and sexual offences,Investigation complete; no suspect identified,
6441fcbc804d7eaf4eb810d4bd0c263db81f50b80bc8fcfdf5315488d3200ab2,2024-10,Northumbria Police,Northumbria Police,-1.692599,55.001279,On or near Anson Place,E01008457,Newcastle upon Tyne 004C,Violence and sexual offences,Status update unavailable,
c8019c4d077c6f179642c90cb63326541096f2abe1e7e87793e57f9c5bfb0ba1,2024-10,Northumbria Police,Northumbria Police,-1.692599,55.001279,On or near Anson Place,E01008457,Newcastle upon Tyne 004C,Violence and sexual offences,Status update unavailable,
,2024-10,Northumbria Police,Northumbria Police,-1.714085,55.037770,On or near Petrol Station,E01008458,Newcastle upon Tyne 004D,Anti-social behaviour,,
,2024-10,Northumbria Police,Northumbria Police,-1.677835,55.013776,On or near Bank Foot,E01008458,Newcastle upon Tyne 004D,Anti-social behaviour,,
,2024-10,Northumbria Police,Northumbria Police,-1.714085,55.037770,On or near Petrol Station,E01008458,Newcastle upon Tyne 004D,Anti-social behaviour,,
,2024-10,Northumbria Police,Northumbria Police,-1.714085,55.037770,On or near Petrol Station,E01008458,Newcastle upon Tyne 004D,Anti-social behaviour,,
,2024-10,Northumbria Police,Northumbria Police,-1.711367,55.037134,On or near Parking Area,E01008458,Newcastle upon Tyne 004D,Anti-social behaviour,,
8494e5978639530f8bd0b2b92e19acfff73095e7f48f18a4855990385d2e0685,2024-10,Northumbria Police,Northumbria Police,-1.677466,55.014881,On or near Main Road,E01008458,Newcastle upon Tyne 004D,Bicycle theft,Investigation complete; no suspect identified,
9dfb38dfea98aaa57ef85b56c6ab4c5e0196d4543e252b0b72a47e9f82b2c73f,2024-10,Northumbria Police,Northumbria Police,-1.674799,55.015961,On or near Elstree Court,E01008458,Newcastle upon Tyne 004D,Burglary,Investigation complete; no suspect identified,
629c01d68395bbd0374abeae5642751ed340aa2a180fef2e23450369b44008f3,2024-10,Northumbria Police,Northumbria Police,-1.711367,55.037134,On or near Parking Area,E01008458,Newcastle upon Tyne 004D,Criminal damage and arson,Investigation complete; no suspect identified,
aa7bae0c1a62a02dd220c594bdaeb1d0c942b8a8f332b22953c8c71b39be2460,2024-10,Northumbria Police,Northumbria Police,-1.711367,55.037134,On or near Parking Area,E01008458,Newcastle upon Tyne 004D,Criminal damage and arson,Investigation complete; no suspect identified,
bef3105c432d586f1cbc4b6767ffcf6a76eec1209fd9e6172a66c4d1d2d1ac7d,2024-10,Northumbria Police,Northumbria Police,-1.712175,55.035726,On or near Prestwick Terrace,E01008458,Newcastle upon Tyne 004D,Criminal damage and arson,Investigation complete; no suspect identified,
b300fefc90e02ad270358540fe1c9a0b73cb854323d66f3602a48372a9f3bc4d,2024-10,Northumbria Police,Northumbria Police,-1.712175,55.035726,On or near Prestwick Terrace,E01008458,Newcastle upon Tyne 004D,Criminal damage and arson,Investigation complete; no suspect identified,
3f4ccb5e81906a28b614441162fb9c51682908f5528193fa4306e1d1b57ba89f,2024-10,Northumbria Police,Northumbria Police,-1.712175,55.035726,On or near Prestwick Terrace,E01008458,Newcastle upon Tyne 004D,Criminal damage and arson,Status update unavailable,
b7f853bfb9ace2a76e4ad6fdb8589f803bf42229d88ab674b846ae404518167f,2024-10,Northumbria Police,Northumbria Police,-1.711367,55.037134,On or near Parking Area,E01008458,Newcastle upon Tyne 004D,Drugs,Court result unavailable,
49603dae2af8f53d609b6660a2133c2fd2fad9a62fd47b59c67e60b114579fdd,2024-10,Northumbria Police,Northumbria Police,-1.711367,55.037134,On or near Parking Area,E01008458,Newcastle upon Tyne 004D,Drugs,Court result unavailable,
8dbc8710513b34e0a32fbafbe7e8b8a55de7cff6fb4c8600320383673263df9a,2024-10,Northumbria Police,Northumbria Police,-1.711367,55.037134,On or near Parking Area,E01008458,Newcastle upon Tyne 004D,Other theft,Investigation complete; no suspect identified,
6a6ff837c7f025a9438ff660fb3bba06a5b577445daba365833deba6a9b7f66b,2024-10,Northumbria Police,Northumbria Police,-1.714085,55.037770,On or near Petrol Station,E01008458,Newcastle upon Tyne 004D,Other theft,Investigation complete; no suspect identified,
fc96d862a50e53e47752b60768c88c4a1335a6c985d49237942b9c47add17b31,2024-10,Northumbria Police,Northumbria Police,-1.712175,55.035726,On or near Prestwick Terrace,E01008458,Newcastle upon Tyne 004D,Other theft,Investigation complete; no suspect identified,
7e1ab1981dd40962e8563e3872e0f89003ea573f7caa1dbd163088f122ee7fa8,2024-10,Northumbria Police,Northumbria Police,-1.677466,55.014881,On or near Main Road,E01008458,Newcastle upon Tyne 004D,Other theft,Status update unavailable,
d752b07dbeefaaac97d50ad66a8b7690da61d6ba1f26a196837a71f1b020b787,2024-10,Northumbria Police,Northumbria Police,-1.711166,55.041043,On or near Parking Area,E01008458,Newcastle upon Tyne 004D,Other theft,Awaiting court outcome,
c200627d999ebe6b4f49a855ed49f77073186dd6548b1e44de9c7a4eb7b65724,2024-10,Northumbria Police,Northumbria Police,-1.701305,55.030865,On or near Airport Freightway,E01008458,Newcastle upon Tyne 004D,Public order,Court result unavailable,
6b815998e65e37f480e4a3325d661cd03f8948dd03be3e6bac55311a96407a2f,2024-10,Northumbria Police,Northumbria Police,-1.711367,55.037134,On or near Parking Area,E01008458,Newcastle upon Tyne 004D,Shoplifting,Status update unavailable,
adbd4a107a156392157a302174974f62e460a1c1bf14e00eff9ce0965ca5f2fe,2024-10,Northumbria Police,Northumbria Police,-1.711367,55.037134,On or near Parking Area,E01008458,Newcastle upon Tyne 004D,Shoplifting,Status update unavailable,
b34e43790e80a59e55c26ab2113b1f0627c8f486ef42235c7559c0475b320abd,2024-10,Northumbria Police,Northumbria Police,-1.714085,55.037770,On or near Petrol Station,E01008458,Newcastle upon Tyne 004D,Shoplifting,Investigation complete; no suspect identified,
8c8ae46f219e7f20ae0fc79545ddb8551404031543b916ee9c7a4a05d225e238,2024-10,Northumbria Police,Northumbria Police,-1.701305,55.030865,On or near Airport Freightway,E01008458,Newcastle upon Tyne 004D,Shoplifting,Investigation complete; no suspect identified,
34b1e0b1cb660eb5be914a29708e74c9fbb266cccf4e01de006cb65363740497,2024-10,Northumbria Police,Northumbria Police,-1.711367,55.037134,On or near Parking Area,E01008458,Newcastle upon Tyne 004D,Shoplifting,Status update unavailable,
e9508db564d1d7258e7d2898c10b28fe4972f19ebf0c3ebca60289f6c506ebc5,2024-10,Northumbria Police,Northumbria Police,-1.688780,55.022072,On or near South Drive,E01008458,Newcastle upon Tyne 004D,Theft from the person,Investigation complete; no suspect identified,
e7b38880be45d08b4fff9f2882bbef0c73dce3503d1d5c5d03f9588332e24a1d,2024-10,Northumbria Police,Northumbria Police,-1.679651,55.013538,On or near Station Road,E01008458,Newcastle upon Tyne 004D,Vehicle crime,Investigation complete; no suspect identified,
96107d35b870e7084163fc142d0a4e4b31fa265739cfe848f2a423087555df98,2024-10,Northumbria Police,Northumbria Police,-1.674799,55.015961,On or near Elstree Court,E01008458,Newcastle upon Tyne 004D,Vehicle crime,Investigation complete; no suspect identified,
73e2d29eb21d03c286773a4d8ca27287d7cedbe56e0902d7b95ae716192b36e5,2024-10,Northumbria Police,Northumbria Police,-1.671517,55.017713,On or near Brunton Road,E01008458,Newcastle upon Tyne 004D,Violence and sexual offences,Status update unavailable,
3bbdbea7eb0e02214116217bc81a465b1eac2a680232c90729d5b2b09c1fe351,2024-10,Northumbria Police,Northumbria Police,-1.722890,55.011056,On or near Mooney Crescent,E01008458,Newcastle upon Tyne 004D,Violence and sexual offences,Status update unavailable,
a5482b7d0191d51ccd1f933daf1bacd3bb2cb949efb28c8ced0c4a14f2187598,2024-10,Northumbria Police,Northumbria Police,-1.679651,55.013538,On or near Station Road,E01008458,Newcastle upon Tyne 004D,Violence and sexual offences,Status update unavailable,
1d6f0ce18435bf8b748a4aa904dc6942cd7b9f6ed6931c3fc6ac392bfcaf97c9,2024-10,Northumbria Police,Northumbria Police,-1.703983,55.021975,On or near Park/Open Space,E01008458,Newcastle upon Tyne 004D,Violence and sexual offences,Status update unavailable,
c35ad87b88825e7d0bc3082dc99db0b4b55709cfe5e7337c0f1398e81b74046a,2024-10,Northumbria Police,Northumbria Police,-1.658605,55.022530,On or near Shoreswood Way,E01008458,Newcastle upon Tyne 004D,Violence and sexual offences,Status update unavailable,
,2024-10,Northumbria Police,Northumbria Police,-1.681843,55.005250,On or near Hedgehope Road,E01008459,Newcastle upon Tyne 004E,Anti-social behaviour,,
,2024-10,Northumbria Police,Northumbria Police,-1.685369,55.008216,On or near Eastgarth,E01008459,Newcastle upon Tyne 004E,Anti-social behaviour,,
,2024-10,Northumbria Police,Northumbria Police,-1.684312,55.007413,On or near Hopton Court,E01008459,Newcastle upon Tyne 004E,Anti-social behaviour,,
,2024-10,Northumbria Police,Northumbria Police,-1.681843,55.005250,On or near Hedgehope Road,E01008459,Newcastle upon Tyne 004E,Anti-social behaviour,,
,2024-10,Northumbria Police,Northumbria Police,-1.685369,55.008216,On or near Eastgarth,E01008459,Newcastle upon Tyne 004E,Anti-social behaviour,,
beee2ba6e59abe935741e3fb3d41d864d3523f26370f79951995814e50090c4e,2024-10,Northumbria Police,Northumbria Police,-1.684312,55.007413,On or near Hopton Court,E01008459,Newcastle upon Tyne 004E,Burglary,Investigation complete; no suspect identified,
b7128c9dd368aa45258d4000e9ff0fc00b4b2b97c31463737192b33ee10272e6,2024-10,Northumbria Police,Northumbria Police,-1.687125,55.009559,On or near Bluebell Dene,E01008459,Newcastle upon Tyne 004E,Criminal damage and arson,Investigation complete; no suspect identified,
5d142881fa52684bb06fd8f07eee27cc1ceb372771fa630e87c377ad5fa2007c,2024-10,Northumbria Police,Northumbria Police,-1.685369,55.008216,On or near Eastgarth,E01008459,Newcastle upon Tyne 004E,Criminal damage and arson,Status update unavailable,
cef02dc9d965672a69e90fa73ad2e0c46a5568592696589dc201ceb3785fa965,2024-10,Northumbria Police,Northumbria Police,-1.681843,55.005250,On or near Hedgehope Road,E01008459,Newcastle upon Tyne 004E,Other theft,Status update unavailable,
9f21c9c31b7c785a644ac31530efe8528ca80ce925bbc687a4da38d706f89547,2024-10,Northumbria Police,Northumbria Police,-1.691994,55.006687,On or near West Thorp,E01008459,Newcastle upon Tyne 004E,Public order,Investigation complete; no suspect identified,
0b9f611a9632198f7b9075869d0300e2f2bab7dc3c629c973ef57d2228986b54,2024-10,Northumbria Police,Northumbria Police,-1.684312,55.007413,On or near Hopton Court,E01008459,Newcastle upon Tyne 004E,Violence and sexual offences,Status update unavailable,
3dc9aa255138f6e54f723f3cf290b7d7591e179b530e95d78231b564d82bc281,2024-10,Northumbria Police,Northumbria Police,-1.684312,55.007413,On or near Hopton Court,E01008459,Newcastle upon Tyne 004E,Violence and sexual offences,Status update unavailable,
390934703c581059a440813e32d60d3351ced6de0a5438861eec7b3644bd2c5e,2024-10,Northumbria Police,Northumbria Police,-1.684312,55.007413,On or near Hopton Court,E01008459,Newcastle upon Tyne 004E,Violence and sexual offences,Status update unavailable,
03d77c5596c88f20450b7486f80dba8949594bc314da9e963876e2f17a8485c7,2024-10,Northumbria Police,Northumbria Police,-1.690561,55.008040,On or near East Thorp,E01008459,Newcastle upon Tyne 004E,Violence and sexual offences,Status update unavailable,
,2024-10,Northumbria Police,Northumbria Police,-1.691706,55.005518,On or near Deneside,E01008460,Newcastle upon Tyne 004F,Anti-social behaviour,,
,2024-10,Northumbria Police,Northumbria Police,-1.698266,55.010540,On or near Lowbiggin,E01008460,Newcastle upon Tyne 004F,Anti-social behaviour,,
89f3c798c314dd291e5c48d87891a7981d176e2b8fd644e1e32d5707169911cf,2024-10,Northumbria Police,Northumbria Police,-1.698266,55.010540,On or near Lowbiggin,E01008460,Newcastle upon Tyne 004F,Criminal damage and arson,Investigation complete; no suspect identified,
eb74e1b20d6203127df3ccaa1b369388b1bb552c97fdbecb9e56244cd3aa7eb2,2024-10,Northumbria Police,Northumbria Police,-1.698266,55.010540,On or near Lowbiggin,E01008460,Newcastle upon Tyne 004F,Criminal damage and arson,Investigation complete; no suspect identified,
0a9c04770ca3ad946cf0624606d97cc66aa61dc5dcf76a6289e3d452caeb63ed,2024-10,Northumbria Police,Northumbria Police,-1.698266,55.010540,On or near Lowbiggin,E01008460,Newcastle upon Tyne 004F,Robbery,Investigation complete; no suspect identified,
778e282397576b1af0cf81b3f63b9fac39a0ff178758d207600c3273066fcdcb,2024-10,Northumbria Police,Northumbria Police,-1.698266,55.010540,On or near Lowbiggin,E01008460,Newcastle upon Tyne 004F,Robbery,Investigation complete; no suspect identified,
f8a0224602fcfd04d4f4daf9600befab8254c949d7c3ead47be2c1c71973845b,2024-10,Northumbria Police,Northumbria Police,-1.694259,55.007007,On or near Bedeburn Road,E01008460,Newcastle upon Tyne 004F,Violence and sexual offences,Investigation complete; no suspect identified,
df727dc7854ede5eaca19ca7cbcfea90765e0931c84aceb3978bf52344c0cf9a,2024-10,Northumbria Police,Northumbria Police,-1.692224,55.009419,On or near Hareydene,E01008460,Newcastle upon Tyne 004F,Violence and sexual offences,Investigation complete; no suspect identified,
6cfa0730c700f8ebbdfd7b531d6d73b8cdfd03a2d461a76f8db5070f86730c68,2024-10,Northumbria Police,Northumbria Police,-1.698266,55.010540,On or near Lowbiggin,E01008460,Newcastle upon Tyne 004F,Violence and sexual offences,Investigation complete; no suspect identified,
b33adb88cd3045ca0316d0bd26ba1519e2a1ff4f6b027f2b43378b72e4ff3d46,2024-10,Northumbria Police,Northumbria Police,-1.698266,55.010540,On or near Lowbiggin,E01008460,Newcastle upon Tyne 004F,Violence and sexual offences,Status update unavailable,
deaa23981386038cf19ef217fd55b7d16b5dc865f3d8d25f1739eb978b315f9c,2024-10,Northumbria Police,Northumbria Police,-1.698266,55.010540,On or near Lowbiggin,E01008460,Newcastle upon Tyne 004F,Violence and sexual offences,Status update unavailable,
bf79abcdf91a2f0b68aa9a928832e3c5a530738369dba565d365a8b6efd4a512,2024-10,Northumbria Police,Northumbria Police,-1.692224,55.009419,On or near Hareydene,E01008460,Newcastle upon Tyne 004F,Violence and sexual offences,Status update unavailable,
b9aae0383acf1de6a907a7cb577330b44bc67f845bf164512ff3e98153dd023f,2024-10,Northumbria Police,Northumbria Police,-1.694259,55.007007,On or near Bedeburn Road,E01008460,Newcastle upon Tyne 004F,Violence and sexual offences,Investigation complete; no suspect identified,
ecb9a74900aaab56fabc221bf79a6a2debae557468c7a3783903182443d88bd3,2024-10,Northumbria Police,Northumbria Police,-1.618482,55.012940,On or near Petrol Station,E01008351,Newcastle upon Tyne 005A,Criminal damage and arson,Status update unavailable,
8eb63fa16f3e4b64ff85f6aa258418e3f29b78947dd32d0b1d7bb40e56086b99,2024-10,Northumbria Police,Northumbria Police,-1.609785,55.013227,On or near Beechwood Avenue,E01008351,Newcastle upon Tyne 005A,Criminal damage and arson,Investigation complete; no suspect identified,
13be834c6d189074118c04820d0ed98ffd31b371071377b66d7a827406eb1fb2,2024-10,Northumbria Police,Northumbria Police,-1.609640,55.013676,On or near Rosewood Avenue,E01008351,Newcastle upon Tyne 005A,Other theft,Investigation complete; no suspect identified,
9a3736fe7cf6d25b415dc5c9dcf52f7bd2e4648ddef7f841086205867155dae2,2024-10,Northumbria Police,Northumbria Police,-1.618482,55.012940,On or near Petrol Station,E01008351,Newcastle upon Tyne 005A,Violence and sexual offences,Court result unavailable,
e45ce79d384c9a418a34a7c7135a715a8a40a0d713e1a679e7ad9a61ba257752,2024-10,Northumbria Police,Northumbria Police,-1.612139,55.012327,On or near Cheswick Drive,E01008351,Newcastle upon Tyne 005A,Violence and sexual offences,Status update unavailable,
,2024-10,Northumbria Police,Northumbria Police,-1.612208,55.006872,On or near Church Lane,E01008354,Newcastle upon Tyne 005B,Anti-social behaviour,,
,2024-10,Northumbria Police,Northumbria Police,-1.612208,55.006872,On or near Church Lane,E01008354,Newcastle upon Tyne 005B,Anti-social behaviour,,
,2024-10,Northumbria Police,Northumbria Police,-1.612208,55.006872,On or near Church Lane,E01008354,Newcastle upon Tyne 005B,Anti-social behaviour,,
0e32a0b761fe5d23cf3bbf326c80a76bdc328500f8745e3a9ef59e3311901803,2024-10,Northumbria Police,Northumbria Police,-1.610650,55.007865,On or near St James Street,E01008354,Newcastle upon Tyne 005B,Criminal damage and arson,Investigation complete; no suspect identified,
26fc97324af34e3319145b13f456a222b32b67156b06991c3ec16e42cf564f61,2024-10,Northumbria Police,Northumbria Police,-1.610650,55.007865,On or near St James Street,E01008354,Newcastle upon Tyne 005B,Public order,Status update unavailable,
611ae10954cf3c0212a0ae6f8bb4ec39e6e7c33a0c01e0d00e0944daeaef8aec,2024-10,Northumbria Police,Northumbria Police,-1.611584,55.009935,On or near Rydal Road,E01008354,Newcastle upon Tyne 005B,Robbery,Investigation complete; no suspect identified,
b215f622076f7f59e5ec0b2a3579e6b51b69400416c7ec19ae7413c21b338469,2024-10,Northumbria Police,Northumbria Police,-1.611524,55.009701,On or near Rothley Close,E01008354,Newcastle upon Tyne 005B,Other crime,Status update unavailable,
77ea1b99ce6cba97a4eaf0e7657f00d8b3d93ff91cc963cd8eacac022aeaf2ec,2024-10,Northumbria Police,Northumbria Police,-1.607964,55.005933,On or near Balmoral Terrace,E01008418,Newcastle upon Tyne 005C,Criminal damage and arson,Investigation complete; no suspect identified,
8681af8ff983a0849a82221f78543b404e9b1a0b793e23da7f19d37f30c93e8b,2024-10,Northumbria Police,Northumbria Police,-1.615556,55.006586,On or near Belle Vue Avenue,E01008418,Newcastle upon Tyne 005C,Criminal damage and arson,Investigation complete; no suspect identified,
b0e1c6688353a9c2caa7fc84d0310bbe78db0205aa02dd7548a43d9e92ca4a7e,2024-10,Northumbria Police,Northumbria Police,-1.614260,55.003132,On or near The Grove,E01008418,Newcastle upon Tyne 005C,Criminal damage and arson,Investigation complete; no suspect identified,
66e3f308979bc9939e811f5ed8f40020d483b5d10312f0cb84bbe829b1b46029,2024-10,Northumbria Police,Northumbria Police,-1.614260,55.003132,On or near The Grove,E01008418,Newcastle upon Tyne 005C,Other theft,Investigation complete; no suspect identified,
2926b718237af6399074b33ed7ebf29e1593bd94803332f639638058849e44b5,2024-10,Northumbria Police,Northumbria Police,-1.612582,55.002093,On or near Rectory Road,E01008418,Newcastle upon Tyne 005C,Vehicle crime,Investigation complete; no suspect identified,
3929dfff15814a4835d62e5497538bf8f9cdb7286a5aaae28c657ac79859039c,2024-10,Northumbria Police,Northumbria Police,-1.614260,55.003132,On or near The Grove,E01008418,Newcastle upon Tyne 005C,Vehicle crime,Investigation complete; no suspect identified,
be8cdad91195ed4595c1516fc6452ac174268c6f7d41df0345ae0bd91b5b28e1,2024-10,Northumbria Police,Northumbria Police,-1.607964,55.005933,On or near Balmoral Terrace,E01008418,Newcastle upon Tyne 005C,Violence and sexual offences,Investigation complete; no suspect identified,
b3b89f2943c7f4a34fd79c66bac63858977d4575159a214fc340c69ad3a59c06,2024-10,Northumbria Police,Northumbria Police,-1.615939,55.000890,On or near Moor Road South,E01008418,Newcastle upon Tyne 005C,Violence and sexual offences,Status update unavailable,
e02132059950708f4d250dc3b63e0f41173b4f66fafaab824e750ec2431c1c4f,2024-10,Northumbria Police,Northumbria Police,-1.614202,54.999492,On or near Albemarle Avenue,E01008420,Newcastle upon Tyne 005D,Vehicle crime,Investigation complete; no suspect identified,
23dd57774eaf55e606d4e3ab44ae91f08d9a1614a5265c8ad555b2285c1672b0,2024-10,Northumbria Police,Northumbria Police,-1.620538,55.000617,On or near The Poplars,E01008420,Newcastle upon Tyne 005D,Vehicle crime,Court result unavailable,
e98fea5f61cbd35aad9afa9935d7094101a7fcf4cd44acb8df3d75f072ac24c3,2024-10,Northumbria Police,Northumbria Police,-1.612896,55.000306,On or near Kingswood Avenue,E01008420,Newcastle upon Tyne 005D,Vehicle crime,Investigation complete; no suspect identified,
6aa113d4ed0a4231360edbb658275d9ad9276d9fa7fbd92daafe764f46ddda2b,2024-10,Northumbria Police,Northumbria Police,-1.612896,55.000306,On or near Kingswood Avenue,E01008420,Newcastle upon Tyne 005D,Vehicle crime,Investigation complete; no suspect identified,
,2024-10,Northumbria Police,Northumbria Police,-1.610095,54.999003,On or near Honister Avenue,E01008422,Newcastle upon Tyne 005E,Anti-social behaviour,,
,2024-10,Northumbria Police,Northumbria Police,-1.610095,54.999003,On or near Honister Avenue,E01008422,Newcastle upon Tyne 005E,Anti-social behaviour,,
,2024-10,Northumbria Police,Northumbria Police,-1.610095,54.999003,On or near Honister Avenue,E01008422,Newcastle upon Tyne 005E,Anti-social behaviour,,
,2024-10,Northumbria Police,Northumbria Police,-1.610095,54.999003,On or near Honister Avenue,E01008422,Newcastle upon Tyne 005E,Anti-social behaviour,,
,2024-10,Northumbria Police,Northumbria Police,-1.610095,54.999003,On or near Honister Avenue,E01008422,Newcastle upon Tyne 005E,Anti-social behaviour,,
,2024-10,Northumbria Police,Northumbria Police,-1.611815,55.000536,On or near Newlands Road,E01008422,Newcastle upon Tyne 005E,Anti-social behaviour,,
,2024-10,Northumbria Police,Northumbria Police,-1.610095,54.999003,On or near Honister Avenue,E01008422,Newcastle upon Tyne 005E,Anti-social behaviour,,
74690602e0d311de3c778f61017f51681c880c2cb934a756643874b5c4d9e890,2024-10,Northumbria Police,Northumbria Police,-1.611815,55.000536,On or near Newlands Road,E01008422,Newcastle upon Tyne 005E,Bicycle theft,Investigation complete; no suspect identified,
70b8e67335a2c08f37245c88fa3b3dfaf62d88a3dca343e5c650f77425187aca,2024-10,Northumbria Police,Northumbria Police,-1.610729,54.999732,On or near Albury Road,E01008422,Newcastle upon Tyne 005E,Burglary,Investigation complete; no suspect identified,
b9be9cb8e7c0e856f23b405b6cdce420b735cb3351b54a2fcdbab6914581d109,2024-10,Northumbria Police,Northumbria Police,-1.611815,55.000536,On or near Newlands Road,E01008422,Newcastle upon Tyne 005E,Criminal damage and arson,Investigation complete; no suspect identified,
09682c833f44e80e6fd680e39402cae0946e6a812a4e118b8027c743270e68cb,2024-10,Northumbria Police,Northumbria Police,-1.606265,55.003789,On or near Dene View,E01008422,Newcastle upon Tyne 005E,Vehicle crime,Investigation complete; no suspect identified,
b5bbbd90ef323725a65f94fe70b1fa54f63216ffd307b98e1a67042324379950,2024-10,Northumbria Police,Northumbria Police,-1.610095,54.999003,On or near Honister Avenue,E01008422,Newcastle upon Tyne 005E,Vehicle crime,Investigation complete; no suspect identified,
,2024-10,Northumbria Police,Northumbria Police,-1.605807,55.005926,On or near Sandringham Road,E01008424,Newcastle upon Tyne 005F,Anti-social behaviour,,
,2024-10,Northumbria Police,Northumbria Police,-1.605177,55.007901,On or near William Street,E01008424,Newcastle upon Tyne 005F,Anti-social behaviour,,
3bbd4dede6ade7254ddcb1024cea5b60581b845b28d1b87fa5c96408289fa926,2024-10,Northumbria Police,Northumbria Police,-1.603392,55.005056,On or near Mill Rise,E01008424,Newcastle upon Tyne 005F,Burglary,Court result unavailable,
487f1c8cc8b181e2c64afe7381b7b0196b5bbbed1930a90b5997b995a6b97a32,2024-10,Northumbria Police,Northumbria Police,-1.604394,55.004896,On or near Sports/Recreation Area,E01008424,Newcastle upon Tyne 005F,Other theft,Investigation complete; no suspect identified,
e9df9463551a1d1c4fb9daffe5b8ac4009daf90e447b8149a3e95c40240e5401,2024-10,Northumbria Police,Northumbria Police,-1.601539,55.008995,On or near Ridgewood Crescent,E01008424,Newcastle upon Tyne 005F,Other theft,Status update unavailable,
9776f8cc8b9e260b745b1a2305eb1dfd68f17b0e60f4749a409028aab5732c73,2024-10,Northumbria Police,Northumbria Police,-1.603392,55.005056,On or near Mill Rise,E01008424,Newcastle upon Tyne 005F,Shoplifting,Investigation complete; no suspect identified,
f74e8d8f09a53c61306a9144bd20f4f549a38a0692b4548047cbd7a42738aaea,2024-10,Northumbria Police,Northumbria Police,-1.604122,55.007098,On or near Commercial Road,E01008424,Newcastle upon Tyne 005F,Shoplifting,Investigation complete; no suspect identified,
9c33065fd6c99330ab769f45ce1e7c9d35d1ffe13beb4bc98a60434c662631c2,2024-10,Northumbria Police,Northumbria Police,-1.604122,55.007098,On or near Commercial Road,E01008424,Newcastle upon Tyne 005F,Shoplifting,Investigation complete; no suspect identified,
82356bb1275d5d588915a8555c573a1d085b1c71cbb29d6aca6661891f7a67aa,2024-10,Northumbria Police,Northumbria Police,-1.603392,55.005056,On or near Mill Rise,E01008424,Newcastle upon Tyne 005F,Violence and sexual offences,Status update unavailable,
1a84cf5a279e7ec01698466796a761dd30d231a63ebc0d6c27034a7cec6b42ed,2024-10,Northumbria Police,Northumbria Police,-1.603741,55.007717,On or near Ridgewood Close,E01008424,Newcastle upon Tyne 005F,Violence and sexual offences,Status update unavailable,
7f3edf560a32a7ea6e1849eca72e96451123acc43cd55679cb036832b1dbe7c5,2024-10,Northumbria Police,Northumbria Police,-1.604122,55.007098,On or near Commercial Road,E01008424,Newcastle upon Tyne 005F,Violence and sexual offences,Investigation complete; no suspect identified,
9a70a888086301719b0f41c77e5fbc96a2fa2ba59c6c0bc92ed0d1763c282614,2024-10,Northumbria Police,Northumbria Police,-1.603392,55.005056,On or near Mill Rise,E01008424,Newcastle upon Tyne 005F,Violence and sexual offences,Investigation complete; no suspect identified,
9f48aea12ed94db4160f9bf6f2e45646cbb5d5049f40dc2dab1cd52bc749338b,2024-10,Northumbria Police,Northumbria Police,-1.605714,55.007409,On or near Field Street,E01008424,Newcastle upon Tyne 005F,Violence and sexual offences,Status update unavailable,
11c115492074a6fc185afcf9604eda86427dcb053caefdc224ab851bff3d412e,2024-10,Northumbria Police,Northumbria Police,-1.605177,55.007901,On or near William Street,E01008424,Newcastle upon Tyne 005F,Violence and sexual offences,Status update unavailable,
,2024-10,Northumbria Police,Northumbria Police,-1.634596,55.013834,On or near Hepple Way,E01008353,Newcastle upon Tyne 006A,Anti-social behaviour,,
73c91e34760565645929fab08e9e57dac941b403f5ecc196c8793bdd055a7bae,2024-10,Northumbria Police,Northumbria Police,-1.631519,55.011785,On or near Holystone Avenue,E01008353,Newcastle upon Tyne 006A,Burglary,Investigation complete; no suspect identified,
dee7b6431c5ded5a17d41cdbe9e900c0eee5526a98ecee7e5e02690f2de24f0e,2024-10,Northumbria Police,Northumbria Police,-1.635399,55.012262,On or near Supermarket,E01008353,Newcastle upon Tyne 006A,Criminal damage and arson,Investigation complete; no suspect identified,
01c3cefd9ee6cee5952101f26231f9f59bbbeda818c377c8c4cfb031abc59f8f,2024-10,Northumbria Police,Northumbria Police,-1.636197,55.011502,On or near Craster Square,E01008353,Newcastle upon Tyne 006A,Criminal damage and arson,Status update unavailable,
61f331d96bce7073636d0c39e87e7af80f5d6eacb2a5913b401c666e8b33ff26,2024-10,Northumbria Police,Northumbria Police,-1.636197,55.011502,On or near Craster Square,E01008353,Newcastle upon Tyne 006A,Criminal damage and arson,Status update unavailable,
a0607e3de843181a0eacf414afa9755e63788f4001c33b541548d7369f64e4ba,2024-10,Northumbria Police,Northumbria Police,-1.636640,55.009221,On or near Welford Avenue,E01008353,Newcastle upon Tyne 006A,Drugs,Investigation complete; no suspect identified,
8a91727126b9d09a3e12166b6b745d59853eb0871c090fe9eed06653183fd6fa,2024-10,Northumbria Police,Northumbria Police,-1.635399,55.012262,On or near Supermarket,E01008353,Newcastle upon Tyne 006A,Public order,Investigation complete; no suspect identified,
ea274edad84f1e315c28cf5c3c84bb2666b52d0d4d5416e180311ef49b9395f4,2024-10,Northumbria Police,Northumbria Police,-1.635399,55.012262,On or near Supermarket,E01008353,Newcastle upon Tyne 006A,Shoplifting,Court result unavailable,
8c4fc0d6019504426d13e77f549b6dcbcb5bf868897e4c019e42ee1a1b456c82,2024-10,Northumbria Police,Northumbria Police,-1.635399,55.012262,On or near Supermarket,E01008353,Newcastle upon Tyne 006A,Shoplifting,Status update unavailable,
999f125fa0ac036656499e1d3a41f89f3dd0746017e6224c7873589c80f91fee,2024-10,Northumbria Police,Northumbria Police,-1.635399,55.012262,On or near Supermarket,E01008353,Newcastle upon Tyne 006A,Violence and sexual offences,Court result unavailable,
35b0998f98a23280b4d6e7cf63c71a11e74b2b606d04fdc787980ac7217b7781,2024-10,Northumbria Police,Northumbria Police,-1.633485,55.010506,On or near Beal Way,E01008353,Newcastle upon Tyne 006A,Violence and sexual offences,Offender given a caution,
358373781e19d65c90730dda1c4d4e08cb126d15956105d5316a9bddac2880bb,2024-10,Northumbria Police,Northumbria Police,-1.636197,55.011502,On or near Craster Square,E01008353,Newcastle upon Tyne 006A,Violence and sexual offences,Awaiting court outcome,
e739005d2d074abed3d46f138078c00b917d7db1ba3898fad48c5d695e261723,2024-10,Northumbria Police,Northumbria Police,-1.637084,55.011972,On or near Wansbeck Road South,E01008353,Newcastle upon Tyne 006A,Violence and sexual offences,Status update unavailable,
07174319b246285eb34596a97f7042ff3ca3c02de6b2bc28576490cc65964936,2024-10,Northumbria Police,Northumbria Police,-1.636197,55.011502,On or near Craster Square,E01008353,Newcastle upon Tyne 006A,Violence and sexual offences,Investigation complete; no suspect identified,
f5c89c623f5c032ba300930ca8f6f9809650ea2df538b8caeb92ae038d90b631,2024-10,Northumbria Police,Northumbria Police,-1.636640,55.009221,On or near Welford Avenue,E01008353,Newcastle upon Tyne 006A,Other crime,Court result unavailable,
,2024-10,Northumbria Police,Northumbria Police,-1.621454,55.011904,On or near Bus/Coach Station,E01008355,Newcastle upon Tyne 006B,Anti-social behaviour,,
,2024-10,Northumbria Police,Northumbria Police,-1.621561,55.011476,On or near Parking Area,E01008355,Newcastle upon Tyne 006B,Anti-social behaviour,,
3573a9c533c05622720b9091a23241af8dfac5c34103c0ec41daf6b9b7ebc816,2024-10,Northumbria Police,Northumbria Police,-1.624631,55.007621,On or near Archibald Street,E01008355,Newcastle upon Tyne 006B,Bicycle theft,Investigation complete; no suspect identified,
764a769365a36888b12f940f66f9082fca4f60a6d1b4b380aa62ced89a41ef64,2024-10,Northumbria Police,Northumbria Police,-1.623305,55.007240,On or near Lansdowne Place,E01008355,Newcastle upon Tyne 006B,Burglary,Investigation complete; no suspect identified,
537ac93c70a2bc155a7bc5f5aa975fd92b35c4372ea0398790c820028a03e23d,2024-10,Northumbria Police,Northumbria Police,-1.621454,55.011904,On or near Bus/Coach Station,E01008355,Newcastle upon Tyne 006B,Criminal damage and arson,Investigation complete; no suspect identified,
631fe72e36c173d0863ce9214541c7ec0730cc3d63a75e71e22954f60d3d1942,2024-10,Northumbria Police,Northumbria Police,-1.622144,55.009339,On or near Henry Street,E01008355,Newcastle upon Tyne 006B,Criminal damage and arson,Investigation complete; no suspect identified,
6c63ab5de52fbe38cc01dc92257b1761c2781330c6ec74bbd24c832a33cc474b,2024-10,Northumbria Police,Northumbria Police,-1.621454,55.011904,On or near Bus/Coach Station,E01008355,Newcastle upon Tyne 006B,Criminal damage and arson,Investigation complete; no suspect identified,
779641158eeedc200d697923b326dd8acdc66f828f0f761683b2bd06f0155f0c,2024-10,Northumbria Police,Northumbria Police,-1.621454,55.011904,On or near Bus/Coach Station,E01008355,Newcastle upon Tyne 006B,Criminal damage and arson,Investigation complete; no suspect identified,
bdeedda7fb2b7f182de79beb8c0d8120a547dc38c08e3b4cac7b6564a7a358de,2024-10,Northumbria Police,Northumbria Police,-1.621454,55.011904,On or near Bus/Coach Station,E01008355,Newcastle upon Tyne 006B,Criminal damage and arson,Investigation complete; no suspect identified,
424cbce992e0a0645427148326abe32ac4aa67866b07e5ea30292f522ad7549c,2024-10,Northumbria Police,Northumbria Police,-1.621454,55.011904,On or near Bus/Coach Station,E01008355,Newcastle upon Tyne 006B,Possession of weapons,Investigation complete; no suspect identified,
62dbf1560e9c4caa9ea406550ef2c7a40a2973e42a589502f983fa36f2e41ad8,2024-10,Northumbria Police,Northumbria Police,-1.621454,55.011904,On or near Bus/Coach Station,E01008355,Newcastle upon Tyne 006B,Public order,Investigation complete; no suspect identified,
3590823a01bb03e3f5a0743ad8d73a5eda5dec57d43f8ec95323fada2a5ea856,2024-10,Northumbria Police,Northumbria Police,-1.621454,55.011904,On or near Bus/Coach Station,E01008355,Newcastle upon Tyne 006B,Violence and sexual offences,Status update unavailable,
209fabac190a0011a995b17088afb9e2c804904982e707313dbd8fda85a2ff5f,2024-10,Northumbria Police,Northumbria Police,-1.621447,55.010280,On or near Theatre/Concert Hall,E01008355,Newcastle upon Tyne 006B,Violence and sexual offences,Investigation complete; no suspect identified,
6468a15cb762ffd60f15fe9306479d2fc95cba63f0477b8025f9e984ea39ae72,2024-10,Northumbria Police,Northumbria Police,-1.623339,55.010349,On or near Parking Area,E01008355,Newcastle upon Tyne 006B,Violence and sexual offences,Status update unavailable,
43ce84c33e600220735f6ebe022b43c475d2763fa7988f98e662a719f5e3402e,2024-10,Northumbria Police,Northumbria Police,-1.622312,55.008090,On or near Hedley Street,E01008355,Newcastle upon Tyne 006B,Violence and sexual offences,Investigation complete; no suspect identified,
,2024-10,Northumbria Police,Northumbria Police,-1.640178,55.008719,On or near John Street,E01008356,Newcastle upon Tyne 006C,Anti-social behaviour,,
179f771beaeb976fad62c004bc1c78dee735465dbdf5d5c39b21b66ba2424b25,2024-10,Northumbria Police,Northumbria Police,-1.639508,55.008466,On or near South Street,E01008356,Newcastle upon Tyne 006C,Burglary,Investigation complete; no suspect identified,
21ef7295f2496c3df3127ae417b3f082aaeeff22c42da70ed5a2944dafe915e7,2024-10,Northumbria Police,Northumbria Police,-1.640018,55.007398,On or near Souter Road,E01008356,Newcastle upon Tyne 006C,Burglary,Status update unavailable,
f9515a6d369547541e9d3cb97e82359558b0e16789890524337b1d0d52d6e339,2024-10,Northumbria Police,Northumbria Police,-1.640178,55.008719,On or near John Street,E01008356,Newcastle upon Tyne 006C,Criminal damage and arson,Investigation complete; no suspect identified,
b8ae378a828e2f3bfaffb823f83fc83e7a7f9c1f79c98c57bfb3621d50f491b0,2024-10,Northumbria Police,Northumbria Police,-1.639508,55.008466,On or near South Street,E01008356,Newcastle upon Tyne 006C,Criminal damage and arson,Status update unavailable,
40bffee0767087d77202342cfea3af780a54a507d5d205c22e0c644400220a6d,2024-10,Northumbria Police,Northumbria Police,-1.639508,55.008466,On or near South Street,E01008356,Newcastle upon Tyne 006C,Criminal damage and arson,Offender given a caution,
25807726008ed8b2bbddfbdad2d2115b4f1530fbe7441cd30bbe5e18af5a3122,2024-10,Northumbria Police,Northumbria Police,-1.639508,55.008466,On or near South Street,E01008356,Newcastle upon Tyne 006C,Possession of weapons,Status update unavailable,
52117626e502e4de6c08d643e968d4f3f94a3dd2ff5c9d310d9bafd2c42c266d,2024-10,Northumbria Police,Northumbria Police,-1.634410,55.005036,On or near Halterburn Close,E01008356,Newcastle upon Tyne 006C,Violence and sexual offences,Status update unavailable,
02b308bd3bbfb0d403dbe968c6441e4da35542a1181d10e651d27cccb5844eab,2024-10,Northumbria Police,Northumbria Police,-1.640018,55.007398,On or near Souter Road,E01008356,Newcastle upon Tyne 006C,Violence and sexual offences,Status update unavailable,
,2024-10,Northumbria Police,Northumbria Police,-1.640638,55.001011,On or near Wyndfall Way,E01008378,Newcastle upon Tyne 006D,Anti-social behaviour,,
c6a287598c15dc868d79b1535bea717f750672c970b34b04409def47af7097b8,2024-10,Northumbria Police,Northumbria Police,-1.641681,54.999675,On or near Wyndward Place,E01008378,Newcastle upon Tyne 006D,Burglary,Investigation complete; no suspect identified,
da984c6b680bf4c7c7bf954495aeb4e31e34b78a5b9f8ae4fb4857e34fbe4b91,2024-10,Northumbria Police,Northumbria Police,-1.643226,55.000003,On or near Mornington Avenue,E01008378,Newcastle upon Tyne 006D,Other theft,Status update unavailable,
144047a9a59030738049aab4e097bb32860d083ec437a5d67ea33fd6fa42c040,2024-10,Northumbria Police,Northumbria Police,-1.631826,54.997021,On or near Wilson Gardens,E01008378,Newcastle upon Tyne 006D,Other theft,Investigation complete; no suspect identified,
c4757786037cb0cf81f2fd77311b11b92007ca9c47a2f91b653bec0a2b420a95,2024-10,Northumbria Police,Northumbria Police,-1.643226,55.000003,On or near Mornington Avenue,E01008378,Newcastle upon Tyne 006D,Public order,Status update unavailable,
bbe0f3f23eb3e126a2e59af38d6268783ef019d0ca1bf7bdb5ad27bf39b0b51a,2024-10,Northumbria Police,Northumbria Police,-1.635093,54.998748,On or near Kenton Avenue,E01008378,Newcastle upon Tyne 006D,Vehicle crime,Investigation complete; no suspect identified,
fad317c02f8844d69d6e3411e3266217d98ffa976278949d24052f495ae757dc,2024-10,Northumbria Police,Northumbria Police,-1.633795,54.997027,On or near Osbaldeston Gardens,E01008378,Newcastle upon Tyne 006D,Vehicle crime,Investigation complete; no suspect identified,
6498aecd34d9c4d4cb996f8085efdefe6c0cdeb58bcf87c03e12b731a1bcded0,2024-10,Northumbria Police,Northumbria Police,-1.641681,54.999675,On or near Wyndward Place,E01008378,Newcastle upon Tyne 006D,Violence and sexual offences,Status update unavailable,
,2024-10,Northumbria Police,Northumbria Police,-1.622424,55.006141,On or near Woodbine Road,E01008419,Newcastle upon Tyne 006E,Anti-social behaviour,,
555ebf2c2967f3d8787b0b50e764de5720480b12f017c84d8c4e7834740091a7,2024-10,Northumbria Police,Northumbria Police,-1.617501,55.004187,On or near Sports/Recreation Area,E01008419,Newcastle upon Tyne 006E,Burglary,Investigation complete; no suspect identified,
bb2d4a3d7d96a8b3ac459d3b6546ef2bbd38fb20e81e6eeac87ae143d18207df,2024-10,Northumbria Police,Northumbria Police,-1.620194,55.007158,On or near Parking Area,E01008419,Newcastle upon Tyne 006E,Criminal damage and arson,Investigation complete; no suspect identified,
bfa79e0351163cf7d200ed832e1c791900ca3161d212ef6a2d5ecf601a38a54a,2024-10,Northumbria Police,Northumbria Police,-1.619294,55.006490,On or near North Cross Street,E01008419,Newcastle upon Tyne 006E,Criminal damage and arson,Investigation complete; no suspect identified,
120d42e17488276cc7892361fab5e39d7b69b5a5d639d7f780badeed4ecde755,2024-10,Northumbria Police,Northumbria Police,-1.626307,55.005515,On or near Broomfield Road,E01008419,Newcastle upon Tyne 006E,Other theft,Status update unavailable,
07fc53224f7fd51a7a05cd919dfc20d720a82ae73df53f724aa252d53d8629e2,2024-10,Northumbria Police,Northumbria Police,-1.619860,55.006186,On or near South Cross Street,E01008419,Newcastle upon Tyne 006E,Other theft,Investigation complete; no suspect identified,
0e3204b71f5cb68e4d705941a0eb103aaf8eae221dde37c20bbb3becbdc4ff23,2024-10,Northumbria Police,Northumbria Police,-1.620194,55.007158,On or near Parking Area,E01008419,Newcastle upon Tyne 006E,Other theft,Investigation complete; no suspect identified,
e5023cae9eed6377b5d5443c20023b24efb021cd3a4a7517d58275429a4af4af,2024-10,Northumbria Police,Northumbria Police,-1.621020,55.004159,On or near Back High Street,E01008419,Newcastle upon Tyne 006E,Other theft,Investigation complete; no suspect identified,
868618116b256ac1ff52bf72a9546bc76d76188a603d0a9b7d7ab71d9b8da80f,2024-10,Northumbria Police,Northumbria Police,-1.619144,55.004180,On or near Parking Area,E01008419,Newcastle upon Tyne 006E,Public order,Investigation complete; no suspect identified,
16d6fcfca7d2bf1b70f16c63696dd165366c14c5c2a6a91f8abd73a68079728e,2024-10,Northumbria Police,Northumbria Police,-1.626307,55.005515,On or near Broomfield Road,E01008419,Newcastle upon Tyne 006E,Public order,Status update unavailable,
1918f114c7306031aff34229cb94fcf38ed3d489e2feef185486bf536a15bb41,2024-10,Northumbria Police,Northumbria Police,-1.626307,55.005515,On or near Broomfield Road,E01008419,Newcastle upon Tyne 006E,Robbery,Status update unavailable,
876ef61d439887ecede0d9e8d5f51e3e8164e5f563624c5c261584909aea70ef,2024-10,Northumbria Police,Northumbria Police,-1.622424,55.006141,On or near Woodbine Road,E01008419,Newcastle upon Tyne 006E,Shoplifting,Investigation complete; no suspect identified,
cbc14def94c02fc271335325163059c9e9deb15ade81960c938a1a92c58f672b,2024-10,Northumbria Police,Northumbria Police,-1.622424,55.006141,On or near Woodbine Road,E01008419,Newcastle upon Tyne 006E,Shoplifting,Investigation complete; no suspect identified,
2447976ffbcd32d77dde2737a535faef6ab8fcd38864553342af93f718b50c4a,2024-10,Northumbria Police,Northumbria Police,-1.619860,55.006186,On or near South Cross Street,E01008419,Newcastle upon Tyne 006E,Shoplifting,Investigation complete; no suspect identified,
59dbeb93f2a97a64f2ce8aa05f1c91f15f6ad3773d510970b31617993a8fd07d,2024-10,Northumbria Police,Northumbria Police,-1.619860,55.006186,On or near South Cross Street,E01008419,Newcastle upon Tyne 006E,Shoplifting,Status update unavailable,
22e82e4a904c7e303b7d9eee4c677729678dc85d154cd60e6c96d2b911e599b1,2024-10,Northumbria Police,Northumbria Police,-1.619144,55.004180,On or near Parking Area,E01008419,Newcastle upon Tyne 006E,Shoplifting,Investigation complete; no suspect identified,
f7aa2aa526f7c7c6a63663f8dc7267399176ec279dc7fb6b7fba864ca3b11936,2024-10,Northumbria Police,Northumbria Police,-1.619860,55.006186,On or near South Cross Street,E01008419,Newcastle upon Tyne 006E,Shoplifting,Investigation complete; no suspect identified,
e0e60e85dd48b19f27649be39eed8b5060527f28a38e623f23cfb3a9118e3b3f,2024-10,Northumbria Police,Northumbria Police,-1.622424,55.006141,On or near Woodbine Road,E01008419,Newcastle upon Tyne 006E,Shoplifting,Investigation complete; no suspect identified,
9acdbdd48afd28e9ad1757e2a5a4ac62120d4421e3e45caa577f1f095198f926,2024-10,Northumbria Police,Northumbria Police,-1.619860,55.006186,On or near South Cross Street,E01008419,Newcastle upon Tyne 006E,Shoplifting,Investigation complete; no suspect identified,
3a8b8fa249ece77693bcd798a1ae2e224921a7b276ede7cb72818704ae6ff6f7,2024-10,Northumbria Police,Northumbria Police,-1.622424,55.006141,On or near Woodbine Road,E01008419,Newcastle upon Tyne 006E,Shoplifting,Status update unavailable,
e5a32362153694157cc8521aebb149be3315628cf2cfa2c1d2fc36929ac76d75,2024-10,Northumbria Police,Northumbria Police,-1.620194,55.007158,On or near Parking Area,E01008419,Newcastle upon Tyne 006E,Vehicle crime,Investigation complete; no suspect identified,
e72b716ac0d3f0a664b58c39f772ff244ab12969db14330919ad4da8b6a61777,2024-10,Northumbria Police,Northumbria Police,-1.626307,55.005515,On or near Broomfield Road,E01008419,Newcastle upon Tyne 006E,Violence and sexual offences,Investigation complete; no suspect identified,
0ce941d0c7a96683832996aa9207b908abff418b72228ccd24e6db868661c5a6,2024-10,Northumbria Police,Northumbria Police,-1.619860,55.006186,On or near South Cross Street,E01008419,Newcastle upon Tyne 006E,Violence and sexual offences,Status update unavailable,
e87c358fa0cb63521cf59c6259615eee1261301829291980232471adde023d9c,2024-10,Northumbria Police,Northumbria Police,-1.622424,55.006141,On or near Woodbine Road,E01008419,Newcastle upon Tyne 006E,Violence and sexual offences,Status update unavailable,
,2024-10,Northumbria Police,Northumbria Police,-1.634147,55.003094,On or near Ashfield Road,E01008421,Newcastle upon Tyne 006F,Anti-social behaviour,,
651eabf64fee21c504bdc697c78d7dd61c704d5fa1226f961897a96d26cdb2fa,2024-10,Northumbria Police,Northumbria Police,-1.627220,55.003226,On or near Furzefield Road,E01008421,Newcastle upon Tyne 006F,Burglary,Investigation complete; no suspect identified,
72478006fad1f304aeae91c74cc73f9c0aee4885496d3c115fdfb02512495220,2024-10,Northumbria Police,Northumbria Police,-1.628950,55.003779,On or near Brackenfield Road,E01008421,Newcastle upon Tyne 006F,Other theft,Investigation complete; no suspect identified,
555dadc7288e62926be318241d9f2be969d2e1d8615669aeb699e50f32615076,2024-10,Northumbria Police,Northumbria Police,-1.633173,55.003630,On or near The Firs,E01008421,Newcastle upon Tyne 006F,Vehicle crime,Investigation complete; no suspect identified,
e4e5a6128a0e6cad4dd231c56f6a43b92a3f69107617810cd360ed4999d38c2d,2024-10,Northumbria Police,Northumbria Police,-1.627220,55.003226,On or near Furzefield Road,E01008421,Newcastle upon Tyne 006F,Vehicle crime,Investigation complete; no suspect identified,
e032779aca1c7500e6b92f6c11a94558b66fa2a51a7a8c8800faaea61b780e87,2024-10,Northumbria Police,Northumbria Police,-1.628386,54.997119,On or near Fernville Road,E01008423,Newcastle upon Tyne 006G,Other crime,Status update unavailable,
,2024-10,Northumbria Police,Northumbria Police,-1.594237,54.998160,On or near Parking Area,E01008317,Newcastle upon Tyne 007A,Anti-social behaviour,,
,2024-10,Northumbria Police,Northumbria Police,-1.594237,54.998160,On or near Parking Area,E01008317,Newcastle upon Tyne 007A,Anti-social behaviour,,
,2024-10,Northumbria Police,Northumbria Police,-1.591359,54.993702,On or near Jesmond Park West,E01008317,Newcastle upon Tyne 007A,Anti-social behaviour,,
,2024-10,Northumbria Police,Northumbria Police,-1.591692,55.003993,On or near Parking Area,E01008317,Newcastle upon Tyne 007A,Anti-social behaviour,,
,2024-10,Northumbria Police,Northumbria Police,-1.591359,54.993702,On or near Jesmond Park West,E01008317,Newcastle upon Tyne 007A,Anti-social behaviour,,
,2024-10,Northumbria Police,Northumbria Police,-1.594237,54.998160,On or near Parking Area,E01008317,Newcastle upon Tyne 007A,Anti-social behaviour,,
87e04c2df408539a375f3bbe2a416e6ee33a8d91e74494c8b4c9b01286499442,2024-10,Northumbria Police,Northumbria Police,-1.591359,54.993702,On or near Jesmond Park West,E01008317,Newcastle upon Tyne 007A,Other theft,Investigation complete; no suspect identified,
84310ea5b0c901a84c87c2b65fbeee5900b2733e80c435973e1da8f5e816db57,2024-10,Northumbria Police,Northumbria Police,-1.590663,54.998987,On or near Sports/Recreation Area,E01008317,Newcastle upon Tyne 007A,Public order,Investigation complete; no suspect identified,
ab334416a6f96ed1f44fdbea1ccab6a89fb9f942c0c9c1e560b1184b47f95a8a,2024-10,Northumbria Police,Northumbria Police,-1.571232,55.003635,On or near Wells Close,E01008319,Newcastle upon Tyne 007B,Violence and sexual offences,Status update unavailable,
878bd0e5e5b159a8b2a2fc0f74b2d6af104fe5cea5e2e1259fbea782ba299be0,2024-10,Northumbria Police,Northumbria Police,-1.562050,54.996898,On or near Bramley Court,E01008319,Newcastle upon Tyne 007B,Other crime,Court result unavailable,
,2024-10,Northumbria Police,Northumbria Police,-1.578632,55.007295,On or near Petrol Station,E01008320,Newcastle upon Tyne 007C,Anti-social behaviour,,
62e7b830d6d8f2fe265b81fe6d85b00c3aedc00df91fe39e417feb32101679a6,2024-10,Northumbria Police,Northumbria Police,-1.582068,55.007941,On or near Parkside Avenue,E01008320,Newcastle upon Tyne 007C,Bicycle theft,Investigation complete; no suspect identified,
7a66e2a3cbd220927d7af7f8eb3fd421fa8ac4fe6b9b1b6ac0ba2f442dd6e361,2024-10,Northumbria Police,Northumbria Police,-1.577966,55.006920,On or near Manor Avenue,E01008320,Newcastle upon Tyne 007C,Criminal damage and arson,Status update unavailable,
c966b999c2d0e68edae2f3142fe5e0785e038a19453875acff1f72b60d1105cd,2024-10,Northumbria Police,Northumbria Police,-1.577966,55.006920,On or near Manor Avenue,E01008320,Newcastle upon Tyne 007C,Possession of weapons,Investigation complete; no suspect identified,
0b317abc0c4a5c36d2c0c58543b287b4b3606df851eecdcb9a4937e17d1d9489,2024-10,Northumbria Police,Northumbria Police,-1.578632,55.007295,On or near Petrol Station,E01008320,Newcastle upon Tyne 007C,Shoplifting,Status update unavailable,
,2024-10,Northumbria Police,Northumbria Police,-1.599060,55.007961,On or near Supermarket,E01008321,Newcastle upon Tyne 007D,Anti-social behaviour,,
,2024-10,Northumbria Police,Northumbria Police,-1.600304,55.002709,On or near Edlingham Close,E01008321,Newcastle upon Tyne 007D,Anti-social behaviour,,
204d995faf551f157a66dd8d662aabc2901fb2b62c0e8fa29348f11f7672b076,2024-10,Northumbria Police,Northumbria Police,-1.602476,55.001180,On or near Castle Farm Mews,E01008321,Newcastle upon Tyne 007D,Criminal damage and arson,Investigation complete; no suspect identified,
e987f3733084e7462720c54c33405f871a02957a99df842373643c41f91f4b81,2024-10,Northumbria Police,Northumbria Police,-1.593381,55.002778,On or near Hospital,E01008321,Newcastle upon Tyne 007D,Criminal damage and arson,Status update unavailable,
b9ac4386370554dad75ed1281f6df6b853da211f88a9b99c781134cf6b477ada,2024-10,Northumbria Police,Northumbria Police,-1.593381,55.002778,On or near Hospital,E01008321,Newcastle upon Tyne 007D,Other theft,Suspect charged as part of another case,
8f610a38d6073b950a54d865c41c0c697c8d6ab92e9c517cf7092fc210c8c1c7,2024-10,Northumbria Police,Northumbria Police,-1.593381,55.002778,On or near Hospital,E01008321,Newcastle upon Tyne 007D,Other theft,Investigation complete; no suspect identified,
bf1763efee76f022eb2398467a2247970dd61d7f067a9b0e1a119f67f439c5e8,2024-10,Northumbria Police,Northumbria Police,-1.593381,55.002778,On or near Hospital,E01008321,Newcastle upon Tyne 007D,Other theft,Offender given a caution,
1f7202cc4bd5be51813e96ddd5fb586972b59b64addf52098ec13a5d9ef517eb,2024-10,Northumbria Police,Northumbria Police,-1.588397,55.008259,On or near Fontburn Place,E01008321,Newcastle upon Tyne 007D,Public order,Investigation complete; no suspect identified,
22c751f98488111243683958181e831fb3ac4a10849e644759c01e19b75761d9,2024-10,Northumbria Police,Northumbria Police,-1.593556,55.008375,On or near Vicars' Lane,E01008321,Newcastle upon Tyne 007D,Public order,Investigation complete; no suspect identified,
cf63752e37315560f4d942c975ceccc737c232641020f40dbdde35f22517961b,2024-10,Northumbria Police,Northumbria Police,-1.600626,55.006457,On or near Lartington Gardens,E01008321,Newcastle upon Tyne 007D,Public order,Investigation complete; no suspect identified,
895528f9b5af9120c60d105545ac24598020511c97199ff4ee3279302d8a6679,2024-10,Northumbria Police,Northumbria Police,-1.600626,55.006457,On or near Lartington Gardens,E01008321,Newcastle upon Tyne 007D,Public order,Status update unavailable,
dadf24362844dc4160b4e01f9652454f7fab6e6b5a39c8dc65eaacd4f865db2a,2024-10,Northumbria Police,Northumbria Police,-1.595176,55.008956,On or near Peldon Close,E01008321,Newcastle upon Tyne 007D,Public order,Investigation complete; no suspect identified,
5ba86b508f2ac0e3f219e71e59729c4fe5b8580753077ab36df3f36b60868c79,2024-10,Northumbria Police,Northumbria Police,-1.597539,55.007148,On or near The Cloisters,E01008321,Newcastle upon Tyne 007D,Robbery,Investigation complete; no suspect identified,
3bbaf3aab9f212604501991eaa77e1e75c1e6d89c0622d3585c4324174cdb5e6,2024-10,Northumbria Police,Northumbria Police,-1.597539,55.007148,On or near The Cloisters,E01008321,Newcastle upon Tyne 007D,Robbery,Status update unavailable,
7ec9520152ddb3ca9178fc565e5f7f94b1294c8672fbf88aaac9d7c0a1032b47,2024-10,Northumbria Police,Northumbria Police,-1.602476,55.001180,On or near Castle Farm Mews,E01008321,Newcastle upon Tyne 007D,Vehicle crime,Investigation complete; no suspect identified,
9c1050c0d1d02ce89bdb9ca73e7c1e841f1d9f0c2f50589cc6781731f8dc1d80,2024-10,Northumbria Police,Northumbria Police,-1.600626,55.006457,On or near Lartington Gardens,E01008321,Newcastle upon Tyne 007D,Violence and sexual offences,Investigation complete; no suspect identified,
0a457c092998c63bdd188cf08e92005c32aa5054186578724d4109668c68d291,2024-10,Northumbria Police,Northumbria Police,-1.593381,55.002778,On or near Hospital,E01008321,Newcastle upon Tyne 007D,Violence and sexual offences,Status update unavailable,
d7428809aabe726615ec76cd3aefb2d02572de1076ad1bec71c467e304f11778,2024-10,Northumbria Police,Northumbria Police,-1.591960,55.006914,On or near Haversham Close,E01008321,Newcastle upon Tyne 007D,Violence and sexual offences,Status update unavailable,
b1cb831fb72fd50632add5c29c9135bae3f9ba34590acc4d5efdce16e1e13d30,2024-10,Northumbria Police,Northumbria Police,-1.593381,55.002778,On or near Hospital,E01008321,Newcastle upon Tyne 007D,Violence and sexual offences,Status update unavailable,
e1101cdb2e566eddea1f2fd9e2a3b6ecb13f0df10d96aa900bb91c7d517f2988,2024-10,Northumbria Police,Northumbria Police,-1.585341,55.001365,On or near Patterdale Gardens,E01008322,Newcastle upon Tyne 007E,Criminal damage and arson,Status update unavailable,
33e81a2eaa9c758c603c10ffe0c6ac5971c02c09ff74022039c91e126a649b3b,2024-10,Northumbria Police,Northumbria Police,-1.585764,55.002822,On or near Whitton Place,E01008322,Newcastle upon Tyne 007E,Violence and sexual offences,Investigation complete; no suspect identified,
a472dce2449bec4fcc54fb6c32dc3b5614c2eacfc3bc64014dd4931d12470b83,2024-10,Northumbria Police,Northumbria Police,-1.585764,55.002822,On or near Whitton Place,E01008322,Newcastle upon Tyne 007E,Violence and sexual offences,Investigation complete; no suspect identified,
,2024-10,Northumbria Police,Northumbria Police,-1.664194,55.006829,On or near Carter Close,E01008295,Newcastle upon Tyne 008A,Anti-social behaviour,,
,2024-10,Northumbria Police,Northumbria Police,-1.664974,55.012708,On or near Petrol Station,E01008295,Newcastle upon Tyne 008A,Anti-social behaviour,,
,2024-10,Northumbria Police,Northumbria Police,-1.661168,55.013479,On or near Supermarket,E01008295,Newcastle upon Tyne 008A,Anti-social behaviour,,
80a08c1c1fd09add0a1cfde32d413b77d4a3b5bb8dfc63aa6557067511435ca8,2024-10,Northumbria Police,Northumbria Police,-1.665388,55.006167,On or near Mallowburn Crescent,E01008295,Newcastle upon Tyne 008A,Bicycle theft,Investigation complete; no suspect identified,
09e463f89cf81b0930e64c3b4db4b055bd6ad6a6686c4900ca56e6e820d8621c,2024-10,Northumbria Police,Northumbria Police,-1.666035,55.003599,On or near Apperley Avenue,E01008295,Newcastle upon Tyne 008A,Burglary,Investigation complete; no suspect identified,
b90368092bdda30638767fad7198290678e94c692b2a278d1782fcb774655d71,2024-10,Northumbria Police,Northumbria Police,-1.661168,55.013479,On or near Supermarket,E01008295,Newcastle upon Tyne 008A,Criminal damage and arson,Investigation complete; no suspect identified,
e33a43832776152ccf18fd59e683a04cd76d1531e13c454557f82d389b3c8972,2024-10,Northumbria Police,Northumbria Police,-1.666035,55.003599,On or near Apperley Avenue,E01008295,Newcastle upon Tyne 008A,Criminal damage and arson,Status update unavailable,
9f1f0539d34444fbf01cdc663a793c758035d38e836d64686f7d5bd1d25136f3,2024-10,Northumbria Police,Northumbria Police,-1.665331,55.013078,On or near Belvedere Parkway,E01008295,Newcastle upon Tyne 008A,Drugs,Investigation complete; no suspect identified,
cc5bbdbe154c5656787261632005edab1f7918ba45c1b07c15a412ec05868ee0,2024-10,Northumbria Police,Northumbria Police,-1.664974,55.012708,On or near Petrol Station,E01008295,Newcastle upon Tyne 008A,Other theft,Investigation complete; no suspect identified,
76028d4512d0579e89a67be023e7dba4807c9db2741ef0b4aaec2ce58b6295de,2024-10,Northumbria Police,Northumbria Police,-1.664974,55.012708,On or near Petrol Station,E01008295,Newcastle upon Tyne 008A,Other theft,Investigation complete; no suspect identified,
318232c3cd1e43d50beaa4789c341dfd228a3ff81a29f819190fe812aec3a4a2,2024-10,Northumbria Police,Northumbria Police,-1.664974,55.012708,On or near Petrol Station,E01008295,Newcastle upon Tyne 008A,Other theft,Investigation complete; no suspect identified,
d37a69838829ed4f2caa94570797b9d14d73d6242562dbd27e7030c09e11159d,2024-10,Northumbria Police,Northumbria Police,-1.664974,55.012708,On or near Petrol Station,E01008295,Newcastle upon Tyne 008A,Other theft,Status update unavailable,
7959f851eb61f992aca2882aae9e273118a5fe61e4da38c976e9a6f20346c872,2024-10,Northumbria Police,Northumbria Police,-1.664974,55.012708,On or near Petrol Station,E01008295,Newcastle upon Tyne 008A,Other theft,Investigation complete; no suspect identified,
4662a68a4aab4b04578e48cd75fd3a9149a498874452337d1429acd768e1bc7d,2024-10,Northumbria Police,Northumbria Police,-1.661168,55.013479,On or near Supermarket,E01008295,Newcastle upon Tyne 008A,Other theft,Investigation complete; no suspect identified,
5d0c4d678f87e2dfd1835b8e92db5fd059264bb57fa0057258cdf4d6d787b9bf,2024-10,Northumbria Police,Northumbria Police,-1.661168,55.013479,On or near Supermarket,E01008295,Newcastle upon Tyne 008A,Other theft,Investigation complete; no suspect identified,
01bd1bfde6652d7320eec9f67ee8b977177510357b37e4fcdd60c1f89af8e9d4,2024-10,Northumbria Police,Northumbria Police,-1.665388,55.006167,On or near Mallowburn Crescent,E01008295,Newcastle upon Tyne 008A,Public order,Investigation complete; no suspect identified,
faec7b5cce0342457dea2361c013a6c9470e786791d68ed3844ee2677d7cc7ff,2024-10,Northumbria Police,Northumbria Police,-1.666035,55.003599,On or near Apperley Avenue,E01008295,Newcastle upon Tyne 008A,Public order,Status update unavailable,
6671d824afd89c2d3b6e191783a51d08112bdc16507896bdaa057832fb4d4e93,2024-10,Northumbria Police,Northumbria Police,-1.666035,55.003599,On or near Apperley Avenue,E01008295,Newcastle upon Tyne 008A,Public order,Status update unavailable,
890cd5d84a0853cec2d20effc6b6b94a0e4ea4dc8313de75024c2a63676328bc,2024-10,Northumbria Police,Northumbria Police,-1.666035,55.003599,On or near Apperley Avenue,E01008295,Newcastle upon Tyne 008A,Public order,Investigation complete; no suspect identified,
58bb7fee1b777c8fc7609734f218719248c443d2c3f172ae8501cae3c380997b,2024-10,Northumbria Police,Northumbria Police,-1.659192,55.006752,On or near Beadnell Drive,E01008295,Newcastle upon Tyne 008A,Robbery,Investigation complete; no suspect identified,
f61bc791bde2c1e556cd2a8d85ee4e05bdf0a1228fe2ee32b64783eac34346e3,2024-10,Northumbria Police,Northumbria Police,-1.661168,55.013479,On or near Supermarket,E01008295,Newcastle upon Tyne 008A,Shoplifting,Status update unavailable,
2c0d92a96f48ee1c4ed49afe23d37bd3069f3c238fc90c677673287385156b7e,2024-10,Northumbria Police,Northumbria Police,-1.661168,55.013479,On or near Supermarket,E01008295,Newcastle upon Tyne 008A,Shoplifting,Investigation complete; no suspect identified,
670ff788e25999f12f878aa1e9afc363ae50b831e5f23796bfe6c276cf39e147,2024-10,Northumbria Police,Northumbria Police,-1.664974,55.012708,On or near Petrol Station,E01008295,Newcastle upon Tyne 008A,Shoplifting,Investigation complete; no suspect identified,
2953be454036e9410f784d02bff61b79886993dbc8913a17237038e21c24ebc3,2024-10,Northumbria Police,Northumbria Police,-1.664974,55.012708,On or near Petrol Station,E01008295,Newcastle upon Tyne 008A,Shoplifting,Investigation complete; no suspect identified,
b8f66107245503b3153b367c93ec919be4108d6eca4abd70481e661eefbfe546,2024-10,Northumbria Police,Northumbria Police,-1.661168,55.013479,On or near Supermarket,E01008295,Newcastle upon Tyne 008A,Shoplifting,Investigation complete; no suspect identified,
9fc3cd79467b819651bbbbc4800574a1c44b3c034dfe07ceb9cfd6c6053ca660,2024-10,Northumbria Police,Northumbria Police,-1.661168,55.013479,On or near Supermarket,E01008295,Newcastle upon Tyne 008A,Shoplifting,Investigation complete; no suspect identified,
5c80cae63e7244e31e66989e7a55b6275e34524795a5da573d4d9d384a33a008,2024-10,Northumbria Police,Northumbria Police,-1.661168,55.013479,On or near Supermarket,E01008295,Newcastle upon Tyne 008A,Shoplifting,Investigation complete; no suspect identified,
c5cf89aca8d4b05111c005055e07c11d87d2193ac8afe94e4deb22632391b719,2024-10,Northumbria Police,Northumbria Police,-1.661168,55.013479,On or near Supermarket,E01008295,Newcastle upon Tyne 008A,Violence and sexual offences,Investigation complete; no suspect identified,
dc2ae94ff61c5f9bee6678f434ef89ac2680a175bdee1181acd24224e0eb8e98,2024-10,Northumbria Police,Northumbria Police,-1.660783,55.007143,On or near Hartburn Walk,E01008295,Newcastle upon Tyne 008A,Violence and sexual offences,Status update unavailable,
0fcd1078c7a1b8ab87dc5e2cd357c99c72d5ad56b7d8bca02bb68adf5e5bcc01,2024-10,Northumbria Police,Northumbria Police,-1.665331,55.013078,On or near Belvedere Parkway,E01008295,Newcastle upon Tyne 008A,Violence and sexual offences,Investigation complete; no suspect identified,
b52c806d6178aa0817462364c7038739cc7b502158f99014d7e126b82df74ab7,2024-10,Northumbria Police,Northumbria Police,-1.665946,55.014283,On or near Kingston Park,E01008295,Newcastle upon Tyne 008A,Violence and sexual offences,Status update unavailable,
a9cbf7192e809f2edbdbc0d039907bd3ddb04d2d7ef0da9d28c01fc4f5f9c16c,2024-10,Northumbria Police,Northumbria Police,-1.661168,55.013479,On or near Supermarket,E01008295,Newcastle upon Tyne 008A,Violence and sexual offences,Status update unavailable,
e2636a2d0ad2a96ee8116516c1dde38cb04614358a7b7e3b4a255fd79f5052ad,2024-10,Northumbria Police,Northumbria Police,-1.659192,55.006752,On or near Beadnell Drive,E01008295,Newcastle upon Tyne 008A,Violence and sexual offences,Status update unavailable,
a4104ff211af5590bfb4e53de7c118908e7911ff2fd1ce2100be33fc833686f8,2024-10,Northumbria Police,Northumbria Police,-1.659192,55.006752,On or near Beadnell Drive,E01008295,Newcastle upon Tyne 008A,Violence and sexual offences,Investigation complete; no suspect identified,
b133a0a352e871bfdf0d501dc13539644ed69c233ff29d9a8038c1ae447995ec,2024-10,Northumbria Police,Northumbria Police,-1.666103,55.004758,On or near Byrness Close,E01008295,Newcastle upon Tyne 008A,Violence and sexual offences,Status update unavailable,
54b541d021dfef069a3257f41a7d27e68c0acbcbe4f3b15d487402a4d3adf971,2024-10,Northumbria Police,Northumbria Police,-1.665388,55.006167,On or near Mallowburn Crescent,E01008295,Newcastle upon Tyne 008A,Violence and sexual offences,Status update unavailable,
d885b0d061b432e0e4d8a2249d6e2ebcb6a3f1d8a05780b1ce6d452dc00f6bbf,2024-10,Northumbria Police,Northumbria Police,-1.666035,55.003599,On or near Apperley Avenue,E01008295,Newcastle upon Tyne 008A,Violence and sexual offences,Status update unavailable,
,2024-10,Northumbria Police,Northumbria Police,-1.639878,55.002015,On or near The Croft,E01008374,Newcastle upon Tyne 008B,Anti-social behaviour,,
,2024-10,Northumbria Police,Northumbria Police,-1.643069,55.003552,On or near Rokeby Drive,E01008374,Newcastle upon Tyne 008B,Anti-social behaviour,,
,2024-10,Northumbria Police,Northumbria Police,-1.643475,55.005458,On or near Eastwood Gardens,E01008374,Newcastle upon Tyne 008B,Anti-social behaviour,,
cc57fcc70742a95311c56100067c31463c17fc705a1f6853ff17782874b64a82,2024-10,Northumbria Police,Northumbria Police,-1.640198,55.003004,On or near The Wynd,E01008374,Newcastle upon Tyne 008B,Other theft,Investigation complete; no suspect identified,
a0f6686f3611c772a0509e48544e23867ec3ea884706c0e43f8439d0ac691a90,2024-10,Northumbria Police,Northumbria Police,-1.641175,55.003906,On or near Petrol Station,E01008374,Newcastle upon Tyne 008B,Public order,Court result unavailable,
2e6f8a249b29ea2c2184f45421e2cc21d78f0f24a5936868e9219257da3c91d0,2024-10,Northumbria Police,Northumbria Police,-1.645064,55.002542,On or near Ferrydene Avenue,E01008374,Newcastle upon Tyne 008B,Public order,Status update unavailable,
771182a3545fc669668d1e0a742cb49514f2083e16b8a4125ab49e78482cf90f,2024-10,Northumbria Police,Northumbria Police,-1.641175,55.003906,On or near Petrol Station,E01008374,Newcastle upon Tyne 008B,Shoplifting,Investigation complete; no suspect identified,
d53c56693660ac17bb88dd93cc31c08cca97c6177a5378783fb16c7d7f2ace45,2024-10,Northumbria Police,Northumbria Police,-1.641175,55.003906,On or near Petrol Station,E01008374,Newcastle upon Tyne 008B,Shoplifting,Investigation complete; no suspect identified,
9c6ec6963e607bfd088f1e882b10438fb86eafb643da6342fdcfd3bdfeb6796d,2024-10,Northumbria Police,Northumbria Police,-1.643475,55.005458,On or near Eastwood Gardens,E01008374,Newcastle upon Tyne 008B,Violence and sexual offences,Investigation complete; no suspect identified,
541679307769cd6dffe58d2a0296026a4c9248a9ac622156568f89d1646b7b5a,2024-10,Northumbria Police,Northumbria Police,-1.641843,55.002578,On or near Brookvale Avenue,E01008374,Newcastle upon Tyne 008B,Violence and sexual offences,Status update unavailable,
33b5b7cc5f3ae75455a15acbfea6c70d28d44d9d5c83d12e065d0a7cd6f57bbb,2024-10,Northumbria Police,Northumbria Police,-1.638579,55.002227,On or near A191,E01008374,Newcastle upon Tyne 008B,Violence and sexual offences,Status update unavailable,
b4b290a8fe29699ce9b97519da6901df3e417788f227e77d3ca14aafede489a2,2024-10,Northumbria Police,Northumbria Police,-1.641175,55.003906,On or near Petrol Station,E01008374,Newcastle upon Tyne 008B,Violence and sexual offences,Status update unavailable,
,2024-10,Northumbria Police,Northumbria Police,-1.655406,54.999741,On or near Bygate Close,E01008375,Newcastle upon Tyne 008C,Anti-social behaviour,,
,2024-10,Northumbria Police,Northumbria Police,-1.655084,55.000828,On or near Ashbrooke Street,E01008375,Newcastle upon Tyne 008C,Anti-social behaviour,,
ddbc07734d9ee82b544fecd83d3b4575d866a9d696d31c8e73211a724b59e3d0,2024-10,Northumbria Police,Northumbria Police,-1.653921,55.001579,On or near Dene Bank View,E01008375,Newcastle upon Tyne 008C,Burglary,Investigation complete; no suspect identified,
6d305e289271c1897c219d05e1a06048628cfbff4fa8f81022e691e335d66f18,2024-10,Northumbria Police,Northumbria Police,-1.655406,54.999741,On or near Bygate Close,E01008375,Newcastle upon Tyne 008C,Criminal damage and arson,Status update unavailable,
baf63163ab0cb0e94c9bcd886382fe9381bcffcd5a2a9719a243a3e267a0cea0,2024-10,Northumbria Police,Northumbria Police,-1.655860,55.005098,On or near Balmain Road,E01008375,Newcastle upon Tyne 008C,Public order,Status update unavailable,
c5c129143604a3ff3c226690979136733105eac396855cf0c0a93d9428ed2641,2024-10,Northumbria Police,Northumbria Police,-1.655860,55.005098,On or near Balmain Road,E01008375,Newcastle upon Tyne 008C,Violence and sexual offences,Investigation complete; no suspect identified,
6a61aba5a99ef7275f11447d506debb332eafb69b8ce302226258497b8c8bad7,2024-10,Northumbria Police,Northumbria Police,-1.654132,55.006073,On or near Sherringham Avenue,E01008375,Newcastle upon Tyne 008C,Violence and sexual offences,Investigation complete; no suspect identified,
4d133bc26d72cbb22627c7e953f9d8b9ac6758938a85ff70c53e57430ba429b0,2024-10,Northumbria Police,Northumbria Police,-1.655406,54.999741,On or near Bygate Close,E01008375,Newcastle upon Tyne 008C,Violence and sexual offences,Status update unavailable,
d72eeaa347c0b3457944bbc64206c00ac88231ecb069d76e930e6a0caa81f1f8,2024-10,Northumbria Police,Northumbria Police,-1.655860,55.005098,On or near Balmain Road,E01008375,Newcastle upon Tyne 008C,Violence and sexual offences,Status update unavailable,
e867df4c9ef1c5f88d15eb539a6db528a7a46b735e990e6884c0c22364376463,2024-10,Northumbria Police,Northumbria Police,-1.653921,55.001579,On or near Dene Bank View,E01008375,Newcastle upon Tyne 008C,Violence and sexual offences,Status update unavailable,
e7b2d4ddb485136e8f8ab6d4c847daee4ca19513951fc484c358fe9fa021b4b4,2024-10,Northumbria Police,Northumbria Police,-1.655406,54.999741,On or near Bygate Close,E01008375,Newcastle upon Tyne 008C,Violence and sexual offences,Status update unavailable,
626e6a4904527485ce776441dbb0692f73578417cde5517e1900ed9f089bc811,2024-10,Northumbria Police,Northumbria Police,-1.655406,54.999741,On or near Bygate Close,E01008375,Newcastle upon Tyne 008C,Violence and sexual offences,Status update unavailable,
ceeba630b7ef99895fb91119a64c4f7e86ecad500245647814db0f5ec42c00ed,2024-10,Northumbria Police,Northumbria Police,-1.647809,55.005093,On or near Rosewood Gardens,E01008376,Newcastle upon Tyne 008D,Violence and sexual offences,Status update unavailable,
,2024-10,Northumbria Police,Northumbria Police,-1.666020,55.001622,On or near Petrol Station,E01008377,Newcastle upon Tyne 008E,Anti-social behaviour,,
,2024-10,Northumbria Police,Northumbria Police,-1.662889,54.998387,On or near Highland Road,E01008377,Newcastle upon Tyne 008E,Anti-social behaviour,,
,2024-10,Northumbria Police,Northumbria Police,-1.662889,54.998387,On or near Highland Road,E01008377,Newcastle upon Tyne 008E,Anti-social behaviour,,
,2024-10,Northumbria Police,Northumbria Police,-1.659647,55.001047,On or near Bedale Green,E01008377,Newcastle upon Tyne 008E,Anti-social behaviour,,
1dd23e93b35e180eb2e2c193e1e9d29b291b816e4740267d6e828644b68c3440,2024-10,Northumbria Police,Northumbria Police,-1.659529,54.996473,On or near Heathfield Crescent,E01008377,Newcastle upon Tyne 008E,Criminal damage and arson,Investigation complete; no suspect identified,
465d0e39ad077bf278239e1b0215ddb75d02be9ca8b73b8c8dda762cfa5984df,2024-10,Northumbria Police,Northumbria Police,-1.662889,54.998387,On or near Highland Road,E01008377,Newcastle upon Tyne 008E,Criminal damage and arson,Status update unavailable,
3894f1dd20aeaad4a9486fd68b1772b12d2a45f82f51a845ef5e6ee360839610,2024-10,Northumbria Police,Northumbria Police,-1.659529,54.996473,On or near Heathfield Crescent,E01008377,Newcastle upon Tyne 008E,Criminal damage and arson,Status update unavailable,
2270ec0eda08da2d0d3a0a7915b9a26439e7c7461e5091cbbac084083105cc34,2024-10,Northumbria Police,Northumbria Police,-1.661561,54.996452,On or near Middle Garth,E01008377,Newcastle upon Tyne 008E,Drugs,Court result unavailable,
b8ed662b0aa7c6c437728ab6bae3d6faf909d027b9806a58077b31a2c4746122,2024-10,Northumbria Police,Northumbria Police,-1.660383,55.000816,On or near Bowfell Avenue,E01008377,Newcastle upon Tyne 008E,Possession of weapons,Investigation complete; no suspect identified,
1f9cc6fa6d0011cd6a1e1fb94aa2ca05fc6e53ae1b6fae002af3653fdd46f88d,2024-10,Northumbria Police,Northumbria Police,-1.666020,55.001622,On or near Petrol Station,E01008377,Newcastle upon Tyne 008E,Shoplifting,Investigation complete; no suspect identified,
0e6db418e453df208b6aaa3e2cd002a7b974c1b61595a49b9e1240fbb145c75e,2024-10,Northumbria Police,Northumbria Police,-1.666020,55.001622,On or near Petrol Station,E01008377,Newcastle upon Tyne 008E,Shoplifting,Status update unavailable,
525b83ca5ff18f6491f08b4a4d0ac7a880725d2a468cee30f3020bf99af1441f,2024-10,Northumbria Police,Northumbria Police,-1.666020,55.001622,On or near Petrol Station,E01008377,Newcastle upon Tyne 008E,Shoplifting,Investigation complete; no suspect identified,
22862d5a48e6abbbc867c7abac7518ac1ecf655464be1e3ea82d545fd04942c3,2024-10,Northumbria Police,Northumbria Police,-1.661420,54.996496,On or near Hillsleigh Road,E01008377,Newcastle upon Tyne 008E,Violence and sexual offences,Court result unavailable,
637f9839e16797470abed46d4dcaa65c2a11093350a6f94e431e7d015636314f,2024-10,Northumbria Police,Northumbria Police,-1.658730,54.998511,On or near Grasswell Drive,E01008377,Newcastle upon Tyne 008E,Violence and sexual offences,Status update unavailable,
0c7b39fc8b9f9468683f162f70947078d46ea4087643441e0d11937ffad342e7,2024-10,Northumbria Police,Northumbria Police,-1.661420,54.996496,On or near Hillsleigh Road,E01008377,Newcastle upon Tyne 008E,Violence and sexual offences,Status update unavailable,
b6286e41846a40efa94c670fd69af8737dfb5c7948a7fe2fe780a86ffc206948,2024-10,Northumbria Police,Northumbria Police,-1.659264,55.001981,On or near Moor Lane,E01008377,Newcastle upon Tyne 008E,Violence and sexual offences,Status update unavailable,
a3a646ea506d80bf4ffae1e3c57616d4e816dee7224828b3ec98f50d9dab7890,2024-10,Northumbria Police,Northumbria Police,-1.666020,55.001622,On or near Petrol Station,E01008377,Newcastle upon Tyne 008E,Violence and sexual offences,Status update unavailable,
0d0da10fbea98a4caeefcc5188a6a56d75e9c2e6cbd3a59200233c83b7e81f6c,2024-10,Northumbria Police,Northumbria Police,-1.659264,55.001981,On or near Moor Lane,E01008377,Newcastle upon Tyne 008E,Violence and sexual offences,Investigation complete; no suspect identified,
adcffdf8c13181288344746b5af9c9b3f79e18caa41242338883d3a8e678b1b8,2024-10,Northumbria Police,Northumbria Police,-1.663007,55.001164,On or near Elvaston Crescent,E01008377,Newcastle upon Tyne 008E,Violence and sexual offences,Status update unavailable,
75e22134c05e59d27405584128209863ca779fb832a83fc5bbbff8796c00ea2b,2024-10,Northumbria Police,Northumbria Police,-1.659264,55.001981,On or near Moor Lane,E01008377,Newcastle upon Tyne 008E,Violence and sexual offences,Status update unavailable,
bfa7c4d94a77871e10dccbde003be5955a1d73cc75183619793ca1c008708e8d,2024-10,Northumbria Police,Northumbria Police,-1.659264,55.001981,On or near Moor Lane,E01008377,Newcastle upon Tyne 008E,Violence and sexual offences,Status update unavailable,
c38cb7f7915f16fa8dfceb96d02623bf622fa81d3e135d50d0297f112e3bf5d2,2024-10,Northumbria Police,Northumbria Police,-1.659264,55.001981,On or near Moor Lane,E01008377,Newcastle upon Tyne 008E,Violence and sexual offences,Status update unavailable,
0527075a6f539c3fc0c0ec07f1655c43376481523d92cda2cd0881da24edb40e,2024-10,Northumbria Police,Northumbria Police,-1.659264,55.001981,On or near Moor Lane,E01008377,Newcastle upon Tyne 008E,Violence and sexual offences,Status update unavailable,
2cef362e0be5e4de3cd0c0442cb3bcf569da098eb476cf1329fac0cd0230c4d7,2024-10,Northumbria Police,Northumbria Police,-1.659264,55.001981,On or near Moor Lane,E01008377,Newcastle upon Tyne 008E,Violence and sexual offences,Status update unavailable,
f261d298d45976fb9d38e1ef475c7c54f556074070a4bb34ba88151b5c2b87f9,2024-10,Northumbria Police,Northumbria Police,-1.658730,54.998511,On or near Grasswell Drive,E01008377,Newcastle upon Tyne 008E,Violence and sexual offences,Status update unavailable,
,2024-10,Northumbria Police,Northumbria Police,-1.643002,54.998762,On or near The Green,E01008379,Newcastle upon Tyne 008F,Anti-social behaviour,,
,2024-10,Northumbria Police,Northumbria Police,-1.642985,54.997243,On or near Wyndley Place,E01008379,Newcastle upon Tyne 008F,Anti-social behaviour,,
,2024-10,Northumbria Police,Northumbria Police,-1.652431,54.998448,On or near Brigham Close,E01008379,Newcastle upon Tyne 008F,Anti-social behaviour,,
,2024-10,Northumbria Police,Northumbria Police,-1.643857,54.997578,On or near Walnut Place,E01008379,Newcastle upon Tyne 008F,Anti-social behaviour,,
,2024-10,Northumbria Police,Northumbria Police,-1.644516,54.999036,On or near Arlington Avenue,E01008379,Newcastle upon Tyne 008F,Anti-social behaviour,,
2327f277ffa9e10545dd9c2363c7b511ba56126e63c41608254b324817fea20f,2024-10,Northumbria Police,Northumbria Police,-1.644516,54.999036,On or near Arlington Avenue,E01008379,Newcastle upon Tyne 008F,Criminal damage and arson,Investigation complete; no suspect identified,
2f07ed4dd5275c74f1337c4ca6aa554a3b7a0090d73c156edfc49c65b3ffaea7,2024-10,Northumbria Police,Northumbria Police,-1.644516,54.999036,On or near Arlington Avenue,E01008379,Newcastle upon Tyne 008F,Violence and sexual offences,Status update unavailable,
74be87cbaaf02861cd54107e0316613569c6e47fcd53443aa05008f9e517f851,2024-10,Northumbria Police,Northumbria Police,-1.644516,54.999036,On or near Arlington Avenue,E01008379,Newcastle upon Tyne 008F,Violence and sexual offences,Status update unavailable,
a51d9b8ff1d215e408f8075c88c6f196410bb43effa3c72551881b207e7943fa,2024-10,Northumbria Police,Northumbria Police,-1.650393,54.999197,On or near Brigham Avenue,E01008379,Newcastle upon Tyne 008F,Violence and sexual offences,Status update unavailable,
8d51ae46c888df2ac470d1e847cbfef58dbd3644c0489b6dcb3c08ee55de3f76,2024-10,Northumbria Police,Northumbria Police,-1.647674,54.999018,On or near Montpellier Place,E01008379,Newcastle upon Tyne 008F,Violence and sexual offences,Status update unavailable,
,2024-10,Northumbria Police,Northumbria Police,-1.653594,54.990480,On or near Moorhead Mews,E01008380,Newcastle upon Tyne 008G,Anti-social behaviour,,
,2024-10,Northumbria Police,Northumbria Police,-1.653594,54.990480,On or near Moorhead Mews,E01008380,Newcastle upon Tyne 008G,Anti-social behaviour,,
,2024-10,Northumbria Police,Northumbria Police,-1.653594,54.990480,On or near Moorhead Mews,E01008380,Newcastle upon Tyne 008G,Anti-social behaviour,,
,2024-10,Northumbria Police,Northumbria Police,-1.653594,54.990480,On or near Moorhead Mews,E01008380,Newcastle upon Tyne 008G,Anti-social behaviour,,
,2024-10,Northumbria Police,Northumbria Police,-1.653594,54.990480,On or near Moorhead Mews,E01008380,Newcastle upon Tyne 008G,Anti-social behaviour,,
,2024-10,Northumbria Police,Northumbria Police,-1.653594,54.990480,On or near Moorhead Mews,E01008380,Newcastle upon Tyne 008G,Anti-social behaviour,,
,2024-10,Northumbria Police,Northumbria Police,-1.659050,54.995798,On or near Eastern Way,E01008380,Newcastle upon Tyne 008G,Anti-social behaviour,,
,2024-10,Northumbria Police,Northumbria Police,-1.659050,54.995798,On or near Eastern Way,E01008380,Newcastle upon Tyne 008G,Anti-social behaviour,,
,2024-10,Northumbria Police,Northumbria Police,-1.652874,54.990631,On or near Moor Head,E01008380,Newcastle upon Tyne 008G,Anti-social behaviour,,
,2024-10,Northumbria Police,Northumbria Police,-1.653594,54.990480,On or near Moorhead Mews,E01008380,Newcastle upon Tyne 008G,Anti-social behaviour,,
,2024-10,Northumbria Police,Northumbria Police,-1.653594,54.990480,On or near Moorhead Mews,E01008380,Newcastle upon Tyne 008G,Anti-social behaviour,,
,2024-10,Northumbria Police,Northumbria Police,-1.653594,54.990480,On or near Moorhead Mews,E01008380,Newcastle upon Tyne 008G,Anti-social behaviour,,
28b9f554344c0787bb736a983df384b5c387e2c7c62c9dc93db42c556b943a66,2024-10,Northumbria Police,Northumbria Police,-1.656867,54.995234,On or near Deepdale Crescent,E01008380,Newcastle upon Tyne 008G,Burglary,Status update unavailable,
3ff8b9f381b9b1f6f2fcc61bc1ba2b5953295fa5f0bb0a0ab177c0149be2ad7e,2024-10,Northumbria Police,Northumbria Police,-1.657039,54.993411,On or near Greenhill View,E01008380,Newcastle upon Tyne 008G,Criminal damage and arson,Investigation complete; no suspect identified,
87a218857b043295d481b40234eed128f533d9caeda24ecb2160b26dcd57098c,2024-10,Northumbria Police,Northumbria Police,-1.656867,54.995234,On or near Deepdale Crescent,E01008380,Newcastle upon Tyne 008G,Other theft,Investigation complete; no suspect identified,
ce3adeffa2c468bf5cbbfa0614d1fc7a265bfb855f0995421d97f2c20d96b620,2024-10,Northumbria Police,Northumbria Police,-1.656794,54.996465,On or near Moorview Crescent,E01008380,Newcastle upon Tyne 008G,Public order,Status update unavailable,
d759ae6ddfcaa9bbb93a99626ef72f9b09915a6756fd20ac1bd3e74a4eaf1809,2024-10,Northumbria Police,Northumbria Police,-1.653594,54.990480,On or near Moorhead Mews,E01008380,Newcastle upon Tyne 008G,Public order,Status update unavailable,
ddc9b5286826a95cfff2dd5f22c8ce020e60c2cc9f3f2a5b06e072cf8e45efa1,2024-10,Northumbria Police,Northumbria Police,-1.655371,54.990980,On or near Rose Terrace,E01008380,Newcastle upon Tyne 008G,Violence and sexual offences,Investigation complete; no suspect identified,
e127a2d69c74197a9d7699c05599d09ab1548df048ab5bbc99327f52ca9f62c4,2024-10,Northumbria Police,Northumbria Police,-1.653594,54.990480,On or near Moorhead Mews,E01008380,Newcastle upon Tyne 008G,Violence and sexual offences,Status update unavailable,
25924a749bdbf2d2daffebf842e93892c4336960fe5b9d5d8358ba488ca32cb0,2024-10,Northumbria Police,Northumbria Police,-1.654674,54.992119,On or near Fouracres Road,E01008380,Newcastle upon Tyne 008G,Violence and sexual offences,Investigation complete; no suspect identified,
95ddffe119a844511bb3623ed0f29fabb7d48763990ad9933f58353e1f148557,2024-10,Northumbria Police,Northumbria Police,-1.655227,54.993199,On or near Link Road,E01008380,Newcastle upon Tyne 008G,Violence and sexual offences,Status update unavailable,
beb7266ad5d88a557f65ac95062b80c030fad5128a4396d64892980639d5660a,2024-10,Northumbria Police,Northumbria Police,-1.655227,54.993199,On or near Link Road,E01008380,Newcastle upon Tyne 008G,Violence and sexual offences,Status update unavailable,
01d25f2452d793daba4f50c89eb87c61a124d0f418c5efb9145e4f91754e6e80,2024-10,Northumbria Police,Northumbria Police,-1.655951,54.992599,On or near Chestnut Avenue,E01008380,Newcastle upon Tyne 008G,Violence and sexual offences,Status update unavailable,
a86ed301ee09d1f0030f9851c31d66409a810f7dbc157977ee37b79c493aa4df,2024-10,Northumbria Police,Northumbria Police,-1.655371,54.990980,On or near Rose Terrace,E01008380,Newcastle upon Tyne 008G,Violence and sexual offences,Status update unavailable,
cb1a62da30c8867626c602646451c464018f6ec5b08c17eac48d2068bac66b60,2024-10,Northumbria Police,Northumbria Police,-1.655951,54.992599,On or near Chestnut Avenue,E01008380,Newcastle upon Tyne 008G,Other crime,Investigation complete; no suspect identified,
470b4d9c51a403b8224f0858615a55e2afbfad02abb43e9441a357116fe073c7,2024-10,Northumbria Police,Northumbria Police,-1.677526,55.001644,On or near Lampeter Close,E01008296,Newcastle upon Tyne 011A,Violence and sexual offences,Investigation complete; no suspect identified,
bfbb39581c7b43096d22792aa848684b9d2507a11e542b09218132838cae0ed0,2024-10,Northumbria Police,Northumbria Police,-1.679407,55.002961,On or near Haggerston Close,E01008296,Newcastle upon Tyne 011A,Violence and sexual offences,Status update unavailable,
c8722e9dbd0abc74af05c5739f8e8388ab666c69fe8f249ce0daff87e60cad39,2024-10,Northumbria Police,Northumbria Police,-1.677020,55.002317,On or near Brecon Close,E01008296,Newcastle upon Tyne 011A,Violence and sexual offences,Investigation complete; no suspect identified,
,2024-10,Northumbria Police,Northumbria Police,-1.665513,54.991116,On or near Togstone Place,E01008297,Newcastle upon Tyne 011B,Anti-social behaviour,,
,2024-10,Northumbria Police,Northumbria Police,-1.666473,54.994129,On or near Cambo Green,E01008297,Newcastle upon Tyne 011B,Anti-social behaviour,,
3375ed1733542a0f191da1315efe77957bbc5a38a399d26c4cf0997b592c9052,2024-10,Northumbria Police,Northumbria Police,-1.667303,54.993915,On or near Wychcroft Way,E01008297,Newcastle upon Tyne 011B,Burglary,Investigation complete; no suspect identified,
22e15357969101e7ef74bf5052f394d34554581b494d2a8b22e2ff1d21356824,2024-10,Northumbria Police,Northumbria Police,-1.666327,54.990938,On or near Hadstone Place,E01008297,Newcastle upon Tyne 011B,Criminal damage and arson,Investigation complete; no suspect identified,
882002cb0136a4df027d25925b9478d225ebd1a8db2eac5fa065d5977b58edb0,2024-10,Northumbria Police,Northumbria Police,-1.667178,54.990204,On or near Blakemoor Place,E01008297,Newcastle upon Tyne 011B,Criminal damage and arson,Investigation complete; no suspect identified,
32eeec6b4d80ab11d730860f0bf8795c78a28dba4539b54e2727db32305d8802,2024-10,Northumbria Police,Northumbria Police,-1.672550,54.996437,On or near Colwyne Place,E01008297,Newcastle upon Tyne 011B,Criminal damage and arson,Status update unavailable,
bee20671be9031da61e6ec76569df640eaa86e618691ef73c6ea07a2ed093523,2024-10,Northumbria Police,Northumbria Police,-1.672550,54.996437,On or near Colwyne Place,E01008297,Newcastle upon Tyne 011B,Other theft,Status update unavailable,
fd3dd7b8d8da35d0516d929f3477dda7b6c2d056010439a02dab4b22c52d823d,2024-10,Northumbria Police,Northumbria Police,-1.667178,54.990204,On or near Blakemoor Place,E01008297,Newcastle upon Tyne 011B,Other theft,Status update unavailable,
070f8a8275e0a4fd716930a3062213e0c3b8c10d3a5cee91fe364da59bf30297,2024-10,Northumbria Police,Northumbria Police,-1.668252,54.994439,On or near Sunnyway,E01008297,Newcastle upon Tyne 011B,Vehicle crime,Investigation complete; no suspect identified,
bc714f18a414b6c88351c4eac972871d1b8572cb9945bedaea3e8d8674c42a56,2024-10,Northumbria Police,Northumbria Police,-1.667188,54.996548,On or near Rowan Way,E01008297,Newcastle upon Tyne 011B,Vehicle crime,Investigation complete; no suspect identified,
75b4da536e200e139038465a6e00454c95f5b1fc403dd29c5dea3ed6f29fdd13,2024-10,Northumbria Police,Northumbria Police,-1.665446,54.995465,On or near Prunus Walk,E01008297,Newcastle upon Tyne 011B,Vehicle crime,Investigation complete; no suspect identified,
8f598ca2cb253ee0ed7dce2b73722a9081adab805c9c1794fe4691360bfd99b1,2024-10,Northumbria Police,Northumbria Police,-1.668361,54.996372,On or near Foxglove Walk,E01008297,Newcastle upon Tyne 011B,Violence and sexual offences,Investigation complete; no suspect identified,
151ee77e56061aeae534aa2c6874cda550137526cb89bead83ef2390769b0de5,2024-10,Northumbria Police,Northumbria Police,-1.668252,54.994439,On or near Sunnyway,E01008297,Newcastle upon Tyne 011B,Violence and sexual offences,Investigation complete; no suspect identified,
a2ab8b45ba90c65464ba296f892ca8e4049d4e62282b82fee8c50a3fcf977fd1,2024-10,Northumbria Police,Northumbria Police,-1.668361,54.996372,On or near Foxglove Walk,E01008297,Newcastle upon Tyne 011B,Violence and sexual offences,Investigation complete; no suspect identified,
01573fcb457a3c0474e37dfad479f736cdc575b36443bddb08b3214f25006c44,2024-10,Northumbria Police,Northumbria Police,-1.668611,54.992643,On or near Carwarding Place,E01008297,Newcastle upon Tyne 011B,Violence and sexual offences,Investigation complete; no suspect identified,
2543e593275c58de54bf19b1710dbbad943ce3f458012a24288ffbfcc56ccef0,2024-10,Northumbria Police,Northumbria Police,-1.665513,54.991116,On or near Togstone Place,E01008297,Newcastle upon Tyne 011B,Violence and sexual offences,Investigation complete; no suspect identified,
62ef128a3ba63d82a52f1a91c882a550808201f6345b16db4cc0ec2bf0992f23,2024-10,Northumbria Police,Northumbria Police,-1.667178,54.990204,On or near Blakemoor Place,E01008297,Newcastle upon Tyne 011B,Violence and sexual offences,Status update unavailable,
,2024-10,Northumbria Police,Northumbria Police,-1.675652,54.995573,On or near Melvin Place,E01008298,Newcastle upon Tyne 011C,Anti-social behaviour,,
,2024-10,Northumbria Police,Northumbria Police,-1.675867,54.996068,On or near Abercrombie Place,E01008298,Newcastle upon Tyne 011C,Anti-social behaviour,,
,2024-10,Northumbria Police,Northumbria Police,-1.675867,54.996068,On or near Abercrombie Place,E01008298,Newcastle upon Tyne 011C,Anti-social behaviour,,
,2024-10,Northumbria Police,Northumbria Police,-1.675652,54.995573,On or near Melvin Place,E01008298,Newcastle upon Tyne 011C,Anti-social behaviour,,
,2024-10,Northumbria Police,Northumbria Police,-1.675652,54.995573,On or near Melvin Place,E01008298,Newcastle upon Tyne 011C,Anti-social behaviour,,
fbac909d026aa4009a09f40190b3dbdd2c9d4f7ecbca2063867c77e6bf01d386,2024-10,Northumbria Police,Northumbria Police,-1.673081,54.998388,On or near Avonlea Way,E01008298,Newcastle upon Tyne 011C,Bicycle theft,Investigation complete; no suspect identified,
2d3ca84f4deef37fc0da128f3738fe6d7ec99e50d775084b8d57adf7a7b2a59a,2024-10,Northumbria Police,Northumbria Police,-1.673081,54.998388,On or near Avonlea Way,E01008298,Newcastle upon Tyne 011C,Criminal damage and arson,Status update unavailable,
82a0623b1fe0dedd9e29e4d3d5b509d92fc6a58ad4051c7125ce4209e259023b,2024-10,Northumbria Police,Northumbria Police,-1.675652,54.995573,On or near Melvin Place,E01008298,Newcastle upon Tyne 011C,Criminal damage and arson,Investigation complete; no suspect identified,
e492b8195c07cce5df6a57e15aa41c97b1ad0a698b370747b2b0e53cc080f75d,2024-10,Northumbria Police,Northumbria Police,-1.675652,54.995573,On or near Melvin Place,E01008298,Newcastle upon Tyne 011C,Criminal damage and arson,Status update unavailable,
9f6c465ae0ab257e19fc354502d2bdeb233082160c6ad8fb59c1566dd6ab5900,2024-10,Northumbria Police,Northumbria Police,-1.674935,54.997189,On or near Yatesbury Avenue,E01008298,Newcastle upon Tyne 011C,Criminal damage and arson,Investigation complete; no suspect identified,
62768ac35ba64fba27497ba43027de03f7c6fb7c8a046f0e14e1ba2c63385bdd,2024-10,Northumbria Police,Northumbria Police,-1.679737,54.996833,On or near Wellfield Lane,E01008298,Newcastle upon Tyne 011C,Criminal damage and arson,Status update unavailable,
c0e7a92b71aa4c557b32d2563e4103aa601b931b7ac58ce4a8bb022511b7524c,2024-10,Northumbria Police,Northumbria Police,-1.673081,54.998388,On or near Avonlea Way,E01008298,Newcastle upon Tyne 011C,Drugs,Investigation complete; no suspect identified,
7a665b272004e60a91d55fb95d629c70764dc2ec52e61a947694156587baefc6,2024-10,Northumbria Police,Northumbria Police,-1.680443,54.998480,On or near Furness Grove,E01008298,Newcastle upon Tyne 011C,Other theft,Investigation complete; no suspect identified,
60353fe5776520f7d5ea3c4800df4e2014b6e064b4adacd15cb4f803fe784986,2024-10,Northumbria Police,Northumbria Police,-1.675652,54.995573,On or near Melvin Place,E01008298,Newcastle upon Tyne 011C,Other theft,Status update unavailable,
a62b0da53de4562a3c8ab638d3a62b171746b5a1868e471b00874b15da849c08,2024-10,Northumbria Police,Northumbria Police,-1.675652,54.995573,On or near Melvin Place,E01008298,Newcastle upon Tyne 011C,Public order,Investigation complete; no suspect identified,
d33d360e20aa7f86e44d7c1f11f2d3645f3f9474c40997e11bc473a7571014e3,2024-10,Northumbria Police,Northumbria Police,-1.675652,54.995573,On or near Melvin Place,E01008298,Newcastle upon Tyne 011C,Public order,Investigation complete; no suspect identified,
50a7b18e61e9a22acc59324842d6a1ec3ff625c71e286cc6e70c58da7bf71a7a,2024-10,Northumbria Police,Northumbria Police,-1.674772,54.996164,On or near Chandra Place,E01008298,Newcastle upon Tyne 011C,Shoplifting,Court result unavailable,
f34bc9517de02c7446c5f099dbd201bca082f5378b6ec22a9d66b135f2d62fdf,2024-10,Northumbria Police,Northumbria Police,-1.680202,55.000104,On or near Police Station,E01008298,Newcastle upon Tyne 011C,Theft from the person,Status update unavailable,
749eef3a12ce02b60713360ee4b104b15a6dd964cc6c61522c8c0a4d1adc9d98,2024-10,Northumbria Police,Northumbria Police,-1.675867,54.996068,On or near Abercrombie Place,E01008298,Newcastle upon Tyne 011C,Violence and sexual offences,Investigation complete; no suspect identified,
2cc724d2940ad9ffb576de9d2d8ba950f1b02aec6298840cb5f42859e4722a8f,2024-10,Northumbria Police,Northumbria Police,-1.679737,54.996833,On or near Wellfield Lane,E01008298,Newcastle upon Tyne 011C,Violence and sexual offences,Status update unavailable,
5f9035d43f987f11aeaaffff97657e0d94bfe2d7946ccaf32ab251cbde337b3b,2024-10,Northumbria Police,Northumbria Police,-1.674542,54.995588,On or near Waltham Place,E01008298,Newcastle upon Tyne 011C,Violence and sexual offences,Investigation complete; no suspect identified,
d52f5c6aea0172d88724b9393b86636dd11e7ad69f41a5f2ba62a5f7f132d96f,2024-10,Northumbria Police,Northumbria Police,-1.679737,54.996833,On or near Wellfield Lane,E01008298,Newcastle upon Tyne 011C,Violence and sexual offences,Status update unavailable,
a901e7fa2b55b5692f2cc92285a868e47320667c020fae4570200140344e44ac,2024-10,Northumbria Police,Northumbria Police,-1.676731,54.995450,On or near Curzon Place,E01008298,Newcastle upon Tyne 011C,Violence and sexual offences,Status update unavailable,
8779395dcecf3ba69fa55c2e3080339b90a24c94380bfa7a9547b762c7b6bc2f,2024-10,Northumbria Police,Northumbria Police,-1.679737,54.996833,On or near Wellfield Lane,E01008298,Newcastle upon Tyne 011C,Violence and sexual offences,Investigation complete; no suspect identified,
b8edeab1e1ce5512eb918dbc83669f8c54be4a8f0a17a5a144838aa4a702854e,2024-10,Northumbria Police,Northumbria Police,-1.673081,54.998388,On or near Avonlea Way,E01008298,Newcastle upon Tyne 011C,Violence and sexual offences,Investigation complete; no suspect identified,
aeb12510f89c8b74796306bb75db5442e14ce85e2b3b50f49484b2ae9e36df05,2024-10,Northumbria Police,Northumbria Police,-1.674772,54.996164,On or near Chandra Place,E01008298,Newcastle upon Tyne 011C,Violence and sexual offences,Investigation complete; no suspect identified,
827e1dcd044c2e788701c0eb679ef2a0e69b573359acd4530ed26ff2594612e8,2024-10,Northumbria Police,Northumbria Police,-1.675652,54.995573,On or near Melvin Place,E01008298,Newcastle upon Tyne 011C,Violence and sexual offences,Investigation complete; no suspect identified,
b016f052ce5cab17c01117bf39acaee4d06625ed6bf36288e7aacf323416430d,2024-10,Northumbria Police,Northumbria Police,-1.680443,54.998480,On or near Furness Grove,E01008298,Newcastle upon Tyne 011C,Violence and sexual offences,Status update unavailable,
cd14ed2d01628c3acce4bd836b160f6d0af33f82cf70872e0dc5aecdda71f0aa,2024-10,Northumbria Police,Northumbria Police,-1.674542,54.995588,On or near Waltham Place,E01008298,Newcastle upon Tyne 011C,Violence and sexual offences,Status update unavailable,
819319bd712978f784505ff38c2d3f9409dabd234ce6fa87e26bda00466dc28f,2024-10,Northumbria Police,Northumbria Police,-1.679737,54.996833,On or near Wellfield Lane,E01008298,Newcastle upon Tyne 011C,Violence and sexual offences,Status update unavailable,
0fcaf0171a500af828ff9d42861237bf398fc88972dc557a7fb9a1f6a4694442,2024-10,Northumbria Police,Northumbria Police,-1.673081,54.998388,On or near Avonlea Way,E01008298,Newcastle upon Tyne 011C,Violence and sexual offences,Status update unavailable,
af63fac3aa0110da1849592c002db73d02a89c2d3e4b5a59f634d026d4c847e7,2024-10,Northumbria Police,Northumbria Police,-1.675726,54.997964,On or near Histon Way,E01008298,Newcastle upon Tyne 011C,Other crime,Investigation complete; no suspect identified,
,2024-10,Northumbria Police,Northumbria Police,-1.671890,54.994880,On or near Moulton Place,E01008299,Newcastle upon Tyne 011D,Anti-social behaviour,,
,2024-10,Northumbria Police,Northumbria Police,-1.672851,54.994029,On or near Binswood Avenue,E01008299,Newcastle upon Tyne 011D,Anti-social behaviour,,
,2024-10,Northumbria Police,Northumbria Police,-1.671890,54.994880,On or near Moulton Place,E01008299,Newcastle upon Tyne 011D,Anti-social behaviour,,
,2024-10,Northumbria Police,Northumbria Police,-1.671890,54.994880,On or near Moulton Place,E01008299,Newcastle upon Tyne 011D,Anti-social behaviour,,
313dde7916eabb47f5b3e16b8c95bb8e937f14bd0567d05897a56db92c0916d9,2024-10,Northumbria Police,Northumbria Police,-1.671890,54.994880,On or near Moulton Place,E01008299,Newcastle upon Tyne 011D,Criminal damage and arson,Investigation complete; no suspect identified,
3d35b3c8e3fdcaa9eedfa57d0b211d2fefa50c9448449fa17219b71430e0d3b7,2024-10,Northumbria Police,Northumbria Police,-1.671890,54.994880,On or near Moulton Place,E01008299,Newcastle upon Tyne 011D,Criminal damage and arson,Investigation complete; no suspect identified,
a7c10bd6a85498af0a0ecfe560ad5ec857c27e2ea2b9ec3d3cd6d27ab83985a6,2024-10,Northumbria Police,Northumbria Police,-1.674839,54.991725,On or near Fulwell Green,E01008299,Newcastle upon Tyne 011D,Criminal damage and arson,Investigation complete; no suspect identified,
da90874ad538e23d581d359bd811274ea67fa617c957c7f6d18c5ab593981166,2024-10,Northumbria Police,Northumbria Police,-1.670884,54.991831,On or near Lindfield Avenue,E01008299,Newcastle upon Tyne 011D,Other theft,Investigation complete; no suspect identified,
577d1861c7e8363081aa20aa8878c78efcadf9439034502775bd0da5b2abfa03,2024-10,Northumbria Police,Northumbria Police,-1.671274,54.993809,On or near Roundhill Avenue,E01008299,Newcastle upon Tyne 011D,Public order,Investigation complete; no suspect identified,
47a8b45cc30d010da441a87146a1f49c8fb67f0847ce1f6c241a747af0b432d2,2024-10,Northumbria Police,Northumbria Police,-1.672851,54.994029,On or near Binswood Avenue,E01008299,Newcastle upon Tyne 011D,Public order,Status update unavailable,
06e08117b8d2867e3cf2169bce5cec2a60a2a87e4a7f6e6e3accaafc0d48b7ef,2024-10,Northumbria Police,Northumbria Police,-1.671890,54.994880,On or near Moulton Place,E01008299,Newcastle upon Tyne 011D,Shoplifting,Investigation complete; no suspect identified,
fcc24181f67d6e6b4533fee43fadd4e2a4d0c11ecc8fd4603bf24c2600e21481,2024-10,Northumbria Police,Northumbria Police,-1.673333,54.990472,On or near Barclay Place,E01008299,Newcastle upon Tyne 011D,Shoplifting,Investigation complete; no suspect identified,
73f18113ea122b46599280703c7507ef3273048e3b08387f66a96bd16ae80fc1,2024-10,Northumbria Police,Northumbria Police,-1.671890,54.994880,On or near Moulton Place,E01008299,Newcastle upon Tyne 011D,Shoplifting,Status update unavailable,
f7069632bae2b907b8b900a75cbbaba438a709e017a7e71da726e381bb9c10e4,2024-10,Northumbria Police,Northumbria Police,-1.671890,54.994880,On or near Moulton Place,E01008299,Newcastle upon Tyne 011D,Shoplifting,Status update unavailable,
3016605b6ecb7782290b9f1ccc9a2adf8b70fa1309f0c8319df04b3b61e8eb0e,2024-10,Northumbria Police,Northumbria Police,-1.671890,54.994880,On or near Moulton Place,E01008299,Newcastle upon Tyne 011D,Shoplifting,Status update unavailable,
04e5e106a307b3f441a5e1737c36b0c86dc7a2f0c2c287aebf188ec9e0b1c9e1,2024-10,Northumbria Police,Northumbria Police,-1.671890,54.994880,On or near Moulton Place,E01008299,Newcastle upon Tyne 011D,Shoplifting,Status update unavailable,
1bedd57f8bff3ad69e9a1eee5eebda6bd1d0a4fbf4f45c6b87c9cf95bb74ce82,2024-10,Northumbria Police,Northumbria Police,-1.671890,54.994880,On or near Moulton Place,E01008299,Newcastle upon Tyne 011D,Shoplifting,Status update unavailable,
,2024-10,Northumbria Police,Northumbria Police,-1.579152,54.998253,On or near Cornel Road,E01008314,Newcastle upon Tyne 012A,Anti-social behaviour,,
,2024-10,Northumbria Police,Northumbria Police,-1.579152,54.998253,On or near Cornel Road,E01008314,Newcastle upon Tyne 012A,Anti-social behaviour,,
,2024-10,Northumbria Police,Northumbria Police,-1.576977,54.996906,On or near Supermarket,E01008314,Newcastle upon Tyne 012A,Anti-social behaviour,,
,2024-10,Northumbria Police,Northumbria Police,-1.576977,54.996906,On or near Supermarket,E01008314,Newcastle upon Tyne 012A,Anti-social behaviour,,
,2024-10,Northumbria Police,Northumbria Police,-1.576977,54.996906,On or near Supermarket,E01008314,Newcastle upon Tyne 012A,Anti-social behaviour,,
,2024-10,Northumbria Police,Northumbria Police,-1.579152,54.998253,On or near Cornel Road,E01008314,Newcastle upon Tyne 012A,Anti-social behaviour,,
6885d3ee4ba8aa66e5270ee02b0609e67e2065c4030416d596dc9da1d1b2d617,2024-10,Northumbria Police,Northumbria Police,-1.579152,54.998253,On or near Cornel Road,E01008314,Newcastle upon Tyne 012A,Drugs,Investigation complete; no suspect identified,
e405db482b588e39344dbc6269c18d2a3ec01fb19f5ea024ae647e391ef38666,2024-10,Northumbria Police,Northumbria Police,-1.579152,54.998253,On or near Cornel Road,E01008314,Newcastle upon Tyne 012A,Drugs,Status update unavailable,
38dd20aa31a67514b8686170d0eac51c853506584b4f1d7d37613ff21d5b285f,2024-10,Northumbria Police,Northumbria Police,-1.579095,54.996171,On or near Petrol Station,E01008314,Newcastle upon Tyne 012A,Robbery,Investigation complete; no suspect identified,
90a61459847fe9837dc6268942f6d64b7fde1f1f905de52c917300de7d8fd290,2024-10,Northumbria Police,Northumbria Police,-1.579095,54.996171,On or near Petrol Station,E01008314,Newcastle upon Tyne 012A,Shoplifting,Court result unavailable,
f39e9a612c777ae4102e5feb31f591eb875f56fa40dc4c3abab3baa4a83310bb,2024-10,Northumbria Police,Northumbria Police,-1.579095,54.996171,On or near Petrol Station,E01008314,Newcastle upon Tyne 012A,Shoplifting,Status update unavailable,
875bf5aadab64c614b99cde183b9e32c8a3de81b3933b68a671672075f08d27d,2024-10,Northumbria Police,Northumbria Police,-1.579095,54.996171,On or near Petrol Station,E01008314,Newcastle upon Tyne 012A,Shoplifting,Court result unavailable,
b8057bd3133fb0b4064920a38157122a505e821ebc4e7cd4591bece43226fb50,2024-10,Northumbria Police,Northumbria Police,-1.579095,54.996171,On or near Petrol Station,E01008314,Newcastle upon Tyne 012A,Shoplifting,Court result unavailable,
3360d7da5dc3a160e8bfa13b0a99559aeb4771edfb8862ace80b3d6b6132b7dc,2024-10,Northumbria Police,Northumbria Police,-1.579095,54.996171,On or near Petrol Station,E01008314,Newcastle upon Tyne 012A,Shoplifting,Investigation complete; no suspect identified,
319cda4aae0edd3122233b29005f07f5f4511a02b4a166dd230375d74e7a624a,2024-10,Northumbria Police,Northumbria Police,-1.579095,54.996171,On or near Petrol Station,E01008314,Newcastle upon Tyne 012A,Shoplifting,Status update unavailable,
8042d5dd8a19d5fd61b46b6a7f1d5d3639745c657d9167d40cf996a5ca4d6125,2024-10,Northumbria Police,Northumbria Police,-1.579095,54.996171,On or near Petrol Station,E01008314,Newcastle upon Tyne 012A,Shoplifting,Investigation complete; no suspect identified,
6a7982a85065b8fa7b1bdb2cfed3fdf6c6c0939778748a1ccb123c99a357376a,2024-10,Northumbria Police,Northumbria Police,-1.579095,54.996171,On or near Petrol Station,E01008314,Newcastle upon Tyne 012A,Shoplifting,Court result unavailable,
f4f65844d929f97254abbb2454cdb02c9a66ab33ad5638d7f2ca822ecd6a3acd,2024-10,Northumbria Police,Northumbria Police,-1.579095,54.996171,On or near Petrol Station,E01008314,Newcastle upon Tyne 012A,Shoplifting,Status update unavailable,
dcc46fe1fda65ac5ebda0866037a5047f8bcc24f406dae2cc3b80fa2fb6d4f53,2024-10,Northumbria Police,Northumbria Police,-1.579095,54.996171,On or near Petrol Station,E01008314,Newcastle upon Tyne 012A,Shoplifting,Status update unavailable,
7bd1b829688366c572edfcb36816fa01995bbf8849a1db5b90e41485862464c8,2024-10,Northumbria Police,Northumbria Police,-1.579095,54.996171,On or near Petrol Station,E01008314,Newcastle upon Tyne 012A,Violence and sexual offences,Court result unavailable,
,2024-10,Northumbria Police,Northumbria Police,-1.589731,54.995548,On or near Southlands,E01008315,Newcastle upon Tyne 012B,Anti-social behaviour,,
c97df6985b32813eff7664b7fec643273d272bdf4d343ad2d1960a41877604d2,2024-10,Northumbria Police,Northumbria Police,-1.590655,54.996890,On or near Denewell Avenue,E01008315,Newcastle upon Tyne 012B,Criminal damage and arson,Investigation complete; no suspect identified,
ed15ab3bd0cb97db8e9bdf20df34f79da1c7f55c8f335c6bbdccf6a771359410,2024-10,Northumbria Police,Northumbria Police,-1.587301,54.997786,On or near Beanley Place,E01008315,Newcastle upon Tyne 012B,Criminal damage and arson,Status update unavailable,
38a10127a7d742df6a657b1362847ad610d21d36c48849213631c3f659973dc4,2024-10,Northumbria Police,Northumbria Police,-1.586689,54.994953,On or near Newton Road,E01008315,Newcastle upon Tyne 012B,Public order,Status update unavailable,
73bd5e110b29717db5320b58f03e8c9c61035242ed9ea6ce88516385c22e8971,2024-10,Northumbria Police,Northumbria Police,-1.587023,54.995871,On or near Supermarket,E01008315,Newcastle upon Tyne 012B,Shoplifting,Investigation complete; no suspect identified,
abe2f67107c093dbabe559d9b153da875e186ba32682037d9443d0405063c302,2024-10,Northumbria Police,Northumbria Police,-1.591765,54.992275,On or near Dene Close,E01008315,Newcastle upon Tyne 012B,Vehicle crime,Investigation complete; no suspect identified,
ec41b35345857c3aeeefc3c237092871077a89a8727764ef84da2ffec97afb8d,2024-10,Northumbria Police,Northumbria Police,-1.589731,54.995548,On or near Southlands,E01008315,Newcastle upon Tyne 012B,Violence and sexual offences,Investigation complete; no suspect identified,
14297756155d718d6b0ba54639f871a81d920b11895f0b3ef8b6ea7dce493990,2024-10,Northumbria Police,Northumbria Police,-1.586689,54.994953,On or near Newton Road,E01008315,Newcastle upon Tyne 012B,Violence and sexual offences,Status update unavailable,
6a8b72ba0dd3f2920bfc877721f6a10b20246d4a39adde769eafb7b9d5183720,2024-10,Northumbria Police,Northumbria Police,-1.586689,54.994953,On or near Newton Road,E01008315,Newcastle upon Tyne 012B,Violence and sexual offences,Investigation complete; no suspect identified,
8b068c39d196d9a43f7c2d5795205f369632f8290111794f9d1d95feb339817f,2024-10,Northumbria Police,Northumbria Police,-1.566762,54.996178,On or near Vancouver Drive,E01008316,Newcastle upon Tyne 012C,Public order,Status update unavailable,
a60af6a8b8155193df6f59c890a449b6d14205a087c368f3ee615ff8f2da96cf,2024-10,Northumbria Police,Northumbria Police,-1.568997,54.996267,On or near Longridge Avenue,E01008316,Newcastle upon Tyne 012C,Violence and sexual offences,Status update unavailable,
,2024-10,Northumbria Police,Northumbria Police,-1.586509,54.995663,On or near Newton Place,E01008318,Newcastle upon Tyne 012D,Anti-social behaviour,,
9d560ddf3dc995f7b8ef65660033443a6588f88b68c0834bc9aec0c0afd00f52,2024-10,Northumbria Police,Northumbria Police,-1.582244,54.992494,On or near Langton Terrace,E01008318,Newcastle upon Tyne 012D,Burglary,Investigation complete; no suspect identified,
647e9f333f496a9555be5ad4b58133f036a3321553b8b3dae6eb36eabfb19d1d,2024-10,Northumbria Police,Northumbria Police,-1.584049,54.993273,On or near Plessey Terrace,E01008318,Newcastle upon Tyne 012D,Criminal damage and arson,Status update unavailable,
bcde38b21184c40ee240761f1a3ee402e59fa5826444c737875960eeaaf4473a,2024-10,Northumbria Police,Northumbria Police,-1.584049,54.993273,On or near Plessey Terrace,E01008318,Newcastle upon Tyne 012D,Other theft,Investigation complete; no suspect identified,
2bda92066dd7b9ab42c966c7497a82b4f1c6b2ebf61fdc5daf0d8e207f777fca,2024-10,Northumbria Police,Northumbria Police,-1.586509,54.995663,On or near Newton Place,E01008318,Newcastle upon Tyne 012D,Shoplifting,Investigation complete; no suspect identified,
80965ae93adaa3334896bdf223aa40163682d98e683f35bbf11103e6014af43d,2024-10,Northumbria Police,Northumbria Police,-1.577482,54.993538,On or near Hilden Gardens,E01008318,Newcastle upon Tyne 012D,Vehicle crime,Investigation complete; no suspect identified,
520caa207ec14203533a09a71df3096a0d6b3f76d700c0619e5c42efc45aa2c0,2024-10,Northumbria Police,Northumbria Police,-1.581282,54.994773,On or near Acton Place,E01008318,Newcastle upon Tyne 012D,Violence and sexual offences,Investigation complete; no suspect identified,
05821e9c6fb9eb8aac9e1a6e400441f3318302bccd4dbecfbc924de9024c8e6a,2024-10,Northumbria Police,Northumbria Police,-1.584471,54.995881,On or near Sports/Recreation Area,E01008318,Newcastle upon Tyne 012D,Violence and sexual offences,Investigation complete; no suspect identified,
b260440f1a1683cca0f3b30900ce32c219ff0d426d0073db7fc140b6a93ce863,2024-10,Northumbria Police,Northumbria Police,-1.586509,54.995663,On or near Newton Place,E01008318,Newcastle upon Tyne 012D,Violence and sexual offences,Investigation complete; no suspect identified,
1b3ae75f0a07ae3e27d92d5758462f79bced09907e70c7d8f7175ce6bca3e9e0,2024-10,Northumbria Police,Northumbria Police,-1.581282,54.994773,On or near Acton Place,E01008318,Newcastle upon Tyne 012D,Violence and sexual offences,Status update unavailable,
164c4f455bd6b161656deb85399c1f9999c5690fc786240ae5487543216f6d71,2024-10,Northumbria Police,Northumbria Police,-1.582009,54.995531,On or near Craster Terrace,E01008318,Newcastle upon Tyne 012D,Violence and sexual offences,Status update unavailable,
9dbcbb4d5dbb7b8a90226d83d6f0279cd4857a1233c3abb32ae8391b1a1c730b,2024-10,Northumbria Police,Northumbria Police,-1.586509,54.995663,On or near Newton Place,E01008318,Newcastle upon Tyne 012D,Violence and sexual offences,Status update unavailable,
8231b1880e9d07f34b3789afd9edacd71650baa131bc6c943229d0e5173d7466,2024-10,Northumbria Police,Northumbria Police,-1.567327,54.993107,On or near Allerton Gardens,E01008363,Newcastle upon Tyne 012E,Burglary,Investigation complete; no suspect identified,
5efc8ad050f4d15583937ecacda892d6313c1e7cb05886c506c137f571f1de71,2024-10,Northumbria Police,Northumbria Police,-1.569082,54.991226,On or near Debdon Gardens,E01008363,Newcastle upon Tyne 012E,Burglary,Status update unavailable,
d52b4f1d5a7af414313ad84dae6bf265af5660652f876975a77808b4bcc0589e,2024-10,Northumbria Police,Northumbria Police,-1.573418,54.992032,On or near Charminster Gardens,E01008363,Newcastle upon Tyne 012E,Violence and sexual offences,Status update unavailable,
ce5127b7435ba7294dc5bbc481f71a0e898848f8cf2fa1ca2dbd1f3b3fc76db0,2024-10,Northumbria Police,Northumbria Police,-1.572920,54.990422,On or near Sackville Road,E01008363,Newcastle upon Tyne 012E,Violence and sexual offences,Status update unavailable,
a1b0d384b3efae81daa9140566d81f4a36cca94f481a4bf800d06fc605515582,2024-10,Northumbria Police,Northumbria Police,-1.573981,54.992007,On or near Eastcheap,E01008363,Newcastle upon Tyne 012E,Violence and sexual offences,Investigation complete; no suspect identified,
,2024-10,Northumbria Police,Northumbria Police,-1.579404,54.987542,On or near Coquet Terrace,E01008365,Newcastle upon Tyne 012F,Anti-social behaviour,,
,2024-10,Northumbria Police,Northumbria Police,-1.579181,54.989464,On or near Sefton Avenue,E01008365,Newcastle upon Tyne 012F,Anti-social behaviour,,
,2024-10,Northumbria Police,Northumbria Police,-1.582089,54.986338,On or near Burlington Gardens,E01008365,Newcastle upon Tyne 012F,Anti-social behaviour,,
20e4fac2336a5c14f7c78c4ba2bc684b0e6ea16bef059d94f26d1ab99dc1303e,2024-10,Northumbria Police,Northumbria Police,-1.582089,54.986338,On or near Burlington Gardens,E01008365,Newcastle upon Tyne 012F,Burglary,Investigation complete; no suspect identified,
9171b94f2762c99d6ec034d0dc4b396d8a26860e1c6d218ce9381cd0cd937c33,2024-10,Northumbria Police,Northumbria Police,-1.582089,54.986338,On or near Burlington Gardens,E01008365,Newcastle upon Tyne 012F,Burglary,Court result unavailable,
38c23b2a762c7dba61b84e02ba5f37869b6e17b61bca00a993aa9cb313119664,2024-10,Northumbria Police,Northumbria Police,-1.582089,54.986338,On or near Burlington Gardens,E01008365,Newcastle upon Tyne 012F,Criminal damage and arson,Investigation complete; no suspect identified,
c89740c80d3d0b4fa188d54c1f935400ccca2a99f573e21b051e809d2283a2f9,2024-10,Northumbria Police,Northumbria Police,-1.582839,54.987877,On or near Crompton Road,E01008365,Newcastle upon Tyne 012F,Vehicle crime,Investigation complete; no suspect identified,
2d9f497c32a7910c430035fde15225831300397de29166432c0981a8a1201ea5,2024-10,Northumbria Police,Northumbria Police,-1.582277,54.990796,On or near King Edward Road,E01008365,Newcastle upon Tyne 012F,Vehicle crime,Investigation complete; no suspect identified,
3219cd91a9e8effad3b6f043f6ebfff2a8c41d1a8ede196457b637175853f0e3,2024-10,Northumbria Police,Northumbria Police,-1.581384,54.990999,On or near Armstrong Avenue,E01008365,Newcastle upon Tyne 012F,Vehicle crime,Investigation complete; no suspect identified,
525fd5793c45df31ed7dfe10a53f758497dbb653f6ad5cde002070efe8251c62,2024-10,Northumbria Police,Northumbria Police,-1.582839,54.987877,On or near Crompton Road,E01008365,Newcastle upon Tyne 012F,Vehicle crime,Investigation complete; no suspect identified,
547d549a7037ae7a384ac8ef3a9945f8281e5a71fdc0b8c4c5326b6eb109e1ce,2024-10,Northumbria Police,Northumbria Police,-1.580312,54.987392,On or near Lesbury Road,E01008365,Newcastle upon Tyne 012F,Violence and sexual offences,Investigation complete; no suspect identified,
df14db0355574fc60db733effce454c69c8e69eb01eee2e1b818974524316e17,2024-10,Northumbria Police,Northumbria Police,-1.582089,54.986338,On or near Burlington Gardens,E01008365,Newcastle upon Tyne 012F,Violence and sexual offences,Status update unavailable,
47a8c247c64a4fddaf538c17c01d203781ac6b74ea771f687495276a067d7295,2024-10,Northumbria Police,Northumbria Police,-1.582089,54.986338,On or near Burlington Gardens,E01008365,Newcastle upon Tyne 012F,Violence and sexual offences,Status update unavailable,
b42148056e57540480f29c8f9f018eb545ee42cf37c3e475f89450676e3d8971,2024-10,Northumbria Police,Northumbria Police,-1.579404,54.987542,On or near Coquet Terrace,E01008365,Newcastle upon Tyne 012F,Violence and sexual offences,Status update unavailable,
0b505fdc8bed624285c9d69b8fb51372925835ec5e2de41868d860ba806b4d39,2024-10,Northumbria Police,Northumbria Police,-1.579404,54.987542,On or near Coquet Terrace,E01008365,Newcastle upon Tyne 012F,Violence and sexual offences,Status update unavailable,
,2024-10,Northumbria Police,Northumbria Police,-1.597410,54.990424,On or near Valley View,E01008366,Newcastle upon Tyne 013A,Anti-social behaviour,,
,2024-10,Northumbria Police,Northumbria Police,-1.600028,54.991098,On or near Cavendish Place,E01008366,Newcastle upon Tyne 013A,Anti-social behaviour,,
,2024-10,Northumbria Police,Northumbria Police,-1.597217,54.990972,On or near Cavendish Road,E01008366,Newcastle upon Tyne 013A,Anti-social behaviour,,
,2024-10,Northumbria Police,Northumbria Police,-1.597217,54.990972,On or near Cavendish Road,E01008366,Newcastle upon Tyne 013A,Anti-social behaviour,,
,2024-10,Northumbria Police,Northumbria Police,-1.597410,54.990424,On or near Valley View,E01008366,Newcastle upon Tyne 013A,Anti-social behaviour,,
,2024-10,Northumbria Police,Northumbria Police,-1.600028,54.991098,On or near Cavendish Place,E01008366,Newcastle upon Tyne 013A,Anti-social behaviour,,
,2024-10,Northumbria Police,Northumbria Police,-1.600028,54.991098,On or near Cavendish Place,E01008366,Newcastle upon Tyne 013A,Anti-social behaviour,,
,2024-10,Northumbria Police,Northumbria Police,-1.601353,54.991516,On or near Queen'S Terrace,E01008366,Newcastle upon Tyne 013A,Anti-social behaviour,,
,2024-10,Northumbria Police,Northumbria Police,-1.600028,54.991098,On or near Cavendish Place,E01008366,Newcastle upon Tyne 013A,Anti-social behaviour,,
,2024-10,Northumbria Police,Northumbria Police,-1.600028,54.991098,On or near Cavendish Place,E01008366,Newcastle upon Tyne 013A,Anti-social behaviour,,
,2024-10,Northumbria Police,Northumbria Police,-1.600028,54.991098,On or near Cavendish Place,E01008366,Newcastle upon Tyne 013A,Anti-social behaviour,,
,2024-10,Northumbria Police,Northumbria Police,-1.597217,54.990972,On or near Cavendish Road,E01008366,Newcastle upon Tyne 013A,Anti-social behaviour,,
,2024-10,Northumbria Police,Northumbria Police,-1.600028,54.991098,On or near Cavendish Place,E01008366,Newcastle upon Tyne 013A,Anti-social behaviour,,
,2024-10,Northumbria Police,Northumbria Police,-1.601353,54.991516,On or near Queen'S Terrace,E01008366,Newcastle upon Tyne 013A,Anti-social behaviour,,
,2024-10,Northumbria Police,Northumbria Police,-1.597217,54.990972,On or near Cavendish Road,E01008366,Newcastle upon Tyne 013A,Anti-social behaviour,,
,2024-10,Northumbria Police,Northumbria Police,-1.600028,54.991098,On or near Cavendish Place,E01008366,Newcastle upon Tyne 013A,Anti-social behaviour,,
,2024-10,Northumbria Police,Northumbria Police,-1.597217,54.990972,On or near Cavendish Road,E01008366,Newcastle upon Tyne 013A,Anti-social behaviour,,
e8f509300a6b71c1d4256b332c0fc25bbeabbcd54d4acfcb2b286f7e4a79d769,2024-10,Northumbria Police,Northumbria Police,-1.597217,54.990972,On or near Cavendish Road,E01008366,Newcastle upon Tyne 013A,Bicycle theft,Investigation complete; no suspect identified,
bbcfdfa60d2bb08179c79a634d48616b71327f776a992f1370ddfd0de70c842e,2024-10,Northumbria Police,Northumbria Police,-1.599335,54.991689,On or near Grosvenor Road,E01008366,Newcastle upon Tyne 013A,Criminal damage and arson,Investigation complete; no suspect identified,
0c8ba999be1e00a5303477e6c4cc3888fd94bef4a535e385b42b601ddc248334,2024-10,Northumbria Police,Northumbria Police,-1.599335,54.991689,On or near Grosvenor Road,E01008366,Newcastle upon Tyne 013A,Criminal damage and arson,Investigation complete; no suspect identified,
457bd6291a86c024d842760809f69fa9b34ff4abbf512dc6dc5632b0b0a0d5dc,2024-10,Northumbria Police,Northumbria Police,-1.599831,54.990513,On or near Devonshire Place,E01008366,Newcastle upon Tyne 013A,Criminal damage and arson,Investigation complete; no suspect identified,
3b5495e2a903d7036b0a214b8f47c3696025e80c514b85b91407129a0640afea,2024-10,Northumbria Police,Northumbria Police,-1.596932,54.988140,On or near Farquhar Street,E01008366,Newcastle upon Tyne 013A,Other theft,Investigation complete; no suspect identified,
9a32117343e5df9c564b5d65e61e84828c357ba25908116472a81b751b0634f4,2024-10,Northumbria Police,Northumbria Police,-1.597410,54.990424,On or near Valley View,E01008366,Newcastle upon Tyne 013A,Vehicle crime,Investigation complete; no suspect identified,
296b378949ef8e5412a7b0e802b0f437a4ca432b8efb590626c53296446aa9ab,2024-10,Northumbria Police,Northumbria Police,-1.599335,54.991689,On or near Grosvenor Road,E01008366,Newcastle upon Tyne 013A,Vehicle crime,Investigation complete; no suspect identified,
6e70ea3283f2ad612fb5cbd3d5931eccc304e821fa883c12008f5fd8901370ab,2024-10,Northumbria Police,Northumbria Police,-1.599335,54.991689,On or near Grosvenor Road,E01008366,Newcastle upon Tyne 013A,Violence and sexual offences,Investigation complete; no suspect identified,
2cf956f9b1bf61aa33e88072d23fc0a58ddb8dc203236455b496a6b3e245021f,2024-10,Northumbria Police,Northumbria Police,-1.597783,54.992160,On or near Grosvenor Avenue,E01008366,Newcastle upon Tyne 013A,Violence and sexual offences,Awaiting court outcome,
,2024-10,Northumbria Police,Northumbria Police,-1.606989,54.992082,On or near St George'S Mews,E01008369,Newcastle upon Tyne 013B,Anti-social behaviour,,
,2024-10,Northumbria Police,Northumbria Police,-1.611549,54.995727,On or near Lyndhurst Gardens,E01008369,Newcastle upon Tyne 013B,Anti-social behaviour,,
,2024-10,Northumbria Police,Northumbria Police,-1.605929,54.988601,On or near Holly Avenue West,E01008369,Newcastle upon Tyne 013B,Anti-social behaviour,,
,2024-10,Northumbria Police,Northumbria Police,-1.607113,54.990582,On or near Norham Place,E01008369,Newcastle upon Tyne 013B,Anti-social behaviour,,
,2024-10,Northumbria Police,Northumbria Police,-1.606989,54.992082,On or near St George'S Mews,E01008369,Newcastle upon Tyne 013B,Anti-social behaviour,,
,2024-10,Northumbria Police,Northumbria Police,-1.607113,54.990582,On or near Norham Place,E01008369,Newcastle upon Tyne 013B,Anti-social behaviour,,
,2024-10,Northumbria Police,Northumbria Police,-1.605643,54.990703,On or near Mistletoe Road,E01008369,Newcastle upon Tyne 013B,Anti-social behaviour,,
,2024-10,Northumbria Police,Northumbria Police,-1.611549,54.995727,On or near Lyndhurst Gardens,E01008369,Newcastle upon Tyne 013B,Anti-social behaviour,,
b178868897501f9bdb2460bd6a40815e135fdf33586b203726552c05fd5b91ae,2024-10,Northumbria Police,Northumbria Police,-1.605929,54.988601,On or near Holly Avenue West,E01008369,Newcastle upon Tyne 013B,Criminal damage and arson,Investigation complete; no suspect identified,
c70c62e9699444a4c2697c1adf5447bfa5cf425fcaa84a7e06ffba66148915d2,2024-10,Northumbria Police,Northumbria Police,-1.611549,54.995727,On or near Lyndhurst Gardens,E01008369,Newcastle upon Tyne 013B,Criminal damage and arson,Status update unavailable,
0b3b642e69a263b614ee7d84ba6792f134a0cb8dfdcbedcb5f33be161a098628,2024-10,Northumbria Police,Northumbria Police,-1.607113,54.990582,On or near Norham Place,E01008369,Newcastle upon Tyne 013B,Public order,Investigation complete; no suspect identified,
38bae3de3fc0d17b409f3db0ff358288932e4af2936588387b85cc81fc0f7f1e,2024-10,Northumbria Police,Northumbria Police,-1.605929,54.988601,On or near Holly Avenue West,E01008369,Newcastle upon Tyne 013B,Vehicle crime,Investigation complete; no suspect identified,
67cc1eb26b213b5758690c4e1fb2a484d27d77082f98b60dbb7979559ce893f8,2024-10,Northumbria Police,Northumbria Police,-1.611775,54.994964,On or near Mildmay Road,E01008369,Newcastle upon Tyne 013B,Vehicle crime,Investigation complete; no suspect identified,
9ccf020c848898b96981552e952c3de4a83d6aeb698519974167af4d6073ef19,2024-10,Northumbria Police,Northumbria Police,-1.607186,54.987958,On or near Otterburn Terrace,E01008369,Newcastle upon Tyne 013B,Vehicle crime,Investigation complete; no suspect identified,
99d8de63142011d91f67c968bf25fe960993f16a1b45915e00fb380eacc20f15,2024-10,Northumbria Police,Northumbria Police,-1.606611,54.989223,On or near Lily Crescent,E01008369,Newcastle upon Tyne 013B,Vehicle crime,Investigation complete; no suspect identified,
6d6656564ffd3609bbcb1272e67af9347571082d5ce0b33307531970bdec8375,2024-10,Northumbria Police,Northumbria Police,-1.606611,54.989223,On or near Lily Crescent,E01008369,Newcastle upon Tyne 013B,Vehicle crime,Investigation complete; no suspect identified,
fa6dae3e8949d9308cd3932de1f1ac441df08b7d2d087292fd7619f6b1e79ff7,2024-10,Northumbria Police,Northumbria Police,-1.611549,54.995727,On or near Lyndhurst Gardens,E01008369,Newcastle upon Tyne 013B,Vehicle crime,Investigation complete; no suspect identified,
ccf83666b001ca95058cbe711b6a7c6a9f8425695352eeb6dd955befca4fc55a,2024-10,Northumbria Police,Northumbria Police,-1.607818,54.996866,On or near Mitchell Avenue,E01008371,Newcastle upon Tyne 013C,Criminal damage and arson,Investigation complete; no suspect identified,
18b3eef87c4bd70bfa4a7ee15d4f28b091096dade6314635c372d8cfb4262d5c,2024-10,Northumbria Police,Northumbria Police,-1.599700,54.992714,On or near The Grove,E01008371,Newcastle upon Tyne 013C,Vehicle crime,Investigation complete; no suspect identified,
9a278c2741f2cca317fc7c7fc2069ac93ceaf1c59a1a3370a62116c029e4c7c8,2024-10,Northumbria Police,Northumbria Police,-1.605541,54.997937,On or near La Sagesse,E01008371,Newcastle upon Tyne 013C,Vehicle crime,Investigation complete; no suspect identified,
8259727d9c6c441df76b7ed41662de2598e7b044a9940e2994f7b0d7f33c5d66,2024-10,Northumbria Police,Northumbria Police,-1.599803,54.994916,On or near Lindisfarne Road,E01008371,Newcastle upon Tyne 013C,Violence and sexual offences,Status update unavailable,
,2024-10,Northumbria Police,Northumbria Police,-1.606247,54.992907,On or near St George'S Terrace,E01008372,Newcastle upon Tyne 013D,Anti-social behaviour,,
,2024-10,Northumbria Police,Northumbria Police,-1.602481,54.992777,On or near Sycamore Close,E01008372,Newcastle upon Tyne 013D,Anti-social behaviour,,
,2024-10,Northumbria Police,Northumbria Police,-1.608587,54.994990,On or near Lonsdale Terrace,E01008372,Newcastle upon Tyne 013D,Anti-social behaviour,,
,2024-10,Northumbria Police,Northumbria Police,-1.606101,54.995018,On or near Hazelwood Avenue,E01008372,Newcastle upon Tyne 013D,Anti-social behaviour,,
,2024-10,Northumbria Police,Northumbria Police,-1.602481,54.992777,On or near Sycamore Close,E01008372,Newcastle upon Tyne 013D,Anti-social behaviour,,
,2024-10,Northumbria Police,Northumbria Police,-1.608587,54.994990,On or near Lonsdale Terrace,E01008372,Newcastle upon Tyne 013D,Anti-social behaviour,,
,2024-10,Northumbria Police,Northumbria Police,-1.606731,54.992890,On or near Coniston Avenue,E01008372,Newcastle upon Tyne 013D,Anti-social behaviour,,
,2024-10,Northumbria Police,Northumbria Police,-1.604374,54.994176,On or near Sanderson Road,E01008372,Newcastle upon Tyne 013D,Anti-social behaviour,,
,2024-10,Northumbria Police,Northumbria Police,-1.607205,54.995650,On or near Tavistock Road,E01008372,Newcastle upon Tyne 013D,Anti-social behaviour,,
,2024-10,Northumbria Police,Northumbria Police,-1.606101,54.995018,On or near Hazelwood Avenue,E01008372,Newcastle upon Tyne 013D,Anti-social behaviour,,
,2024-10,Northumbria Police,Northumbria Police,-1.606247,54.992907,On or near St George'S Terrace,E01008372,Newcastle upon Tyne 013D,Anti-social behaviour,,
,2024-10,Northumbria Police,Northumbria Police,-1.602481,54.992777,On or near Sycamore Close,E01008372,Newcastle upon Tyne 013D,Anti-social behaviour,,
,2024-10,Northumbria Police,Northumbria Police,-1.604374,54.994176,On or near Sanderson Road,E01008372,Newcastle upon Tyne 013D,Anti-social behaviour,,
,2024-10,Northumbria Police,Northumbria Police,-1.602481,54.992777,On or near Sycamore Close,E01008372,Newcastle upon Tyne 013D,Anti-social behaviour,,
18ef404667d3428926bc141e0701e1118ca310c7d77cf32475fd1cbc4957552c,2024-10,Northumbria Police,Northumbria Police,-1.604374,54.994176,On or near Sanderson Road,E01008372,Newcastle upon Tyne 013D,Criminal damage and arson,Investigation complete; no suspect identified,
1be66fcee540d94c76ba03300903e7558950bce68f531e3cf4141237fff54ec9,2024-10,Northumbria Police,Northumbria Police,-1.604374,54.994176,On or near Sanderson Road,E01008372,Newcastle upon Tyne 013D,Criminal damage and arson,Investigation complete; no suspect identified,
2e4f92ce104cb96bda5fe96d65a5a41c27088bec163d2ef4965fa720b6ed905b,2024-10,Northumbria Police,Northumbria Police,-1.606101,54.995018,On or near Hazelwood Avenue,E01008372,Newcastle upon Tyne 013D,Public order,Status update unavailable,
35029256dbecec55502152a7520dbd535fb8368af9eaf4a82b371bdc6abcbd41,2024-10,Northumbria Police,Northumbria Police,-1.606016,54.992483,On or near Shopping Area,E01008372,Newcastle upon Tyne 013D,Public order,Investigation complete; no suspect identified,
5bac411fb1c3db16b3d7d881e0940ce0010f24b104f99b7df6ab31f6071e0f7b,2024-10,Northumbria Police,Northumbria Police,-1.606101,54.995018,On or near Hazelwood Avenue,E01008372,Newcastle upon Tyne 013D,Shoplifting,Investigation complete; no suspect identified,
3cf6b8457032c3f73f9560e3d32138bde275e763de157d1a5d1f9db4985602f4,2024-10,Northumbria Police,Northumbria Police,-1.604374,54.994176,On or near Sanderson Road,E01008372,Newcastle upon Tyne 013D,Violence and sexual offences,Investigation complete; no suspect identified,
8bbc39263e6ab2dbe35d96d28e0415337fb30ddb2afa8363103c6bc0373bf5b5,2024-10,Northumbria Police,Northumbria Police,-1.606247,54.992907,On or near St George'S Terrace,E01008372,Newcastle upon Tyne 013D,Violence and sexual offences,Status update unavailable,
,2024-10,Northumbria Police,Northumbria Police,-1.610620,54.994862,On or near Lyndhurst Avenue,E01008373,Newcastle upon Tyne 013E,Anti-social behaviour,,
,2024-10,Northumbria Police,Northumbria Police,-1.609460,54.993555,On or near Parking Area,E01008373,Newcastle upon Tyne 013E,Anti-social behaviour,,
,2024-10,Northumbria Police,Northumbria Police,-1.607804,54.993541,On or near Sunbury Avenue,E01008373,Newcastle upon Tyne 013E,Anti-social behaviour,,
,2024-10,Northumbria Police,Northumbria Police,-1.608829,54.994200,On or near Glenthorn Road,E01008373,Newcastle upon Tyne 013E,Anti-social behaviour,,
,2024-10,Northumbria Police,Northumbria Police,-1.609756,54.993619,On or near West Jesmond,E01008373,Newcastle upon Tyne 013E,Anti-social behaviour,,
,2024-10,Northumbria Police,Northumbria Police,-1.607804,54.993541,On or near Sunbury Avenue,E01008373,Newcastle upon Tyne 013E,Anti-social behaviour,,
,2024-10,Northumbria Police,Northumbria Police,-1.609390,54.995936,On or near Myrtle Grove,E01008373,Newcastle upon Tyne 013E,Anti-social behaviour,,
,2024-10,Northumbria Police,Northumbria Police,-1.611927,54.993868,On or near Oakland Road,E01008373,Newcastle upon Tyne 013E,Anti-social behaviour,,
,2024-10,Northumbria Police,Northumbria Police,-1.611927,54.993868,On or near Oakland Road,E01008373,Newcastle upon Tyne 013E,Anti-social behaviour,,
,2024-10,Northumbria Police,Northumbria Police,-1.609756,54.993619,On or near West Jesmond,E01008373,Newcastle upon Tyne 013E,Anti-social behaviour,,
,2024-10,Northumbria Police,Northumbria Police,-1.611927,54.993868,On or near Oakland Road,E01008373,Newcastle upon Tyne 013E,Anti-social behaviour,,
9ee8b04c23c87e5a5ef16fa6e4afd912177f7c7ced2aa99ec24034d45b500d0a,2024-10,Northumbria Police,Northumbria Police,-1.607283,54.992389,On or near Thornleigh Road,E01008373,Newcastle upon Tyne 013E,Criminal damage and arson,Investigation complete; no suspect identified,
ee166a975fc461f9ee7f67ae919e93718b96cda03ea4015ac6b65cf5062d7b58,2024-10,Northumbria Police,Northumbria Police,-1.609460,54.993555,On or near Parking Area,E01008373,Newcastle upon Tyne 013E,Public order,Investigation complete; no suspect identified,
16e259015f2857b5f4e6c45b7d1e0695912d3cffbe32d0cc7fc2d431b6c75c50,2024-10,Northumbria Police,Northumbria Police,-1.610620,54.994862,On or near Lyndhurst Avenue,E01008373,Newcastle upon Tyne 013E,Shoplifting,Court result unavailable,
cb82040ef72136ab257d85d687b4ef2c7fa87430e7c55a9bb0c8d27d4042d526,2024-10,Northumbria Police,Northumbria Police,-1.609460,54.993555,On or near Parking Area,E01008373,Newcastle upon Tyne 013E,Theft from the person,Investigation complete; no suspect identified,
45a82142f1dcb7fd227ba2af62ec4c6b12faea8610499ceb105935ee6afce8d8,2024-10,Northumbria Police,Northumbria Police,-1.609819,54.993646,On or near West Jesmond,E01008373,Newcastle upon Tyne 013E,Vehicle crime,Investigation complete; no suspect identified,
c71d14ba9f54d51e6b768b1b866c3a73fa7ea945c44d8fedcb0ed341884152bd,2024-10,Northumbria Police,Northumbria Police,-1.609819,54.993646,On or near West Jesmond,E01008373,Newcastle upon Tyne 013E,Vehicle crime,Investigation complete; no suspect identified,
b9db769cf0ea0c154aeffe4972a32df42eaef4aac2686872070a897ea4d9ff4f,2024-10,Northumbria Police,Northumbria Police,-1.608829,54.994200,On or near Glenthorn Road,E01008373,Newcastle upon Tyne 013E,Vehicle crime,Investigation complete; no suspect identified,
3f37e88d881fc399392bb077f8130d0dbad04c9297389060e0400772a56af6bb,2024-10,Northumbria Police,Northumbria Police,-1.609390,54.995936,On or near Myrtle Grove,E01008373,Newcastle upon Tyne 013E,Vehicle crime,Investigation complete; no suspect identified,
3ef01a05bb854b8928b80b42315b3619c0dfb5e51b2414173978f4c32b47ff3e,2024-10,Northumbria Police,Northumbria Police,-1.609460,54.993555,On or near Parking Area,E01008373,Newcastle upon Tyne 013E,Violence and sexual offences,Status update unavailable,
,2024-10,Northumbria Police,Northumbria Police,-1.755918,54.992409,On or near The By-Way,E01008400,Newcastle upon Tyne 014A,Anti-social behaviour,,
,2024-10,Northumbria Police,Northumbria Police,-1.742313,54.981346,On or near Station Road,E01008400,Newcastle upon Tyne 014A,Anti-social behaviour,,
,2024-10,Northumbria Police,Northumbria Police,-1.755918,54.992409,On or near The By-Way,E01008400,Newcastle upon Tyne 014A,Anti-social behaviour,,
,2024-10,Northumbria Police,Northumbria Police,-1.743895,54.983317,On or near Coniston Close,E01008400,Newcastle upon Tyne 014A,Anti-social behaviour,,
,2024-10,Northumbria Police,Northumbria Police,-1.757808,54.992691,On or near Tillmouth Park Road,E01008400,Newcastle upon Tyne 014A,Anti-social behaviour,,
,2024-10,Northumbria Police,Northumbria Police,-1.743895,54.983317,On or near Coniston Close,E01008400,Newcastle upon Tyne 014A,Anti-social behaviour,,
,2024-10,Northumbria Police,Northumbria Police,-1.757808,54.992691,On or near Tillmouth Park Road,E01008400,Newcastle upon Tyne 014A,Anti-social behaviour,,
,2024-10,Northumbria Police,Northumbria Police,-1.744540,54.982573,On or near Derwent Avenue,E01008400,Newcastle upon Tyne 014A,Anti-social behaviour,,
,2024-10,Northumbria Police,Northumbria Police,-1.757808,54.992691,On or near Tillmouth Park Road,E01008400,Newcastle upon Tyne 014A,Anti-social behaviour,,
,2024-10,Northumbria Police,Northumbria Police,-1.755918,54.992409,On or near The By-Way,E01008400,Newcastle upon Tyne 014A,Anti-social behaviour,,
,2024-10,Northumbria Police,Northumbria Police,-1.760735,54.991852,On or near Holeyn Road,E01008400,Newcastle upon Tyne 014A,Anti-social behaviour,,
,2024-10,Northumbria Police,Northumbria Police,-1.742313,54.981346,On or near Station Road,E01008400,Newcastle upon Tyne 014A,Anti-social behaviour,,
,2024-10,Northumbria Police,Northumbria Police,-1.761667,54.992852,On or near Coach Road,E01008400,Newcastle upon Tyne 014A,Anti-social behaviour,,
,2024-10,Northumbria Police,Northumbria Police,-1.755918,54.992409,On or near The By-Way,E01008400,Newcastle upon Tyne 014A,Anti-social behaviour,,
d9121aa23b08851a29aa541bdb51ac14da5cf6cf67dea924a0f0db0b91ff61c2,2024-10,Northumbria Police,Northumbria Police,-1.761075,54.989867,On or near Coach Road,E01008400,Newcastle upon Tyne 014A,Criminal damage and arson,Investigation complete; no suspect identified,
b63f3dd1166b2924054ab4a3cd17850c8e74375578b45adbdf95badfe591efad,2024-10,Northumbria Police,Northumbria Police,-1.756689,54.991530,On or near Maria Close,E01008400,Newcastle upon Tyne 014A,Criminal damage and arson,Status update unavailable,
ebd610475c3b39f25aa505a802c67aad0d4191dcc7384e54d31a2eab07a4ec4a,2024-10,Northumbria Police,Northumbria Police,-1.760735,54.991852,On or near Holeyn Road,E01008400,Newcastle upon Tyne 014A,Other theft,Status update unavailable,
ad6cd3bcd0174cdfdebb3b6e51a24a71e78de6b8ee537bfbc47affadf1be028e,2024-10,Northumbria Police,Northumbria Police,-1.753113,54.990417,On or near Sports/Recreation Area,E01008400,Newcastle upon Tyne 014A,Public order,Status update unavailable,
e4dda827e4aa570f3c15d5c72b46822acbc2c84e666ff542fdaea90e52bacc05,2024-10,Northumbria Police,Northumbria Police,-1.760735,54.991852,On or near Holeyn Road,E01008400,Newcastle upon Tyne 014A,Public order,Investigation complete; no suspect identified,
9646d9c3cd5c4b5a6bfe7c377a2050ccbf0e1bc5df1634d175f5a32256dbe91b,2024-10,Northumbria Police,Northumbria Police,-1.760098,54.991231,On or near Winshields Way,E01008400,Newcastle upon Tyne 014A,Public order,Status update unavailable,
36388e2018d4c0a1d5401c8952128ee3bdf49b263c22dcef6ee86eefc371d321,2024-10,Northumbria Police,Northumbria Police,-1.755918,54.992409,On or near The By-Way,E01008400,Newcastle upon Tyne 014A,Public order,Status update unavailable,
d7ca1adcc42af937b55a9b6ecb7c0da1ae06de5a98b3649dc4c777a0bdf56b60,2024-10,Northumbria Police,Northumbria Police,-1.755918,54.992409,On or near The By-Way,E01008400,Newcastle upon Tyne 014A,Violence and sexual offences,Investigation complete; no suspect identified,
08347986d41106123cf6f16f12a3914e68d84fe0bd6d8c1a89a63c1158513ea9,2024-10,Northumbria Police,Northumbria Police,-1.755918,54.992409,On or near The By-Way,E01008400,Newcastle upon Tyne 014A,Violence and sexual offences,Investigation complete; no suspect identified,
cca176e3ac725c012d232a0653abe2aaa393564869d00e88fed8d2205806a6fa,2024-10,Northumbria Police,Northumbria Police,-1.759291,54.990277,On or near Leazes Parkway,E01008400,Newcastle upon Tyne 014A,Violence and sexual offences,Status update unavailable,
2b961c8ef29ee58604f01e743fbaeb94fdc11d62e7864c3f66f70ddd49b16e0f,2024-10,Northumbria Police,Northumbria Police,-1.760098,54.991231,On or near Winshields Way,E01008400,Newcastle upon Tyne 014A,Violence and sexual offences,Status update unavailable,
45aea45d4953df154cf015d9ea65963c216f475f08e62bb13b813f171fbb4d6a,2024-10,Northumbria Police,Northumbria Police,-1.755918,54.992409,On or near The By-Way,E01008400,Newcastle upon Tyne 014A,Violence and sexual offences,Status update unavailable,
92dd9bce9bb73dd7108a2683187445c3a30b9c5e0862aef14107067c4ad45453,2024-10,Northumbria Police,Northumbria Police,-1.760735,54.991852,On or near Holeyn Road,E01008400,Newcastle upon Tyne 014A,Violence and sexual offences,Court result unavailable,
6e891dd945960cb9cbb92ecb1e540d4e7adbae816c9771c974a6d11ae2a5841e,2024-10,Northumbria Police,Northumbria Police,-1.760735,54.991852,On or near Holeyn Road,E01008400,Newcastle upon Tyne 014A,Violence and sexual offences,Court result unavailable,
a261f196bddbf9452eef0fd2e1cc647e421db4e46479851b5b1d56805b946cca,2024-10,Northumbria Police,Northumbria Police,-1.754656,54.991795,On or near The Wynd,E01008400,Newcastle upon Tyne 014A,Violence and sexual offences,Status update unavailable,
024410273982972a9ec5420b3c41be80c4cb72ddde987feb9b519d87e95c220d,2024-10,Northumbria Police,Northumbria Police,-1.757403,54.992385,On or near Hawkwell Close,E01008400,Newcastle upon Tyne 014A,Violence and sexual offences,Status update unavailable,
7c16a81390937d82d2b5323034fbf743641467d9f041e64738680f6cb2ed67d9,2024-10,Northumbria Police,Northumbria Police,-1.755918,54.992409,On or near The By-Way,E01008400,Newcastle upon Tyne 014A,Violence and sexual offences,Status update unavailable,
189965dc06bde964e271ee87720a93e7737f1188d33db0b74e4d5dce4919cc36,2024-10,Northumbria Police,Northumbria Police,-1.760163,54.990845,On or near Lydney Court,E01008400,Newcastle upon Tyne 014A,Violence and sexual offences,Status update unavailable,
a2e5d93f3273930d323a7941df011285461bd6464f6fd69205d0c66e33122e16,2024-10,Northumbria Police,Northumbria Police,-1.760098,54.991231,On or near Winshields Way,E01008400,Newcastle upon Tyne 014A,Violence and sexual offences,Status update unavailable,
505a88ebe09d7b50b3d290268a07bf3ac3f4fe9f06be8aa9285aa43d973cd34c,2024-10,Northumbria Police,Northumbria Police,-1.749340,54.989574,On or near Housestead Mews,E01008400,Newcastle upon Tyne 014A,Violence and sexual offences,Status update unavailable,
8ebdc485acd50e76137507bdef048ed8d87d6c4da40397570dfe56fd2bbc335a,2024-10,Northumbria Police,Northumbria Police,-1.757825,54.992395,On or near Hawkwell Rise,E01008400,Newcastle upon Tyne 014A,Other crime,Investigation complete; no suspect identified,
,2024-10,Northumbria Police,Northumbria Police,-1.751022,54.993064,On or near Appian Place,E01008401,Newcastle upon Tyne 014B,Anti-social behaviour,,
,2024-10,Northumbria Police,Northumbria Police,-1.756161,54.993614,On or near Broomy Hill Road,E01008401,Newcastle upon Tyne 014B,Anti-social behaviour,,
,2024-10,Northumbria Police,Northumbria Police,-1.750450,54.992155,On or near Newburn Road,E01008401,Newcastle upon Tyne 014B,Anti-social behaviour,,
,2024-10,Northumbria Police,Northumbria Police,-1.750450,54.992155,On or near Newburn Road,E01008401,Newcastle upon Tyne 014B,Anti-social behaviour,,
,2024-10,Northumbria Police,Northumbria Police,-1.750450,54.992155,On or near Newburn Road,E01008401,Newcastle upon Tyne 014B,Anti-social behaviour,,
,2024-10,Northumbria Police,Northumbria Police,-1.749366,54.990401,On or near Fosse Law,E01008401,Newcastle upon Tyne 014B,Anti-social behaviour,,
,2024-10,Northumbria Police,Northumbria Police,-1.753811,54.994570,On or near Supermarket,E01008401,Newcastle upon Tyne 014B,Anti-social behaviour,,
a5dd17cafb1b0368b4c6ce36a8ae3166dc124650f3e5a7e1991eec88b6538282,2024-10,Northumbria Police,Northumbria Police,-1.752498,54.991935,On or near Hewley Crescent,E01008401,Newcastle upon Tyne 014B,Burglary,Status update unavailable,
c5cf4adacc0344414254511d7d177f2dd0c8e2e51f32fab8669b82f5102486fd,2024-10,Northumbria Police,Northumbria Police,-1.753739,54.993492,On or near Mount Pleasant Court,E01008401,Newcastle upon Tyne 014B,Criminal damage and arson,Status update unavailable,
ebe053608d1a916b9fae4b9ec4a15632fc072be62a2255098ac69512451abf79,2024-10,Northumbria Police,Northumbria Police,-1.753811,54.994570,On or near Supermarket,E01008401,Newcastle upon Tyne 014B,Shoplifting,Investigation complete; no suspect identified,
f8a55cf81d130c4815c97b7007080dc8f6f530de28a7ed6c1d7dfce929274944,2024-10,Northumbria Police,Northumbria Police,-1.756377,54.994126,On or near Deneside Close,E01008401,Newcastle upon Tyne 014B,Violence and sexual offences,Investigation complete; no suspect identified,
090f20590c150ebaf300fd29b90b30af5cdcb986bb36d8cb3dd57f737752040e,2024-10,Northumbria Police,Northumbria Police,-1.751022,54.993064,On or near Appian Place,E01008401,Newcastle upon Tyne 014B,Violence and sexual offences,Status update unavailable,
,2024-10,Northumbria Police,Northumbria Police,-1.726520,54.992053,On or near Bus/Coach Station,E01008402,Newcastle upon Tyne 014C,Anti-social behaviour,,
e342c6c6a0288dbc70a7a49eaf404be354b7f2218b3f30b08478cc028150601f,2024-10,Northumbria Police,Northumbria Police,-1.738809,54.994090,On or near Hawthorn Terrace,E01008402,Newcastle upon Tyne 014C,Burglary,Investigation complete; no suspect identified,
2bfe50fafdbfb183fc242cd7386b3685315b371f6a2b6acb19436900a38a37f6,2024-10,Northumbria Police,Northumbria Police,-1.728692,54.983140,On or near Berwick Close,E01008402,Newcastle upon Tyne 014C,Criminal damage and arson,Investigation complete; no suspect identified,
60354c09ff29b6a79855cf006c9eec217f4f12804b338e9595cf464a4f27d7ce,2024-10,Northumbria Police,Northumbria Police,-1.738809,54.994090,On or near Hawthorn Terrace,E01008402,Newcastle upon Tyne 014C,Criminal damage and arson,Investigation complete; no suspect identified,
c91bf81add6b99958bbe2c0797102ef34fe483e8b99ad743ed1499838d6e56b4,2024-10,Northumbria Police,Northumbria Police,-1.726520,54.992053,On or near Bus/Coach Station,E01008402,Newcastle upon Tyne 014C,Other theft,Investigation complete; no suspect identified,
c9938ccfaff323a16c3c0f1717751a12a23c6b17a0ca35116a0543a19d362bfb,2024-10,Northumbria Police,Northumbria Police,-1.735050,54.983316,On or near Walbottle Road,E01008402,Newcastle upon Tyne 014C,Public order,Investigation complete; no suspect identified,
933751709b80b8d0e9e502248fc799189566035c5e9eef507bdbee5ce071fa17,2024-10,Northumbria Police,Northumbria Police,-1.737270,54.992801,On or near Whitehall Road,E01008402,Newcastle upon Tyne 014C,Public order,Status update unavailable,
34e62cfccbafef7b668a884e03009a616e74e7a286e5b024e15a01dbdb049c09,2024-10,Northumbria Police,Northumbria Police,-1.735638,54.993741,On or near Appletree Court,E01008402,Newcastle upon Tyne 014C,Violence and sexual offences,Investigation complete; no suspect identified,
ffe14c0f3b6f752188853839f6780f3472de4e50eb10b00f7f0430e33b41220e,2024-10,Northumbria Police,Northumbria Police,-1.734326,54.993577,On or near Braeburn Court,E01008402,Newcastle upon Tyne 014C,Violence and sexual offences,Investigation complete; no suspect identified,
857597133733869a1acf80af5e4fda3d8b60222f68627be169bc5da4621196ae,2024-10,Northumbria Police,Northumbria Police,-1.726520,54.992053,On or near Bus/Coach Station,E01008402,Newcastle upon Tyne 014C,Violence and sexual offences,Status update unavailable,
0ee5678c7a2e60ea9f43fea4de56a84342a1a09e3105b659e358d07f590d5c12,2024-10,Northumbria Police,Northumbria Police,-1.738809,54.994090,On or near Hawthorn Terrace,E01008402,Newcastle upon Tyne 014C,Violence and sexual offences,Investigation complete; no suspect identified,
94397b28f8225b0dc85e82e96b1691e2ee57234acbb01229c87be69f331195e2,2024-10,Northumbria Police,Northumbria Police,-1.726520,54.992053,On or near Bus/Coach Station,E01008402,Newcastle upon Tyne 014C,Violence and sexual offences,Status update unavailable,
,2024-10,Northumbria Police,Northumbria Police,-1.759801,54.993872,On or near Vallum Place,E01008403,Newcastle upon Tyne 014D,Anti-social behaviour,,
,2024-10,Northumbria Police,Northumbria Police,-1.759262,54.995147,On or near Stuart Gardens,E01008403,Newcastle upon Tyne 014D,Anti-social behaviour,,
,2024-10,Northumbria Police,Northumbria Police,-1.759801,54.993872,On or near Vallum Place,E01008403,Newcastle upon Tyne 014D,Anti-social behaviour,,
8533544b4f284d51be1cce017b15e7495479f28aad9fda96414b7fea890713a6,2024-10,Northumbria Police,Northumbria Police,-1.759801,54.993872,On or near Vallum Place,E01008403,Newcastle upon Tyne 014D,Criminal damage and arson,Investigation complete; no suspect identified,
3a1dc2af4e0ab4810829ccb4e604724097a8ad2903d36638d38616fcd5f5acd5,2024-10,Northumbria Police,Northumbria Police,-1.760935,54.995178,On or near Clipstone Close,E01008403,Newcastle upon Tyne 014D,Other theft,Status update unavailable,
9df2dc147d3c41a2306ed85466cd638f8a119538532d73de5923ef6d8f41d599,2024-10,Northumbria Police,Northumbria Police,-1.759801,54.993872,On or near Vallum Place,E01008403,Newcastle upon Tyne 014D,Public order,Investigation complete; no suspect identified,
e974bb4a3d600350ec8114d843a9c7a5bb09c0207a175cb8ff801735329fe4aa,2024-10,Northumbria Police,Northumbria Police,-1.763203,54.992109,On or near Wellfield Close,E01008403,Newcastle upon Tyne 014D,Violence and sexual offences,Investigation complete; no suspect identified,
50012d65833caa77e489c99d9512d7e3ff73bf195811262f1118faa78134a495,2024-10,Northumbria Police,Northumbria Police,-1.765287,54.993910,On or near Valeside,E01008403,Newcastle upon Tyne 014D,Violence and sexual offences,Status update unavailable,
8fa4713f6447b585965397b6ed91927f9f01f4c718fd95f49c388bd5144b3f22,2024-10,Northumbria Police,Northumbria Police,-1.759801,54.993872,On or near Vallum Place,E01008403,Newcastle upon Tyne 014D,Violence and sexual offences,Investigation complete; no suspect identified,
5f4db50c1a9ad4add8ebdf7b74bd7f6c1b9fb4597f7afa8a9b078c0ca9744ff4,2024-10,Northumbria Police,Northumbria Police,-1.760935,54.995178,On or near Clipstone Close,E01008403,Newcastle upon Tyne 014D,Violence and sexual offences,Status update unavailable,
,2024-10,Northumbria Police,Northumbria Police,-1.738866,54.985221,On or near Berkley Street,E01008404,Newcastle upon Tyne 014E,Anti-social behaviour,,
,2024-10,Northumbria Police,Northumbria Police,-1.743359,54.986389,On or near Rupert Court,E01008404,Newcastle upon Tyne 014E,Anti-social behaviour,,
,2024-10,Northumbria Police,Northumbria Police,-1.739103,54.982426,On or near Clarks Hill Walk,E01008404,Newcastle upon Tyne 014E,Anti-social behaviour,,
,2024-10,Northumbria Police,Northumbria Police,-1.730050,54.978713,On or near Keats Road,E01008404,Newcastle upon Tyne 014E,Anti-social behaviour,,
fbf589f4a61d71c8108a0b4ae2ae6f97aeb23c64956418bb2cee3c889d7a8a15,2024-10,Northumbria Police,Northumbria Police,-1.733979,54.979998,On or near Shelley Road,E01008404,Newcastle upon Tyne 014E,Burglary,Investigation complete; no suspect identified,
56ccfc583078e074e1324533c4a804cee68f59294c63d194eaaeb64aa5cbaa05,2024-10,Northumbria Police,Northumbria Police,-1.725814,54.981247,On or near Ellington Close,E01008404,Newcastle upon Tyne 014E,Burglary,Investigation complete; no suspect identified,
d3c8b4795f32509a7d52ef9d6332e0239c497b40e1d4787ed40c21dd5fb6e578,2024-10,Northumbria Police,Northumbria Police,-1.739419,54.981960,On or near Church Road,E01008404,Newcastle upon Tyne 014E,Drugs,Court result unavailable,
4f4f085cc44abc16a4ce5c5ee2696f537859a15531047a8fc1959af80f47a443,2024-10,Northumbria Police,Northumbria Police,-1.742477,54.985030,On or near Parking Area,E01008404,Newcastle upon Tyne 014E,Other theft,Investigation complete; no suspect identified,
36d258147fce85d6da576e7a36c435227f448ec90831ae3a4a5677b1e73a9b4e,2024-10,Northumbria Police,Northumbria Police,-1.743359,54.986389,On or near Rupert Court,E01008404,Newcastle upon Tyne 014E,Possession of weapons,Court result unavailable,
3aa9c8519846c3d02564a9935859a89a11cd197757fe100614a75fe6e4ed45fa,2024-10,Northumbria Police,Northumbria Police,-1.738451,54.981787,On or near High Street,E01008404,Newcastle upon Tyne 014E,Shoplifting,Status update unavailable,
b49003ee6e8d32e2a6f9b50fc60a4d84998ee9a6dfe1394cf584ca487d460af6,2024-10,Northumbria Police,Northumbria Police,-1.737204,54.983815,On or near Millfield Close,E01008404,Newcastle upon Tyne 014E,Violence and sexual offences,Investigation complete; no suspect identified,
434f5d343ad8deb5805291be5a78886f48dfe53cf5c331e566da641a0b8455f1,2024-10,Northumbria Police,Northumbria Police,-1.743359,54.986389,On or near Rupert Court,E01008404,Newcastle upon Tyne 014E,Violence and sexual offences,Status update unavailable,
348f82ae7b89b2b6bd15de100960efd8a16b940c9f2c0a7894caeb1d4e6576e6,2024-10,Northumbria Police,Northumbria Police,-1.747027,54.984609,On or near Azalea Way,E01008404,Newcastle upon Tyne 014E,Violence and sexual offences,Investigation complete; no suspect identified,
416ca1510521de89d2840a609303b66b0d016e6e92b2b3a8cf005da5ef4bc2c5,2024-10,Northumbria Police,Northumbria Police,-1.747027,54.984609,On or near Azalea Way,E01008404,Newcastle upon Tyne 014E,Violence and sexual offences,Investigation complete; no suspect identified,
ab884f96840e0f0c02cf4bbb32e3b2eb4e6ecdf942d039d3ea0832ec9a576b00,2024-10,Northumbria Police,Northumbria Police,-1.743359,54.986389,On or near Rupert Court,E01008404,Newcastle upon Tyne 014E,Violence and sexual offences,Investigation complete; no suspect identified,
e19981efa79ec4548514e613cacca4cea012836eafe5f469d454a58a34fae389,2024-10,Northumbria Police,Northumbria Police,-1.739237,54.983487,On or near Manor Grove,E01008404,Newcastle upon Tyne 014E,Violence and sexual offences,Status update unavailable,
79273570b3fbf60d23f0276e0b8c5568cceddef394587308d1394f66a3a13f41,2024-10,Northumbria Police,Northumbria Police,-1.739103,54.982426,On or near Clarks Hill Walk,E01008404,Newcastle upon Tyne 014E,Violence and sexual offences,Investigation complete; no suspect identified,
1d261a257eb2abb34b73020cea176a8eae2025c29db4e3b8fa9df844fa3d63bf,2024-10,Northumbria Police,Northumbria Police,-1.743359,54.986389,On or near Rupert Court,E01008404,Newcastle upon Tyne 014E,Violence and sexual offences,Status update unavailable,
2828b658839537c605201f7bd34fedd5dcd0d3325650d3433af725b340c0a60c,2024-10,Northumbria Police,Northumbria Police,-1.739103,54.982426,On or near Clarks Hill Walk,E01008404,Newcastle upon Tyne 014E,Other crime,Status update unavailable,
,2024-10,Northumbria Police,Northumbria Police,-1.755821,54.995608,On or near Parking Area,E01008405,Newcastle upon Tyne 014F,Anti-social behaviour,,
,2024-10,Northumbria Police,Northumbria Police,-1.760724,54.996453,On or near North Farm Court,E01008405,Newcastle upon Tyne 014F,Anti-social behaviour,,
,2024-10,Northumbria Police,Northumbria Police,-1.752807,54.997624,On or near Alston Gardens,E01008405,Newcastle upon Tyne 014F,Anti-social behaviour,,
,2024-10,Northumbria Police,Northumbria Police,-1.753738,54.996206,On or near The Crescent,E01008405,Newcastle upon Tyne 014F,Anti-social behaviour,,
,2024-10,Northumbria Police,Northumbria Police,-1.752706,54.996347,On or near Lanercost Gardens,E01008405,Newcastle upon Tyne 014F,Anti-social behaviour,,
,2024-10,Northumbria Police,Northumbria Police,-1.753738,54.996206,On or near The Crescent,E01008405,Newcastle upon Tyne 014F,Anti-social behaviour,,
646a1ca46f4e46338f1fdbe75b73a28d1f2d5b406b18997691b142f8cb44bfe2,2024-10,Northumbria Police,Northumbria Police,-1.755084,54.998536,On or near Lime Street,E01008405,Newcastle upon Tyne 014F,Burglary,Investigation complete; no suspect identified,
4e71462bb44d39d95e8a5ccd08009eba96024866000f647548dedf66b8162206,2024-10,Northumbria Police,Northumbria Police,-1.752706,54.996347,On or near Lanercost Gardens,E01008405,Newcastle upon Tyne 014F,Criminal damage and arson,Status update unavailable,
1a10b9917b69efee865e967e9404076a4ee4a757bb1d9edb5e4c738c4a5d12c3,2024-10,Northumbria Police,Northumbria Police,-1.753738,54.996206,On or near The Crescent,E01008405,Newcastle upon Tyne 014F,Criminal damage and arson,Investigation complete; no suspect identified,
d8c0446f8c8794a85ca0eb5c7a700798dd6f428b4adcc62c67413f1576730f26,2024-10,Northumbria Police,Northumbria Police,-1.752807,54.997624,On or near Alston Gardens,E01008405,Newcastle upon Tyne 014F,Criminal damage and arson,Investigation complete; no suspect identified,
f44607ef63fb93f7f4fe121639e15f46667423c8bfd8d83ca1311266f3d7c97d,2024-10,Northumbria Police,Northumbria Police,-1.752807,54.997624,On or near Alston Gardens,E01008405,Newcastle upon Tyne 014F,Criminal damage and arson,Status update unavailable,
eba05c0663150fc35d1358814a754a49cabd856311acc0d833dd400f5c174bef,2024-10,Northumbria Police,Northumbria Police,-1.762146,54.999062,On or near Oak Gardens,E01008405,Newcastle upon Tyne 014F,Criminal damage and arson,Status update unavailable,
18a06566ceeb1a10d55a23d9effc3103b393ee474404acea33ff9a74d8546364,2024-10,Northumbria Police,Northumbria Police,-1.756684,54.997524,On or near Sycamore Street,E01008405,Newcastle upon Tyne 014F,Violence and sexual offences,Status update unavailable,
81dedef1e144af43937d0ffab4ea2bc8c1db674f14ab71bde5502e42ee6a4230,2024-10,Northumbria Police,Northumbria Police,-1.751199,54.997324,On or near Ambleside,E01008405,Newcastle upon Tyne 014F,Violence and sexual offences,Court result unavailable,
4b0a54a9b24f158e0aff0305b1e0d64362bbfb2236203eaf968dbd7dfb4f9921,2024-10,Northumbria Police,Northumbria Police,-1.751199,54.997324,On or near Ambleside,E01008405,Newcastle upon Tyne 014F,Violence and sexual offences,Court result unavailable,
6bf3494036691bb2aa79ef699628fb918cf66370f1ac7b042419a3d57ed9ad3c,2024-10,Northumbria Police,Northumbria Police,-1.751199,54.997324,On or near Ambleside,E01008405,Newcastle upon Tyne 014F,Violence and sexual offences,Investigation complete; no suspect identified,
664c2236ff3823bdc9c2d1c2d0e5235c5fbacdbf810592389f3f8f3090ca57e1,2024-10,Northumbria Police,Northumbria Police,-1.751199,54.997324,On or near Ambleside,E01008405,Newcastle upon Tyne 014F,Violence and sexual offences,Status update unavailable,
4f8f2105122b4828416e187589526c83bd7f9faa04b5fb2f02db33c72188f674,2024-10,Northumbria Police,Northumbria Police,-1.753738,54.996206,On or near The Crescent,E01008405,Newcastle upon Tyne 014F,Violence and sexual offences,Status update unavailable,
63bb65c475ffe1df239a303725e09e37889e9a3b3f868857db21db07278022ce,2024-10,Northumbria Police,Northumbria Police,-1.753738,54.996206,On or near The Crescent,E01008405,Newcastle upon Tyne 014F,Violence and sexual offences,Status update unavailable,
b09c2bb1cb086091329ceb3ca554c50d480580783afabfbf0326a85a3c9169ae,2024-10,Northumbria Police,Northumbria Police,-1.727107,54.997982,On or near Deansfield Grove,E01008443,Newcastle upon Tyne 014G,Burglary,Investigation complete; no suspect identified,
5833e250100692d1044d6c83722c4237714b3d45f54ed3511a80a22a82f47283,2024-10,Northumbria Police,Northumbria Police,-1.728092,54.997876,On or near Cardinal Close,E01008443,Newcastle upon Tyne 014G,Burglary,Investigation complete; no suspect identified,
4c2cad7832c0dd8df964db5ca6abd58e4287ccc17c08257d94e900eff00926c7,2024-10,Northumbria Police,Northumbria Police,-1.720156,54.999440,On or near Dover Close,E01008443,Newcastle upon Tyne 014G,Criminal damage and arson,Investigation complete; no suspect identified,
0693fb88aacf05811acb51ea7af89b9c7d016467faa3bbdc18db85ffc41ebf2a,2024-10,Northumbria Police,Northumbria Police,-1.727995,54.996124,On or near Milsted Court,E01008443,Newcastle upon Tyne 014G,Violence and sexual offences,Status update unavailable,
2e46c4a85d1bb662e8b7dfe3446c684fd9c1bad0df24187fc5f7891eb3ff7ab0,2024-10,Northumbria Police,Northumbria Police,-1.728092,54.997876,On or near Cardinal Close,E01008443,Newcastle upon Tyne 014G,Violence and sexual offences,Investigation complete; no suspect identified,
,2024-10,Northumbria Police,Northumbria Police,-1.690943,54.992962,On or near Hawksley,E01008324,Newcastle upon Tyne 015A,Anti-social behaviour,,
,2024-10,Northumbria Police,Northumbria Police,-1.695922,54.995922,On or near Bruce Close,E01008324,Newcastle upon Tyne 015A,Anti-social behaviour,,
ece04e117455b01143417249848a3e71362c17e1f13dbeaf61582f54c150925d,2024-10,Northumbria Police,Northumbria Police,-1.686887,54.994030,On or near Fourstones,E01008324,Newcastle upon Tyne 015A,Criminal damage and arson,Investigation complete; no suspect identified,
cab4baa18ef8930c2a118bf4c68aceb586994e26c103a644ed06e65337fb57e6,2024-10,Northumbria Police,Northumbria Police,-1.686887,54.994030,On or near Fourstones,E01008324,Newcastle upon Tyne 015A,Drugs,Court result unavailable,
793c5981d4900d6500c2b605da6128f95a4e0df33de2b886e943f5aaa04d5852,2024-10,Northumbria Police,Northumbria Police,-1.690943,54.992962,On or near Hawksley,E01008324,Newcastle upon Tyne 015A,Other theft,Investigation complete; no suspect identified,
8f4067c8fc0e83177a5d27922ed828734f6a4f8721993951e8f912cba0629c10,2024-10,Northumbria Police,Northumbria Police,-1.692669,54.994153,On or near Linhope Road,E01008324,Newcastle upon Tyne 015A,Public order,Investigation complete; no suspect identified,
f54622361ac78b6f89a4a19aa4cf5e24dde6e539cef439e460b9ec501920db6c,2024-10,Northumbria Police,Northumbria Police,-1.692669,54.994153,On or near Linhope Road,E01008324,Newcastle upon Tyne 015A,Violence and sexual offences,Investigation complete; no suspect identified,
92867d7fd6c42eac15ba4ad69d857da7b8ac627d265714d3a68c67aa1068b2b1,2024-10,Northumbria Police,Northumbria Police,-1.695922,54.995922,On or near Bruce Close,E01008324,Newcastle upon Tyne 015A,Violence and sexual offences,Investigation complete; no suspect identified,
4ca7894bc326936c40747a07e4abd7d27f1f11115f0718a7c1a8700d5e3d7c25,2024-10,Northumbria Police,Northumbria Police,-1.692991,54.994944,On or near Peary Close,E01008324,Newcastle upon Tyne 015A,Violence and sexual offences,Status update unavailable,
c408986810d4d159c4ecab86586080b1a5c8f614d0c0941502b391aed7e78d26,2024-10,Northumbria Police,Northumbria Police,-1.695922,54.995922,On or near Bruce Close,E01008324,Newcastle upon Tyne 015A,Violence and sexual offences,Investigation complete; no suspect identified,
271d82b1a12b8d13a67e9ff9b5f0bbb559955518e527c281e33287f605bed0ab,2024-10,Northumbria Police,Northumbria Police,-1.692669,54.994153,On or near Linhope Road,E01008324,Newcastle upon Tyne 015A,Violence and sexual offences,Status update unavailable,
ff4eed235574b04f2ecb42a02c7850b9fd62b4754cea18784bc887bf987a24a0,2024-10,Northumbria Police,Northumbria Police,-1.692669,54.994153,On or near Linhope Road,E01008324,Newcastle upon Tyne 015A,Violence and sexual offences,Status update unavailable,
77e8a950a8e7986cbfd10429f0996cc6704c745c1bc81b1b1c0ee900ad961eed,2024-10,Northumbria Police,Northumbria Police,-1.695922,54.995922,On or near Bruce Close,E01008324,Newcastle upon Tyne 015A,Violence and sexual offences,Investigation complete; no suspect identified,
db2df0381a9fe64390663b93c6b19097c948937aff9c5cd3bd6688545eb75aef,2024-10,Northumbria Police,Northumbria Police,-1.686887,54.994030,On or near Fourstones,E01008324,Newcastle upon Tyne 015A,Other crime,Status update unavailable,
,2024-10,Northumbria Police,Northumbria Police,-1.694554,54.992899,On or near Lordenshaw,E01008325,Newcastle upon Tyne 015B,Anti-social behaviour,,
,2024-10,Northumbria Police,Northumbria Police,-1.698486,54.991651,On or near Beltingham,E01008325,Newcastle upon Tyne 015B,Anti-social behaviour,,
,2024-10,Northumbria Police,Northumbria Police,-1.700083,54.991233,On or near Allerwash,E01008325,Newcastle upon Tyne 015B,Anti-social behaviour,,
,2024-10,Northumbria Police,Northumbria Police,-1.698486,54.991651,On or near Beltingham,E01008325,Newcastle upon Tyne 015B,Anti-social behaviour,,
,2024-10,Northumbria Police,Northumbria Police,-1.694554,54.992899,On or near Lordenshaw,E01008325,Newcastle upon Tyne 015B,Anti-social behaviour,,
,2024-10,Northumbria Police,Northumbria Police,-1.701175,54.993626,On or near Parking Area,E01008325,Newcastle upon Tyne 015B,Anti-social behaviour,,
,2024-10,Northumbria Police,Northumbria Police,-1.694554,54.992899,On or near Lordenshaw,E01008325,Newcastle upon Tyne 015B,Anti-social behaviour,,
,2024-10,Northumbria Police,Northumbria Police,-1.694554,54.992899,On or near Lordenshaw,E01008325,Newcastle upon Tyne 015B,Anti-social behaviour,,
,2024-10,Northumbria Police,Northumbria Police,-1.696331,54.991385,On or near Brokenheugh,E01008325,Newcastle upon Tyne 015B,Anti-social behaviour,,
,2024-10,Northumbria Police,Northumbria Police,-1.698486,54.991651,On or near Beltingham,E01008325,Newcastle upon Tyne 015B,Anti-social behaviour,,
3bbfd4435c65d66e5caa6449e8ff67f140a4b8ec88885a30ac54693cafe7a094,2024-10,Northumbria Police,Northumbria Police,-1.702982,54.992435,On or near Asholme,E01008325,Newcastle upon Tyne 015B,Burglary,Investigation complete; no suspect identified,
796f8cebee26de2ff5b5ae5611fb4e51b2a7f75b083f7b17bc66407160a81b6c,2024-10,Northumbria Police,Northumbria Police,-1.694554,54.992899,On or near Lordenshaw,E01008325,Newcastle upon Tyne 015B,Criminal damage and arson,Investigation complete; no suspect identified,
e47dca4788bb1eea83f666197cbd2435f1558e60dbfcc777a1939536a7bb1355,2024-10,Northumbria Police,Northumbria Police,-1.698486,54.991651,On or near Beltingham,E01008325,Newcastle upon Tyne 015B,Criminal damage and arson,Investigation complete; no suspect identified,
1237b7a2a3efdeaf0318abad9ec7e655a7a73d64983ae24c616d1e3f5dd194c2,2024-10,Northumbria Police,Northumbria Police,-1.694554,54.992899,On or near Lordenshaw,E01008325,Newcastle upon Tyne 015B,Criminal damage and arson,Investigation complete; no suspect identified,
06ba0b861fcf5daea0a89c6324485eb34bd6fad518f816ca8e20f760679f6f00,2024-10,Northumbria Police,Northumbria Police,-1.700407,54.991827,On or near Allenheads,E01008325,Newcastle upon Tyne 015B,Criminal damage and arson,Status update unavailable,
1cc06854779ba75e5175b8d9803db1e9a3a6a75ec278f0d0b223ef7c68de3aef,2024-10,Northumbria Police,Northumbria Police,-1.698486,54.991651,On or near Beltingham,E01008325,Newcastle upon Tyne 015B,Public order,Investigation complete; no suspect identified,
d8f04f9a98f6b05d2faa4405d322766c670ef7e47a3210003d91c8f4cf02e33b,2024-10,Northumbria Police,Northumbria Police,-1.698486,54.991651,On or near Beltingham,E01008325,Newcastle upon Tyne 015B,Public order,Status update unavailable,
3a7bae501c7439d35a700fe4fbee54da5e4f7ba637ec8d30c7aa5fc615ca9db0,2024-10,Northumbria Police,Northumbria Police,-1.694554,54.992899,On or near Lordenshaw,E01008325,Newcastle upon Tyne 015B,Public order,Investigation complete; no suspect identified,
dde4e1b380c4d57712d1f4d919c4216bd6b1c81781a4f0e1cc5ac37359295f9a,2024-10,Northumbria Police,Northumbria Police,-1.696957,54.991333,On or near Byrness,E01008325,Newcastle upon Tyne 015B,Public order,Status update unavailable,
220d925a39c32f445da08aa7e5a412b1c2e17cfa92ae6a4add352109e25e74fb,2024-10,Northumbria Police,Northumbria Police,-1.698486,54.991651,On or near Beltingham,E01008325,Newcastle upon Tyne 015B,Shoplifting,Status update unavailable,
652e8b3b3d0950a694820c1a455fc51ae778c8bd2d43e0d792b77896a7737d35,2024-10,Northumbria Police,Northumbria Police,-1.700407,54.991827,On or near Allenheads,E01008325,Newcastle upon Tyne 015B,Shoplifting,Status update unavailable,
88f18c76c355d59fcc3530eebd8ddf686334da7a89fe3a3de8b506d3043b1c0c,2024-10,Northumbria Police,Northumbria Police,-1.698486,54.991651,On or near Beltingham,E01008325,Newcastle upon Tyne 015B,Shoplifting,Investigation complete; no suspect identified,
9d8945137a60776fe67f171388abae1c747714f959ebacf2d6c98b3eaf562495,2024-10,Northumbria Police,Northumbria Police,-1.698486,54.991651,On or near Beltingham,E01008325,Newcastle upon Tyne 015B,Shoplifting,Investigation complete; no suspect identified,
835a2e8f1dcfe7df98b12bf95adf858bc781725c230f794ec4b7a10d4d027bb5,2024-10,Northumbria Police,Northumbria Police,-1.698486,54.991651,On or near Beltingham,E01008325,Newcastle upon Tyne 015B,Shoplifting,Investigation complete; no suspect identified,
f52d5f0688f8d0fe99a965a248f76ee66ad4ae720027cb1939888e662fc077f4,2024-10,Northumbria Police,Northumbria Police,-1.698486,54.991651,On or near Beltingham,E01008325,Newcastle upon Tyne 015B,Shoplifting,Investigation complete; no suspect identified,
b37bafcd5b821286456f16a8ab08dc4a3122b3d986952886e92037664ca42cb9,2024-10,Northumbria Police,Northumbria Police,-1.698486,54.991651,On or near Beltingham,E01008325,Newcastle upon Tyne 015B,Shoplifting,Investigation complete; no suspect identified,
7c2625654c6f6809767ff11a61b4c9c99c72084cd252d2c78510d2a128e29f99,2024-10,Northumbria Police,Northumbria Police,-1.698486,54.991651,On or near Beltingham,E01008325,Newcastle upon Tyne 015B,Shoplifting,Investigation complete; no suspect identified,
3a0f676dd44bd793adccf392c1d7f770c2570b2d1498c4d88dbb77527eaf19c9,2024-10,Northumbria Police,Northumbria Police,-1.698486,54.991651,On or near Beltingham,E01008325,Newcastle upon Tyne 015B,Shoplifting,Status update unavailable,
a3805e2eb01bab5e83b51e6db496efc7973d3c85db70c9d28386c63c143c10f6,2024-10,Northumbria Police,Northumbria Police,-1.698486,54.991651,On or near Beltingham,E01008325,Newcastle upon Tyne 015B,Shoplifting,Status update unavailable,
235e4447b1828defb852f04ea267667b4151841a39b354072bf2b1da4032bda7,2024-10,Northumbria Police,Northumbria Police,-1.698486,54.991651,On or near Beltingham,E01008325,Newcastle upon Tyne 015B,Shoplifting,Investigation complete; no suspect identified,
02c18905a1586c13d6da774a8fa90a99b590aea32c77c4aff192792ab2c5eec5,2024-10,Northumbria Police,Northumbria Police,-1.698486,54.991651,On or near Beltingham,E01008325,Newcastle upon Tyne 015B,Theft from the person,Investigation complete; no suspect identified,
518a92716f45dfc0d0d090c9d1ec4e55a40f93b519a23fe3ac99d1c05670336d,2024-10,Northumbria Police,Northumbria Police,-1.696331,54.991385,On or near Brokenheugh,E01008325,Newcastle upon Tyne 015B,Vehicle crime,Investigation complete; no suspect identified,
4285c7c8483bd411e54850c75fb1c11d4ecc2a57a8ed1817655515b4fc507ced,2024-10,Northumbria Police,Northumbria Police,-1.694680,54.988604,On or near Hotch Pudding Place,E01008325,Newcastle upon Tyne 015B,Vehicle crime,Investigation complete; no suspect identified,
053c3d577db153063cdd0d7643b9ceab8f6bb8c7a25cd99461cbec54846fa8a9,2024-10,Northumbria Police,Northumbria Police,-1.700407,54.991827,On or near Allenheads,E01008325,Newcastle upon Tyne 015B,Violence and sexual offences,Investigation complete; no suspect identified,
e0b09106abc3e5a38eee325e3a29fc47dc25d8db5bf9afdbed8f3671fe8ebc54,2024-10,Northumbria Police,Northumbria Police,-1.700407,54.991827,On or near Allenheads,E01008325,Newcastle upon Tyne 015B,Violence and sexual offences,Status update unavailable,
60b261b0c2fd84b6dafffb4abd131dd291b8156b45350e94bb26cca6a0930a29,2024-10,Northumbria Police,Northumbria Police,-1.700407,54.991827,On or near Allenheads,E01008325,Newcastle upon Tyne 015B,Violence and sexual offences,Status update unavailable,
dcd5bda9aced2bc2f5317863a95fcd7e6c07bbde4c27ae42cd7475b07795d78c,2024-10,Northumbria Police,Northumbria Police,-1.696331,54.991385,On or near Brokenheugh,E01008325,Newcastle upon Tyne 015B,Violence and sexual offences,Investigation complete; no suspect identified,
e59c52aabb372871ef965e032011cc0450e3041289a6906a969a492964d89bda,2024-10,Northumbria Police,Northumbria Police,-1.694554,54.992899,On or near Lordenshaw,E01008325,Newcastle upon Tyne 015B,Violence and sexual offences,Investigation complete; no suspect identified,
4666a251082d1057ebb7ce17c22824677ee8da1ba22a7572cf672b9fbd5e9752,2024-10,Northumbria Police,Northumbria Police,-1.698486,54.991651,On or near Beltingham,E01008325,Newcastle upon Tyne 015B,Violence and sexual offences,Status update unavailable,
22712732713a28a37cd2710bdaa236e38914537d3b161ac0eee755308f71bc53,2024-10,Northumbria Police,Northumbria Police,-1.695945,54.994997,On or near Wilkes Close,E01008325,Newcastle upon Tyne 015B,Violence and sexual offences,Status update unavailable,
e87153ae3a6687b2e89e5a45d80b12c02431868194d65e931c75b161ca6c6915,2024-10,Northumbria Police,Northumbria Police,-1.694554,54.992899,On or near Lordenshaw,E01008325,Newcastle upon Tyne 015B,Violence and sexual offences,Status update unavailable,
693eff3c4d287e8a0490983053a5e8ca47a058cf5b273d9bf110e0d542ca6a85,2024-10,Northumbria Police,Northumbria Police,-1.700407,54.991827,On or near Allenheads,E01008325,Newcastle upon Tyne 015B,Violence and sexual offences,Investigation complete; no suspect identified,
ea34314dab30497a18818366be20aa56b92993a86c0916c629279943512d4e58,2024-10,Northumbria Police,Northumbria Police,-1.694554,54.992899,On or near Lordenshaw,E01008325,Newcastle upon Tyne 015B,Violence and sexual offences,Court result unavailable,
cc3a15906c5e26ce0459093c69b6c4226ad2ad7ddb17d8faafb7949b59c6bd6c,2024-10,Northumbria Police,Northumbria Police,-1.694680,54.988604,On or near Hotch Pudding Place,E01008325,Newcastle upon Tyne 015B,Violence and sexual offences,Status update unavailable,
1d9d313a1ec2a76a44aeab3f8eaa967c4a25033cb74fec222969739a9d6b2458,2024-10,Northumbria Police,Northumbria Police,-1.700083,54.991233,On or near Allerwash,E01008325,Newcastle upon Tyne 015B,Violence and sexual offences,Status update unavailable,
2e81a17432f76ad7ce409969e12159779fa07bfe4463cd6f32fca75a2c66917f,2024-10,Northumbria Police,Northumbria Police,-1.698486,54.991651,On or near Beltingham,E01008325,Newcastle upon Tyne 015B,Violence and sexual offences,Investigation complete; no suspect identified,
5535831baf81266aa1801b977b871da4cf1007dcb97ab3a9e4da30d9bc785318,2024-10,Northumbria Police,Northumbria Police,-1.700407,54.991827,On or near Allenheads,E01008325,Newcastle upon Tyne 015B,Other crime,Status update unavailable,
2c0e2fc527f67128453702e182d6edb6615b1cdf14df561d0e85c0c787c35f9c,2024-10,Northumbria Police,Northumbria Police,-1.694680,54.988604,On or near Hotch Pudding Place,E01008325,Newcastle upon Tyne 015B,Other crime,Status update unavailable,
9554da21f6899e1b8e04cd32457428cf9077f78cc4e43edfec5dd82d397d9ca4,2024-10,Northumbria Police,Northumbria Police,-1.694554,54.992899,On or near Lordenshaw,E01008325,Newcastle upon Tyne 015B,Other crime,Investigation complete; no suspect identified,
,2024-10,Northumbria Police,Northumbria Police,-1.707914,54.993391,On or near Milecastle Court,E01008326,Newcastle upon Tyne 015C,Anti-social behaviour,,
,2024-10,Northumbria Police,Northumbria Police,-1.714081,54.989883,On or near Northcote Avenue,E01008326,Newcastle upon Tyne 015C,Anti-social behaviour,,
,2024-10,Northumbria Police,Northumbria Police,-1.714081,54.989883,On or near Northcote Avenue,E01008326,Newcastle upon Tyne 015C,Anti-social behaviour,,
98ff611e685ba0e933db8f0c4665982672dd811dc836c31a6e83726f91881aac,2024-10,Northumbria Police,Northumbria Police,-1.714061,54.990512,On or near Chapel House Road,E01008326,Newcastle upon Tyne 015C,Burglary,Investigation complete; no suspect identified,
757ccb362ec61e636774fe76324e701dfd7c0f5ca27297cf77e9222e731421ae,2024-10,Northumbria Police,Northumbria Police,-1.712391,54.992305,On or near Arkleside Place,E01008326,Newcastle upon Tyne 015C,Public order,Investigation complete; no suspect identified,
02a35b0bd914be755bd9451935682b2031bcde4128cd097eac2fecfb0f309bbb,2024-10,Northumbria Police,Northumbria Police,-1.714061,54.990512,On or near Chapel House Road,E01008326,Newcastle upon Tyne 015C,Public order,Investigation complete; no suspect identified,
9a604ae4a20e74fbbf9c432aef37f3603e72c7e81833abc2d3a550272d12aacf,2024-10,Northumbria Police,Northumbria Police,-1.714061,54.990512,On or near Chapel House Road,E01008326,Newcastle upon Tyne 015C,Vehicle crime,Investigation complete; no suspect identified,
5a17372d80ddc7f3b3877d23a096bf17b6416c7149e4891d64e5c2ccc3ee3681,2024-10,Northumbria Police,Northumbria Police,-1.707914,54.993391,On or near Milecastle Court,E01008326,Newcastle upon Tyne 015C,Vehicle crime,Investigation complete; no suspect identified,
46e2ab891e2579010918b094dea4fa70a4dc350650a0f152383fa4e25d827506,2024-10,Northumbria Police,Northumbria Police,-1.708202,54.988098,On or near The Roman Way,E01008326,Newcastle upon Tyne 015C,Violence and sexual offences,Investigation complete; no suspect identified,
dc49d6245982eea9005ff1b6b9a643a30f79686dbb654ed1d79f48f1a48a8ec5,2024-10,Northumbria Police,Northumbria Police,-1.707914,54.993391,On or near Milecastle Court,E01008326,Newcastle upon Tyne 015C,Violence and sexual offences,Investigation complete; no suspect identified,
,2024-10,Northumbria Police,Northumbria Police,-1.692174,54.987277,On or near Burwell Avenue,E01008327,Newcastle upon Tyne 015D,Anti-social behaviour,,
,2024-10,Northumbria Police,Northumbria Police,-1.688136,54.992191,On or near Eshott Close,E01008327,Newcastle upon Tyne 015D,Anti-social behaviour,,
,2024-10,Northumbria Police,Northumbria Police,-1.692129,54.991105,On or near Deer Bush,E01008327,Newcastle upon Tyne 015D,Anti-social behaviour,,
113e2fcf16354567d39f7276297e0cdf3962b06c88fa91cba64fc23054ed97d8,2024-10,Northumbria Police,Northumbria Police,-1.692129,54.991105,On or near Deer Bush,E01008327,Newcastle upon Tyne 015D,Criminal damage and arson,Investigation complete; no suspect identified,
944361097d8467688013e73bd1d6d9888f2c29ac534824426da9f25648ecaeaa,2024-10,Northumbria Police,Northumbria Police,-1.686635,54.992205,On or near Earsdon Close,E01008327,Newcastle upon Tyne 015D,Criminal damage and arson,Investigation complete; no suspect identified,
3528e6fff84d5f446ffe1d4b956ac4c2c4f89864a3a5dcb237f3da04c63c8886,2024-10,Northumbria Police,Northumbria Police,-1.692174,54.987277,On or near Burwell Avenue,E01008327,Newcastle upon Tyne 015D,Criminal damage and arson,Investigation complete; no suspect identified,
8903bb4e6ea6d129cedcacf0ffd2876f2e7a3ac2718474ca8592e34ef437f239,2024-10,Northumbria Police,Northumbria Police,-1.690683,54.990122,On or near Corsenside,E01008327,Newcastle upon Tyne 015D,Shoplifting,Court result unavailable,
ff7f8e6f91e5b1836dcb872603aebc11827924414887fce9b0d72172424b9882,2024-10,Northumbria Police,Northumbria Police,-1.689713,54.990263,On or near Cornhill,E01008327,Newcastle upon Tyne 015D,Violence and sexual offences,Status update unavailable,
3ab16ac18482e7c06503f0ae31187710482e31ca9aea37d3989956f42db905d0,2024-10,Northumbria Police,Northumbria Police,-1.692174,54.987277,On or near Burwell Avenue,E01008327,Newcastle upon Tyne 015D,Other crime,Status update unavailable,
,2024-10,Northumbria Police,Northumbria Police,-1.718623,54.992922,On or near Barbondale Lonnen,E01008328,Newcastle upon Tyne 015E,Anti-social behaviour,,
,2024-10,Northumbria Police,Northumbria Police,-1.719189,54.992465,On or near Bracknell Gardens,E01008328,Newcastle upon Tyne 015E,Anti-social behaviour,,
44a5fe59179922cb8aed67682317f786c62f1ab37563c900821e2bcb003c5e1d,2024-10,Northumbria Police,Northumbria Police,-1.715327,54.992698,On or near Chapel House Drive,E01008328,Newcastle upon Tyne 015E,Public order,Status update unavailable,
c6632e1fa4cc1801aa2a33b9897fc22263285daafa45d7140a2572885feb4f43,2024-10,Northumbria Police,Northumbria Police,-1.714215,54.992965,On or near Aisgill Drive,E01008328,Newcastle upon Tyne 015E,Violence and sexual offences,Status update unavailable,
,2024-10,Northumbria Police,Northumbria Police,-1.708444,54.989213,On or near The Grove,E01008329,Newcastle upon Tyne 015F,Anti-social behaviour,,
f03231d286873793930318cb2a86ee6bdb7e7f85f41c060f5dd81b349c330376,2024-10,Northumbria Police,Northumbria Police,-1.704242,54.993238,On or near Rosedale Court,E01008329,Newcastle upon Tyne 015F,Bicycle theft,Investigation complete; no suspect identified,
eb6c1ce423850fc7157e29b2b89348604ee820f086f393993e6b627c8239ec35,2024-10,Northumbria Police,Northumbria Police,-1.701932,54.988523,On or near The Burnside,E01008329,Newcastle upon Tyne 015F,Criminal damage and arson,Investigation complete; no suspect identified,
6597088272391691d7be3fe7393aa3df7355c4cf3026e26dbfad24910c8965ee,2024-10,Northumbria Police,Northumbria Police,-1.701932,54.988523,On or near The Burnside,E01008329,Newcastle upon Tyne 015F,Criminal damage and arson,Investigation complete; no suspect identified,
91de22db635efcee4982ca572ea23386eae4c8f7fcc3f64170da4c2905654794,2024-10,Northumbria Police,Northumbria Police,-1.704153,54.988232,On or near The Garth,E01008329,Newcastle upon Tyne 015F,Criminal damage and arson,Status update unavailable,
8c9cffb6b8b7cfb738a869fd820e137a7c32bb34e87bb004b37fee4b8b6ed408,2024-10,Northumbria Police,Northumbria Police,-1.704242,54.993238,On or near Rosedale Court,E01008329,Newcastle upon Tyne 015F,Other theft,Status update unavailable,
be6c9852182b9233aa063d6cf21bec1ea1353d7121762cad53fa7e745dd9ad8e,2024-10,Northumbria Police,Northumbria Police,-1.703840,54.990406,On or near Holborn Place,E01008329,Newcastle upon Tyne 015F,Public order,Status update unavailable,
1ef88cf3d62d9e91b6c466ac8bcac6062e82be2880932880db54aff70769ef59,2024-10,Northumbria Police,Northumbria Police,-1.709111,54.989862,On or near Hill Head Drive,E01008329,Newcastle upon Tyne 015F,Shoplifting,Investigation complete; no suspect identified,
7af6875c9b34ac654acff1d29824235b9456fbd51326f59304ea864ff35ce3eb,2024-10,Northumbria Police,Northumbria Police,-1.709111,54.989862,On or near Hill Head Drive,E01008329,Newcastle upon Tyne 015F,Shoplifting,Investigation complete; no suspect identified,
c7019f18f05d8271a82f6d027cf1d16d6d584099896d1a6cdb973cd28ff898a7,2024-10,Northumbria Police,Northumbria Police,-1.709111,54.989862,On or near Hill Head Drive,E01008329,Newcastle upon Tyne 015F,Vehicle crime,Status update unavailable,
47af0aad9234dbf6c80e06bd15d0a89ef8b16114ddd19abbc33e3449671b4b02,2024-10,Northumbria Police,Northumbria Police,-1.700909,54.987398,On or near Ilderton Place,E01008329,Newcastle upon Tyne 015F,Violence and sexual offences,Status update unavailable,
f7380aa1417cb81f6f0ad78d71a89869b8dd516ea83f636a31b6c20185ab4197,2024-10,Northumbria Police,Northumbria Police,-1.704598,54.989402,On or near Ravenshill Road,E01008329,Newcastle upon Tyne 015F,Violence and sexual offences,Status update unavailable,
601f05972e2814de12e59ecd1dea6082255de66c438207f4f951810d03f5cfbe,2024-10,Northumbria Police,Northumbria Police,-1.701932,54.988523,On or near The Burnside,E01008329,Newcastle upon Tyne 015F,Violence and sexual offences,Status update unavailable,
0429e789d90fb347ef50509bb8bca6af64d6290dc395641de2464f9541c57c11,2024-10,Northumbria Police,Northumbria Police,-1.699433,54.988284,On or near Harle Close,E01008330,Newcastle upon Tyne 015G,Criminal damage and arson,Investigation complete; no suspect identified,
e5713cb6d944bffaea8571d32ddea531c2854dad9364771b1a4a9cbca406ec7c,2024-10,Northumbria Police,Northumbria Police,-1.699433,54.988284,On or near Harle Close,E01008330,Newcastle upon Tyne 015G,Criminal damage and arson,Status update unavailable,
60ca2e1092af91f789dcc0e6b81a7f5f456d326264f1789889eb35c28ec918dd,2024-10,Northumbria Police,Northumbria Police,-1.696610,54.987630,On or near Thornley Road,E01008330,Newcastle upon Tyne 015G,Other theft,Status update unavailable,
8c6b97910d5db450a4a7945e12ddaaf7984bb4d29a1a29fcf2cc65912fdcfcf5,2024-10,Northumbria Police,Northumbria Police,-1.694671,54.987733,On or near Allendale Court,E01008330,Newcastle upon Tyne 015G,Other theft,Investigation complete; no suspect identified,
a5e7f813985ff5affff3ae7dbe3c1a789d9191c0aba5360c4d27fbda4a3d4630,2024-10,Northumbria Police,Northumbria Police,-1.696222,54.989246,On or near Lindisfarne Close,E01008330,Newcastle upon Tyne 015G,Vehicle crime,Investigation complete; no suspect identified,
433d82e4e8af12670ba6b26ae6b96b4f6537cd8abd5b5a8436d84d38ba932899,2024-10,Northumbria Police,Northumbria Police,-1.696222,54.989246,On or near Lindisfarne Close,E01008330,Newcastle upon Tyne 015G,Violence and sexual offences,Court result unavailable,
1444a6e2dc8a4c4c5d9434de5330bd03af0ea9755c3cf7dfea1192e40c6e94d1,2024-10,Northumbria Police,Northumbria Police,-1.696222,54.989246,On or near Lindisfarne Close,E01008330,Newcastle upon Tyne 015G,Violence and sexual offences,Status update unavailable,
09f46c859a25bfbd1d9a5e2e04b1dc772350a7c4582a2971f44bdec19c0f2521,2024-10,Northumbria Police,Northumbria Police,-1.698963,54.986404,On or near South View,E01008330,Newcastle upon Tyne 015G,Violence and sexual offences,Status update unavailable,
fa856a50029d48702a9534574fa04600e82bb184873130fcebe5d45f818bcb62,2024-10,Northumbria Police,Northumbria Police,-1.696222,54.989246,On or near Lindisfarne Close,E01008330,Newcastle upon Tyne 015G,Violence and sexual offences,Status update unavailable,
2dc94008fc58c4fe0954fe73e9b8e4b54bbd09819522fb85213f67a6393cafbf,2024-10,Northumbria Police,Northumbria Police,-1.696222,54.989246,On or near Lindisfarne Close,E01008330,Newcastle upon Tyne 015G,Violence and sexual offences,Status update unavailable,
b0f44786409f793682b65f5fbce39043ac7667caa1631da811a1b1b498844fe2,2024-10,Northumbria Police,Northumbria Police,-1.694671,54.987733,On or near Allendale Court,E01008330,Newcastle upon Tyne 015G,Violence and sexual offences,Status update unavailable,
89ea55538f3679ea313d0c9537509239126f75e46cabaf1ccaf253e0e8be076a,2024-10,Northumbria Police,Northumbria Police,-1.696222,54.989246,On or near Lindisfarne Close,E01008330,Newcastle upon Tyne 015G,Violence and sexual offences,Status update unavailable,
f794577b0dc3fefa3a23fa3bddf254adcc5f284bb80b816cb9137f71c958d3ac,2024-10,Northumbria Police,Northumbria Police,-1.696610,54.987630,On or near Thornley Road,E01008330,Newcastle upon Tyne 015G,Violence and sexual offences,Status update unavailable,
becf0f72ca632b24a3468618bbfe7832ddec1c666d68756b4b2d109807ab50f0,2024-10,Northumbria Police,Northumbria Police,-1.696222,54.989246,On or near Lindisfarne Close,E01008330,Newcastle upon Tyne 015G,Violence and sexual offences,Status update unavailable,
d40886e07bc3f850a2614be7985a92f41114df9ee1dca1006ea26c4436f7c315,2024-10,Northumbria Police,Northumbria Police,-1.696610,54.987630,On or near Thornley Road,E01008330,Newcastle upon Tyne 015G,Violence and sexual offences,Status update unavailable,
04ca2c566f3d110a3e2c0efad907440d537dd52209f12466a01b5e72cfaddb3e,2024-10,Northumbria Police,Northumbria Police,-1.699433,54.988284,On or near Harle Close,E01008330,Newcastle upon Tyne 015G,Violence and sexual offences,Status update unavailable,
95c580f81793baf7620a8baacc0a6065b7ad8c4dd71809edcbf0236078bbc312,2024-10,Northumbria Police,Northumbria Police,-1.696222,54.989246,On or near Lindisfarne Close,E01008330,Newcastle upon Tyne 015G,Violence and sexual offences,Status update unavailable,
d61767efaed8e91c7c763ae8746c1f65079f1fdd28a522d81d663543c04732a8,2024-10,Northumbria Police,Northumbria Police,-1.699188,54.987699,On or near Greenlaw,E01008330,Newcastle upon Tyne 015G,Violence and sexual offences,Status update unavailable,
136a4bc3cab79b38674f520e74f7a4b821cccdf6534e6f0c2db309020a6a42ab,2024-10,Northumbria Police,Northumbria Police,-1.696222,54.989246,On or near Lindisfarne Close,E01008330,Newcastle upon Tyne 015G,Violence and sexual offences,Status update unavailable,
bac0c6c3565647dccc02cc25fa8448e798e286a85c79e35b3720377fe2d63d27,2024-10,Northumbria Police,Northumbria Police,-1.699433,54.988284,On or near Harle Close,E01008330,Newcastle upon Tyne 015G,Other crime,Status update unavailable,
,2024-10,Northumbria Police,Northumbria Police,-1.665848,54.994100,On or near Inchcliffe Crescent,E01008300,Newcastle upon Tyne 016A,Anti-social behaviour,,
,2024-10,Northumbria Police,Northumbria Police,-1.657318,54.991785,On or near Revell Terrace,E01008300,Newcastle upon Tyne 016A,Anti-social behaviour,,
,2024-10,Northumbria Police,Northumbria Police,-1.658070,54.991634,On or near Mckendrick Villas,E01008300,Newcastle upon Tyne 016A,Anti-social behaviour,,
,2024-10,Northumbria Police,Northumbria Police,-1.662994,54.993319,On or near Crossbrook Road,E01008300,Newcastle upon Tyne 016A,Anti-social behaviour,,
de181b0d2ca818f7223d153708906ffa14f1f479499808dff882934c858115ba,2024-10,Northumbria Police,Northumbria Police,-1.657466,54.990950,On or near Howat Avenue,E01008300,Newcastle upon Tyne 016A,Burglary,Court result unavailable,
0bfba08b161d6bd076db626d0802c871f003eeb29ee5b75472718d8299c4c411,2024-10,Northumbria Police,Northumbria Police,-1.661209,54.993764,On or near Alnmouth Court,E01008300,Newcastle upon Tyne 016A,Burglary,Investigation complete; no suspect identified,
08e1b8bbe98605e122d7820fd9d22248bafc189d40f1eba66a3e308792f75ca7,2024-10,Northumbria Police,Northumbria Police,-1.662233,54.990936,On or near Cottage Lane,E01008300,Newcastle upon Tyne 016A,Criminal damage and arson,Status update unavailable,
2c07c48cb9785a9ba0307284bcc3d927b1ad52a3893f815c4503d2cf1d9555e3,2024-10,Northumbria Police,Northumbria Police,-1.662233,54.990936,On or near Cottage Lane,E01008300,Newcastle upon Tyne 016A,Criminal damage and arson,Status update unavailable,
6c43e72417953f43275871c3cbb2b4acfcad636d357b81ec439389dbec083c52,2024-10,Northumbria Police,Northumbria Police,-1.663221,54.990498,On or near Brookside Crescent,E01008300,Newcastle upon Tyne 016A,Other theft,Investigation complete; no suspect identified,
fffa7a9782e46d4c4abaffbd003bb028f575d88fb610f5933f697c9307980dd0,2024-10,Northumbria Police,Northumbria Police,-1.662233,54.990936,On or near Cottage Lane,E01008300,Newcastle upon Tyne 016A,Other theft,Investigation complete; no suspect identified,
0ba0c0925a5686093dc64ec627e9d1fa73316ba20e3d06457f275446362d9990,2024-10,Northumbria Police,Northumbria Police,-1.665502,54.992536,On or near Springfield Road,E01008300,Newcastle upon Tyne 016A,Other theft,Investigation complete; no suspect identified,
7fb7cf7a528169f14c3bc0bd7ba588343e88b6d23958325391fba6b049814ebc,2024-10,Northumbria Police,Northumbria Police,-1.657318,54.991785,On or near Revell Terrace,E01008300,Newcastle upon Tyne 016A,Other theft,Investigation complete; no suspect identified,
c562951dce42f32090ee84aa3dab1009a307c0304d1bde536495b314a5a4cdb1,2024-10,Northumbria Police,Northumbria Police,-1.662233,54.990936,On or near Cottage Lane,E01008300,Newcastle upon Tyne 016A,Other theft,Investigation complete; no suspect identified,
82eabafbab4272a35b4778a54d0f9c8105d2fbf9a44f4e28d9a6fccbad3ab3d3,2024-10,Northumbria Police,Northumbria Police,-1.657466,54.990950,On or near Howat Avenue,E01008300,Newcastle upon Tyne 016A,Public order,Investigation complete; no suspect identified,
9232ea9944c648fc3615e4bd8b540cf4914d109b003137015a3ced7cf59bd163,2024-10,Northumbria Police,Northumbria Police,-1.662773,54.989850,On or near Arden Crescent,E01008300,Newcastle upon Tyne 016A,Public order,Status update unavailable,
b0c247b6bdae754304c1ddbdd91f90e25cd6e12081824137e78eff98930310a6,2024-10,Northumbria Police,Northumbria Police,-1.658497,54.992813,On or near Brieryside,E01008300,Newcastle upon Tyne 016A,Public order,Investigation complete; no suspect identified,
eb88406a3118360164ed1d78b78996b814ca68e2e43a70277fa5ca7be51d9f2a,2024-10,Northumbria Police,Northumbria Police,-1.658497,54.992813,On or near Brieryside,E01008300,Newcastle upon Tyne 016A,Shoplifting,Status update unavailable,
c40b6e7e262d78f6bea381a23548e2dccfb067c5eaf96dc867d295bfc0e24e40,2024-10,Northumbria Police,Northumbria Police,-1.658497,54.992813,On or near Brieryside,E01008300,Newcastle upon Tyne 016A,Shoplifting,Investigation complete; no suspect identified,
582612b1312b5f423a8af17661496b6d345f8589132dbea72d4b7b2c04e8df14,2024-10,Northumbria Police,Northumbria Police,-1.658497,54.992813,On or near Brieryside,E01008300,Newcastle upon Tyne 016A,Shoplifting,Investigation complete; no suspect identified,
637871b94d54c5a731377409a576ac1fb6ee716a8eed8cce0bece36354635492,2024-10,Northumbria Police,Northumbria Police,-1.663946,54.991678,On or near Embleton Gardens,E01008300,Newcastle upon Tyne 016A,Violence and sexual offences,Status update unavailable,
524a6a12fd349a4ad865eccd532211ef002faec07633777a9049ac358067fcc4,2024-10,Northumbria Police,Northumbria Police,-1.661908,54.994233,On or near Sheriff Gardens,E01008300,Newcastle upon Tyne 016A,Violence and sexual offences,Status update unavailable,
,2024-10,Northumbria Police,Northumbria Police,-1.656740,54.984477,On or near Fenham Court,E01008450,Newcastle upon Tyne 016B,Anti-social behaviour,,
,2024-10,Northumbria Police,Northumbria Police,-1.656132,54.986057,On or near Linum Place,E01008450,Newcastle upon Tyne 016B,Anti-social behaviour,,
,2024-10,Northumbria Police,Northumbria Police,-1.656589,54.987443,On or near Heather Place,E01008450,Newcastle upon Tyne 016B,Anti-social behaviour,,
,2024-10,Northumbria Police,Northumbria Police,-1.657311,54.988891,On or near Supermarket,E01008450,Newcastle upon Tyne 016B,Anti-social behaviour,,
,2024-10,Northumbria Police,Northumbria Police,-1.657756,54.984435,On or near Fenham Chase,E01008450,Newcastle upon Tyne 016B,Anti-social behaviour,,
,2024-10,Northumbria Police,Northumbria Police,-1.660717,54.985342,On or near Alder Avenue,E01008450,Newcastle upon Tyne 016B,Anti-social behaviour,,
,2024-10,Northumbria Police,Northumbria Police,-1.657311,54.988891,On or near Supermarket,E01008450,Newcastle upon Tyne 016B,Anti-social behaviour,,
073e9efddeecafe6183ddd68881e72759b8e5ef531f9ec9ce34e0f56006b84c4,2024-10,Northumbria Police,Northumbria Police,-1.658462,54.987798,On or near Elder Drive,E01008450,Newcastle upon Tyne 016B,Burglary,Court result unavailable,
b92d49e775719616f0be0db1679b0328d8e914d59943e1a37c80a018ed808e17,2024-10,Northumbria Police,Northumbria Police,-1.657311,54.988891,On or near Supermarket,E01008450,Newcastle upon Tyne 016B,Public order,Investigation complete; no suspect identified,
fec2b78002b1eae53a7e44d9b43ae17629f64977b9a15453882b4db2b8a995b0,2024-10,Northumbria Police,Northumbria Police,-1.655206,54.986540,On or near Royal Crescent,E01008450,Newcastle upon Tyne 016B,Public order,Status update unavailable,
d514e217ef4368d3e614babb0702e062d561b73b3828cc6dcfafe8d04b096d4d,2024-10,Northumbria Police,Northumbria Police,-1.657756,54.984435,On or near Fenham Chase,E01008450,Newcastle upon Tyne 016B,Public order,Status update unavailable,
cfedb98b2e7b1dda1b7dddd4c030575495d683b3810c9c7f8ae38f4b661709b3,2024-10,Northumbria Police,Northumbria Police,-1.660717,54.985342,On or near Alder Avenue,E01008450,Newcastle upon Tyne 016B,Public order,Status update unavailable,
3f1b24e6db2c172b4b454bfc64f513029444ce0ea6ea9c27a2de024f9abed024,2024-10,Northumbria Police,Northumbria Police,-1.657311,54.988891,On or near Supermarket,E01008450,Newcastle upon Tyne 016B,Public order,Investigation complete; no suspect identified,
9b96f827c21fa14b123a1582a3f66bd97771d3d6ecf22696fd5735e160424a08,2024-10,Northumbria Police,Northumbria Police,-1.656740,54.984477,On or near Fenham Court,E01008450,Newcastle upon Tyne 016B,Public order,Status update unavailable,
88f206c20b1ab34d41ad7b0054c75c33b251dc1a31d9cd6d234172dded492514,2024-10,Northumbria Police,Northumbria Police,-1.660103,54.985916,On or near Willow Avenue,E01008450,Newcastle upon Tyne 016B,Shoplifting,Investigation complete; no suspect identified,
e826792c761142587d7c6f378baa5f75b44f93fc05b18011ac82be16aff3a8da,2024-10,Northumbria Police,Northumbria Police,-1.657311,54.988891,On or near Supermarket,E01008450,Newcastle upon Tyne 016B,Shoplifting,Investigation complete; no suspect identified,
e73a5b8fc46cf346b9080bd403061794ae729c0146b284a8e66088e7972ea86f,2024-10,Northumbria Police,Northumbria Police,-1.656738,54.988333,On or near Juniper Drive,E01008450,Newcastle upon Tyne 016B,Vehicle crime,Status update unavailable,
832129eb9f77973bdceb4321598fe69274232c6b3cbc4b7d2cede7f69295b3bf,2024-10,Northumbria Police,Northumbria Police,-1.655206,54.986540,On or near Royal Crescent,E01008450,Newcastle upon Tyne 016B,Vehicle crime,Investigation complete; no suspect identified,
62c644c6facf77d8387022a1f4afed0a4283c36df224e01c95072e4ed25f9818,2024-10,Northumbria Police,Northumbria Police,-1.658462,54.987798,On or near Elder Drive,E01008450,Newcastle upon Tyne 016B,Vehicle crime,Investigation complete; no suspect identified,
aef13cf272a87d6972e0605805810a134f40eefa40548fbcc1bfdabe28a35fb4,2024-10,Northumbria Police,Northumbria Police,-1.655206,54.986540,On or near Royal Crescent,E01008450,Newcastle upon Tyne 016B,Vehicle crime,Investigation complete; no suspect identified,
1fbbeba860394fdb47cd145b7e8f8ba5e87e5fd3aafb65dfc1070eab94c13ad5,2024-10,Northumbria Police,Northumbria Police,-1.658826,54.987206,On or near Cypress Avenue,E01008450,Newcastle upon Tyne 016B,Vehicle crime,Investigation complete; no suspect identified,
1d0c4a93ff90e280bea4361ac592c8b768fb2fc2a71c89b16438c891a35070d4,2024-10,Northumbria Police,Northumbria Police,-1.656740,54.984477,On or near Fenham Court,E01008450,Newcastle upon Tyne 016B,Violence and sexual offences,Investigation complete; no suspect identified,
ceb931d050df3746d57c01cfc82fac030a36c78606a1c0e16145dd09816beb0c,2024-10,Northumbria Police,Northumbria Police,-1.657311,54.988891,On or near Supermarket,E01008450,Newcastle upon Tyne 016B,Violence and sexual offences,Investigation complete; no suspect identified,
f067f9bc407b0d6b1bab56cd63b5e02216a8e1cf1f5c01858e8be28c8bd559c7,2024-10,Northumbria Police,Northumbria Police,-1.656132,54.986057,On or near Linum Place,E01008450,Newcastle upon Tyne 016B,Violence and sexual offences,Status update unavailable,
242d46ca188e9bfadb05ac0889f878832b697b14903de58e04e5a73be02b7b94,2024-10,Northumbria Police,Northumbria Police,-1.657756,54.984435,On or near Fenham Chase,E01008450,Newcastle upon Tyne 016B,Violence and sexual offences,Status update unavailable,
a1c3ebc95102b16a7642cf5c8a65cfdf8048ed8fc06df2f51ec1c3d5d9ff549a,2024-10,Northumbria Police,Northumbria Police,-1.655206,54.986540,On or near Royal Crescent,E01008450,Newcastle upon Tyne 016B,Violence and sexual offences,Investigation complete; no suspect identified,
b9b07a26890e758845c87e13a84e28d831d79c6f8d26099da7e78329e14dac43,2024-10,Northumbria Police,Northumbria Police,-1.656740,54.984477,On or near Fenham Court,E01008450,Newcastle upon Tyne 016B,Violence and sexual offences,Status update unavailable,
,2024-10,Northumbria Police,Northumbria Police,-1.663982,54.987391,On or near Angerton Gardens,E01008451,Newcastle upon Tyne 016C,Anti-social behaviour,,
,2024-10,Northumbria Police,Northumbria Police,-1.659283,54.988645,On or near Petrol Station,E01008451,Newcastle upon Tyne 016C,Anti-social behaviour,,
,2024-10,Northumbria Police,Northumbria Police,-1.666350,54.988189,On or near Harnham Gardens,E01008451,Newcastle upon Tyne 016C,Anti-social behaviour,,
2d05edf46cff73c9ebd79f8b7c99d0b67639ad9d6b1f92619e7a14769aa71f57,2024-10,Northumbria Police,Northumbria Police,-1.660578,54.988883,On or near Westerhope Gardens,E01008451,Newcastle upon Tyne 016C,Burglary,Investigation complete; no suspect identified,
13693f60a0b31cac8e54338efaaae7ae9c38409eb90ccfd3dcbbacaf0e9a63bb,2024-10,Northumbria Police,Northumbria Police,-1.663982,54.987391,On or near Angerton Gardens,E01008451,Newcastle upon Tyne 016C,Criminal damage and arson,Investigation complete; no suspect identified,
35ca43aeb182d25bd8d90c6337e5d51844b36fec65b972fb9fa0c2e9ff0d3b3f,2024-10,Northumbria Police,Northumbria Police,-1.663982,54.987391,On or near Angerton Gardens,E01008451,Newcastle upon Tyne 016C,Drugs,Status update unavailable,
f4e3214ecbfc056756a98ead2c10534a6c2c1c90976b3cb83626b910bc9cc88b,2024-10,Northumbria Police,Northumbria Police,-1.659283,54.988645,On or near Petrol Station,E01008451,Newcastle upon Tyne 016C,Other theft,Investigation complete; no suspect identified,
941f0e4ae2c571f0403ba9b4b92b532b238bd8277018ca4771ad90c558a98fc2,2024-10,Northumbria Police,Northumbria Police,-1.659699,54.989365,On or near Parking Area,E01008451,Newcastle upon Tyne 016C,Other theft,Investigation complete; no suspect identified,
939b958b9fcd89241532ee5ee340898aa2b773a3c1457449ae11376223d8c043,2024-10,Northumbria Police,Northumbria Police,-1.661998,54.985355,On or near Genister Place,E01008451,Newcastle upon Tyne 016C,Public order,Investigation complete; no suspect identified,
e6a104693a9512c32cbb8170bef7ed11f017e1ee140e60c0387dda6983dc19cd,2024-10,Northumbria Police,Northumbria Police,-1.668034,54.988714,On or near Acomb Gardens,E01008451,Newcastle upon Tyne 016C,Public order,Investigation complete; no suspect identified,
0c57a8b850b94530dbda0a6eb02e5b1d052b37344d893939bdc0591ae801c61c,2024-10,Northumbria Police,Northumbria Police,-1.661998,54.985355,On or near Genister Place,E01008451,Newcastle upon Tyne 016C,Public order,Status update unavailable,
648b8a03b08dc71855145968ca07c4f0461f55115910d027e05353ed5d60705d,2024-10,Northumbria Police,Northumbria Police,-1.661998,54.985355,On or near Genister Place,E01008451,Newcastle upon Tyne 016C,Robbery,Status update unavailable,
e3613e7aae398bf9dfee7a8cce32e2a89ae150c73d1e2f85477f445b96f6617d,2024-10,Northumbria Police,Northumbria Police,-1.661998,54.985355,On or near Genister Place,E01008451,Newcastle upon Tyne 016C,Robbery,Investigation complete; no suspect identified,
07d7836578c8b9bc1db0d2366ab1a1ff9b93c39ed7d212f882035524aad5c0bd,2024-10,Northumbria Police,Northumbria Police,-1.659283,54.988645,On or near Petrol Station,E01008451,Newcastle upon Tyne 016C,Shoplifting,Investigation complete; no suspect identified,
8ce04477cfe76ca74b55029f6dae7332f5e6c45a7347d080a7baf3b5aff6cbd0,2024-10,Northumbria Police,Northumbria Police,-1.659283,54.988645,On or near Petrol Station,E01008451,Newcastle upon Tyne 016C,Shoplifting,Investigation complete; no suspect identified,
fecd6a37f64312e82bc397014437807e2d02a80ea12db5a8fb56dccbb7f39e4e,2024-10,Northumbria Police,Northumbria Police,-1.664763,54.985560,On or near Ovington Grove,E01008451,Newcastle upon Tyne 016C,Shoplifting,Investigation complete; no suspect identified,
99c9cddbb8392055f625e759a1bfed8a3f4d667f8f8126d2d137c7a793cd928e,2024-10,Northumbria Police,Northumbria Police,-1.661998,54.985355,On or near Genister Place,E01008451,Newcastle upon Tyne 016C,Vehicle crime,Investigation complete; no suspect identified,
be8dbafc7e0fe9abf0739d47a73692aebbf716e88b3f9049808f01d0f853f5d5,2024-10,Northumbria Police,Northumbria Police,-1.663982,54.987391,On or near Angerton Gardens,E01008451,Newcastle upon Tyne 016C,Violence and sexual offences,Status update unavailable,
c83d85360a9a9d959e07da1230bfe5109c51879aaf71629e9ebd9145e86e9cdf,2024-10,Northumbria Police,Northumbria Police,-1.663982,54.987391,On or near Angerton Gardens,E01008451,Newcastle upon Tyne 016C,Violence and sexual offences,Status update unavailable,
baf2eb589492e4f13358f4380b64e29d323dd559ebd26d939cfb4bf11155bf54,2024-10,Northumbria Police,Northumbria Police,-1.663982,54.987391,On or near Angerton Gardens,E01008451,Newcastle upon Tyne 016C,Violence and sexual offences,Status update unavailable,
7d5ab4573467702abc31e40cd95aa16a0ab18cc49005909ff5511de72476585d,2024-10,Northumbria Police,Northumbria Police,-1.663982,54.987391,On or near Angerton Gardens,E01008451,Newcastle upon Tyne 016C,Violence and sexual offences,Investigation complete; no suspect identified,
eb6ea04f56a85dd8c2a300fb8a87a37b1e3da6a44c5a7c0784ebf7f307107dbd,2024-10,Northumbria Police,Northumbria Police,-1.663982,54.987391,On or near Angerton Gardens,E01008451,Newcastle upon Tyne 016C,Violence and sexual offences,Investigation complete; no suspect identified,
63b54ad9441711a70a3a04437ad33e7b7ddc2c8432edfcd20d5dddd58a32d5fa,2024-10,Northumbria Police,Northumbria Police,-1.659283,54.988645,On or near Petrol Station,E01008451,Newcastle upon Tyne 016C,Violence and sexual offences,Status update unavailable,
d284daa5d5ea34af880d062ef8555656dd7b8d85af653e97c2f87c897fe53768,2024-10,Northumbria Police,Northumbria Police,-1.663982,54.987391,On or near Angerton Gardens,E01008451,Newcastle upon Tyne 016C,Violence and sexual offences,Investigation complete; no suspect identified,
7b0e9903c7db84dfbc7ae66a26b18235258500bb83f4325f6b1d8fcbdc9b4280,2024-10,Northumbria Police,Northumbria Police,-1.664763,54.985560,On or near Ovington Grove,E01008451,Newcastle upon Tyne 016C,Violence and sexual offences,Investigation complete; no suspect identified,
5d2834a4924b03f131e9dfc9eb4f798f2342fc21af644089697d2471ca5bf825,2024-10,Northumbria Police,Northumbria Police,-1.664763,54.985560,On or near Ovington Grove,E01008451,Newcastle upon Tyne 016C,Violence and sexual offences,Investigation complete; no suspect identified,
,2024-10,Northumbria Police,Northumbria Police,-1.649944,54.984305,On or near Auburn Gardens,E01008452,Newcastle upon Tyne 016D,Anti-social behaviour,,
f9f8bd1983efc0bfe09449f782d57fbe5de917d02effffd013d4dbb37072b7ae,2024-10,Northumbria Police,Northumbria Police,-1.648460,54.987824,On or near Moorside Place,E01008452,Newcastle upon Tyne 016D,Burglary,Status update unavailable,
65298a5ebdc40d81a1f506d364b51e06cc73bca37604673369fec33ee70578d8,2024-10,Northumbria Police,Northumbria Police,-1.648460,54.987824,On or near Moorside Place,E01008452,Newcastle upon Tyne 016D,Burglary,Status update unavailable,
010f18e00d07e1eb33574a762fad432aeae76c4c4013e25ace583efadbf95786,2024-10,Northumbria Police,Northumbria Police,-1.648607,54.987060,On or near Moorside North,E01008452,Newcastle upon Tyne 016D,Burglary,Status update unavailable,
4bda040b9e07d7d02d425c711e4df04beee49ba853429a3733a67dc26854ef55,2024-10,Northumbria Police,Northumbria Police,-1.649944,54.984305,On or near Auburn Gardens,E01008452,Newcastle upon Tyne 016D,Burglary,Court result unavailable,
9807e7e5def88b1498dc7b565027e2e0f57316f714f4a10cf88c90428e967b82,2024-10,Northumbria Police,Northumbria Police,-1.652031,54.985048,On or near Simonburn Avenue,E01008452,Newcastle upon Tyne 016D,Criminal damage and arson,Investigation complete; no suspect identified,
11f0c76549eccdbbbd1b4059610bd647f933510ab40bce8f5142d24ad37c29b2,2024-10,Northumbria Police,Northumbria Police,-1.642085,54.989405,On or near A167,E01008452,Newcastle upon Tyne 016D,Possession of weapons,Status update unavailable,
8416d71bfa810533c68906d41a1e6eb9a7895e2810dd8f668c7f3ef3caca0212,2024-10,Northumbria Police,Northumbria Police,-1.649922,54.986830,On or near Wingrove Road North,E01008452,Newcastle upon Tyne 016D,Vehicle crime,Investigation complete; no suspect identified,
ab132c365948b50bed352585505e15eb3fa0079d779e64d36f495edabe3ca0eb,2024-10,Northumbria Police,Northumbria Police,-1.651944,54.987879,On or near Woodburn Avenue,E01008452,Newcastle upon Tyne 016D,Vehicle crime,Status update unavailable,
eb1f6ec17b2abb4e4d88568128c4472b105c775e1402a636afe113a0813df6ce,2024-10,Northumbria Police,Northumbria Police,-1.653983,54.987022,On or near Lindale Road,E01008452,Newcastle upon Tyne 016D,Violence and sexual offences,Investigation complete; no suspect identified,
,2024-10,Northumbria Police,Northumbria Police,-1.596022,54.987023,On or near Deuchar Street,E01008367,Newcastle upon Tyne 017A,Anti-social behaviour,,
,2024-10,Northumbria Police,Northumbria Police,-1.604954,54.992489,On or near Acorn Road,E01008367,Newcastle upon Tyne 017A,Anti-social behaviour,,
,2024-10,Northumbria Police,Northumbria Police,-1.599125,54.987644,On or near Osborne Avenue,E01008367,Newcastle upon Tyne 017A,Anti-social behaviour,,
,2024-10,Northumbria Police,Northumbria Police,-1.604954,54.992489,On or near Acorn Road,E01008367,Newcastle upon Tyne 017A,Anti-social behaviour,,
,2024-10,Northumbria Police,Northumbria Police,-1.603016,54.989319,On or near Fern Avenue,E01008367,Newcastle upon Tyne 017A,Anti-social behaviour,,
,2024-10,Northumbria Police,Northumbria Police,-1.604954,54.992489,On or near Acorn Road,E01008367,Newcastle upon Tyne 017A,Anti-social behaviour,,
,2024-10,Northumbria Police,Northumbria Police,-1.603024,54.988502,On or near Holly Avenue,E01008367,Newcastle upon Tyne 017A,Anti-social behaviour,,
,2024-10,Northumbria Police,Northumbria Police,-1.604954,54.992489,On or near Acorn Road,E01008367,Newcastle upon Tyne 017A,Anti-social behaviour,,
,2024-10,Northumbria Police,Northumbria Police,-1.604760,54.989882,On or near Osborne Road,E01008367,Newcastle upon Tyne 017A,Anti-social behaviour,,
,2024-10,Northumbria Police,Northumbria Police,-1.603024,54.988502,On or near Holly Avenue,E01008367,Newcastle upon Tyne 017A,Anti-social behaviour,,
,2024-10,Northumbria Police,Northumbria Police,-1.604954,54.992489,On or near Acorn Road,E01008367,Newcastle upon Tyne 017A,Anti-social behaviour,,
5dd020ae592a7ea570df2cd42fe76a23fd5c4d15a429a31ad50ac5a67bb82bfc,2024-10,Northumbria Police,Northumbria Police,-1.605387,54.991358,On or near Larkspur Terrace,E01008367,Newcastle upon Tyne 017A,Burglary,Investigation complete; no suspect identified,
c3964edbab863055a1fedcb934bcee55cba65976b47c4ed9f9557ef9690b37d7,2024-10,Northumbria Police,Northumbria Police,-1.602391,54.984555,On or near Granville Road,E01008367,Newcastle upon Tyne 017A,Other theft,Status update unavailable,
200f5045b11fa2e9dcc10f5b91c0a4fde917b0012e16ef53e3e90c71b3126a32,2024-10,Northumbria Police,Northumbria Police,-1.598294,54.984784,On or near Jesmond Road,E01008367,Newcastle upon Tyne 017A,Other theft,Investigation complete; no suspect identified,
edb0eb90039c12fdbbc04b9a698f4d82a120486c8b7c851737b95c320b55fe73,2024-10,Northumbria Police,Northumbria Police,-1.604954,54.992489,On or near Acorn Road,E01008367,Newcastle upon Tyne 017A,Public order,Status update unavailable,
4925e2057e57f08d29c4a56f81a5c206ceaf5887abbb074b7e71787eb9cb650f,2024-10,Northumbria Police,Northumbria Police,-1.603016,54.989319,On or near Fern Avenue,E01008367,Newcastle upon Tyne 017A,Public order,Investigation complete; no suspect identified,
8659aa71a5afa21125fdb7ffee5deff6e0c4595bda4a4f182f543c138c5a943a,2024-10,Northumbria Police,Northumbria Police,-1.604954,54.992489,On or near Acorn Road,E01008367,Newcastle upon Tyne 017A,Shoplifting,Investigation complete; no suspect identified,
a027ff9846700fdd08e190d5932d561f3f9c1c784c61a96d6f4853163052d50f,2024-10,Northumbria Police,Northumbria Police,-1.602391,54.984555,On or near Granville Road,E01008367,Newcastle upon Tyne 017A,Vehicle crime,Investigation complete; no suspect identified,
6340c8584d5ae2cda9270a61b389049b96a73c634cc0c4193b0e2b8d66919c04,2024-10,Northumbria Police,Northumbria Police,-1.604760,54.989882,On or near Osborne Road,E01008367,Newcastle upon Tyne 017A,Vehicle crime,Investigation complete; no suspect identified,
5711ec11021235caf940ed8b3822b016a1c4cd68e387368ecd9247fc6418a33c,2024-10,Northumbria Police,Northumbria Police,-1.602391,54.984555,On or near Granville Road,E01008367,Newcastle upon Tyne 017A,Vehicle crime,Investigation complete; no suspect identified,
7d31e7abb83596e42a6f4350834fbb8214fb1e57a78bcbc759a5967f3ff9555d,2024-10,Northumbria Police,Northumbria Police,-1.599125,54.987644,On or near Osborne Avenue,E01008367,Newcastle upon Tyne 017A,Vehicle crime,Investigation complete; no suspect identified,
55c945acbec52fd27dc6009c280600571190af68273d21110519d4578cf6f648,2024-10,Northumbria Police,Northumbria Police,-1.599125,54.987644,On or near Osborne Avenue,E01008367,Newcastle upon Tyne 017A,Violence and sexual offences,Investigation complete; no suspect identified,
0ee77bbfb43fd3d3f4a6e40267471d07c3217aff249e30afc1807a690351d509,2024-10,Northumbria Police,Northumbria Police,-1.599125,54.987644,On or near Osborne Avenue,E01008367,Newcastle upon Tyne 017A,Violence and sexual offences,Status update unavailable,
fe3c1044a099d3ecd7f881d21d563d26f2c1cca596101c53ce9e087a34edda0a,2024-10,Northumbria Police,Northumbria Police,-1.604760,54.989882,On or near Osborne Road,E01008367,Newcastle upon Tyne 017A,Violence and sexual offences,Investigation complete; no suspect identified,
ff894d32fd5e641557cd55c0fc8b81c58e43e717f84e724183864bc08455aa55,2024-10,Northumbria Police,Northumbria Police,-1.605387,54.991358,On or near Larkspur Terrace,E01008367,Newcastle upon Tyne 017A,Violence and sexual offences,Investigation complete; no suspect identified,
de434d5f794c555f4fe128c2aea09fe566bd00ea8e96e747dab07a6adc425e7a,2024-10,Northumbria Police,Northumbria Police,-1.604954,54.992489,On or near Acorn Road,E01008367,Newcastle upon Tyne 017A,Violence and sexual offences,Investigation complete; no suspect identified,
4e4e36cd6d2abb04e4447f92bc25cf41ba659b73950374a0e28073b8e4d4c030,2024-10,Northumbria Police,Northumbria Police,-1.599125,54.987644,On or near Osborne Avenue,E01008367,Newcastle upon Tyne 017A,Violence and sexual offences,Investigation complete; no suspect identified,
,2024-10,Northumbria Police,Northumbria Police,-1.602925,54.990541,On or near Grosvenor Place,E01008368,Newcastle upon Tyne 017B,Anti-social behaviour,,
,2024-10,Northumbria Police,Northumbria Police,-1.601680,54.990052,On or near Queen'S Road,E01008368,Newcastle upon Tyne 017B,Anti-social behaviour,,
,2024-10,Northumbria Police,Northumbria Police,-1.601680,54.990052,On or near Queen'S Road,E01008368,Newcastle upon Tyne 017B,Anti-social behaviour,,
,2024-10,Northumbria Police,Northumbria Police,-1.597672,54.989158,On or near Orchard Place,E01008368,Newcastle upon Tyne 017B,Anti-social behaviour,,
,2024-10,Northumbria Police,Northumbria Police,-1.598809,54.989530,On or near Manor House Road,E01008368,Newcastle upon Tyne 017B,Anti-social behaviour,,
,2024-10,Northumbria Police,Northumbria Police,-1.602925,54.990541,On or near Grosvenor Place,E01008368,Newcastle upon Tyne 017B,Anti-social behaviour,,
,2024-10,Northumbria Police,Northumbria Police,-1.596533,54.989002,On or near Bramley Chase,E01008368,Newcastle upon Tyne 017B,Anti-social behaviour,,
,2024-10,Northumbria Police,Northumbria Police,-1.598809,54.989530,On or near Manor House Road,E01008368,Newcastle upon Tyne 017B,Anti-social behaviour,,
,2024-10,Northumbria Police,Northumbria Police,-1.601680,54.990052,On or near Queen'S Road,E01008368,Newcastle upon Tyne 017B,Anti-social behaviour,,
d8525b6d23591fe34ce1b6eca32699b85f035949b8061789f95bb9a74e900d3d,2024-10,Northumbria Police,Northumbria Police,-1.598809,54.989530,On or near Manor House Road,E01008368,Newcastle upon Tyne 017B,Burglary,Investigation complete; no suspect identified,
ce58ecf8834c97732691b0d82c9def4cc48546ab1410994afef4b1bff92003e3,2024-10,Northumbria Police,Northumbria Police,-1.602925,54.990541,On or near Grosvenor Place,E01008368,Newcastle upon Tyne 017B,Criminal damage and arson,Investigation complete; no suspect identified,
f7d7ce468cc4d46932ed7778e5c781d03499d80f0e71836c29c260ce47c0255a,2024-10,Northumbria Police,Northumbria Police,-1.601680,54.990052,On or near Queen'S Road,E01008368,Newcastle upon Tyne 017B,Criminal damage and arson,Investigation complete; no suspect identified,
3e4c2b3ce046a0b699866c7afa04df0bb2c99043961c0aff9d26ec0f0fa0ea0b,2024-10,Northumbria Police,Northumbria Police,-1.596786,54.988679,On or near Buston Terrace,E01008368,Newcastle upon Tyne 017B,Drugs,Investigation complete; no suspect identified,
cf70e503b5ac9467dcc8d34f0848de683e7016776e47ad41cc75c540afc24ed6,2024-10,Northumbria Police,Northumbria Police,-1.595872,54.989458,On or near Fenwick Terrace,E01008368,Newcastle upon Tyne 017B,Vehicle crime,Investigation complete; no suspect identified,
ba21f53d8494640ccc2d4513d2a5cbd97ceb434e18102c3c004a6b8aa756d4c0,2024-10,Northumbria Police,Northumbria Police,-1.596786,54.988679,On or near Buston Terrace,E01008368,Newcastle upon Tyne 017B,Vehicle crime,Investigation complete; no suspect identified,
840332771fab712b1a1666646a4d86c82ee8584f3f163de5129fdce0037cb121,2024-10,Northumbria Police,Northumbria Police,-1.602925,54.990541,On or near Grosvenor Place,E01008368,Newcastle upon Tyne 017B,Violence and sexual offences,Status update unavailable,
,2024-10,Northumbria Police,Northumbria Police,-1.608695,54.985438,On or near Clayton Park Square,E01008370,Newcastle upon Tyne 017C,Anti-social behaviour,,
,2024-10,Northumbria Police,Northumbria Police,-1.606024,54.985321,On or near Eslington Terrace,E01008370,Newcastle upon Tyne 017C,Anti-social behaviour,,
,2024-10,Northumbria Police,Northumbria Police,-1.611489,54.984126,On or near Brandling Park,E01008370,Newcastle upon Tyne 017C,Anti-social behaviour,,
,2024-10,Northumbria Police,Northumbria Police,-1.608695,54.985438,On or near Clayton Park Square,E01008370,Newcastle upon Tyne 017C,Anti-social behaviour,,
,2024-10,Northumbria Police,Northumbria Police,-1.611702,54.986319,On or near Abbotsford Terrace,E01008370,Newcastle upon Tyne 017C,Anti-social behaviour,,
,2024-10,Northumbria Police,Northumbria Police,-1.606295,54.983148,On or near Eslington Road,E01008370,Newcastle upon Tyne 017C,Anti-social behaviour,,
3067198412b37be254939a038c22c7e0989b6822bcdd237195dc42d6a4a112e9,2024-10,Northumbria Police,Northumbria Police,-1.607254,54.984139,On or near Eskdale Terrace,E01008370,Newcastle upon Tyne 017C,Bicycle theft,Status update unavailable,
18863b913d5cf943d434db4dc0150f55c7d75f6b50cdcb7c62a4903c0e49ba30,2024-10,Northumbria Police,Northumbria Police,-1.606887,54.986510,On or near Kingsland,E01008370,Newcastle upon Tyne 017C,Burglary,Investigation complete; no suspect identified,
f67d36a80f590c837147e7489c56447b18ad384d14a9f3ebb3080a01eee5ac59,2024-10,Northumbria Police,Northumbria Police,-1.611489,54.984126,On or near Brandling Park,E01008370,Newcastle upon Tyne 017C,Burglary,Investigation complete; no suspect identified,
d1106ebcd6d6ef121fb7a28cd616d1db1250d8e2b68d12bf4d2fc8d07b3d3d5e,2024-10,Northumbria Police,Northumbria Police,-1.606024,54.985321,On or near Eslington Terrace,E01008370,Newcastle upon Tyne 017C,Criminal damage and arson,Investigation complete; no suspect identified,
cf67c8827c9fc5b9a08000568831940714fa3782598ff7cda996482ae98bc6bd,2024-10,Northumbria Police,Northumbria Police,-1.608214,54.985104,On or near East Front,E01008370,Newcastle upon Tyne 017C,Criminal damage and arson,Status update unavailable,
20f4b8ba96dcfad732074eb52dd600b1dacc1b447ef03156bae6640ad4a8fc04,2024-10,Northumbria Police,Northumbria Police,-1.611110,54.987764,On or near Princess Mary Court,E01008370,Newcastle upon Tyne 017C,Criminal damage and arson,Investigation complete; no suspect identified,
31acb354aaf34d820ba8eb3b3ca747f922ef28110ae641a77f12835be740c27a,2024-10,Northumbria Police,Northumbria Police,-1.611110,54.987764,On or near Princess Mary Court,E01008370,Newcastle upon Tyne 017C,Criminal damage and arson,Investigation complete; no suspect identified,
d6076f633d2d223f8ff1214bb7e6113c305d2ad15f0f64d50b37ba9e3a47084c,2024-10,Northumbria Police,Northumbria Police,-1.611110,54.987764,On or near Princess Mary Court,E01008370,Newcastle upon Tyne 017C,Criminal damage and arson,Investigation complete; no suspect identified,
f2d0f53471f414521098bfb752254ac99ebe6ad95d048090013e5f1d9e7108f0,2024-10,Northumbria Police,Northumbria Police,-1.611110,54.987764,On or near Princess Mary Court,E01008370,Newcastle upon Tyne 017C,Criminal damage and arson,Investigation complete; no suspect identified,
c155758a4161f74c502896bf337efd3e295fc2b75475a607b2c4df0fbaae79c7,2024-10,Northumbria Police,Northumbria Police,-1.611110,54.987764,On or near Princess Mary Court,E01008370,Newcastle upon Tyne 017C,Criminal damage and arson,Investigation complete; no suspect identified,
74628cb5f825d1fac0d58b62eda4926d92e4081f35bd288a8d794e7f599f0419,2024-10,Northumbria Police,Northumbria Police,-1.608214,54.985104,On or near East Front,E01008370,Newcastle upon Tyne 017C,Criminal damage and arson,Status update unavailable,
827f12f3ed403d49aa9aacc5a0f7c95f9bf9ab279f66c46bb4ca7f616bc50c33,2024-10,Northumbria Police,Northumbria Police,-1.607007,54.987113,On or near Haldane Terrace,E01008370,Newcastle upon Tyne 017C,Criminal damage and arson,Investigation complete; no suspect identified,
cd0998adb5755cd292f276b6ba61bab486c95764afca1e821345ee398e17271b,2024-10,Northumbria Police,Northumbria Police,-1.611110,54.987764,On or near Princess Mary Court,E01008370,Newcastle upon Tyne 017C,Other theft,Investigation complete; no suspect identified,
9be6c0e0a1891c80d540fe7c70cd5d7c2071e370d0e0d4637816566aaea29f35,2024-10,Northumbria Police,Northumbria Police,-1.611702,54.986319,On or near Abbotsford Terrace,E01008370,Newcastle upon Tyne 017C,Other theft,Investigation complete; no suspect identified,
d4a5d3bf44f49c26bed6d122e94fbddd9af67d7e333abe7083d713ad3dc7f320,2024-10,Northumbria Police,Northumbria Police,-1.610734,54.986307,On or near Burdon Terrace,E01008370,Newcastle upon Tyne 017C,Other theft,Investigation complete; no suspect identified,
8a7caf8fc765a3f8f6355a5fb7eea59a2d041fc0104168450e5d9d4cab302698,2024-10,Northumbria Police,Northumbria Police,-1.605626,54.982858,On or near Jesmond,E01008370,Newcastle upon Tyne 017C,Public order,Court result unavailable,
79eadf74f9bf66337839dfd8b808ba68ed3f0bff2263507a4bd3a6cf724fcd78,2024-10,Northumbria Police,Northumbria Police,-1.605626,54.982858,On or near Jesmond,E01008370,Newcastle upon Tyne 017C,Public order,Status update unavailable,
bb2f8cb250d22214b03e0642ff411cc8da6910a2ec4637cd66e6bf05f9fef650,2024-10,Northumbria Police,Northumbria Police,-1.611110,54.987764,On or near Princess Mary Court,E01008370,Newcastle upon Tyne 017C,Theft from the person,Investigation complete; no suspect identified,
558b02a1a49db9c538d0146a98ffb62715bf1684aebab9268a10bf165d0dc897,2024-10,Northumbria Police,Northumbria Police,-1.605626,54.982858,On or near Jesmond,E01008370,Newcastle upon Tyne 017C,Violence and sexual offences,Offender given a caution,
4f3d56744a99301b33af86f2ebfed152b4db6a55390caae7ba75b5710b20c205,2024-10,Northumbria Police,Northumbria Police,-1.606887,54.986510,On or near Kingsland,E01008370,Newcastle upon Tyne 017C,Violence and sexual offences,Status update unavailable,
,2024-10,Northumbria Police,Northumbria Police,-1.591270,54.987061,On or near Ripon Gardens,E01008409,Newcastle upon Tyne 017D,Anti-social behaviour,,
,2024-10,Northumbria Police,Northumbria Police,-1.592261,54.987981,On or near Churchill Gardens,E01008409,Newcastle upon Tyne 017D,Anti-social behaviour,,
,2024-10,Northumbria Police,Northumbria Police,-1.591875,54.987512,On or near Granville Gardens,E01008409,Newcastle upon Tyne 017D,Anti-social behaviour,,
,2024-10,Northumbria Police,Northumbria Police,-1.591468,54.986028,On or near Grosvenor Gardens,E01008409,Newcastle upon Tyne 017D,Anti-social behaviour,,
7681f4a2e6d2dd6b6515c6eaba241784650b276d10cbad8df9b64173fe61b31a,2024-10,Northumbria Police,Northumbria Police,-1.591359,54.987547,On or near Kimberley Gardens,E01008409,Newcastle upon Tyne 017D,Vehicle crime,Status update unavailable,
1ab8a8e260cc8187120a6661b5990757c71f2a95870909861b50680d14581ccb,2024-10,Northumbria Police,Northumbria Police,-1.591224,54.985488,On or near Wolseley Gardens,E01008409,Newcastle upon Tyne 017D,Vehicle crime,Investigation complete; no suspect identified,
25ceff00f23fb96d84847c0fff19551daf997e5c5b6b1db022fc753e7f54aee4,2024-10,Northumbria Police,Northumbria Police,-1.595569,54.985359,On or near Rosebery Place,E01008409,Newcastle upon Tyne 017D,Violence and sexual offences,Investigation complete; no suspect identified,
cb17370f814cff7d32cb1cefdea1562902a79ea396b03f598574358bf13b711b,2024-10,Northumbria Police,Northumbria Police,-1.595569,54.985359,On or near Rosebery Place,E01008409,Newcastle upon Tyne 017D,Violence and sexual offences,Status update unavailable,
6efc4c606f9f523d050da79c4b0e8af5aa716fde5a12f7496d341b9e7bbc424e,2024-10,Northumbria Police,Northumbria Police,-1.595569,54.985359,On or near Rosebery Place,E01008409,Newcastle upon Tyne 017D,Violence and sexual offences,Status update unavailable,
b7b9cd05b5015888c3e361fe1ae0dfb436c3160e75107a6e7a89b1300b0c527b,2024-10,Northumbria Police,Northumbria Police,-1.591359,54.987547,On or near Kimberley Gardens,E01008409,Newcastle upon Tyne 017D,Violence and sexual offences,Status update unavailable,
,2024-10,Northumbria Police,Northumbria Police,-1.598492,54.982143,On or near Kelvin Grove,E01008411,Newcastle upon Tyne 017E,Anti-social behaviour,,
,2024-10,Northumbria Police,Northumbria Police,-1.595519,54.982564,On or near Goldspink Lane,E01008411,Newcastle upon Tyne 017E,Anti-social behaviour,,
9cb72999e7893f1640ca5153f3f4688da05bc8893f903655c7858437c7552fa7,2024-10,Northumbria Police,Northumbria Police,-1.594373,54.981599,On or near Amble Grove,E01008411,Newcastle upon Tyne 017E,Criminal damage and arson,Investigation complete; no suspect identified,
5ee5a81d69697f834e70c0efa731879875ea489742e4e69a2c2817d1f13b45fb,2024-10,Northumbria Police,Northumbria Police,-1.599280,54.981516,On or near Starbeck Mews,E01008411,Newcastle upon Tyne 017E,Other theft,Status update unavailable,
b80f5e2c7ce1e0e62d697bb0eef68a8ebcaa9626f4e194110eabcd819d18548d,2024-10,Northumbria Police,Northumbria Police,-1.595519,54.982564,On or near Goldspink Lane,E01008411,Newcastle upon Tyne 017E,Public order,Status update unavailable,
06482eb336d392acf3e8460bc315d1f844aff0823149af1f09168ad64018eef0,2024-10,Northumbria Police,Northumbria Police,-1.595519,54.982564,On or near Goldspink Lane,E01008411,Newcastle upon Tyne 017E,Public order,Status update unavailable,
d3567ab98eba7c206e408fe4ee2eae4dd5312194ff533e2763d99b1645b123fc,2024-10,Northumbria Police,Northumbria Police,-1.598029,54.981647,On or near Doncaster Road,E01008411,Newcastle upon Tyne 017E,Violence and sexual offences,Investigation complete; no suspect identified,
4959a87db6dda8bc50c447ce36f6fa04661af0730225f4a19924a4683ccf6a5e,2024-10,Northumbria Police,Northumbria Police,-1.598029,54.981647,On or near Doncaster Road,E01008411,Newcastle upon Tyne 017E,Violence and sexual offences,Status update unavailable,
0e4c9c7ab5171373c4ba6b929b39b8b9c8b9ec9adaa95a9fe6d863e7c7fe7477,2024-10,Northumbria Police,Northumbria Police,-1.594373,54.981599,On or near Amble Grove,E01008411,Newcastle upon Tyne 017E,Violence and sexual offences,Status update unavailable,
16e398944c2bd1a4f5f87fa995a552d144c38a5a4ead919c91b23d9cc2bd4e30,2024-10,Northumbria Police,Northumbria Police,-1.594373,54.981599,On or near Amble Grove,E01008411,Newcastle upon Tyne 017E,Violence and sexual offences,Investigation complete; no suspect identified,
a538851007a305ca12428dc9d38a5e520805e50049bb9bf35cf94f190e30cfad,2024-10,Northumbria Police,Northumbria Police,-1.595519,54.982564,On or near Goldspink Lane,E01008411,Newcastle upon Tyne 017E,Violence and sexual offences,Status update unavailable,
5952b53a6a524cf29d4ac7a76d438cce7373a8478b2e04d247345c3158faeef7,2024-10,Northumbria Police,Northumbria Police,-1.595519,54.982564,On or near Goldspink Lane,E01008411,Newcastle upon Tyne 017E,Violence and sexual offences,Investigation complete; no suspect identified,
,2024-10,Northumbria Police,Northumbria Police,-1.583717,54.977007,On or near Molineux Street,E01008303,Newcastle upon Tyne 018A,Anti-social behaviour,,
,2024-10,Northumbria Police,Northumbria Police,-1.577009,54.977559,On or near Robinson Street,E01008303,Newcastle upon Tyne 018A,Anti-social behaviour,,
,2024-10,Northumbria Police,Northumbria Police,-1.577399,54.976149,On or near Conyers Road,E01008303,Newcastle upon Tyne 018A,Anti-social behaviour,,
,2024-10,Northumbria Police,Northumbria Police,-1.582309,54.977209,On or near Flora Street,E01008303,Newcastle upon Tyne 018A,Anti-social behaviour,,
,2024-10,Northumbria Police,Northumbria Police,-1.580765,54.979944,On or near North View,E01008303,Newcastle upon Tyne 018A,Anti-social behaviour,,
,2024-10,Northumbria Police,Northumbria Police,-1.577399,54.976149,On or near Conyers Road,E01008303,Newcastle upon Tyne 018A,Anti-social behaviour,,
,2024-10,Northumbria Police,Northumbria Police,-1.577009,54.977559,On or near Robinson Street,E01008303,Newcastle upon Tyne 018A,Anti-social behaviour,,
,2024-10,Northumbria Police,Northumbria Police,-1.577432,54.978872,On or near St Mark'S Close,E01008303,Newcastle upon Tyne 018A,Anti-social behaviour,,
,2024-10,Northumbria Police,Northumbria Police,-1.577009,54.977559,On or near Robinson Street,E01008303,Newcastle upon Tyne 018A,Anti-social behaviour,,
,2024-10,Northumbria Police,Northumbria Police,-1.580799,54.976646,On or near Corbridge Street,E01008303,Newcastle upon Tyne 018A,Anti-social behaviour,,
,2024-10,Northumbria Police,Northumbria Police,-1.578034,54.979593,On or near Tynemouth Road,E01008303,Newcastle upon Tyne 018A,Anti-social behaviour,,
,2024-10,Northumbria Police,Northumbria Police,-1.577399,54.976149,On or near Conyers Road,E01008303,Newcastle upon Tyne 018A,Anti-social behaviour,,
,2024-10,Northumbria Police,Northumbria Police,-1.582309,54.977209,On or near Flora Street,E01008303,Newcastle upon Tyne 018A,Anti-social behaviour,,
,2024-10,Northumbria Police,Northumbria Police,-1.583717,54.977007,On or near Molineux Street,E01008303,Newcastle upon Tyne 018A,Anti-social behaviour,,
,2024-10,Northumbria Police,Northumbria Police,-1.577432,54.978872,On or near St Mark'S Close,E01008303,Newcastle upon Tyne 018A,Anti-social behaviour,,
,2024-10,Northumbria Police,Northumbria Police,-1.581010,54.977402,On or near Edwin Street,E01008303,Newcastle upon Tyne 018A,Anti-social behaviour,,
,2024-10,Northumbria Police,Northumbria Police,-1.577009,54.977559,On or near Robinson Street,E01008303,Newcastle upon Tyne 018A,Anti-social behaviour,,
6673eddabafbfd23986b89248099ffe6025eb806d8329e7fc832725236d2ecf0,2024-10,Northumbria Police,Northumbria Police,-1.583717,54.977007,On or near Molineux Street,E01008303,Newcastle upon Tyne 018A,Bicycle theft,Investigation complete; no suspect identified,
603ef92ae3c1a93ae489e2294c67f4bdb7dcea36fb7b4f9953f68a55c6a65891,2024-10,Northumbria Police,Northumbria Police,-1.580512,54.978730,On or near Heaton Place,E01008303,Newcastle upon Tyne 018A,Bicycle theft,Investigation complete; no suspect identified,
cf7088b9228d8de38c04fb8be99a717f64d0fe0b08a86fd0dd1bf2facad00617,2024-10,Northumbria Police,Northumbria Police,-1.577009,54.977559,On or near Robinson Street,E01008303,Newcastle upon Tyne 018A,Burglary,Court result unavailable,
8328bd66821c6c84283609de5d2b216ee2e53cd9d76c0d90746574863cadcf0c,2024-10,Northumbria Police,Northumbria Police,-1.580512,54.978730,On or near Heaton Place,E01008303,Newcastle upon Tyne 018A,Criminal damage and arson,Investigation complete; no suspect identified,
035856ee1213d7e487ad740d1838fcca5c5cfc7cd68a7ca80f35378826020467,2024-10,Northumbria Police,Northumbria Police,-1.577009,54.977559,On or near Robinson Street,E01008303,Newcastle upon Tyne 018A,Criminal damage and arson,Investigation complete; no suspect identified,
eb7d2cac80af5c1e967bd5d48daf77e38354b9072e835811953dde71304a1889,2024-10,Northumbria Police,Northumbria Police,-1.577399,54.976149,On or near Conyers Road,E01008303,Newcastle upon Tyne 018A,Drugs,Investigation complete; no suspect identified,
dfa950239091f0afbf39528dd4693ab63cf0726e28996c12775813957f08aacb,2024-10,Northumbria Police,Northumbria Police,-1.577432,54.978872,On or near St Mark'S Close,E01008303,Newcastle upon Tyne 018A,Drugs,Status update unavailable,
53503f32007791cf2450878c0e7982bcfc222b5f586ba2ad81054fbf8128e0f4,2024-10,Northumbria Police,Northumbria Police,-1.579099,54.979372,On or near Parking Area,E01008303,Newcastle upon Tyne 018A,Other theft,Investigation complete; no suspect identified,
a921a62333580bf28b697995c5ec01e486952c4a782a68a962ae138988655562,2024-10,Northumbria Police,Northumbria Police,-1.577009,54.977559,On or near Robinson Street,E01008303,Newcastle upon Tyne 018A,Other theft,Status update unavailable,
2ff99c8e06e650cd8fcddf14bd78539314537f3baa40371e0bdef0e87c161290,2024-10,Northumbria Police,Northumbria Police,-1.580512,54.978730,On or near Heaton Place,E01008303,Newcastle upon Tyne 018A,Other theft,Status update unavailable,
45be74d52be5da11e16c476f47b62eac376d9168340672f3a1f41a47907c7264,2024-10,Northumbria Police,Northumbria Police,-1.580512,54.978730,On or near Heaton Place,E01008303,Newcastle upon Tyne 018A,Other theft,Status update unavailable,
1b90221fa11a7e293ba4f1c158a60f685b3e9bd8b967beab9a5d0a3653580e7c,2024-10,Northumbria Police,Northumbria Police,-1.581010,54.977402,On or near Edwin Street,E01008303,Newcastle upon Tyne 018A,Other theft,Status update unavailable,
001c6433fcc79b2a22be57a3a597d0d7aa7310ce4cd25be2a3a3630b12e0b351,2024-10,Northumbria Police,Northumbria Police,-1.583717,54.977007,On or near Molineux Street,E01008303,Newcastle upon Tyne 018A,Possession of weapons,Status update unavailable,
3080becbd720b671725df6a7a79b78823d77c210a4c1e7443e7341b5e2c4578a,2024-10,Northumbria Police,Northumbria Police,-1.583717,54.977007,On or near Molineux Street,E01008303,Newcastle upon Tyne 018A,Possession of weapons,Status update unavailable,
8ac0668fbfb3b6351404c18ebf0481baf99961e367b409d1dc01259e602ef81f,2024-10,Northumbria Police,Northumbria Police,-1.580512,54.978730,On or near Heaton Place,E01008303,Newcastle upon Tyne 018A,Public order,Status update unavailable,
620f2cfe9751028787950ab09f9245c20b7502c9a22524c3e1be48e2b86215e0,2024-10,Northumbria Police,Northumbria Police,-1.577009,54.977559,On or near Robinson Street,E01008303,Newcastle upon Tyne 018A,Public order,Investigation complete; no suspect identified,
ed2bcf7eec53a0f641fd1d7c7adda66737cfde308d1b9ede9307a406b01b41af,2024-10,Northumbria Police,Northumbria Police,-1.576472,54.978042,On or near Shields Lane,E01008303,Newcastle upon Tyne 018A,Public order,Investigation complete; no suspect identified,
986eb8c6403b1fe97bb72aa65c7eea940bf11ece70d34e0b2916516d8baaad29,2024-10,Northumbria Police,Northumbria Police,-1.577432,54.978872,On or near St Mark'S Close,E01008303,Newcastle upon Tyne 018A,Public order,Status update unavailable,
4fc760d549c4768db6d104309c7fa1352914a402c0892d39aa41ad48b0cf1b90,2024-10,Northumbria Police,Northumbria Police,-1.581898,54.977630,On or near Matthew Close,E01008303,Newcastle upon Tyne 018A,Public order,Status update unavailable,
0957ac7e4fbcb1dfd64488cb34032839c75d8b7bde1fdb41b006cd22f12d73bb,2024-10,Northumbria Police,Northumbria Police,-1.583717,54.977007,On or near Molineux Street,E01008303,Newcastle upon Tyne 018A,Robbery,Investigation complete; no suspect identified,
771bc8045bfd0c257d4a924bf54cc826dba345aba8b2563ae104b9d2f99e942b,2024-10,Northumbria Police,Northumbria Police,-1.577009,54.977559,On or near Robinson Street,E01008303,Newcastle upon Tyne 018A,Shoplifting,Investigation complete; no suspect identified,
7056c6408bcfc080fc7a2b37cc72601832f1f3be99f168d8e3cc5b4d37c12bf9,2024-10,Northumbria Police,Northumbria Police,-1.581010,54.977402,On or near Edwin Street,E01008303,Newcastle upon Tyne 018A,Theft from the person,Investigation complete; no suspect identified,
04212f8b1107467543ee8e8b5c0e7c621cf453580ad309e04d2ac7c8ca27ac63,2024-10,Northumbria Police,Northumbria Police,-1.580512,54.978730,On or near Heaton Place,E01008303,Newcastle upon Tyne 018A,Vehicle crime,Investigation complete; no suspect identified,
b5a9160e35d1e51a807a89fbcc616bc7b9a2cdd60abb27a9619eba17c7a566c8,2024-10,Northumbria Police,Northumbria Police,-1.580782,54.978309,On or near Addison Close,E01008303,Newcastle upon Tyne 018A,Violence and sexual offences,Investigation complete; no suspect identified,
5c1854c8138314bb766b9dad77fb6c81006ec6084466be740f469a4831c57dab,2024-10,Northumbria Police,Northumbria Police,-1.577009,54.977559,On or near Robinson Street,E01008303,Newcastle upon Tyne 018A,Violence and sexual offences,Investigation complete; no suspect identified,
742e19bf1dec62ef6dedb5a7fd7900584a5426595d393ef7ced9f2b70d2c6b43,2024-10,Northumbria Police,Northumbria Police,-1.580512,54.978730,On or near Heaton Place,E01008303,Newcastle upon Tyne 018A,Violence and sexual offences,Investigation complete; no suspect identified,
dcd7fdda2a6afef25eace67786d2cca2492c63a2a6655c168d75354226fb41fd,2024-10,Northumbria Police,Northumbria Police,-1.582309,54.977209,On or near Flora Street,E01008303,Newcastle upon Tyne 018A,Violence and sexual offences,Investigation complete; no suspect identified,
da26c4f95eb4e0d5c0033a88e9f98df4fc6e3e3ab90336780c8f481dab2acfdf,2024-10,Northumbria Police,Northumbria Police,-1.580799,54.976646,On or near Corbridge Street,E01008303,Newcastle upon Tyne 018A,Violence and sexual offences,Investigation complete; no suspect identified,
bb86707a5fb3ad77aeaedaafa34d2c20ba2cd8e6bc04e29ffcce84d0725dc828,2024-10,Northumbria Police,Northumbria Police,-1.583717,54.977007,On or near Molineux Street,E01008303,Newcastle upon Tyne 018A,Violence and sexual offences,Status update unavailable,
ec6670fabc6ccca06a8d234b877996cc92c803ee1d9eef52a7dc00e0536a4db8,2024-10,Northumbria Police,Northumbria Police,-1.578479,54.980404,On or near Elvet Court,E01008303,Newcastle upon Tyne 018A,Violence and sexual offences,Status update unavailable,
97276413f4d7d514351a163427c90ce37079c8504bc3f74ecf15a8a5db034cff,2024-10,Northumbria Police,Northumbria Police,-1.576213,54.978922,On or near Algernon Road,E01008303,Newcastle upon Tyne 018A,Violence and sexual offences,Status update unavailable,
ae4b05a6242a14c16a87aa27fccef8d7ab599cb5a63f6057d2c3ae9760d9b228,2024-10,Northumbria Police,Northumbria Police,-1.577432,54.978872,On or near St Mark'S Close,E01008303,Newcastle upon Tyne 018A,Violence and sexual offences,Investigation complete; no suspect identified,
e985360ddc12e48c036cbd435c6989820d214cb4fcb8c2042946a22ab942e1c5,2024-10,Northumbria Police,Northumbria Police,-1.577399,54.976149,On or near Conyers Road,E01008303,Newcastle upon Tyne 018A,Violence and sexual offences,Investigation complete; no suspect identified,
f26e68686d6ec13cf64c3ff4cc23a6cc44ca2a35f3a465108cee99e6e69d8e99,2024-10,Northumbria Police,Northumbria Police,-1.577009,54.977559,On or near Robinson Street,E01008303,Newcastle upon Tyne 018A,Violence and sexual offences,Investigation complete; no suspect identified,
a4485e40154d01a762dc7f0626291365e6315cb7418d7358a1a55c9361c4fdcf,2024-10,Northumbria Police,Northumbria Police,-1.577432,54.978872,On or near St Mark'S Close,E01008303,Newcastle upon Tyne 018A,Violence and sexual offences,Investigation complete; no suspect identified,
54197f0c4d03c1556740ff0504d087f31a1ab96335687f07394d78ba1d9fc744,2024-10,Northumbria Police,Northumbria Police,-1.576472,54.978042,On or near Shields Lane,E01008303,Newcastle upon Tyne 018A,Violence and sexual offences,Investigation complete; no suspect identified,
e2e533eaead67d4039123804da06e0aec1ef2a15f7bc857123b32bada275aec2,2024-10,Northumbria Police,Northumbria Police,-1.578479,54.980404,On or near Elvet Court,E01008303,Newcastle upon Tyne 018A,Violence and sexual offences,Status update unavailable,
73035b2c6369b2d210414fbda8980bb73c1b21a198bf2de3556eef99caa1222b,2024-10,Northumbria Police,Northumbria Police,-1.577432,54.978872,On or near St Mark'S Close,E01008303,Newcastle upon Tyne 018A,Violence and sexual offences,Status update unavailable,
20adb2d2cc398465559755c36ef03d5e8189d747472028bcda3ce30685ef9db0,2024-10,Northumbria Police,Northumbria Police,-1.577432,54.978872,On or near St Mark'S Close,E01008303,Newcastle upon Tyne 018A,Other crime,Status update unavailable,
,2024-10,Northumbria Police,Northumbria Police,-1.579306,54.984998,On or near Meldon Terrace,E01008359,Newcastle upon Tyne 018B,Anti-social behaviour,,
33d16b680eb2d0f418e4069902e29c841dabb37b61bfa013ec0e25878109c326,2024-10,Northumbria Police,Northumbria Police,-1.577904,54.984598,On or near Tenth Avenue,E01008359,Newcastle upon Tyne 018B,Burglary,Investigation complete; no suspect identified,
f0282617c690410bc77ce1a1a2044462f23c3365b8e4cd16a8aa30c3f06e8768,2024-10,Northumbria Police,Northumbria Police,-1.577904,54.984598,On or near Tenth Avenue,E01008359,Newcastle upon Tyne 018B,Burglary,Investigation complete; no suspect identified,
a9f3b0a0403a936ce9abfb066b251a6e3a5152806b6885dc1ce3e91dcec4144e,2024-10,Northumbria Police,Northumbria Police,-1.572342,54.985927,On or near Rothbury Terrace,E01008360,Newcastle upon Tyne 018C,Burglary,Investigation complete; no suspect identified,
e6bd364ed0b6e344f79f3733174828163ecb1a38f20881959563a30bfdea2878,2024-10,Northumbria Police,Northumbria Police,-1.570771,54.988204,On or near Whitefield Terrace,E01008360,Newcastle upon Tyne 018C,Criminal damage and arson,Investigation complete; no suspect identified,
78abd525b0d4fcb08cb954f7c0e90d9aede9cead88cb5c976c14638b23c836e4,2024-10,Northumbria Police,Northumbria Police,-1.570771,54.988204,On or near Whitefield Terrace,E01008360,Newcastle upon Tyne 018C,Criminal damage and arson,Investigation complete; no suspect identified,
5b39e0362197b88566865bcb05badb79886e5371cf87e003bb8e7572e5d02dda,2024-10,Northumbria Police,Northumbria Police,-1.570771,54.988204,On or near Whitefield Terrace,E01008360,Newcastle upon Tyne 018C,Criminal damage and arson,Investigation complete; no suspect identified,
d66160e5ec235784359213d8b375f37edb3015e75cc99410d24ae3ddcd034bd7,2024-10,Northumbria Police,Northumbria Police,-1.575212,54.983465,On or near Hartford Street,E01008360,Newcastle upon Tyne 018C,Other theft,Investigation complete; no suspect identified,
6c5303e5c39625496a49a9f99c9ef72b37e84a8ed464101c6ac039b6f9ad0036,2024-10,Northumbria Police,Northumbria Police,-1.575212,54.983465,On or near Hartford Street,E01008360,Newcastle upon Tyne 018C,Other theft,Investigation complete; no suspect identified,
ac954fe3171c1e1e566e2ccffaf5b55f303c6e69a7292da12326eca739747bf8,2024-10,Northumbria Police,Northumbria Police,-1.573233,54.985885,On or near Ebor Street,E01008360,Newcastle upon Tyne 018C,Public order,Investigation complete; no suspect identified,
e029502ab612bf90772fb831d2751bcd3ede1a0493c01d1ab73ecdd01fd693d6,2024-10,Northumbria Police,Northumbria Police,-1.575212,54.983465,On or near Hartford Street,E01008360,Newcastle upon Tyne 018C,Public order,Investigation complete; no suspect identified,
1250fe12a1d1812b9890eb70ed78d2a9b8c0a568251c27a9c60979c5c719551b,2024-10,Northumbria Police,Northumbria Police,-1.572342,54.985927,On or near Rothbury Terrace,E01008360,Newcastle upon Tyne 018C,Robbery,Investigation complete; no suspect identified,
9ecdb30c323fb582c7d9748db33eeb4ee478b752b7fcc192b928d91ee82d8e56,2024-10,Northumbria Police,Northumbria Police,-1.570771,54.988204,On or near Whitefield Terrace,E01008360,Newcastle upon Tyne 018C,Vehicle crime,Investigation complete; no suspect identified,
9f66748ae73d71cb7c259c2b9269b042cc40ee6296902a227b2ef64784de104a,2024-10,Northumbria Police,Northumbria Police,-1.570771,54.988204,On or near Whitefield Terrace,E01008360,Newcastle upon Tyne 018C,Violence and sexual offences,Status update unavailable,
40c06d84bf9997a80ce4a374845036188f80ec78195fa7a08ee79a7aa81a1090,2024-10,Northumbria Police,Northumbria Police,-1.570771,54.988204,On or near Whitefield Terrace,E01008360,Newcastle upon Tyne 018C,Violence and sexual offences,Status update unavailable,
1cf7934c66d6001e930fdfcc34849c4b78c8e005d08b08298276011d446baa8a,2024-10,Northumbria Police,Northumbria Police,-1.573233,54.985885,On or near Ebor Street,E01008360,Newcastle upon Tyne 018C,Violence and sexual offences,Investigation complete; no suspect identified,
,2024-10,Northumbria Police,Northumbria Police,-1.576931,54.986437,On or near Chillingham Road,E01008361,Newcastle upon Tyne 018D,Anti-social behaviour,,
64b532e0b340e72a2fff5e432fb87ea3d344093fcd835058769d97cbcde5c604,2024-10,Northumbria Police,Northumbria Police,-1.575199,54.984741,On or near Spencer Street,E01008361,Newcastle upon Tyne 018D,Burglary,Status update unavailable,
55346ba57364f22661059f46db435b592c668ec5036c2e85695fd68c6f1e1785,2024-10,Northumbria Police,Northumbria Police,-1.576931,54.986437,On or near Chillingham Road,E01008361,Newcastle upon Tyne 018D,Criminal damage and arson,Status update unavailable,
a1bac10f2cd0b6211cfe0f6006cb24a5ced0e5ac8021d251915caa36d72d3180,2024-10,Northumbria Police,Northumbria Police,-1.576931,54.986437,On or near Chillingham Road,E01008361,Newcastle upon Tyne 018D,Criminal damage and arson,Investigation complete; no suspect identified,
7ce9928c9e78769a3805265d890fce52f0109c6848ff952743b996329badda6a,2024-10,Northumbria Police,Northumbria Police,-1.576931,54.986437,On or near Chillingham Road,E01008361,Newcastle upon Tyne 018D,Drugs,Investigation complete; no suspect identified,
99f9abc2849d3fb02cbd992a0ab9fb070a82997a92ebc4b16ee1314f9cee4d04,2024-10,Northumbria Police,Northumbria Police,-1.574294,54.987578,On or near Trewhitt Road,E01008361,Newcastle upon Tyne 018D,Other theft,Investigation complete; no suspect identified,
e34c9c366476019e5d0d876857ef8b72f7b7c7d4d2ada89d02e127257c24565d,2024-10,Northumbria Police,Northumbria Police,-1.574294,54.987578,On or near Trewhitt Road,E01008361,Newcastle upon Tyne 018D,Other theft,Investigation complete; no suspect identified,
3308ad88d1145b2376bf0a0f85569825b84edc96ddc68e438c90d2a3505f99da,2024-10,Northumbria Police,Northumbria Police,-1.576931,54.986437,On or near Chillingham Road,E01008361,Newcastle upon Tyne 018D,Shoplifting,Investigation complete; no suspect identified,
d1893b4d80a6472eb211289af41eefd90805aef4592d6db4f57cfd30ea32c79c,2024-10,Northumbria Police,Northumbria Police,-1.576931,54.986437,On or near Chillingham Road,E01008361,Newcastle upon Tyne 018D,Shoplifting,Investigation complete; no suspect identified,
f74d4515f0569752672a3917f10a58e598cda25332983ff1df11d90e18f43202,2024-10,Northumbria Police,Northumbria Police,-1.576931,54.986437,On or near Chillingham Road,E01008361,Newcastle upon Tyne 018D,Shoplifting,Investigation complete; no suspect identified,
ef994b71ae5b9d8b835ffbc43a024bf61a2f09376f9b16961b93b336d37fb7e3,2024-10,Northumbria Police,Northumbria Police,-1.576931,54.986437,On or near Chillingham Road,E01008361,Newcastle upon Tyne 018D,Shoplifting,Investigation complete; no suspect identified,
721d16a2f7b82e53164b1f28202a093ca0fabd5464333f2029c944eb8dbf3376,2024-10,Northumbria Police,Northumbria Police,-1.576931,54.986437,On or near Chillingham Road,E01008361,Newcastle upon Tyne 018D,Shoplifting,Investigation complete; no suspect identified,
b8c28352c94745673f1b64e699e1201397067202eb02b5e030fee94fee6bf460,2024-10,Northumbria Police,Northumbria Police,-1.576931,54.986437,On or near Chillingham Road,E01008361,Newcastle upon Tyne 018D,Shoplifting,Investigation complete; no suspect identified,
a8490456b182e40fd1fc442866b2bad44fa9b46d62aa126bd7c0eb511772b29d,2024-10,Northumbria Police,Northumbria Police,-1.576931,54.986437,On or near Chillingham Road,E01008361,Newcastle upon Tyne 018D,Shoplifting,Investigation complete; no suspect identified,
9af42f239a3a5ab999972f51d27c3a27ab36e09805a9563a7cb55d1d5c2cb717,2024-10,Northumbria Police,Northumbria Police,-1.576931,54.986437,On or near Chillingham Road,E01008361,Newcastle upon Tyne 018D,Shoplifting,Investigation complete; no suspect identified,
60e1c49e4d000722328321ef4bf59764747314a5734964c2f1c232a907100e05,2024-10,Northumbria Police,Northumbria Police,-1.575199,54.984741,On or near Spencer Street,E01008361,Newcastle upon Tyne 018D,Vehicle crime,Investigation complete; no suspect identified,
fb99cdf00a61478ab5c0bcfa63bd4981bb5f95b596dbcd18aaa169fda1165943,2024-10,Northumbria Police,Northumbria Police,-1.576931,54.986437,On or near Chillingham Road,E01008361,Newcastle upon Tyne 018D,Violence and sexual offences,Investigation complete; no suspect identified,
0786f8eb00f3f69d79a085707ba51d4b8a6861ceba23b5e0271fca2ec4a3ff00,2024-10,Northumbria Police,Northumbria Police,-1.576931,54.986437,On or near Chillingham Road,E01008361,Newcastle upon Tyne 018D,Violence and sexual offences,Investigation complete; no suspect identified,
6991d7d59e615e93ce7108c08dde7d5f370088e697648b6dc463b12272d73f12,2024-10,Northumbria Police,Northumbria Police,-1.576931,54.986437,On or near Chillingham Road,E01008361,Newcastle upon Tyne 018D,Violence and sexual offences,Investigation complete; no suspect identified,
3a6110978e63af370dd3b394743cf83a7e481e72de64fa9390be7eba78dac98f,2024-10,Northumbria Police,Northumbria Police,-1.574294,54.987578,On or near Trewhitt Road,E01008361,Newcastle upon Tyne 018D,Violence and sexual offences,Investigation complete; no suspect identified,
477263e601dfdd5beff1cde87828889dc9484adca0b6876b87bcafe831ae9325,2024-10,Northumbria Police,Northumbria Police,-1.574659,54.985494,On or near Richardson Street,E01008361,Newcastle upon Tyne 018D,Violence and sexual offences,Investigation complete; no suspect identified,
,2024-10,Northumbria Police,Northumbria Police,-1.580724,54.983853,On or near King John Terrace,E01008362,Newcastle upon Tyne 018E,Anti-social behaviour,,
,2024-10,Northumbria Police,Northumbria Police,-1.580678,54.982289,On or near Roxburgh Place,E01008362,Newcastle upon Tyne 018E,Anti-social behaviour,,
,2024-10,Northumbria Police,Northumbria Police,-1.580724,54.983853,On or near King John Terrace,E01008362,Newcastle upon Tyne 018E,Anti-social behaviour,,
00699ea9fb4cc58493232b0c0f4ac668c9d61faec6780f3b52b530c13ef88e00,2024-10,Northumbria Police,Northumbria Police,-1.577131,54.982295,On or near Third Avenue,E01008362,Newcastle upon Tyne 018E,Burglary,Investigation complete; no suspect identified,
a77dc5019e6b541ce7919d09d414a6ffa76a19f62cb9546fe34d457a9befdbb3,2024-10,Northumbria Police,Northumbria Police,-1.577131,54.982295,On or near Third Avenue,E01008362,Newcastle upon Tyne 018E,Other theft,Status update unavailable,
fdda541e133e9a2feccf0912f9719512cb7b1333724acf6ea096e0cc29ef2591,2024-10,Northumbria Police,Northumbria Police,-1.580678,54.982289,On or near Roxburgh Place,E01008362,Newcastle upon Tyne 018E,Public order,Court result unavailable,
2e359f9404f47c3626d06af6cc27eacd93cfbc195278e1cf6622d353b2f01114,2024-10,Northumbria Police,Northumbria Police,-1.577131,54.982295,On or near Third Avenue,E01008362,Newcastle upon Tyne 018E,Public order,Court result unavailable,
fb600bde253a9bf786e40ef6cd0906557c6bbdb5af0b0c91fb0d7edc6b2de76a,2024-10,Northumbria Police,Northumbria Police,-1.580678,54.982289,On or near Roxburgh Place,E01008362,Newcastle upon Tyne 018E,Public order,Court result unavailable,
fab82218cafb30ae589d9c9784b9071c8802b1844680c4fedeeada1d69dda5c8,2024-10,Northumbria Police,Northumbria Police,-1.580678,54.982289,On or near Roxburgh Place,E01008362,Newcastle upon Tyne 018E,Public order,Court result unavailable,
ce28188cf4dd697a0ac07c50662dd6b09c33bbd0cfa13fdb0dc9595be9d2dedc,2024-10,Northumbria Police,Northumbria Police,-1.580678,54.982289,On or near Roxburgh Place,E01008362,Newcastle upon Tyne 018E,Public order,Court result unavailable,
632f99c189a201d4d7a8cd3dfda9860694c402b21d74e7111720479758c4772d,2024-10,Northumbria Police,Northumbria Police,-1.580678,54.982289,On or near Roxburgh Place,E01008362,Newcastle upon Tyne 018E,Shoplifting,Court result unavailable,
4db32652b6fc9c8fe30637c162e748d6209363da6a19d21a1f7ab042fad248b4,2024-10,Northumbria Police,Northumbria Police,-1.580678,54.982289,On or near Roxburgh Place,E01008362,Newcastle upon Tyne 018E,Shoplifting,Investigation complete; no suspect identified,
0726b8bca26f2a371fbe60d9d18ceb8934b95cec6792e93b08894c71ad4c4f29,2024-10,Northumbria Police,Northumbria Police,-1.580678,54.982289,On or near Roxburgh Place,E01008362,Newcastle upon Tyne 018E,Shoplifting,Investigation complete; no suspect identified,
5b9163101faa73229cc5afb37ccb998c626b9d414ca50d3bf2226639d761f545,2024-10,Northumbria Police,Northumbria Police,-1.580678,54.982289,On or near Roxburgh Place,E01008362,Newcastle upon Tyne 018E,Shoplifting,Investigation complete; no suspect identified,
6c628668541a7dfdfbf4059736f72778fb41ed1e9049b2b087439cbb24eb113c,2024-10,Northumbria Police,Northumbria Police,-1.580678,54.982289,On or near Roxburgh Place,E01008362,Newcastle upon Tyne 018E,Shoplifting,Investigation complete; no suspect identified,
49a49c66e9845defbb71b63999b46d95fe717e07431bb9f2243332f362684624,2024-10,Northumbria Police,Northumbria Police,-1.580678,54.982289,On or near Roxburgh Place,E01008362,Newcastle upon Tyne 018E,Shoplifting,Status update unavailable,
6561a4249b36a4935c1418dfc55355eef5205af8e7aa4945fafb1b0fd8a1936a,2024-10,Northumbria Police,Northumbria Police,-1.580678,54.982289,On or near Roxburgh Place,E01008362,Newcastle upon Tyne 018E,Shoplifting,Court result unavailable,
c8e0cca199fe31658f52cb9b7369b71404bef514c8b0452caf5a6528bfba6278,2024-10,Northumbria Police,Northumbria Police,-1.580678,54.982289,On or near Roxburgh Place,E01008362,Newcastle upon Tyne 018E,Shoplifting,Status update unavailable,
05cb7082b05ff0e2ee055b4967a665fb287ef7a560384adcb3279de8903398b1,2024-10,Northumbria Police,Northumbria Police,-1.580678,54.982289,On or near Roxburgh Place,E01008362,Newcastle upon Tyne 018E,Shoplifting,Court result unavailable,
b929c0089dcb8622efd210eb3e17a35c63b17b8c17607c5405f86deb1607af64,2024-10,Northumbria Police,Northumbria Police,-1.580678,54.982289,On or near Roxburgh Place,E01008362,Newcastle upon Tyne 018E,Shoplifting,Status update unavailable,
ec03aec3777cd60d3c4b16ca7c3ee78f134e0103a1f97a56ebc467e35e833659,2024-10,Northumbria Police,Northumbria Police,-1.580678,54.982289,On or near Roxburgh Place,E01008362,Newcastle upon Tyne 018E,Shoplifting,Investigation complete; no suspect identified,
a2d8e7a1a3b57a054e758568ba9c8ed78d613fd209b0f5d6c3c0ab758410431f,2024-10,Northumbria Police,Northumbria Police,-1.580678,54.982289,On or near Roxburgh Place,E01008362,Newcastle upon Tyne 018E,Shoplifting,Investigation complete; no suspect identified,
d25d51cc50e9094d89a07613de1a0cdf0ef0b3be85728a95f8c8a922172e8338,2024-10,Northumbria Police,Northumbria Police,-1.580678,54.982289,On or near Roxburgh Place,E01008362,Newcastle upon Tyne 018E,Shoplifting,Investigation complete; no suspect identified,
0c3d1c1c6215e50e2e71998c767532c1f3584de1c594ecfc365783046deb0ff5,2024-10,Northumbria Police,Northumbria Police,-1.580678,54.982289,On or near Roxburgh Place,E01008362,Newcastle upon Tyne 018E,Shoplifting,Investigation complete; no suspect identified,
31c7e09da5055bd81599be97d43d20b4fc5a55ec4ce8b2009437da1f0fcfd3f8,2024-10,Northumbria Police,Northumbria Police,-1.580678,54.982289,On or near Roxburgh Place,E01008362,Newcastle upon Tyne 018E,Shoplifting,Court result unavailable,
b8d5977e1e95e31df05ebae08130ec49ab3ebf7488e0f1309df8ac620d4b12be,2024-10,Northumbria Police,Northumbria Police,-1.580678,54.982289,On or near Roxburgh Place,E01008362,Newcastle upon Tyne 018E,Shoplifting,Court result unavailable,
e7efa3544712cab55d56c0487cfb08c9657ccf89020f8a7053e954444a69307c,2024-10,Northumbria Police,Northumbria Police,-1.580678,54.982289,On or near Roxburgh Place,E01008362,Newcastle upon Tyne 018E,Shoplifting,Court result unavailable,
e5e505ff7390bc0fe28d7cbda6190b4e75be145662a39ea72d7e49350c8c0c13,2024-10,Northumbria Police,Northumbria Police,-1.580678,54.982289,On or near Roxburgh Place,E01008362,Newcastle upon Tyne 018E,Shoplifting,Investigation complete; no suspect identified,
3ed2c01e030fe85576d3b61d89d463055702cde989dc33f24ab25db9ca213ff5,2024-10,Northumbria Police,Northumbria Police,-1.580719,54.984365,On or near King John Street,E01008362,Newcastle upon Tyne 018E,Violence and sexual offences,Investigation complete; no suspect identified,
2ecc3df219b74c519ccf984eee7d3056c391200c5ef0c7e73b05ad16d3503523,2024-10,Northumbria Police,Northumbria Police,-1.577131,54.982295,On or near Third Avenue,E01008362,Newcastle upon Tyne 018E,Violence and sexual offences,Status update unavailable,
b6d39d98a21eb1054e02b34b41ebab2c3e3928bacc1a4574b63a4efae3c8b1ca,2024-10,Northumbria Police,Northumbria Police,-1.580719,54.984365,On or near King John Street,E01008362,Newcastle upon Tyne 018E,Violence and sexual offences,Investigation complete; no suspect identified,
b7d9f09a99ee6366618daac5044fe4311844611d9540cb0788b21bd1cfcc05ed,2024-10,Northumbria Police,Northumbria Police,-1.575742,54.982128,On or near First Avenue,E01008362,Newcastle upon Tyne 018E,Violence and sexual offences,Status update unavailable,
66fd28a59c853de4262460cbd15ba8b0387fc5599351e54f21fa025f4a1ecf3c,2024-10,Northumbria Police,Northumbria Police,-1.580719,54.984365,On or near King John Street,E01008362,Newcastle upon Tyne 018E,Violence and sexual offences,Status update unavailable,
56500cc44f528cf6865bc47e87a935aac7cbf07194fef7e2117f86af590ef642,2024-10,Northumbria Police,Northumbria Police,-1.578983,54.983038,On or near Second Avenue,E01008362,Newcastle upon Tyne 018E,Violence and sexual offences,Investigation complete; no suspect identified,
ec8a5f7587378c8c6619dadb171275e3fff6a1571914b7cef4684603948c3bb9,2024-10,Northumbria Police,Northumbria Police,-1.579963,54.983428,On or near Balmoral Terrace,E01008362,Newcastle upon Tyne 018E,Other crime,Status update unavailable,
95fa0a96287a45497b1d35904bdc50c4e76d3e8dcd1795f5648703b2f431a30a,2024-10,Northumbria Police,Northumbria Police,-1.579963,54.983428,On or near Balmoral Terrace,E01008362,Newcastle upon Tyne 018E,Other crime,Status update unavailable,
1cd1232c48af4975cf05bfa45b4e6da62ef6e341fbfec1c3d8b2b12f2f010e82,2024-10,Northumbria Police,Northumbria Police,-1.579963,54.983428,On or near Balmoral Terrace,E01008362,Newcastle upon Tyne 018E,Other crime,Status update unavailable,
00801404b76eefeba2639450117c92183dd4b89b0cf8ca2c37fb1deec1d076bd,2024-10,Northumbria Police,Northumbria Police,-1.576149,54.990972,On or near Ravenswood Road,E01008364,Newcastle upon Tyne 018F,Criminal damage and arson,Investigation complete; no suspect identified,
952c357b8f9c4fac2f78de4946e91257cbcd58a63585869d61c92889fec69e72,2024-10,Northumbria Police,Northumbria Police,-1.574041,54.989311,On or near Biddlestone Road,E01008364,Newcastle upon Tyne 018F,Other theft,Investigation complete; no suspect identified,
665090d21a6dc6f7f0bf063ba79ac103ec10895e60844375fc0c8237bde3c94b,2024-10,Northumbria Police,Northumbria Police,-1.578675,54.991529,On or near Farnley Road,E01008364,Newcastle upon Tyne 018F,Public order,Investigation complete; no suspect identified,
9e4341f891944c99e8726184a49336ec07597642cf1aa5ba5b2f2c52a6dbfdd0,2024-10,Northumbria Police,Northumbria Police,-1.576172,54.988762,On or near Cartington Terrace,E01008364,Newcastle upon Tyne 018F,Shoplifting,Investigation complete; no suspect identified,
a76ed755e063f1f451ec4c4e584258f2cd127ab17dcd61328720df026788e438,2024-10,Northumbria Police,Northumbria Police,-1.579555,54.991074,On or near Westwood Avenue,E01008364,Newcastle upon Tyne 018F,Violence and sexual offences,Investigation complete; no suspect identified,
,2024-10,Northumbria Police,Northumbria Police,-1.669772,54.986347,On or near Kirkheaton Place,E01008343,Newcastle upon Tyne 019A,Anti-social behaviour,,
,2024-10,Northumbria Police,Northumbria Police,-1.671211,54.980528,On or near Bruce Gardens,E01008343,Newcastle upon Tyne 019A,Anti-social behaviour,,
,2024-10,Northumbria Police,Northumbria Police,-1.669772,54.986347,On or near Kirkheaton Place,E01008343,Newcastle upon Tyne 019A,Anti-social behaviour,,
,2024-10,Northumbria Police,Northumbria Police,-1.670171,54.979680,On or near Fox And Hounds Road,E01008343,Newcastle upon Tyne 019A,Anti-social behaviour,,
,2024-10,Northumbria Police,Northumbria Police,-1.672531,54.979498,On or near West Road,E01008343,Newcastle upon Tyne 019A,Anti-social behaviour,,
,2024-10,Northumbria Police,Northumbria Police,-1.670171,54.979680,On or near Fox And Hounds Road,E01008343,Newcastle upon Tyne 019A,Anti-social behaviour,,
,2024-10,Northumbria Police,Northumbria Police,-1.673367,54.986240,On or near Hesleyside Drive,E01008343,Newcastle upon Tyne 019A,Anti-social behaviour,,
e52debb60ef80201db9f050cd4df00d8cf430e90ba986357795ff613b04f3510,2024-10,Northumbria Police,Northumbria Police,-1.673367,54.986240,On or near Hesleyside Drive,E01008343,Newcastle upon Tyne 019A,Burglary,Investigation complete; no suspect identified,
2ae690ccbc0d2b8db7115ae23801ebf51f7d291d80ae79f8d738b676d22be6c2,2024-10,Northumbria Police,Northumbria Police,-1.673240,54.980686,On or near Colwell Place,E01008343,Newcastle upon Tyne 019A,Burglary,Investigation complete; no suspect identified,
1781771f166a5a1b545bddfb417a5aecfbf285876338681f5ce486f5fed8177f,2024-10,Northumbria Police,Northumbria Police,-1.667132,54.984399,On or near Whittington Grove,E01008343,Newcastle upon Tyne 019A,Robbery,Investigation complete; no suspect identified,
a729599e0e70934a48615b0df62aeecc23f6126e556e571bf92650b9e8d6293c,2024-10,Northumbria Police,Northumbria Police,-1.669772,54.986347,On or near Kirkheaton Place,E01008343,Newcastle upon Tyne 019A,Violence and sexual offences,Status update unavailable,
c578beab55b4cc50472fd756c120380b19b81e2e51c0259c328940e75cdb1fbb,2024-10,Northumbria Police,Northumbria Police,-1.672230,54.983918,On or near Abbotsmeade Close,E01008343,Newcastle upon Tyne 019A,Violence and sexual offences,Investigation complete; no suspect identified,
ebc2bf2b23b57f72e331f9d1a3773b2eb7f410da4ed3888973fedeaf824597d6,2024-10,Northumbria Police,Northumbria Police,-1.670274,54.982277,On or near Rothley Avenue,E01008343,Newcastle upon Tyne 019A,Violence and sexual offences,Status update unavailable,
0584d7bcbd2eec49fd4267a5c2cdf1db70fcd6ada082173b9c5dd9de19a1887c,2024-10,Northumbria Police,Northumbria Police,-1.670805,54.984211,On or near Lanercost Drive,E01008343,Newcastle upon Tyne 019A,Violence and sexual offences,Status update unavailable,
4355845399e749aa402940cadb0dae41f952bbb459df536c68bf351f330ce880,2024-10,Northumbria Police,Northumbria Police,-1.670805,54.984211,On or near Lanercost Drive,E01008343,Newcastle upon Tyne 019A,Violence and sexual offences,Status update unavailable,
,2024-10,Northumbria Police,Northumbria Police,-1.673634,54.984165,On or near Terry Cooney Place,E01008344,Newcastle upon Tyne 019B,Anti-social behaviour,,
,2024-10,Northumbria Police,Northumbria Police,-1.677429,54.984489,On or near Ancroft Place,E01008344,Newcastle upon Tyne 019B,Anti-social behaviour,,
,2024-10,Northumbria Police,Northumbria Police,-1.677429,54.984489,On or near Ancroft Place,E01008344,Newcastle upon Tyne 019B,Anti-social behaviour,,
53dfbe7d503023d6bc143ad901a64740424934be6b99fdbb89a4cf39861c5ba5,2024-10,Northumbria Police,Northumbria Police,-1.677452,54.987374,On or near Allonby Way,E01008344,Newcastle upon Tyne 019B,Criminal damage and arson,Offender given a caution,
a005f3b535bc1182797aca99bceb3f4e1e2ab77a5901ac2cc6023a399210328b,2024-10,Northumbria Police,Northumbria Police,-1.677429,54.984489,On or near Ancroft Place,E01008344,Newcastle upon Tyne 019B,Public order,Status update unavailable,
f7404789d9475398c616dc58031bdbd0de89af6fff9a12c5c21195b00bea78fa,2024-10,Northumbria Police,Northumbria Police,-1.673634,54.984165,On or near Terry Cooney Place,E01008344,Newcastle upon Tyne 019B,Vehicle crime,Investigation complete; no suspect identified,
0e4d57fb5a883a797a055745c62ea4dc14a858202af17357d31fa145b0716e44,2024-10,Northumbria Police,Northumbria Police,-1.677429,54.984489,On or near Ancroft Place,E01008344,Newcastle upon Tyne 019B,Violence and sexual offences,Status update unavailable,
51912fdfe655dc8a8e4ab99239bc15a8aec74e1a94e2d51efe81949a969e4430,2024-10,Northumbria Police,Northumbria Police,-1.677452,54.987374,On or near Allonby Way,E01008344,Newcastle upon Tyne 019B,Violence and sexual offences,Status update unavailable,
,2024-10,Northumbria Police,Northumbria Police,-1.686388,54.983794,On or near Kenley Road,E01008345,Newcastle upon Tyne 019C,Anti-social behaviour,,
103d17073d6d28b5643a4bb7dfc7160bb21654a22f9d66255eae82e9f700eb49,2024-10,Northumbria Police,Northumbria Police,-1.685346,54.987107,On or near Haydon Place,E01008345,Newcastle upon Tyne 019C,Burglary,Investigation complete; no suspect identified,
e3ea8a288e138ffe2289120d6a1ac67fa51ab356640054ca1dbdff78b20aa770,2024-10,Northumbria Police,Northumbria Police,-1.688839,54.988194,On or near Tebay Drive,E01008345,Newcastle upon Tyne 019C,Criminal damage and arson,Investigation complete; no suspect identified,
3816be58fa776f1a21482e5c9b203d7aef769af607322b50bd072a5c82722290,2024-10,Northumbria Police,Northumbria Police,-1.689000,54.985517,On or near The Drive,E01008345,Newcastle upon Tyne 019C,Criminal damage and arson,Investigation complete; no suspect identified,
b616f3023e558a3f3ce9e0ee93a25a6e3d9b43935e70eabfb10e40e4525af0fd,2024-10,Northumbria Police,Northumbria Police,-1.679763,54.987658,On or near Wasdale Road,E01008345,Newcastle upon Tyne 019C,Drugs,Offender given a caution,
c720928aa6fd06737ea12a879215ef4e8b9a8fb8330808202d75f95f70026ce1,2024-10,Northumbria Police,Northumbria Police,-1.686443,54.988754,On or near Walton Road,E01008345,Newcastle upon Tyne 019C,Drugs,Status update unavailable,
933bd215cc8639959c29847f80e4f76da5980e76cf25848953fa3ba5b14f0700,2024-10,Northumbria Police,Northumbria Police,-1.679763,54.987658,On or near Wasdale Road,E01008345,Newcastle upon Tyne 019C,Other theft,Status update unavailable,
98686d8df31b7c95c3849865dbe159b1cafdb332f306646801f6cec5aebf4541,2024-10,Northumbria Police,Northumbria Police,-1.679763,54.987658,On or near Wasdale Road,E01008345,Newcastle upon Tyne 019C,Other theft,Status update unavailable,
38f67b880a653f4efe7d6ec3714966849abaf783d826b0cd367dc31943c12ba7,2024-10,Northumbria Police,Northumbria Police,-1.686443,54.988754,On or near Walton Road,E01008345,Newcastle upon Tyne 019C,Public order,Awaiting court outcome,
c761c79c10e599f32ce49298118d527241c191e2da19838b67241e4d71d2e4e2,2024-10,Northumbria Police,Northumbria Police,-1.687997,54.985865,On or near Woodbrook Avenue,E01008345,Newcastle upon Tyne 019C,Public order,Investigation complete; no suspect identified,
e37ee5d5c575e85659e56a3bc7b4ae3f9f45e355c69bfa8ee677e4a53b9ec55c,2024-10,Northumbria Police,Northumbria Police,-1.681160,54.988911,On or near Shap Lane,E01008345,Newcastle upon Tyne 019C,Robbery,Investigation complete; no suspect identified,
fe5beca16791eb97b8a516d18e1095c3ef7e48c6f3cb123493cdf30d51ef81b6,2024-10,Northumbria Police,Northumbria Police,-1.682733,54.987630,On or near Silloth Avenue,E01008345,Newcastle upon Tyne 019C,Vehicle crime,Investigation complete; no suspect identified,
cb65b17bd58e7cd222ae7fea744bb2038029d21ffbd5d641ee423a03ac3ffeba,2024-10,Northumbria Police,Northumbria Police,-1.681160,54.988911,On or near Shap Lane,E01008345,Newcastle upon Tyne 019C,Vehicle crime,Investigation complete; no suspect identified,
8516bf801c86388c264c01df400ea6dffd7c2b55506f71c74766a3bd7cc8d7ac,2024-10,Northumbria Police,Northumbria Police,-1.687912,54.986799,On or near Caldew Crescent,E01008345,Newcastle upon Tyne 019C,Violence and sexual offences,Status update unavailable,
bd1fe02acf2f9d5736578fe470a015998dcb035cd7fed4c5da649f3e04f5e8eb,2024-10,Northumbria Police,Northumbria Police,-1.687912,54.986799,On or near Caldew Crescent,E01008345,Newcastle upon Tyne 019C,Violence and sexual offences,Status update unavailable,
62ea66f5e1b0bc1b4aa641006bd706d11325f055775d21035810cdbfa7a687ae,2024-10,Northumbria Police,Northumbria Police,-1.682733,54.987630,On or near Silloth Avenue,E01008345,Newcastle upon Tyne 019C,Violence and sexual offences,Status update unavailable,
9642b20d9f5e0783420fe97ecfe167f8b27f500b1f7a43a9da33f25c39db081c,2024-10,Northumbria Police,Northumbria Police,-1.686443,54.988754,On or near Walton Road,E01008345,Newcastle upon Tyne 019C,Violence and sexual offences,Status update unavailable,
f1d12dd4b06e228c2e762388122f0a9cb1b302f4284be0a2e031bf35569917e9,2024-10,Northumbria Police,Northumbria Police,-1.686443,54.988754,On or near Walton Road,E01008345,Newcastle upon Tyne 019C,Violence and sexual offences,Local resolution,
64e6d191fd95d9410abf16b2f8193ac33e3b2c15ddefddbee6eb6a8ac01ec23f,2024-10,Northumbria Police,Northumbria Police,-1.682733,54.987630,On or near Silloth Avenue,E01008345,Newcastle upon Tyne 019C,Violence and sexual offences,Investigation complete; no suspect identified,
319707320a1c5311f451291ffabd7e00466b0adcf29a54f9e2bb0abc42d6545a,2024-10,Northumbria Police,Northumbria Police,-1.688839,54.988194,On or near Tebay Drive,E01008345,Newcastle upon Tyne 019C,Violence and sexual offences,Status update unavailable,
c5ccc5dd674efaf89d2aa1d12873c3dae63eefec2a1671afc91939ac05066a32,2024-10,Northumbria Police,Northumbria Police,-1.687912,54.986799,On or near Caldew Crescent,E01008345,Newcastle upon Tyne 019C,Violence and sexual offences,Status update unavailable,
0be19f3c53262d3bddaca9a7a4c18e56732dd3e9ed925342152541b38580a8b5,2024-10,Northumbria Police,Northumbria Police,-1.665875,54.981484,On or near Supermarket,E01008346,Newcastle upon Tyne 019D,Other theft,Status update unavailable,
e68b966c993538118f33994faeba44a6f63bc865a586283d0abf81d7d96e0c77,2024-10,Northumbria Police,Northumbria Police,-1.665875,54.981484,On or near Supermarket,E01008346,Newcastle upon Tyne 019D,Public order,Court result unavailable,
18c93aa0fe39435ea868291138660e599194208558110729976da364e5262d60,2024-10,Northumbria Police,Northumbria Police,-1.665875,54.981484,On or near Supermarket,E01008346,Newcastle upon Tyne 019D,Public order,Court result unavailable,
79b71c4d8f77436641e03b79c4f60da4ca30b4b9c5aac52c3c3dbbb61088054b,2024-10,Northumbria Police,Northumbria Police,-1.665875,54.981484,On or near Supermarket,E01008346,Newcastle upon Tyne 019D,Public order,Court result unavailable,
dc94c031e9ddb003000acaf5afb89c30851d912680f6a98afbe096f535dc48f3,2024-10,Northumbria Police,Northumbria Police,-1.665875,54.981484,On or near Supermarket,E01008346,Newcastle upon Tyne 019D,Shoplifting,Investigation complete; no suspect identified,
71a6ab4be476098b965fa52534d859a6ac204844bab75094eec021638b8611f0,2024-10,Northumbria Police,Northumbria Police,-1.665875,54.981484,On or near Supermarket,E01008346,Newcastle upon Tyne 019D,Shoplifting,Investigation complete; no suspect identified,
c4fd4b43cee0ccb5fb689caca066ffa6a99fb44170bb8ef1d7255e19e0ec17a8,2024-10,Northumbria Police,Northumbria Police,-1.665875,54.981484,On or near Supermarket,E01008346,Newcastle upon Tyne 019D,Shoplifting,Court result unavailable,
4014ac6cc58c130ee513f87a71e68394a7ca9cd3e8882908ffddb278ea87299f,2024-10,Northumbria Police,Northumbria Police,-1.665875,54.981484,On or near Supermarket,E01008346,Newcastle upon Tyne 019D,Shoplifting,Status update unavailable,
34f1e792eb323a21f73c08697f5aa3ca7589e8ea6fd243c8b2fa9fc4ba83f32b,2024-10,Northumbria Police,Northumbria Police,-1.665875,54.981484,On or near Supermarket,E01008346,Newcastle upon Tyne 019D,Shoplifting,Investigation complete; no suspect identified,
016811acf1a850cf4f89c2dd57271539d925fc8938290faaa7a8cde643d06fc9,2024-10,Northumbria Police,Northumbria Police,-1.665875,54.981484,On or near Supermarket,E01008346,Newcastle upon Tyne 019D,Shoplifting,Investigation complete; no suspect identified,
ce5a04f276cb9e6e116face1df4bc1c77a6e6749ffd683bb46ce36b8d894b8b7,2024-10,Northumbria Police,Northumbria Police,-1.665875,54.981484,On or near Supermarket,E01008346,Newcastle upon Tyne 019D,Shoplifting,Investigation complete; no suspect identified,
b25c8f9c1716334c87178f3aa37b37c38caef7e533c33d00af7221e0ca4bb9ff,2024-10,Northumbria Police,Northumbria Police,-1.665875,54.981484,On or near Supermarket,E01008346,Newcastle upon Tyne 019D,Shoplifting,Investigation complete; no suspect identified,
3a9a0bed9aebf4352ecadd48ed29745b705dce0d7b31eb38dfb8c03d9e568f55,2024-10,Northumbria Police,Northumbria Police,-1.665875,54.981484,On or near Supermarket,E01008346,Newcastle upon Tyne 019D,Shoplifting,Status update unavailable,
9e08b2e0b3f9a4420cce91ce697cf27882f726ea68c3f2dbd92b3f781f21c7cd,2024-10,Northumbria Police,Northumbria Police,-1.664067,54.984687,On or near Two Ball Lonnen,E01008346,Newcastle upon Tyne 019D,Violence and sexual offences,Status update unavailable,
4affbc7bcb98351241e35838057023e3d5e8f6a2bbc9506a49948e81e6f0030e,2024-10,Northumbria Police,Northumbria Police,-1.657764,54.983420,On or near Ord Court,E01008346,Newcastle upon Tyne 019D,Violence and sexual offences,Status update unavailable,
00b3df38c9283135a61d9c8aade17b87361756691718b4bccb02274b16ba0c54,2024-10,Northumbria Police,Northumbria Police,-1.657764,54.983420,On or near Ord Court,E01008346,Newcastle upon Tyne 019D,Violence and sexual offences,Status update unavailable,
25a271e30b5f0ee1601219d5b12988009757826fdcc8fca12093e3023ce0b254,2024-10,Northumbria Police,Northumbria Police,-1.664857,54.983637,On or near Dahlia Place,E01008346,Newcastle upon Tyne 019D,Violence and sexual offences,Offender given a caution,
e8359a6376ad3aa2bbe8e5ae002d0f67a9e64d8098fbe08532f47e276d8ada19,2024-10,Northumbria Police,Northumbria Police,-1.665587,54.982238,On or near Aster Place,E01008346,Newcastle upon Tyne 019D,Violence and sexual offences,Investigation complete; no suspect identified,
06443bb9f3e4233ec9c9aa68e17faacb036e30e6ffd246345f5406c92307b618,2024-10,Northumbria Police,Northumbria Police,-1.665587,54.982238,On or near Aster Place,E01008346,Newcastle upon Tyne 019D,Violence and sexual offences,Status update unavailable,
07ec0ac5c6b5c19299a48fd15f82ee6f2c7b6cbdbe06fbdd55b5acba4858a1b3,2024-10,Northumbria Police,Northumbria Police,-1.669810,54.981692,On or near Stocksfield Avenue,E01008347,Newcastle upon Tyne 019E,Violence and sexual offences,Investigation complete; no suspect identified,
,2024-10,Northumbria Police,Northumbria Police,-1.662202,54.981617,On or near Olive Place,E01008348,Newcastle upon Tyne 019F,Anti-social behaviour,,
,2024-10,Northumbria Police,Northumbria Police,-1.662147,54.980718,On or near Acanthus Avenue,E01008348,Newcastle upon Tyne 019F,Anti-social behaviour,,
,2024-10,Northumbria Police,Northumbria Police,-1.661693,54.980735,On or near Sorrel Close,E01008348,Newcastle upon Tyne 019F,Anti-social behaviour,,
,2024-10,Northumbria Police,Northumbria Police,-1.662202,54.981617,On or near Olive Place,E01008348,Newcastle upon Tyne 019F,Anti-social behaviour,,
300977a07949141e019d97ae802f0858d8355dfe6550219009657e57c9d092f4,2024-10,Northumbria Police,Northumbria Police,-1.660884,54.980346,On or near Almond Place,E01008348,Newcastle upon Tyne 019F,Bicycle theft,Investigation complete; no suspect identified,
4457f95abd33ba264715e09c23f93146f6448f48848add6b611b5212b9748654,2024-10,Northumbria Police,Northumbria Police,-1.660884,54.980346,On or near Almond Place,E01008348,Newcastle upon Tyne 019F,Vehicle crime,Investigation complete; no suspect identified,
efa7e247938d5bd9806ac0651de89dd795c08baa18d74c5db7422d5970b3bd60,2024-10,Northumbria Police,Northumbria Police,-1.663351,54.980551,On or near Hindley Gardens,E01008348,Newcastle upon Tyne 019F,Violence and sexual offences,Status update unavailable,
8e9ead63e7085c22646cc9df56737ac65f33f013f14fdeab40e5632ed059b5b9,2024-10,Northumbria Police,Northumbria Police,-1.659994,54.980254,On or near Linden Avenue,E01008348,Newcastle upon Tyne 019F,Violence and sexual offences,Status update unavailable,
b81c0e244a859196c5a9358aa5ef922f124ad3f9a87bf3bac34286ae72410812,2024-10,Northumbria Police,Northumbria Police,-1.657792,54.980149,On or near Palm Avenue,E01008348,Newcastle upon Tyne 019F,Violence and sexual offences,Status update unavailable,
5f299c5dd4eb4acd7f436ff657df05ccc50d9fe1cfd89e15c66b87d83a0ffd22,2024-10,Northumbria Police,Northumbria Police,-1.657792,54.980149,On or near Palm Avenue,E01008348,Newcastle upon Tyne 019F,Violence and sexual offences,Status update unavailable,
29a750c032b0612a9b198f112ca22646b563110e0c306140a26d712c5b872088,2024-10,Northumbria Police,Northumbria Police,-1.657792,54.980149,On or near Palm Avenue,E01008348,Newcastle upon Tyne 019F,Violence and sexual offences,Status update unavailable,
,2024-10,Northumbria Police,Northumbria Police,-1.654514,54.976150,On or near Middleton Avenue,E01008349,Newcastle upon Tyne 019G,Anti-social behaviour,,
,2024-10,Northumbria Police,Northumbria Police,-1.658652,54.976440,On or near B1305,E01008349,Newcastle upon Tyne 019G,Anti-social behaviour,,
,2024-10,Northumbria Police,Northumbria Police,-1.654514,54.976150,On or near Middleton Avenue,E01008349,Newcastle upon Tyne 019G,Anti-social behaviour,,
,2024-10,Northumbria Police,Northumbria Police,-1.656928,54.980686,On or near Greywood Avenue,E01008349,Newcastle upon Tyne 019G,Anti-social behaviour,,
,2024-10,Northumbria Police,Northumbria Police,-1.654514,54.976150,On or near Middleton Avenue,E01008349,Newcastle upon Tyne 019G,Anti-social behaviour,,
9cf39c59fa0939ada7d76b103faa0b5a79af0bf83872c41e40e615976d808ab2,2024-10,Northumbria Police,Northumbria Police,-1.656928,54.980686,On or near Greywood Avenue,E01008349,Newcastle upon Tyne 019G,Criminal damage and arson,Investigation complete; no suspect identified,
6702d7bb2a8022b5868c0d41acea63283f95adced657f9ab8c098fb2e63e709f,2024-10,Northumbria Police,Northumbria Police,-1.655992,54.980512,On or near Ewbank Avenue,E01008349,Newcastle upon Tyne 019G,Criminal damage and arson,Investigation complete; no suspect identified,
0d53e741ee3a192bc6d0b8a16cb498b1570d0f7221cb93b257ec212ba9db00ac,2024-10,Northumbria Police,Northumbria Police,-1.658652,54.976440,On or near B1305,E01008349,Newcastle upon Tyne 019G,Drugs,Investigation complete; no suspect identified,
391da2fd69992148a10a33419ab0bcf27547618f11b7a0ed93dae1b334f9cc89,2024-10,Northumbria Police,Northumbria Police,-1.655622,54.976324,On or near Shipley Avenue,E01008349,Newcastle upon Tyne 019G,Other theft,Investigation complete; no suspect identified,
f87fbdf52225cd3adef9871b3a46ab2a80298b047e0486d85775de72f0ad279f,2024-10,Northumbria Police,Northumbria Police,-1.656928,54.980686,On or near Greywood Avenue,E01008349,Newcastle upon Tyne 019G,Other theft,Investigation complete; no suspect identified,
57a0f89b076d2bb077fa3f89a89caed691bbd5372ddf67a79939af6c09c0196b,2024-10,Northumbria Police,Northumbria Police,-1.658652,54.976440,On or near B1305,E01008349,Newcastle upon Tyne 019G,Other theft,Investigation complete; no suspect identified,
aa92850485835dfef4d02bf8f9ee72acf2b39c0a1c2cd8d5e1ff8df95e22d706,2024-10,Northumbria Police,Northumbria Police,-1.655522,54.978903,On or near Hoyle Avenue,E01008349,Newcastle upon Tyne 019G,Public order,Status update unavailable,
0a5d0efe3a19a703ba2e5526185a5617293f978252a77f4a20f15f1301a58ebe,2024-10,Northumbria Police,Northumbria Police,-1.655622,54.976324,On or near Shipley Avenue,E01008349,Newcastle upon Tyne 019G,Public order,Status update unavailable,
e8f62c8468eca1a14cc521a4e17fa367e189784176203a135c9bdcbc96faed3a,2024-10,Northumbria Police,Northumbria Police,-1.655622,54.976324,On or near Shipley Avenue,E01008349,Newcastle upon Tyne 019G,Public order,Investigation complete; no suspect identified,
148de1776d1a9176b2f15036457234ea7c54239a26ee78ddfaa5790f4a6dda63,2024-10,Northumbria Police,Northumbria Police,-1.656757,54.976947,On or near Baxter Avenue,E01008349,Newcastle upon Tyne 019G,Vehicle crime,Court result unavailable,
a010a619c8697ca838800ae673d999610ceeee4aad53dd957d21b0e7e3e922e0,2024-10,Northumbria Police,Northumbria Police,-1.655522,54.978903,On or near Hoyle Avenue,E01008349,Newcastle upon Tyne 019G,Vehicle crime,Investigation complete; no suspect identified,
31a25da5aeddc36f5a05a2d633f37d2810012e628a81cd18fd3f90963695a685,2024-10,Northumbria Police,Northumbria Police,-1.655622,54.976324,On or near Shipley Avenue,E01008349,Newcastle upon Tyne 019G,Violence and sexual offences,Status update unavailable,
73f362a19c62bc21d9fa6cec5b8cd235c5bc70f13526d69605b13556a0d9e8c3,2024-10,Northumbria Police,Northumbria Police,-1.653305,54.978609,On or near Hadrian Road,E01008349,Newcastle upon Tyne 019G,Violence and sexual offences,Investigation complete; no suspect identified,
ed9be13f5832c2c3eecec7f7350bdc94a4bf437953d4428f52dfbc7f3cdce00e,2024-10,Northumbria Police,Northumbria Police,-1.655622,54.976324,On or near Shipley Avenue,E01008349,Newcastle upon Tyne 019G,Violence and sexual offences,Status update unavailable,
4f52132b4c3676affa05f56daf71117db33a475554e13780485d789064bee327,2024-10,Northumbria Police,Northumbria Police,-1.655522,54.978903,On or near Hoyle Avenue,E01008349,Newcastle upon Tyne 019G,Violence and sexual offences,Status update unavailable,
288a360b69a57cce7432f25422b99b0f1c3ef54dc9c1b5c0de8547635871d3c1,2024-10,Northumbria Police,Northumbria Police,-1.655622,54.976324,On or near Shipley Avenue,E01008349,Newcastle upon Tyne 019G,Other crime,Status update unavailable,
,2024-10,Northumbria Police,Northumbria Police,-1.678438,54.989228,On or near Beckfoot Close,E01008350,Newcastle upon Tyne 019H,Anti-social behaviour,,
,2024-10,Northumbria Police,Northumbria Police,-1.675696,54.990417,On or near Shopping Area,E01008350,Newcastle upon Tyne 019H,Anti-social behaviour,,
,2024-10,Northumbria Police,Northumbria Police,-1.679165,54.994100,On or near Greenvale Avenue,E01008350,Newcastle upon Tyne 019H,Anti-social behaviour,,
,2024-10,Northumbria Police,Northumbria Police,-1.677815,54.988884,On or near Thirlmere Way,E01008350,Newcastle upon Tyne 019H,Anti-social behaviour,,
040f1f64cd8da4fc1bbb92af6c99a6f703439c688284a28f9c90e560957ce8b7,2024-10,Northumbria Police,Northumbria Police,-1.675696,54.990417,On or near Shopping Area,E01008350,Newcastle upon Tyne 019H,Bicycle theft,Investigation complete; no suspect identified,
02863c436a33e9ba5e79fe377723bee2f7ebb0e536fc1d336abe4148a41bccc9,2024-10,Northumbria Police,Northumbria Police,-1.679305,54.992240,On or near Dewley Road,E01008350,Newcastle upon Tyne 019H,Burglary,Investigation complete; no suspect identified,
d35750823672dfcbcb91838a924c91186bcc4a66a1e5941164d370ae276ab91b,2024-10,Northumbria Police,Northumbria Police,-1.680449,54.991785,On or near Cromdale Place,E01008350,Newcastle upon Tyne 019H,Burglary,Investigation complete; no suspect identified,
06dc44770d9fc7667f101555d04c405ff4bcfe859817dcae0cb19a08e09fd05a,2024-10,Northumbria Police,Northumbria Police,-1.677413,54.992280,On or near Finsmere Place,E01008350,Newcastle upon Tyne 019H,Criminal damage and arson,Status update unavailable,
0589f89856c57d40b59e78ec7834bc5a94d54a95386da3945b1ceac34661e861,2024-10,Northumbria Police,Northumbria Police,-1.677413,54.992280,On or near Finsmere Place,E01008350,Newcastle upon Tyne 019H,Other theft,Investigation complete; no suspect identified,
7d8a0f2ba4d75ecb0f4a12e8e23e99db7e7537d41bbeddee2bb0ce2292781f08,2024-10,Northumbria Police,Northumbria Police,-1.675977,54.990075,On or near Shopping Area,E01008350,Newcastle upon Tyne 019H,Other theft,Court result unavailable,
5489bcc07552c48a464b6447eead9cf176d39395eb1254106b4c6e5be71181a0,2024-10,Northumbria Police,Northumbria Police,-1.675977,54.990075,On or near Shopping Area,E01008350,Newcastle upon Tyne 019H,Other theft,Investigation complete; no suspect identified,
2904eaaf99cf6f1e065909cb0e1445911011969b3b6187b403e7549270ab0a02,2024-10,Northumbria Police,Northumbria Police,-1.677413,54.992280,On or near Finsmere Place,E01008350,Newcastle upon Tyne 019H,Possession of weapons,Status update unavailable,
34746901e4b72e8bb163bd355aed5f70dd1873792bb8ca1200e89b43e37c6713,2024-10,Northumbria Police,Northumbria Police,-1.675696,54.990417,On or near Shopping Area,E01008350,Newcastle upon Tyne 019H,Public order,Status update unavailable,
023a749374b3c8d0e0f146abf016dbcc5cabb398da7fa7cc50c9f64c3bdecf05,2024-10,Northumbria Police,Northumbria Police,-1.679082,54.990748,On or near Stapleford Close,E01008350,Newcastle upon Tyne 019H,Public order,Investigation complete; no suspect identified,
23a8abd1e93790fbb44bffd729182bbd741254a04e6031a168fefd0e3174b769,2024-10,Northumbria Police,Northumbria Police,-1.675977,54.990075,On or near Shopping Area,E01008350,Newcastle upon Tyne 019H,Public order,Court result unavailable,
427399e91986154f240cb1daf9eb1fc8d6a221fdfd6bb16dcdc8ce511b95ad7f,2024-10,Northumbria Police,Northumbria Police,-1.679536,54.992663,On or near Waterbeach Place,E01008350,Newcastle upon Tyne 019H,Public order,Investigation complete; no suspect identified,
633823ac284ce0e956576a2a176772372f5aca9ecd55bdd14594704fc5445fc8,2024-10,Northumbria Police,Northumbria Police,-1.675977,54.990075,On or near Shopping Area,E01008350,Newcastle upon Tyne 019H,Shoplifting,Investigation complete; no suspect identified,
39e548f99bc12d793c6defee2a88cf15a77b89cbaf345f114f03b4e41e833aaf,2024-10,Northumbria Police,Northumbria Police,-1.675977,54.990075,On or near Shopping Area,E01008350,Newcastle upon Tyne 019H,Shoplifting,Status update unavailable,
8a30ed932eb3bf47b4eb8b798548f5595016d7e992081ece0455228eb31f8ee7,2024-10,Northumbria Police,Northumbria Police,-1.675977,54.990075,On or near Shopping Area,E01008350,Newcastle upon Tyne 019H,Shoplifting,Investigation complete; no suspect identified,
f3b83d309547f896d864203c3c31d6b98abfc3dd209bc3d083539a8bc41e5646,2024-10,Northumbria Police,Northumbria Police,-1.677413,54.992280,On or near Finsmere Place,E01008350,Newcastle upon Tyne 019H,Shoplifting,Status update unavailable,
26fdc12b90f2c9b329784f5ecf20dbbbd4ec1a6d24fc6c1b08ac845e959b0db9,2024-10,Northumbria Police,Northumbria Police,-1.675977,54.990075,On or near Shopping Area,E01008350,Newcastle upon Tyne 019H,Shoplifting,Status update unavailable,
2361380b3d8fa6a2e9f422c6fb0b111d369a9f195487af12321bb3d27d803ac1,2024-10,Northumbria Police,Northumbria Police,-1.675977,54.990075,On or near Shopping Area,E01008350,Newcastle upon Tyne 019H,Shoplifting,Court result unavailable,
5674cf6dd6112fb17b05ea77b538e37149a1e4fc8d93e31a48ebbbcce2a35773,2024-10,Northumbria Police,Northumbria Police,-1.679082,54.990748,On or near Stapleford Close,E01008350,Newcastle upon Tyne 019H,Vehicle crime,Status update unavailable,
c799b0830ffc061525f9aeff71d517f914b33a382380ad867be74d5bde6844aa,2024-10,Northumbria Police,Northumbria Police,-1.679584,54.988539,On or near Cotehill Road,E01008350,Newcastle upon Tyne 019H,Violence and sexual offences,Court result unavailable,
f17579c80bf14871ae0b413944075a6fa8c18e97f47d408dd5504ddf5cc1775c,2024-10,Northumbria Police,Northumbria Police,-1.675977,54.990075,On or near Shopping Area,E01008350,Newcastle upon Tyne 019H,Violence and sexual offences,Status update unavailable,
5035f715e6e802cb0d2d37dae7438a6a6929c8fdba3165a6989309f7d4745eb0,2024-10,Northumbria Police,Northumbria Police,-1.675696,54.990417,On or near Shopping Area,E01008350,Newcastle upon Tyne 019H,Violence and sexual offences,Investigation complete; no suspect identified,
45cba4772dca171c75a2599365cd8549ad5d4f3a281a0f9ba6465987679da310,2024-10,Northumbria Police,Northumbria Police,-1.679536,54.992663,On or near Waterbeach Place,E01008350,Newcastle upon Tyne 019H,Violence and sexual offences,Investigation complete; no suspect identified,
eefe19be82d4ecde830237c7f407a06d30e4cbd32492f3194b0729cc403e432e,2024-10,Northumbria Police,Northumbria Police,-1.679536,54.992663,On or near Waterbeach Place,E01008350,Newcastle upon Tyne 019H,Violence and sexual offences,Status update unavailable,
7bd7296af174d4b0b3f57856d74f73b0b25de00855c78ba325bfe1abacbf836f,2024-10,Northumbria Police,Northumbria Police,-1.677413,54.992280,On or near Finsmere Place,E01008350,Newcastle upon Tyne 019H,Violence and sexual offences,Investigation complete; no suspect identified,
,2024-10,Northumbria Police,Northumbria Police,-1.546659,54.976910,On or near Middle Street East,E01008430,Newcastle upon Tyne 020A,Anti-social behaviour,,
24acb1c0304e2d5981819e7f4ed7be0c2ed44864a6da5198967512b18aeb4c6c,2024-10,Northumbria Police,Northumbria Police,-1.544399,54.977854,On or near Sunningdale Avenue,E01008430,Newcastle upon Tyne 020A,Criminal damage and arson,Investigation complete; no suspect identified,
1d4dd851f9288312ac751325c41797cccd58817b0b4e94ec1e9014ef4a2beecc,2024-10,Northumbria Police,Northumbria Police,-1.544399,54.977854,On or near Sunningdale Avenue,E01008430,Newcastle upon Tyne 020A,Criminal damage and arson,Investigation complete; no suspect identified,
9732072bd00f4a859e01b2bc7e1a21f508e824b22ac8b37fd19bbbdb0c2a4746,2024-10,Northumbria Police,Northumbria Police,-1.545382,54.977984,On or near Eastbourne Avenue,E01008430,Newcastle upon Tyne 020A,Drugs,Status update unavailable,
76b6a52d4c8713e723fcf5da30f4c0fb7a7c020e9926d16be1cc13cbc4760540,2024-10,Northumbria Police,Northumbria Police,-1.546659,54.976910,On or near Middle Street East,E01008430,Newcastle upon Tyne 020A,Other theft,Investigation complete; no suspect identified,
ace5ef3d963e967281820c630bc7ec07ccbb2557e8c0da6406d784b5f6609f9a,2024-10,Northumbria Police,Northumbria Police,-1.546659,54.976910,On or near Middle Street East,E01008430,Newcastle upon Tyne 020A,Vehicle crime,Investigation complete; no suspect identified,
d136e32359eee912c6352f3eabe2922e06c22dcf820b36f695bfa195ea95094b,2024-10,Northumbria Police,Northumbria Police,-1.544399,54.977854,On or near Sunningdale Avenue,E01008430,Newcastle upon Tyne 020A,Violence and sexual offences,Investigation complete; no suspect identified,
af4db8865e71e69f5a567884e79e3abf4ddd99ea04406191b7a170b6fabed602,2024-10,Northumbria Police,Northumbria Police,-1.546659,54.976910,On or near Middle Street East,E01008430,Newcastle upon Tyne 020A,Violence and sexual offences,Investigation complete; no suspect identified,
d5fb478b444a04adcb4c68f0a1dae36deb0e4bd1915b2d44ab88d744b17b75d8,2024-10,Northumbria Police,Northumbria Police,-1.546659,54.976910,On or near Middle Street East,E01008430,Newcastle upon Tyne 020A,Violence and sexual offences,Status update unavailable,
6b1ff484ab243eeb281322a5064bf27b25c9100a1b12e147ef7ac727f57c5fc3,2024-10,Northumbria Police,Northumbria Police,-1.542760,54.979115,On or near Nidsdale Avenue,E01008431,Newcastle upon Tyne 020B,Criminal damage and arson,Investigation complete; no suspect identified,
e8f4e98f770fa2382f1935cf6cb9f5ac4dfb54fd16c7e398dd6d36dd0150a3b8,2024-10,Northumbria Police,Northumbria Police,-1.551652,54.976084,On or near Middle Street,E01008431,Newcastle upon Tyne 020B,Violence and sexual offences,Status update unavailable,
62e92bf8ec6b8fe3d283c5a666f20fc8869bb6321cdaedc69cf39d358720057e,2024-10,Northumbria Police,Northumbria Police,-1.551919,54.980192,On or near Borrowdale Avenue,E01008431,Newcastle upon Tyne 020B,Violence and sexual offences,Investigation complete; no suspect identified,
,2024-10,Northumbria Police,Northumbria Police,-1.556180,54.984862,On or near Northmoor Road,E01008433,Newcastle upon Tyne 020C,Anti-social behaviour,,
,2024-10,Northumbria Police,Northumbria Police,-1.556180,54.984862,On or near Northmoor Road,E01008433,Newcastle upon Tyne 020C,Anti-social behaviour,,
,2024-10,Northumbria Police,Northumbria Police,-1.554213,54.987470,On or near Ivy Road,E01008433,Newcastle upon Tyne 020C,Anti-social behaviour,,
7bbd2393e4343de19af4b0071c7221d673cf7b0fb25df3624bc7846b38aaefde,2024-10,Northumbria Police,Northumbria Police,-1.559141,54.988441,On or near Jasmine Close,E01008433,Newcastle upon Tyne 020C,Burglary,Investigation complete; no suspect identified,
4b4701ec465611f69be79632a0fea76cf7654ecc576eac2935a2edad69a8c611,2024-10,Northumbria Police,Northumbria Police,-1.554213,54.987470,On or near Ivy Road,E01008433,Newcastle upon Tyne 020C,Public order,Investigation complete; no suspect identified,
f264773e78bec0e8ee060d1a97b8dfad6d8318d156cf09a336555f17ab7e8495,2024-10,Northumbria Police,Northumbria Police,-1.554213,54.987470,On or near Ivy Road,E01008433,Newcastle upon Tyne 020C,Public order,Status update unavailable,
37348b3f760fbd69a9ca8d94cf756e9ed11ad18390628ea882dad8a730531c1b,2024-10,Northumbria Police,Northumbria Police,-1.554213,54.987470,On or near Ivy Road,E01008433,Newcastle upon Tyne 020C,Vehicle crime,Investigation complete; no suspect identified,
3ed3443bd9adcfb24898c549ed36b758a401e07ab575a0373e81e1a5a7e3cf59,2024-10,Northumbria Police,Northumbria Police,-1.560926,54.991044,On or near Cherrywood,E01008433,Newcastle upon Tyne 020C,Violence and sexual offences,Investigation complete; no suspect identified,
619a055241407fbe9687a7d1c2d5860af0dd5926b607ac688ebd60f54d8663fb,2024-10,Northumbria Police,Northumbria Police,-1.561246,54.988898,On or near Hospital,E01008433,Newcastle upon Tyne 020C,Violence and sexual offences,Status update unavailable,
d929b89ba433b419a4fdf365c462bfd0368aa89bcad6588ec67c975ef3da6cb8,2024-10,Northumbria Police,Northumbria Police,-1.554213,54.987470,On or near Ivy Road,E01008433,Newcastle upon Tyne 020C,Violence and sexual offences,Status update unavailable,
71183b14c282b07d37d679f1cdf03846c903d8d24d8f1987b1e49aef84352d76,2024-10,Northumbria Police,Northumbria Police,-1.554213,54.987470,On or near Ivy Road,E01008433,Newcastle upon Tyne 020C,Violence and sexual offences,Investigation complete; no suspect identified,
,2024-10,Northumbria Police,Northumbria Police,-1.544808,54.988666,On or near Firtree Avenue,E01008434,Newcastle upon Tyne 020D,Anti-social behaviour,,
,2024-10,Northumbria Police,Northumbria Police,-1.548323,54.988760,On or near Yewtree Gardens,E01008434,Newcastle upon Tyne 020D,Anti-social behaviour,,
e9314b2ade207c0e3b68aad841650a4f5a9533149287fa341d75e4befcad9d06,2024-10,Northumbria Police,Northumbria Police,-1.546646,54.990533,On or near Oaktree Avenue,E01008434,Newcastle upon Tyne 020D,Vehicle crime,Investigation complete; no suspect identified,
,2024-10,Northumbria Police,Northumbria Police,-1.548518,54.986694,On or near Stockwell Green,E01008435,Newcastle upon Tyne 020E,Anti-social behaviour,,
9afd77e0c921a0aa637b8ae075ec1d980e703549142c4381209d3e8d6b379620,2024-10,Northumbria Police,Northumbria Police,-1.551672,54.984145,On or near Selby Gardens,E01008435,Newcastle upon Tyne 020E,Bicycle theft,Investigation complete; no suspect identified,
933431d532e122c86c06b32e5cab7941dcb8cf8250c390d616bb66997359cd07,2024-10,Northumbria Police,Northumbria Police,-1.546162,54.984951,On or near Vauxhall Road,E01008435,Newcastle upon Tyne 020E,Burglary,Court result unavailable,
86827ed3cbe29c58fe5341869456bc16fba47875ae5805eb8d01154812eaec3e,2024-10,Northumbria Police,Northumbria Police,-1.546162,54.984951,On or near Vauxhall Road,E01008435,Newcastle upon Tyne 020E,Burglary,Investigation complete; no suspect identified,
b376bf03028da40b348fd4e451a182d387803f606e1626d1d0756a543fab0338,2024-10,Northumbria Police,Northumbria Police,-1.548518,54.986694,On or near Stockwell Green,E01008435,Newcastle upon Tyne 020E,Criminal damage and arson,Offender given a caution,
ef158fd6123abbee9920249af15e3d7f0fd5162c6c61e7450ab23b1c2777e245,2024-10,Northumbria Police,Northumbria Police,-1.548518,54.986694,On or near Stockwell Green,E01008435,Newcastle upon Tyne 020E,Public order,Status update unavailable,
03d8000a14d46ba30659ed78ee101169c99b38a9aa9bc1d41bfd96bf751447f2,2024-10,Northumbria Police,Northumbria Police,-1.547239,54.986501,On or near Warren Avenue,E01008435,Newcastle upon Tyne 020E,Violence and sexual offences,Investigation complete; no suspect identified,
071fb4d232979cc629e9c24946bb916f5eb12cf76e979bf4d2fb2864126352c6,2024-10,Northumbria Police,Northumbria Police,-1.548518,54.986694,On or near Stockwell Green,E01008435,Newcastle upon Tyne 020E,Violence and sexual offences,Status update unavailable,
53067f141b28043b6d5d00228e2f960f7724afb70c4635144e789947b13b03a6,2024-10,Northumbria Police,Northumbria Police,-1.549268,54.985277,On or near Courtfield Road,E01008435,Newcastle upon Tyne 020E,Violence and sexual offences,Status update unavailable,
fb326f13ceefeff1558cc7689f0b53a1ef2f716e236a73ef6c9fd982dd8ec339,2024-10,Northumbria Police,Northumbria Police,-1.546162,54.984951,On or near Vauxhall Road,E01008435,Newcastle upon Tyne 020E,Violence and sexual offences,Investigation complete; no suspect identified,
9ee4c5547fec2b8021a254261c9351d9bcbec289746d552321fb1931adf26926,2024-10,Northumbria Police,Northumbria Police,-1.548518,54.986694,On or near Stockwell Green,E01008435,Newcastle upon Tyne 020E,Violence and sexual offences,Investigation complete; no suspect identified,
,2024-10,Northumbria Police,Northumbria Police,-1.541431,54.985994,On or near Eastfield Avenue,E01008436,Newcastle upon Tyne 020F,Anti-social behaviour,,
,2024-10,Northumbria Police,Northumbria Police,-1.544638,54.985727,On or near Stotts Road,E01008436,Newcastle upon Tyne 020F,Anti-social behaviour,,
,2024-10,Northumbria Police,Northumbria Police,-1.544638,54.985727,On or near Stotts Road,E01008436,Newcastle upon Tyne 020F,Anti-social behaviour,,
b7fc1159a15d1b0680b1e0db0736eb13ed6aeaf8fa1e1df82c73540bf91e5426,2024-10,Northumbria Police,Northumbria Police,-1.541114,54.985076,On or near Tumulus Avenue,E01008436,Newcastle upon Tyne 020F,Criminal damage and arson,Investigation complete; no suspect identified,
26ee2b0468d903add7f9cd09ab256c8206ae9160bcc9c565c1abe666a976edf8,2024-10,Northumbria Police,Northumbria Police,-1.541114,54.985076,On or near Tumulus Avenue,E01008436,Newcastle upon Tyne 020F,Other theft,Investigation complete; no suspect identified,
3b3752fb3c67c6d00b74821625f1c312fede4afe401903598d4212c62b443c83,2024-10,Northumbria Police,Northumbria Police,-1.546032,54.982704,On or near Cloverdale Court,E01008436,Newcastle upon Tyne 020F,Vehicle crime,Investigation complete; no suspect identified,
1e153a64804ee2376f94b646d4c919b85973ec8d65263736084644575667e2f4,2024-10,Northumbria Police,Northumbria Police,-1.541431,54.985994,On or near Eastfield Avenue,E01008436,Newcastle upon Tyne 020F,Violence and sexual offences,Investigation complete; no suspect identified,
55e376f8383f916cbc074de01897c1982cc0e4c4321447c8e5cff1b2e8afaafe,2024-10,Northumbria Police,Northumbria Police,-1.541431,54.985994,On or near Eastfield Avenue,E01008436,Newcastle upon Tyne 020F,Violence and sexual offences,Status update unavailable,
c89ca655c1370079dd4a5922b41fdc3cf24d599a3e70612a94df8d3b66d3d073,2024-10,Northumbria Police,Northumbria Police,-1.541114,54.985076,On or near Tumulus Avenue,E01008436,Newcastle upon Tyne 020F,Violence and sexual offences,Status update unavailable,
91056d502a32a1de060cfce426bf9f1a27b8b1d25dbf851347d61eacebf65844,2024-10,Northumbria Police,Northumbria Police,-1.539000,54.985401,On or near Philiphaugh,E01008436,Newcastle upon Tyne 020F,Violence and sexual offences,Status update unavailable,
aecdeabe2c42ce2b8a0a8472722129973ab07012486451c9679d2b1502a5b20d,2024-10,Northumbria Police,Northumbria Police,-1.541431,54.985994,On or near Eastfield Avenue,E01008436,Newcastle upon Tyne 020F,Violence and sexual offences,Investigation complete; no suspect identified,
ee1d95f28229980441c813cc131669bfe80d2dde9e291eba6e81374b9ae6ce4e,2024-10,Northumbria Police,Northumbria Police,-1.541114,54.985076,On or near Tumulus Avenue,E01008436,Newcastle upon Tyne 020F,Violence and sexual offences,Status update unavailable,
3f239274309d78f5120d332abb8dd707e535bc74f407957bdc61f91a6b1b5683,2024-10,Northumbria Police,Northumbria Police,-1.541431,54.985994,On or near Eastfield Avenue,E01008436,Newcastle upon Tyne 020F,Violence and sexual offences,Status update unavailable,
c6776193b39a4dc142552770bc81a52edbfb55fc3ef93dc0c06331fa611bc65c,2024-10,Northumbria Police,Northumbria Police,-1.542149,54.980560,On or near Waverdale Avenue,E01008436,Newcastle upon Tyne 020F,Violence and sexual offences,Investigation complete; no suspect identified,
a6a9bb5e26272c38786d0569a7302f9847b39adceac0f4816766a196d38473cb,2024-10,Northumbria Police,Northumbria Police,-1.544638,54.985727,On or near Stotts Road,E01008436,Newcastle upon Tyne 020F,Other crime,Status update unavailable,
,2024-10,Northumbria Police,Northumbria Police,-1.717018,54.983419,On or near Tewkesbury Road,E01008381,Newcastle upon Tyne 021A,Anti-social behaviour,,
,2024-10,Northumbria Police,Northumbria Police,-1.709408,54.985567,On or near West Denton Road,E01008381,Newcastle upon Tyne 021A,Anti-social behaviour,,
,2024-10,Northumbria Police,Northumbria Police,-1.713477,54.986952,On or near Cobalt Close,E01008381,Newcastle upon Tyne 021A,Anti-social behaviour,,
,2024-10,Northumbria Police,Northumbria Police,-1.720802,54.983033,On or near Grasmoor Place,E01008381,Newcastle upon Tyne 021A,Anti-social behaviour,,
,2024-10,Northumbria Police,Northumbria Police,-1.714817,54.985310,On or near Alverston Close,E01008381,Newcastle upon Tyne 021A,Anti-social behaviour,,
c33eb928522453b041ed1fe0e53faaa7954836485134bd8ea77c47b8842b1d95,2024-10,Northumbria Police,Northumbria Police,-1.718969,54.983684,On or near Bridgewater Close,E01008381,Newcastle upon Tyne 021A,Criminal damage and arson,Investigation complete; no suspect identified,
86ad7113678510573643cb4a9f130bed2a242c9d5b011d8d18e3dee2c7996db5,2024-10,Northumbria Police,Northumbria Police,-1.718969,54.983684,On or near Bridgewater Close,E01008381,Newcastle upon Tyne 021A,Criminal damage and arson,Investigation complete; no suspect identified,
34c047de618490ecd08f59894bced6fcf13a255347c11943d8c4cf1453ae96a1,2024-10,Northumbria Police,Northumbria Police,-1.716354,54.984442,On or near Pangbourne Close,E01008381,Newcastle upon Tyne 021A,Criminal damage and arson,Status update unavailable,
78d7c6ad20074c9448ee3cc4c7acea6fd2f83e78c7bda104c4a1476160fe6240,2024-10,Northumbria Police,Northumbria Police,-1.720625,54.983715,On or near Helston Court,E01008381,Newcastle upon Tyne 021A,Criminal damage and arson,Investigation complete; no suspect identified,
ac0db38236b9622ce4ed7464867c33048669d7ba51654991746e33eeb19188ab,2024-10,Northumbria Police,Northumbria Police,-1.720273,54.982672,On or near Blanchland Avenue,E01008381,Newcastle upon Tyne 021A,Other theft,Status update unavailable,
4bfc0ff707666e23db17d7762e9b90aaa7109355ca4ed8ef10171ff65d0d370f,2024-10,Northumbria Police,Northumbria Police,-1.720802,54.983033,On or near Grasmoor Place,E01008381,Newcastle upon Tyne 021A,Public order,Investigation complete; no suspect identified,
3c2b1a1b171403581105c4fec7d5668ca3845133737768f981545a6da824e467,2024-10,Northumbria Police,Northumbria Police,-1.723800,54.983264,On or near Orchard Rise,E01008381,Newcastle upon Tyne 021A,Violence and sexual offences,Investigation complete; no suspect identified,
f925d59134153131c792f5d87bdf86d4624fc8ad374f7b5c3fc0e21af6482d39,2024-10,Northumbria Police,Northumbria Police,-1.720273,54.982672,On or near Blanchland Avenue,E01008381,Newcastle upon Tyne 021A,Other crime,Status update unavailable,
,2024-10,Northumbria Police,Northumbria Police,-1.707599,54.980764,On or near Waverley Crescent,E01008382,Newcastle upon Tyne 021B,Anti-social behaviour,,
,2024-10,Northumbria Police,Northumbria Police,-1.708618,54.982465,On or near Eldon Road,E01008382,Newcastle upon Tyne 021B,Anti-social behaviour,,
374fcd87a1751cc2d7725c13072597756429ca8d80cf016d2b6ed7db689ea23e,2024-10,Northumbria Police,Northumbria Police,-1.709268,54.978971,On or near Denton Avenue,E01008382,Newcastle upon Tyne 021B,Criminal damage and arson,Investigation complete; no suspect identified,
497b4ffa10f4a0f3e3e94cf2466cd25962e3125d31f589457d45c50bb42ec94d,2024-10,Northumbria Police,Northumbria Police,-1.711870,54.982158,On or near Union Hall Road,E01008382,Newcastle upon Tyne 021B,Criminal damage and arson,Investigation complete; no suspect identified,
c9aeba4a6d1e8a0c172d49f2dba03cce551f4bc2c198c91015ebf4e0ecc4e7c0,2024-10,Northumbria Police,Northumbria Police,-1.707523,54.982561,On or near Kirkston Avenue,E01008382,Newcastle upon Tyne 021B,Violence and sexual offences,Status update unavailable,
b2a7a4f3a796779b7a28a134d8d8906373a7201e7d098ca0bc8f8b11880ca131,2024-10,Northumbria Police,Northumbria Police,-1.709122,54.979788,On or near Bewick Crescent,E01008382,Newcastle upon Tyne 021B,Violence and sexual offences,Status update unavailable,
3c6dd92d0d16679430dd8af608095d0c651a1c4198f18d87afe80c814a16711a,2024-10,Northumbria Police,Northumbria Police,-1.709268,54.978971,On or near Denton Avenue,E01008382,Newcastle upon Tyne 021B,Violence and sexual offences,Status update unavailable,
cf0de8c9d9b043b91d5b12cf7ddcf5e7f38357ba795ab4bfbc98f50fc87f5f4f,2024-10,Northumbria Police,Northumbria Police,-1.706756,54.980582,On or near Woodlands Road,E01008382,Newcastle upon Tyne 021B,Other crime,Status update unavailable,
,2024-10,Northumbria Police,Northumbria Police,-1.716923,54.981253,On or near Valley View,E01008383,Newcastle upon Tyne 021C,Anti-social behaviour,,
,2024-10,Northumbria Police,Northumbria Police,-1.717043,54.982275,On or near Sports/Recreation Area,E01008383,Newcastle upon Tyne 021C,Anti-social behaviour,,
,2024-10,Northumbria Police,Northumbria Police,-1.717036,54.980822,On or near Park Rise,E01008383,Newcastle upon Tyne 021C,Anti-social behaviour,,
,2024-10,Northumbria Police,Northumbria Police,-1.718784,54.981042,On or near Henlow Road,E01008383,Newcastle upon Tyne 021C,Anti-social behaviour,,
,2024-10,Northumbria Police,Northumbria Police,-1.717043,54.982275,On or near Sports/Recreation Area,E01008383,Newcastle upon Tyne 021C,Anti-social behaviour,,
,2024-10,Northumbria Police,Northumbria Police,-1.724050,54.981045,On or near Doddington Close,E01008383,Newcastle upon Tyne 021C,Anti-social behaviour,,
,2024-10,Northumbria Police,Northumbria Police,-1.718784,54.981042,On or near Henlow Road,E01008383,Newcastle upon Tyne 021C,Anti-social behaviour,,
fd9be477e8949dd708abbf6f24b253b692c14039522cd5f3219253e16d19555e,2024-10,Northumbria Police,Northumbria Police,-1.717036,54.980822,On or near Park Rise,E01008383,Newcastle upon Tyne 021C,Criminal damage and arson,Investigation complete; no suspect identified,
875246fdfb758046552b3cc7c3b1bb758b4166a7b2eae8b5fbab6dca03389f5b,2024-10,Northumbria Police,Northumbria Police,-1.718784,54.981042,On or near Henlow Road,E01008383,Newcastle upon Tyne 021C,Criminal damage and arson,Investigation complete; no suspect identified,
dadb352e006237dc30275bb1f9098de5f97bb1056e21467f560e7d88f51e0796,2024-10,Northumbria Police,Northumbria Police,-1.719119,54.980135,On or near Tweed Grove,E01008383,Newcastle upon Tyne 021C,Public order,Status update unavailable,
968e681955b228f11f9681099b8db33276e19d7c06399acd4a2272c39d37caf2,2024-10,Northumbria Police,Northumbria Police,-1.718784,54.981042,On or near Henlow Road,E01008383,Newcastle upon Tyne 021C,Violence and sexual offences,Status update unavailable,
f0e222add528d9868b9e1abfe27276a174c302c10f3617a8c960e18e1f9539f7,2024-10,Northumbria Police,Northumbria Police,-1.717043,54.982275,On or near Sports/Recreation Area,E01008383,Newcastle upon Tyne 021C,Violence and sexual offences,Status update unavailable,
ad3708c8295cbbc35bc1fb23ca77a2a7b59d32e54810fbc8b3e94907b490ae8d,2024-10,Northumbria Police,Northumbria Police,-1.719119,54.980135,On or near Tweed Grove,E01008383,Newcastle upon Tyne 021C,Violence and sexual offences,Investigation complete; no suspect identified,
5430c984d8acd03e993a34d81fcaa2da8a7e48fd7a93653bc5a94ff4686b74be,2024-10,Northumbria Police,Northumbria Police,-1.718033,54.978965,On or near Aln Court,E01008383,Newcastle upon Tyne 021C,Violence and sexual offences,Status update unavailable,
c390f6d73bf29081b89b22204cc9fa865265c8c3d109d376cb5672c6785e594f,2024-10,Northumbria Police,Northumbria Police,-1.717036,54.980822,On or near Park Rise,E01008383,Newcastle upon Tyne 021C,Other crime,Status update unavailable,
,2024-10,Northumbria Police,Northumbria Police,-1.700293,54.986147,On or near Avalon Drive,E01008384,Newcastle upon Tyne 021D,Anti-social behaviour,,
,2024-10,Northumbria Police,Northumbria Police,-1.705109,54.981477,On or near Moorcroft Close,E01008384,Newcastle upon Tyne 021D,Anti-social behaviour,,
21e68fd397804f6a7933ca8227de1c175be760ffad688569b7c4a880dd64d90d,2024-10,Northumbria Police,Northumbria Police,-1.705339,54.986447,On or near West Denton Close,E01008384,Newcastle upon Tyne 021D,Criminal damage and arson,Local resolution,
a80ee5a3af939c4b86190d106b4bd947750477f083aeccfdc0700e7a56e2374e,2024-10,Northumbria Police,Northumbria Police,-1.701415,54.984550,On or near St Vincents Close,E01008384,Newcastle upon Tyne 021D,Vehicle crime,Investigation complete; no suspect identified,
9c97dc7a6de36c954995e597ce7a332001c824f1ea07f5e846992d07efcc01fa,2024-10,Northumbria Police,Northumbria Police,-1.701415,54.984550,On or near St Vincents Close,E01008384,Newcastle upon Tyne 021D,Violence and sexual offences,Status update unavailable,
,2024-10,Northumbria Police,Northumbria Police,-1.714467,54.977375,On or near Gladstone Street,E01008385,Newcastle upon Tyne 021E,Anti-social behaviour,,
,2024-10,Northumbria Police,Northumbria Police,-1.713435,54.977372,On or near West View,E01008385,Newcastle upon Tyne 021E,Anti-social behaviour,,
,2024-10,Northumbria Police,Northumbria Police,-1.711581,54.976658,On or near Montague Street,E01008385,Newcastle upon Tyne 021E,Anti-social behaviour,,
,2024-10,Northumbria Police,Northumbria Police,-1.713435,54.977372,On or near West View,E01008385,Newcastle upon Tyne 021E,Anti-social behaviour,,
93cfcf0fdefdbec2e11555c668abd269a2cb9e348d62bf7a481cb61cc7c680f8,2024-10,Northumbria Police,Northumbria Police,-1.710530,54.977311,On or near Sugley Street,E01008385,Newcastle upon Tyne 021E,Criminal damage and arson,Investigation complete; no suspect identified,
11675f8057cdbf169f1a521afbfbf2a19c50a0db1cca6e6e171c5aa337f7af4a,2024-10,Northumbria Police,Northumbria Police,-1.713435,54.977372,On or near West View,E01008385,Newcastle upon Tyne 021E,Criminal damage and arson,Investigation complete; no suspect identified,
90cf17d628b8dfc65558b3f8b4c1f9ac7e6eb379ce0cc866d1d35033c5a2b2da,2024-10,Northumbria Police,Northumbria Police,-1.710530,54.977311,On or near Sugley Street,E01008385,Newcastle upon Tyne 021E,Criminal damage and arson,Investigation complete; no suspect identified,
3f10480b3976955b9d4417dd61afd82bac64bd890f034c9bb2d76b7d8b31bc5f,2024-10,Northumbria Police,Northumbria Police,-1.711581,54.976658,On or near Montague Street,E01008385,Newcastle upon Tyne 021E,Criminal damage and arson,Investigation complete; no suspect identified,
28d31ec1f989f9197449aa04b15d3edff90b4903c9e967f998a4e14fc6e4da81,2024-10,Northumbria Police,Northumbria Police,-1.710530,54.977311,On or near Sugley Street,E01008385,Newcastle upon Tyne 021E,Criminal damage and arson,Investigation complete; no suspect identified,
859e45f80309946455245f982483739387ca18236d6bc890d125039599254b39,2024-10,Northumbria Police,Northumbria Police,-1.710530,54.977311,On or near Sugley Street,E01008385,Newcastle upon Tyne 021E,Criminal damage and arson,Status update unavailable,
e60f3fedff33adf8f2ec0b1a4cbb5164c928c217670ebe87ef0b129e0ca700eb,2024-10,Northumbria Police,Northumbria Police,-1.716312,54.979275,On or near Woodburn Street,E01008385,Newcastle upon Tyne 021E,Possession of weapons,Status update unavailable,
d0932ff6d6b6f63a380f742a2700a7d52c750acf7bded644d419710542087bcb,2024-10,Northumbria Police,Northumbria Police,-1.711581,54.976658,On or near Montague Street,E01008385,Newcastle upon Tyne 021E,Public order,Investigation complete; no suspect identified,
972b1f660c982e74311adb175a1230f97f303fceb25d18200ed805d3c2b7a827,2024-10,Northumbria Police,Northumbria Police,-1.715708,54.976308,On or near Northumberland Road,E01008385,Newcastle upon Tyne 021E,Shoplifting,Suspect charged as part of another case,
7f24190ec3d1a10686200e86ddf9d0aa8cb9212dfbe0b462dc0ace9a71d54d98,2024-10,Northumbria Police,Northumbria Police,-1.715708,54.976308,On or near Northumberland Road,E01008385,Newcastle upon Tyne 021E,Shoplifting,Suspect charged as part of another case,
ee351b9e8975f691f95242fa5ed6793c8173579824338acee0a8097f8842bec4,2024-10,Northumbria Police,Northumbria Police,-1.715708,54.976308,On or near Northumberland Road,E01008385,Newcastle upon Tyne 021E,Shoplifting,Status update unavailable,
6844b9f8da56fdbae28aaf772373209c0c3dbcff97f17139cb39aa6cd015c8f2,2024-10,Northumbria Police,Northumbria Police,-1.715708,54.976308,On or near Northumberland Road,E01008385,Newcastle upon Tyne 021E,Shoplifting,Investigation complete; no suspect identified,
87d5edac4ddda0aa3b61929575d0b977ae7fd18f53d52df3d5b0d7ea9822e853,2024-10,Northumbria Police,Northumbria Police,-1.713228,54.978037,On or near Ingoe Street,E01008385,Newcastle upon Tyne 021E,Vehicle crime,Investigation complete; no suspect identified,
cd3b334171a48f936b4ff9c7172d4094563d5afd26d26c94dda91effb70bc624,2024-10,Northumbria Police,Northumbria Police,-1.710530,54.977311,On or near Sugley Street,E01008385,Newcastle upon Tyne 021E,Violence and sexual offences,Investigation complete; no suspect identified,
744143d9e228505b69fe1a96366203d57c1fe083f89a6ab5b34191f91a711314,2024-10,Northumbria Police,Northumbria Police,-1.714354,54.977779,On or near Johnson Street,E01008385,Newcastle upon Tyne 021E,Violence and sexual offences,Status update unavailable,
3802b9cb7415d8aba70e3a556bd059e52f03fc1d346b467c4d9aa57f2841763c,2024-10,Northumbria Police,Northumbria Police,-1.716312,54.979275,On or near Woodburn Street,E01008385,Newcastle upon Tyne 021E,Violence and sexual offences,Investigation complete; no suspect identified,
cf4257f5c8724631ce69e7d63f07bc79940e5b380172cde01226a398d461b785,2024-10,Northumbria Police,Northumbria Police,-1.713228,54.978037,On or near Ingoe Street,E01008385,Newcastle upon Tyne 021E,Violence and sexual offences,Offender given a caution,
0caf71d72e75d4a38f25c9a39510f4267946f87c82e9fe626f9e972b0d457770,2024-10,Northumbria Police,Northumbria Police,-1.710530,54.977311,On or near Sugley Street,E01008385,Newcastle upon Tyne 021E,Violence and sexual offences,Status update unavailable,
2d8efd944ec61201523e6726694e693465fb77eb7282806f683d1521c114fd76,2024-10,Northumbria Police,Northumbria Police,-1.713435,54.977372,On or near West View,E01008385,Newcastle upon Tyne 021E,Violence and sexual offences,Status update unavailable,
77d66b6b336cd22fcc620a00e21f68404b6be9bf9da8e469eff6d4ed2e558b50,2024-10,Northumbria Police,Northumbria Police,-1.715708,54.976308,On or near Northumberland Road,E01008385,Newcastle upon Tyne 021E,Violence and sexual offences,Investigation complete; no suspect identified,
92d28c7d86fc9b4da1c9b8a8e8f95784364a0dbaf46b39e9660c25fb5b75f5e0,2024-10,Northumbria Police,Northumbria Police,-1.713435,54.977372,On or near West View,E01008385,Newcastle upon Tyne 021E,Violence and sexual offences,Investigation complete; no suspect identified,
dded64ac6e421189c293ff6588e550bff2a275b9a3e1e258fda5835ae38d5173,2024-10,Northumbria Police,Northumbria Police,-1.716312,54.979275,On or near Woodburn Street,E01008385,Newcastle upon Tyne 021E,Violence and sexual offences,Status update unavailable,
40738419636d0810d773b1f0e2b4c5339c7725dad0498c308a3c85a6ab6948cd,2024-10,Northumbria Police,Northumbria Police,-1.714354,54.977779,On or near Johnson Street,E01008385,Newcastle upon Tyne 021E,Violence and sexual offences,Status update unavailable,
2ebb2a1d4da4b4b6de463108007abfe68aedc5d19fe9cd50b9d664d48710dbd3,2024-10,Northumbria Police,Northumbria Police,-1.713435,54.977372,On or near West View,E01008385,Newcastle upon Tyne 021E,Other crime,Status update unavailable,
54298dfdca600582f5409a8852cf3d1c2a51e283f6ce3155771015bd684498d3,2024-10,Northumbria Police,Northumbria Police,-1.695758,54.984563,On or near Centurion Road,E01008386,Newcastle upon Tyne 021F,Criminal damage and arson,Investigation complete; no suspect identified,
3a2c46e64dc7e14407e09bac5c077078a220824ba347a3e9fea9658105a0725c,2024-10,Northumbria Police,Northumbria Police,-1.695627,54.983260,On or near West Copperas,E01008386,Newcastle upon Tyne 021F,Other theft,Investigation complete; no suspect identified,
188ae835b3db5f9712c5f5c5c6ac73239dc664f12d9e1525b1d2ed8ade79be78,2024-10,Northumbria Police,Northumbria Police,-1.698623,54.981758,On or near Shelford Gardens,E01008386,Newcastle upon Tyne 021F,Violence and sexual offences,Status update unavailable,
b2eff7ac9cd97c98b21e17d1a156a9159835da0f5f0e9e42cbe927d2d679b7f7,2024-10,Northumbria Police,Northumbria Police,-1.701399,54.980372,On or near Moorway Drive,E01008386,Newcastle upon Tyne 021F,Violence and sexual offences,Status update unavailable,
3318b3c1a5edb08f5a7901a18d516104291a864ae34b505bc6d285ae81c3d576,2024-10,Northumbria Police,Northumbria Police,-1.698623,54.981758,On or near Shelford Gardens,E01008386,Newcastle upon Tyne 021F,Other crime,Status update unavailable,
,2024-10,Northumbria Police,Northumbria Police,-1.707244,54.971534,On or near Kingfisher Boulevard,E01008387,Newcastle upon Tyne 021G,Anti-social behaviour,,
,2024-10,Northumbria Police,Northumbria Police,-1.709286,54.976419,On or near Farnham Street,E01008387,Newcastle upon Tyne 021G,Anti-social behaviour,,
,2024-10,Northumbria Police,Northumbria Police,-1.708854,54.975672,On or near Sugley Drive,E01008387,Newcastle upon Tyne 021G,Anti-social behaviour,,
,2024-10,Northumbria Police,Northumbria Police,-1.709318,54.972016,On or near Greenfinch Way,E01008387,Newcastle upon Tyne 021G,Anti-social behaviour,,
,2024-10,Northumbria Police,Northumbria Police,-1.708854,54.975672,On or near Sugley Drive,E01008387,Newcastle upon Tyne 021G,Anti-social behaviour,,
,2024-10,Northumbria Police,Northumbria Police,-1.709286,54.976419,On or near Farnham Street,E01008387,Newcastle upon Tyne 021G,Anti-social behaviour,,
,2024-10,Northumbria Police,Northumbria Police,-1.709286,54.976419,On or near Farnham Street,E01008387,Newcastle upon Tyne 021G,Anti-social behaviour,,
,2024-10,Northumbria Police,Northumbria Police,-1.708854,54.975672,On or near Sugley Drive,E01008387,Newcastle upon Tyne 021G,Anti-social behaviour,,
,2024-10,Northumbria Police,Northumbria Police,-1.708854,54.975672,On or near Sugley Drive,E01008387,Newcastle upon Tyne 021G,Anti-social behaviour,,
,2024-10,Northumbria Police,Northumbria Police,-1.702788,54.978497,On or near Wingate Close,E01008387,Newcastle upon Tyne 021G,Anti-social behaviour,,
,2024-10,Northumbria Police,Northumbria Police,-1.708854,54.975672,On or near Sugley Drive,E01008387,Newcastle upon Tyne 021G,Anti-social behaviour,,
,2024-10,Northumbria Police,Northumbria Police,-1.709286,54.976419,On or near Farnham Street,E01008387,Newcastle upon Tyne 021G,Anti-social behaviour,,
,2024-10,Northumbria Police,Northumbria Police,-1.708854,54.975672,On or near Sugley Drive,E01008387,Newcastle upon Tyne 021G,Anti-social behaviour,,
,2024-10,Northumbria Police,Northumbria Police,-1.708854,54.975672,On or near Sugley Drive,E01008387,Newcastle upon Tyne 021G,Anti-social behaviour,,
,2024-10,Northumbria Police,Northumbria Police,-1.708854,54.975672,On or near Sugley Drive,E01008387,Newcastle upon Tyne 021G,Anti-social behaviour,,
,2024-10,Northumbria Police,Northumbria Police,-1.709318,54.972016,On or near Greenfinch Way,E01008387,Newcastle upon Tyne 021G,Anti-social behaviour,,
0e902a90ec99810c59e9a1f46c51e9b1d149211546453a3e522ff7aed3a83052,2024-10,Northumbria Police,Northumbria Police,-1.719229,54.975463,On or near Riversdale Way,E01008387,Newcastle upon Tyne 021G,Burglary,Status update unavailable,
8b5cbc1deb61ef4e5c4d5030ac20a797be228925ebac7c6903ad3db3042c379e,2024-10,Northumbria Police,Northumbria Police,-1.709318,54.972016,On or near Greenfinch Way,E01008387,Newcastle upon Tyne 021G,Criminal damage and arson,Investigation complete; no suspect identified,
013f47fe065833a7d958279fc464fe429633ec5d23ae0655a6f26bd0daa6fac2,2024-10,Northumbria Police,Northumbria Police,-1.702891,54.979297,On or near Norfolk Way,E01008387,Newcastle upon Tyne 021G,Shoplifting,Investigation complete; no suspect identified,
421c100e5b60a315118c6410ce90591638efea3120996fa80864fd735618b2e5,2024-10,Northumbria Police,Northumbria Police,-1.699533,54.972792,On or near Bells Close,E01008387,Newcastle upon Tyne 021G,Shoplifting,Investigation complete; no suspect identified,
34123118bc03ba6f3b716dd213a47568ed2e95c9b3d070903b8ee388ce695f8e,2024-10,Northumbria Police,Northumbria Police,-1.699533,54.972792,On or near Bells Close,E01008387,Newcastle upon Tyne 021G,Shoplifting,Investigation complete; no suspect identified,
e566a7d73e8789402c60fe93e8b4f04806d5a038b83ee6084aee514cb1a88333,2024-10,Northumbria Police,Northumbria Police,-1.699533,54.972792,On or near Bells Close,E01008387,Newcastle upon Tyne 021G,Shoplifting,Investigation complete; no suspect identified,
f2bbba385920253c369a724f542c790a6b93c25b452307920dd767c3fa55871c,2024-10,Northumbria Police,Northumbria Police,-1.699533,54.972792,On or near Bells Close,E01008387,Newcastle upon Tyne 021G,Vehicle crime,Investigation complete; no suspect identified,
1edd5217e5f41183c4dd8ef9ce80cabaa8d5fdd92a4e07474e6e1525974a27a2,2024-10,Northumbria Police,Northumbria Police,-1.703195,54.976260,On or near Ottershaw,E01008387,Newcastle upon Tyne 021G,Violence and sexual offences,Investigation complete; no suspect identified,
6841410f9eed197f3fdf0868c914258c986f58386bd1b94ec55a55b28d28a963,2024-10,Northumbria Police,Northumbria Police,-1.709430,54.978127,On or near Fernwood Road,E01008387,Newcastle upon Tyne 021G,Violence and sexual offences,Status update unavailable,
d1244316242dfb1ccbd9b523ed0fb4f2ff1a651338785f185559b3e7d1e4cc24,2024-10,Northumbria Police,Northumbria Police,-1.709430,54.978127,On or near Fernwood Road,E01008387,Newcastle upon Tyne 021G,Violence and sexual offences,Status update unavailable,
b9ecfb416fd200cc0ab9c630390540323c34fa0af5f6b7810b97765fb0d02fd3,2024-10,Northumbria Police,Northumbria Police,-1.703195,54.976260,On or near Ottershaw,E01008387,Newcastle upon Tyne 021G,Violence and sexual offences,Status update unavailable,
92fe2bb7cef6c012809b98a26f065a25e3309c761b1ae68ae3e306ef2d0c5f63,2024-10,Northumbria Police,Northumbria Police,-1.699420,54.973295,On or near Mercia Way,E01008387,Newcastle upon Tyne 021G,Violence and sexual offences,Investigation complete; no suspect identified,
,2024-10,Northumbria Police,Northumbria Police,-1.637618,54.976928,On or near Stanton Street,E01008396,Newcastle upon Tyne 022B,Anti-social behaviour,,
,2024-10,Northumbria Police,Northumbria Police,-1.637618,54.976928,On or near Stanton Street,E01008396,Newcastle upon Tyne 022B,Anti-social behaviour,,
,2024-10,Northumbria Police,Northumbria Police,-1.637618,54.976928,On or near Stanton Street,E01008396,Newcastle upon Tyne 022B,Anti-social behaviour,,
bd2a59129ed21404de1febaf1321b80a76fa9786ec79f48e50ecaec10a8631ca,2024-10,Northumbria Police,Northumbria Police,-1.630195,54.978918,On or near Leazes Parade,E01008396,Newcastle upon Tyne 022B,Bicycle theft,Investigation complete; no suspect identified,
a08495bd0ea1759ec112781037bb3c6d446f906a9e590f5d377bf314a19a7ee6,2024-10,Northumbria Police,Northumbria Police,-1.635931,54.978729,On or near Walter Terrace,E01008396,Newcastle upon Tyne 022B,Criminal damage and arson,Investigation complete; no suspect identified,
71d51599499cafedb03e37905ffb8c98dd39fc336367ae41ae94abb435da2501,2024-10,Northumbria Police,Northumbria Police,-1.637238,54.977528,On or near Philip Street,E01008396,Newcastle upon Tyne 022B,Criminal damage and arson,Status update unavailable,
4a215d747a4fdc95339bb6dd991e3949a28d207d3a719e8ec5839de38d2a3cee,2024-10,Northumbria Police,Northumbria Police,-1.637238,54.977528,On or near Philip Street,E01008396,Newcastle upon Tyne 022B,Possession of weapons,Investigation complete; no suspect identified,
765c57ba1565f033631c56cb63f90b8817b85e17791cdce44d630aa32abf5ba0,2024-10,Northumbria Police,Northumbria Police,-1.635931,54.978729,On or near Walter Terrace,E01008396,Newcastle upon Tyne 022B,Public order,Investigation complete; no suspect identified,
e86fb55850f5948103bc1e239cd97fc7fcc7bda3f4a2bdcc2beee79113031519,2024-10,Northumbria Police,Northumbria Police,-1.630195,54.978918,On or near Leazes Parade,E01008396,Newcastle upon Tyne 022B,Vehicle crime,Investigation complete; no suspect identified,
b31042e09a21598d0aeea38871afeb79cd09ba81f1bf0f7e97c7c281b9167543,2024-10,Northumbria Police,Northumbria Police,-1.638494,54.976822,On or near Tamworth Road,E01008396,Newcastle upon Tyne 022B,Violence and sexual offences,Status update unavailable,
7213a46253286b6157b75c7f0fb061308725536a098889af4ab45d37261b3613,2024-10,Northumbria Police,Northumbria Police,-1.637618,54.976928,On or near Stanton Street,E01008396,Newcastle upon Tyne 022B,Violence and sexual offences,Status update unavailable,
,2024-10,Northumbria Police,Northumbria Police,-1.637059,54.974886,On or near Longley Street,E01008398,Newcastle upon Tyne 022C,Anti-social behaviour,,
fabe3e26cf7ca3b434167cc198c81c89a0d6d4262359210f2284d4043cd79b71,2024-10,Northumbria Police,Northumbria Police,-1.636926,54.975730,On or near Beaconsfield Street,E01008398,Newcastle upon Tyne 022C,Burglary,Investigation complete; no suspect identified,
cc34fc2bf77df4a725fe267a870127ba452b19a72c55be702dd56556a9905b99,2024-10,Northumbria Police,Northumbria Police,-1.636380,54.973949,On or near Northcote Street,E01008398,Newcastle upon Tyne 022C,Criminal damage and arson,Investigation complete; no suspect identified,
5bcfe980398353852259ccbd08bda4ab3e9f15079e1ed05728f1b60d578c9ba7,2024-10,Northumbria Police,Northumbria Police,-1.635460,54.973722,On or near Prospect Place,E01008398,Newcastle upon Tyne 022C,Criminal damage and arson,Investigation complete; no suspect identified,
c6ee1f451414c37ea293af91a0edaa72290dc4c215ca8705efcc00e1f39a9e5a,2024-10,Northumbria Police,Northumbria Police,-1.630506,54.972206,On or near Tindal Street,E01008398,Newcastle upon Tyne 022C,Other theft,Investigation complete; no suspect identified,
680f3a474086bedcfbf68830784b1a2b089d08920404c1d2ad4b8a76152717fd,2024-10,Northumbria Police,Northumbria Police,-1.636380,54.973949,On or near Northcote Street,E01008398,Newcastle upon Tyne 022C,Other theft,Status update unavailable,
09aead49e9415f42ac8df8adabf65fd30de07d4143191b461ede5d63c6dbb5ac,2024-10,Northumbria Police,Northumbria Police,-1.636380,54.973949,On or near Northcote Street,E01008398,Newcastle upon Tyne 022C,Other theft,Investigation complete; no suspect identified,
4811de501c1fdbb2cbde9d9ef6d64d5537b889a5e91fa9f1a6509c2a75eb5a8c,2024-10,Northumbria Police,Northumbria Police,-1.637059,54.974886,On or near Longley Street,E01008398,Newcastle upon Tyne 022C,Public order,Investigation complete; no suspect identified,
07e0dd5fffd5a592692f0b9a70fbaffb9ecf01f01cf58c26a4a147a6875767c5,2024-10,Northumbria Police,Northumbria Police,-1.634766,54.974502,On or near Beechburn Walk,E01008398,Newcastle upon Tyne 022C,Public order,Investigation complete; no suspect identified,
060f289c3bcef2839dc2c07a39d1565a7327a81816196c82963d86836d758f10,2024-10,Northumbria Police,Northumbria Police,-1.635976,54.973733,On or near Cookson Street,E01008398,Newcastle upon Tyne 022C,Vehicle crime,Investigation complete; no suspect identified,
e48a499ccf51c6cdb0e97fffb87858d0b0804e730f6d3971077fc1814148dffa,2024-10,Northumbria Police,Northumbria Police,-1.637059,54.974886,On or near Longley Street,E01008398,Newcastle upon Tyne 022C,Vehicle crime,Investigation complete; no suspect identified,
be52214d71ffbfcb6558251f0b90e26e63bc37744745d8e70723c7bce935418d,2024-10,Northumbria Police,Northumbria Police,-1.636380,54.973949,On or near Northcote Street,E01008398,Newcastle upon Tyne 022C,Vehicle crime,Investigation complete; no suspect identified,
6f2491768a72370f58be5629fbdd183da932a681c23e6e602bc0b6317752a15e,2024-10,Northumbria Police,Northumbria Police,-1.634502,54.974312,On or near Liddle Road,E01008398,Newcastle upon Tyne 022C,Vehicle crime,Investigation complete; no suspect identified,
4fca6f4fcd59d4dd692bf02a51eee0f85994c49bb4f6ac74f0887e2d1996b403,2024-10,Northumbria Police,Northumbria Police,-1.637059,54.974886,On or near Longley Street,E01008398,Newcastle upon Tyne 022C,Vehicle crime,Investigation complete; no suspect identified,
4cfcb222a48872520a6997a3f443c8f9c2f8901291ce5fff5330efa81a82b986,2024-10,Northumbria Police,Northumbria Police,-1.630506,54.972206,On or near Tindal Street,E01008398,Newcastle upon Tyne 022C,Vehicle crime,Investigation complete; no suspect identified,
bd62d9390c7f01c831583d4eeafe7540072083cb9c30a2d3afdd9e98340e7d8e,2024-10,Northumbria Police,Northumbria Police,-1.637059,54.974886,On or near Longley Street,E01008398,Newcastle upon Tyne 022C,Vehicle crime,Investigation complete; no suspect identified,
764208df9700c4aee79d9589d059607a39ee78b6368d862d95b98e2971d2b90a,2024-10,Northumbria Police,Northumbria Police,-1.637059,54.974886,On or near Longley Street,E01008398,Newcastle upon Tyne 022C,Violence and sexual offences,Investigation complete; no suspect identified,
e5e9808f4b080ae9b43909f3fffc4595f08b406dbd5885b0924e24331321aadd,2024-10,Northumbria Police,Northumbria Police,-1.636926,54.975730,On or near Beaconsfield Street,E01008398,Newcastle upon Tyne 022C,Violence and sexual offences,Investigation complete; no suspect identified,
243fa9b139c24b399751b7df7f6bf4a599bc22621736ec6a48b0d7c6435dc4dd,2024-10,Northumbria Police,Northumbria Police,-1.634415,54.973539,On or near Worley Close,E01008398,Newcastle upon Tyne 022C,Violence and sexual offences,Investigation complete; no suspect identified,
feb2bb64ad91e84702bb9446cb8db8477beccca4d5abbc1ef5de27a48d9c84f1,2024-10,Northumbria Police,Northumbria Police,-1.636380,54.973949,On or near Northcote Street,E01008398,Newcastle upon Tyne 022C,Violence and sexual offences,Investigation complete; no suspect identified,
5345b8ca0300a1ab20ade87dd2f511d11ea2b46b032af967c49a31ca54939aee,2024-10,Northumbria Police,Northumbria Police,-1.634766,54.974502,On or near Beechburn Walk,E01008398,Newcastle upon Tyne 022C,Violence and sexual offences,Investigation complete; no suspect identified,
0b7890d2e75533a5b288f047a8395e7efb785b1dfe04dec890fd46603eb981aa,2024-10,Northumbria Police,Northumbria Police,-1.636380,54.973949,On or near Northcote Street,E01008398,Newcastle upon Tyne 022C,Violence and sexual offences,Status update unavailable,
b84a745f0cdda822e24ef4c3a079b5faffd1953fb4633c2025fe50daf99c5456,2024-10,Northumbria Police,Northumbria Police,-1.634415,54.973539,On or near Worley Close,E01008398,Newcastle upon Tyne 022C,Violence and sexual offences,Status update unavailable,
8d39dc5d4af3b8871f67d9365b64b1357ca8e54cf5c84ce1217dd194428314e5,2024-10,Northumbria Police,Northumbria Police,-1.637059,54.974886,On or near Longley Street,E01008398,Newcastle upon Tyne 022C,Violence and sexual offences,Investigation complete; no suspect identified,
4e9f992e5f4e136084cb07c2ced4cb65e761c76c1f41f20553fe374450a5c06a,2024-10,Northumbria Police,Northumbria Police,-1.637059,54.974886,On or near Longley Street,E01008398,Newcastle upon Tyne 022C,Violence and sexual offences,Status update unavailable,
fb344fa9e731d556da0decaf0ba651b8babf64853d58ad0e0e2381cc237fe094,2024-10,Northumbria Police,Northumbria Police,-1.634766,54.974502,On or near Beechburn Walk,E01008398,Newcastle upon Tyne 022C,Violence and sexual offences,Investigation complete; no suspect identified,
dafce3805b2ebb0b554b247a87da4736d42fa138e4b6ab620138fb2704c93d78,2024-10,Northumbria Police,Northumbria Police,-1.636926,54.975730,On or near Beaconsfield Street,E01008398,Newcastle upon Tyne 022C,Violence and sexual offences,Investigation complete; no suspect identified,
3f3ef9f164d163da2a0e5cc345ec2c1a5caed918a42eca40416c40d92921b9dd,2024-10,Northumbria Police,Northumbria Police,-1.636926,54.975730,On or near Beaconsfield Street,E01008398,Newcastle upon Tyne 022C,Violence and sexual offences,Investigation complete; no suspect identified,
,2024-10,Northumbria Police,Northumbria Police,-1.641536,54.975627,On or near Crossley Terrace,E01008449,Newcastle upon Tyne 022D,Anti-social behaviour,,
,2024-10,Northumbria Police,Northumbria Police,-1.647106,54.976506,On or near Agricola Road,E01008449,Newcastle upon Tyne 022D,Anti-social behaviour,,
,2024-10,Northumbria Police,Northumbria Police,-1.647106,54.976506,On or near Agricola Road,E01008449,Newcastle upon Tyne 022D,Anti-social behaviour,,
,2024-10,Northumbria Police,Northumbria Police,-1.640409,54.977628,On or near Fenham Road,E01008449,Newcastle upon Tyne 022D,Anti-social behaviour,,
e1b72b6c083177185b9a0fdbf9e0b0c34f866823b3894f6a99438fa33ac24fa1,2024-10,Northumbria Police,Northumbria Police,-1.640204,54.974320,On or near Wellesley Terrace,E01008449,Newcastle upon Tyne 022D,Criminal damage and arson,Investigation complete; no suspect identified,
8873e5d76564aec793ebc023d38782a0276310f6291b93ca3e7c0451b0ae9a5b,2024-10,Northumbria Police,Northumbria Police,-1.640396,54.973836,On or near Chelsea Grove,E01008449,Newcastle upon Tyne 022D,Drugs,Investigation complete; no suspect identified,
a2cae8fbcbbec5f07fc72abd364b693078347afd0f720845365444d7fae7ffdf,2024-10,Northumbria Police,Northumbria Police,-1.640396,54.973836,On or near Chelsea Grove,E01008449,Newcastle upon Tyne 022D,Drugs,Investigation complete; no suspect identified,
fd43fff584e7ba6af56f925f0675ed10038f184ba44ea619eeada1723a613193,2024-10,Northumbria Police,Northumbria Police,-1.646485,54.977753,On or near Wingrove Avenue,E01008449,Newcastle upon Tyne 022D,Possession of weapons,Status update unavailable,
73654974a10ac9a1b06453abe5d1769ea1c0018f6418a74a5bb28e5b1accf235,2024-10,Northumbria Police,Northumbria Police,-1.640409,54.977628,On or near Fenham Road,E01008449,Newcastle upon Tyne 022D,Public order,Status update unavailable,
d284becd8cb971b4496512c038d19b641f9cef264d67f79e32d9991eaf4432cc,2024-10,Northumbria Police,Northumbria Police,-1.641536,54.975627,On or near Crossley Terrace,E01008449,Newcastle upon Tyne 022D,Public order,Status update unavailable,
13a293a2077658556845f312a6b3c1fd7fcb25a1545204fd66d9396c462e58dc,2024-10,Northumbria Police,Northumbria Police,-1.641536,54.975627,On or near Crossley Terrace,E01008449,Newcastle upon Tyne 022D,Shoplifting,Investigation complete; no suspect identified,
97b6b55074633c26ce8a2212be6a6706c1a367a4bb3557c75304194113e1709c,2024-10,Northumbria Police,Northumbria Police,-1.641120,54.974943,On or near Belsay Place,E01008449,Newcastle upon Tyne 022D,Vehicle crime,Investigation complete; no suspect identified,
49edbaa40fb4bee7a6f948cdffa2882f7366ca3b1070b3fb42b33f97200f0e54,2024-10,Northumbria Police,Northumbria Police,-1.639440,54.974102,On or near Bishop'S Avenue,E01008449,Newcastle upon Tyne 022D,Violence and sexual offences,Investigation complete; no suspect identified,
989f91d3c578744582eb6b1ce6a4aa704de4068410950e9ea0619a79a52ea691,2024-10,Northumbria Police,Northumbria Police,-1.639440,54.974102,On or near Bishop'S Avenue,E01008449,Newcastle upon Tyne 022D,Violence and sexual offences,Investigation complete; no suspect identified,
be907ef2958a40168a88cd9fa3f57b70b2b6b884c05099b57432e999b23f44c6,2024-10,Northumbria Police,Northumbria Police,-1.640396,54.973836,On or near Chelsea Grove,E01008449,Newcastle upon Tyne 022D,Violence and sexual offences,Investigation complete; no suspect identified,
2c35d9097d8e87d40eded25dabec0655ed01145faeb333d9bf7911f5a0287ba6,2024-10,Northumbria Police,Northumbria Police,-1.647106,54.976506,On or near Agricola Road,E01008449,Newcastle upon Tyne 022D,Violence and sexual offences,Investigation complete; no suspect identified,
93649e96d4c74c6c33be3552094d6649500e0ea69b53482f585a40bf7f2f44ea,2024-10,Northumbria Police,Northumbria Police,-1.647106,54.976506,On or near Agricola Road,E01008449,Newcastle upon Tyne 022D,Violence and sexual offences,Status update unavailable,
de03b43590525f19add1197157e711b9a21f7a33eeabf5ae7f58d33fa3bbfc5b,2024-10,Northumbria Police,Northumbria Police,-1.641536,54.975627,On or near Crossley Terrace,E01008449,Newcastle upon Tyne 022D,Violence and sexual offences,Status update unavailable,
e1ebe62725348df1e43b95c0000acc53a5e1aa6ca205ed1f73dea84688cd88f9,2024-10,Northumbria Police,Northumbria Police,-1.639440,54.974102,On or near Bishop'S Avenue,E01008449,Newcastle upon Tyne 022D,Violence and sexual offences,Status update unavailable,
06a8ea3ab0696d4eece4606f144ce260ae45d3d4fd32e8e3a3b7991a61f14cbd,2024-10,Northumbria Police,Northumbria Police,-1.646485,54.977753,On or near Wingrove Avenue,E01008449,Newcastle upon Tyne 022D,Violence and sexual offences,Status update unavailable,
c9fe01bf3c0a9737dc440c877bbc5c83c47642eb2915abe0d455af88808858e1,2024-10,Northumbria Police,Northumbria Police,-1.646485,54.977753,On or near Wingrove Avenue,E01008449,Newcastle upon Tyne 022D,Violence and sexual offences,Status update unavailable,
715111837944556c50b06bde55840f97a426d046b7fa35fe9ae549a10e2894ec,2024-10,Northumbria Police,Northumbria Police,-1.646485,54.977753,On or near Wingrove Avenue,E01008449,Newcastle upon Tyne 022D,Violence and sexual offences,Status update unavailable,
22c1357b72196578fd29a4b84f5663f74f0ce186e254ee38baa655ed384e3944,2024-10,Northumbria Police,Northumbria Police,-1.640396,54.973836,On or near Chelsea Grove,E01008449,Newcastle upon Tyne 022D,Violence and sexual offences,Status update unavailable,
d413c170fd46d193d3f95b67505132fb16dcc738c5741ee2f4d837cd0b7aa365,2024-10,Northumbria Police,Northumbria Police,-1.646485,54.977753,On or near Wingrove Avenue,E01008449,Newcastle upon Tyne 022D,Violence and sexual offences,Status update unavailable,
786b3c9a374bc5a69354f7e7c3d71c7e7e5673a7dc0a1661a821fc9d424ffddc,2024-10,Northumbria Police,Northumbria Police,-1.651223,54.979106,On or near Hall Avenue,E01008453,Newcastle upon Tyne 022E,Criminal damage and arson,Status update unavailable,
0a602c6c6593bf6501f817f244fd1163de88d03c9cfb1746d54c6f1039f8008c,2024-10,Northumbria Police,Northumbria Police,-1.646937,54.983218,On or near Moorside South,E01008453,Newcastle upon Tyne 022E,Vehicle crime,Investigation complete; no suspect identified,
db3a81e3b79e2397331185bc54c33e3c004e6bd538679a720e0448611938c9f7,2024-10,Northumbria Police,Northumbria Police,-1.648847,54.981031,On or near Curtis Road,E01008453,Newcastle upon Tyne 022E,Vehicle crime,Investigation complete; no suspect identified,
9fd7f783ce2d057fc96fe4c19f751ba9124f82871a1e39a72a7048d138d522fa,2024-10,Northumbria Police,Northumbria Police,-1.648847,54.981031,On or near Curtis Road,E01008453,Newcastle upon Tyne 022E,Vehicle crime,Investigation complete; no suspect identified,
52e6bf8fe251386615a4ed24f1d67e936e9f95adfbb80a76a30be2a3e4cd7d70,2024-10,Northumbria Police,Northumbria Police,-1.646937,54.983218,On or near Moorside South,E01008453,Newcastle upon Tyne 022E,Vehicle crime,Court result unavailable,
b698bd351b97de85c0ef5faf8b9623d4e492edda139e5e271cf5c0a3336bd13b,2024-10,Northumbria Police,Northumbria Police,-1.648643,54.982891,On or near Matfen Place,E01008453,Newcastle upon Tyne 022E,Violence and sexual offences,Investigation complete; no suspect identified,
fac4c2b1e9be5bacc24b6377ba2b941c9e7450a6e353051bae4b25824fc0cb9e,2024-10,Northumbria Police,Northumbria Police,-1.651749,54.983349,On or near Bourne Avenue,E01008453,Newcastle upon Tyne 022E,Violence and sexual offences,Status update unavailable,
8e866df3069b683a26bbf62b6abd2466792fa8887b5ac653975b84dfb867f7f7,2024-10,Northumbria Police,Northumbria Police,-1.649596,54.979326,On or near Baldwin Avenue,E01008453,Newcastle upon Tyne 022E,Violence and sexual offences,Status update unavailable,
53b4d5eb37e9e272ed0d072278054a56e3290245e0c133768b78becf9855b02d,2024-10,Northumbria Police,Northumbria Police,-1.646937,54.983218,On or near Moorside South,E01008453,Newcastle upon Tyne 022E,Violence and sexual offences,Investigation complete; no suspect identified,
,2024-10,Northumbria Police,Northumbria Police,-1.649569,54.978841,On or near Romulus Court,E01008455,Newcastle upon Tyne 022G,Anti-social behaviour,,
,2024-10,Northumbria Police,Northumbria Police,-1.650364,54.975491,On or near Auden Grove,E01008455,Newcastle upon Tyne 022G,Anti-social behaviour,,
,2024-10,Northumbria Police,Northumbria Police,-1.649569,54.978841,On or near Romulus Court,E01008455,Newcastle upon Tyne 022G,Anti-social behaviour,,
0c31a24e7d16b48103cdf172bcd661df09e5d4ab352e61da0d90f838d8e91f1d,2024-10,Northumbria Police,Northumbria Police,-1.649553,54.975363,On or near Lewis Drive,E01008455,Newcastle upon Tyne 022G,Bicycle theft,Investigation complete; no suspect identified,
4ad774d0421e062e0d4522ce0c2f9c2f76c8efe4537a05abec92d9f042ba27bd,2024-10,Northumbria Police,Northumbria Police,-1.648628,54.979314,On or near Wingrove Gardens,E01008455,Newcastle upon Tyne 022G,Burglary,Investigation complete; no suspect identified,
0d0d86615b8176d9bc3c29128acc37db63e8fb9be4d55a7731ec18c3a349d255,2024-10,Northumbria Police,Northumbria Police,-1.652326,54.978103,On or near Gowland Avenue,E01008455,Newcastle upon Tyne 022G,Criminal damage and arson,Investigation complete; no suspect identified,
8eedce8c23fe0768fb87376e9bcc9a1fcc993047048b0f9a0d4cc023b1f15193,2024-10,Northumbria Police,Northumbria Police,-1.648628,54.979314,On or near Wingrove Gardens,E01008455,Newcastle upon Tyne 022G,Criminal damage and arson,Status update unavailable,
c86420b54be3099d48888fb4e1872d73cadcd1972b14c57fe5e4e9b161f35d94,2024-10,Northumbria Police,Northumbria Police,-1.650364,54.975491,On or near Auden Grove,E01008455,Newcastle upon Tyne 022G,Criminal damage and arson,Investigation complete; no suspect identified,
57f2275a47b3744c899e7bd3a6227240725ca4eb9c668321ef4daa280e5c060a,2024-10,Northumbria Police,Northumbria Police,-1.649553,54.975363,On or near Lewis Drive,E01008455,Newcastle upon Tyne 022G,Drugs,Investigation complete; no suspect identified,
0f6a16393c2786b059d1f2bf42a4b5df5928ee2f5aa45a0b23fe3ea1f2cf1522,2024-10,Northumbria Police,Northumbria Police,-1.648628,54.979314,On or near Wingrove Gardens,E01008455,Newcastle upon Tyne 022G,Other theft,Investigation complete; no suspect identified,
dcb23dd444755960608ecebc437afaf5d221d8dc9e479b755f82edbed361267f,2024-10,Northumbria Police,Northumbria Police,-1.651504,54.977337,On or near Milvain Avenue,E01008455,Newcastle upon Tyne 022G,Vehicle crime,Investigation complete; no suspect identified,
fe6d8910676c1d63ef3b500448b88b79fac364a0e25d0b88b4732b829d6e65b8,2024-10,Northumbria Police,Northumbria Police,-1.652326,54.978103,On or near Gowland Avenue,E01008455,Newcastle upon Tyne 022G,Vehicle crime,Status update unavailable,
000efabae05949e184fc41ec31620ddea418bc8ac2bcc820db2a6ce3c5ba05b2,2024-10,Northumbria Police,Northumbria Police,-1.650013,54.976362,On or near Kirton Avenue,E01008455,Newcastle upon Tyne 022G,Other crime,Investigation complete; no suspect identified,
,2024-10,Northumbria Police,Northumbria Police,-1.639175,54.977597,On or near Croydon Road,E01033556,Newcastle upon Tyne 022H,Anti-social behaviour,,
,2024-10,Northumbria Police,Northumbria Police,-1.642045,54.979879,On or near Studley Terrace,E01033556,Newcastle upon Tyne 022H,Anti-social behaviour,,
,2024-10,Northumbria Police,Northumbria Police,-1.642045,54.979879,On or near Studley Terrace,E01033556,Newcastle upon Tyne 022H,Anti-social behaviour,,
,2024-10,Northumbria Police,Northumbria Police,-1.633159,54.982836,On or near Fountain Row,E01033556,Newcastle upon Tyne 022H,Anti-social behaviour,,
,2024-10,Northumbria Police,Northumbria Police,-1.642045,54.979879,On or near Studley Terrace,E01033556,Newcastle upon Tyne 022H,Anti-social behaviour,,
6892c45415a0be47a1430aeaa57608087473783672a488f3c65dc145c65f6a4f,2024-10,Northumbria Police,Northumbria Police,-1.640201,54.976396,On or near Dilston Road,E01033556,Newcastle upon Tyne 022H,Criminal damage and arson,Status update unavailable,
f5e7da35f3661e7c7093be82d91eb5a7a16ccdb32c3ba16cdf3eb29a63253286,2024-10,Northumbria Police,Northumbria Police,-1.642045,54.979879,On or near Studley Terrace,E01033556,Newcastle upon Tyne 022H,Other theft,Investigation complete; no suspect identified,
2f2c22d079198ea5864d2c05420fd55649226fa31bdcf13c616fd83f5f283ffa,2024-10,Northumbria Police,Northumbria Police,-1.639175,54.977597,On or near Croydon Road,E01033556,Newcastle upon Tyne 022H,Public order,Status update unavailable,
6c7ebbe4904d25ef9b756777d7fa75bbdf98b06050678cf10e2ccd39f6c684f4,2024-10,Northumbria Police,Northumbria Police,-1.628945,54.983938,On or near Sheraton Street,E01033556,Newcastle upon Tyne 022H,Vehicle crime,Investigation complete; no suspect identified,
0306e091a6ac7be633e758c5bbd927f658db33a61ae545d4f586a8c83299a80e,2024-10,Northumbria Police,Northumbria Police,-1.642794,54.978183,On or near Gainsbro Grove,E01033556,Newcastle upon Tyne 022H,Vehicle crime,Investigation complete; no suspect identified,
5010491a9f9cc5c0c023cf09ab8d347198b03752ccc5c10ffccdd80f4dd721ee,2024-10,Northumbria Police,Northumbria Police,-1.642045,54.979879,On or near Studley Terrace,E01033556,Newcastle upon Tyne 022H,Violence and sexual offences,Investigation complete; no suspect identified,
0db634db4f2d314c091e57cbfce04dcf7bc8d64faa870c44df96f1732542d296,2024-10,Northumbria Police,Northumbria Police,-1.642794,54.978183,On or near Gainsbro Grove,E01033556,Newcastle upon Tyne 022H,Violence and sexual offences,Investigation complete; no suspect identified,
c74e97039ea05c2be0dcfe6460aa669625ea3b21414aeab442637f213096f32b,2024-10,Northumbria Police,Northumbria Police,-1.631148,54.982291,On or near Oxnam Crescent,E01033556,Newcastle upon Tyne 022H,Violence and sexual offences,Investigation complete; no suspect identified,
20db350cfdcb599a2db1a1c40928b9befbde2989b559e81c8c9ddb018e5781d3,2024-10,Northumbria Police,Northumbria Police,-1.640201,54.976396,On or near Dilston Road,E01033556,Newcastle upon Tyne 022H,Violence and sexual offences,Court result unavailable,
6cfcdd86dedad76e5a22918ad33673ccaf6f8fffff548e5831fb30a799b4f2d5,2024-10,Northumbria Police,Northumbria Police,-1.640201,54.976396,On or near Dilston Road,E01033556,Newcastle upon Tyne 022H,Violence and sexual offences,Court result unavailable,
d4f7c179e831772823751b25b5b697204efbe264e21cfee10ff9d8af7880068c,2024-10,Northumbria Police,Northumbria Police,-1.640201,54.976396,On or near Dilston Road,E01033556,Newcastle upon Tyne 022H,Violence and sexual offences,Court result unavailable,
,2024-10,Northumbria Police,Northumbria Police,-1.684537,54.974704,On or near Sandmere Place,E01008415,Newcastle upon Tyne 025B,Anti-social behaviour,,
,2024-10,Northumbria Police,Northumbria Police,-1.693084,54.976604,On or near Denton Road,E01008415,Newcastle upon Tyne 025B,Anti-social behaviour,,
8d001eaf2f8a51b9c435f979a8afcb211fbf5061637412ae35e47fcf0f3953c0,2024-10,Northumbria Police,Northumbria Police,-1.687705,54.979223,On or near Greenside Crescent,E01008415,Newcastle upon Tyne 025B,Burglary,Investigation complete; no suspect identified,
a8d76d550d50bd425c1bafe1f49c4ba151ac90e056f49a6471287b1326cd8bbd,2024-10,Northumbria Police,Northumbria Police,-1.689634,54.978248,On or near Ravenburn Gardens,E01008415,Newcastle upon Tyne 025B,Burglary,Investigation complete; no suspect identified,
7fd14cf340f7561775eda20ac6d585b6c9f94a06e391cae0a782b7abdfa768fb,2024-10,Northumbria Police,Northumbria Police,-1.687705,54.979223,On or near Greenside Crescent,E01008415,Newcastle upon Tyne 025B,Burglary,Investigation complete; no suspect identified,
2c51ff9cc4a27b7bfebc373b8dc922b28b0a12252a6e1c222faad69213e80fe5,2024-10,Northumbria Police,Northumbria Police,-1.689634,54.978248,On or near Ravenburn Gardens,E01008415,Newcastle upon Tyne 025B,Other theft,Investigation complete; no suspect identified,
f0a72b3ea80c2c7ad6535b63d164de4ac7b8fe46077a5a45e3c2f0b7db6bae0d,2024-10,Northumbria Police,Northumbria Police,-1.687705,54.979223,On or near Greenside Crescent,E01008415,Newcastle upon Tyne 025B,Public order,Investigation complete; no suspect identified,
670c8aa0fbaa4bf456b378c9705f254e128fac88b81b1f3658b1a8f95e4a10cf,2024-10,Northumbria Police,Northumbria Police,-1.684537,54.974704,On or near Sandmere Place,E01008415,Newcastle upon Tyne 025B,Public order,Investigation complete; no suspect identified,
d5407ea93ca1114f0b4b97bea46d99d80d7af2a1bbc9de7f9529290aaf7d368e,2024-10,Northumbria Police,Northumbria Police,-1.689634,54.978248,On or near Ravenburn Gardens,E01008415,Newcastle upon Tyne 025B,Violence and sexual offences,Investigation complete; no suspect identified,
,2024-10,Northumbria Police,Northumbria Police,-1.688348,54.982900,On or near Pauline Gardens,E01008416,Newcastle upon Tyne 025C,Anti-social behaviour,,
350088cbb773f204023fcc44b06c76d8531dfb938920658021bb60b53ef869eb,2024-10,Northumbria Police,Northumbria Police,-1.690952,54.983635,On or near Turret Road,E01008416,Newcastle upon Tyne 025C,Burglary,Investigation complete; no suspect identified,
9ae7f6ea8dfb5d94e44967ec5ce1d9869e895109b89c9694f5bc173bf958d791,2024-10,Northumbria Police,Northumbria Police,-1.689052,54.978786,On or near Howlett Hall Road,E01008416,Newcastle upon Tyne 025C,Burglary,Status update unavailable,
464c5b62ed85caf239350fe706e538d797c7d38d976b3809200610128ddbf9ee,2024-10,Northumbria Police,Northumbria Police,-1.690863,54.983041,On or near Legion Road,E01008416,Newcastle upon Tyne 025C,Criminal damage and arson,Investigation complete; no suspect identified,
27f6e3e37e9abf72e3e7c9d201101dd97267f22add2244d915dd5df78908072f,2024-10,Northumbria Police,Northumbria Police,-1.689052,54.978786,On or near Howlett Hall Road,E01008416,Newcastle upon Tyne 025C,Shoplifting,Status update unavailable,
6c78807b65c03e91dc601d4f603c8c0330d225b22ee066f2d270d78f3086209f,2024-10,Northumbria Police,Northumbria Police,-1.688348,54.982900,On or near Pauline Gardens,E01008416,Newcastle upon Tyne 025C,Shoplifting,Investigation complete; no suspect identified,
99d28dea1ad2d577393a9a56cb24e119a10ac68aa51ffb485427b12f52d38e85,2024-10,Northumbria Police,Northumbria Police,-1.689052,54.978786,On or near Howlett Hall Road,E01008416,Newcastle upon Tyne 025C,Shoplifting,Status update unavailable,
c1fcd7a4a174116d2170542507f464e3df7abb7cb5aa5e3af0b91148f26f84b5,2024-10,Northumbria Police,Northumbria Police,-1.689052,54.978786,On or near Howlett Hall Road,E01008416,Newcastle upon Tyne 025C,Shoplifting,Suspect charged as part of another case,
11a1e958a3a244680c94250f59f92d8b882e6cc9dffe3ac57e6f1cf28063508e,2024-10,Northumbria Police,Northumbria Police,-1.689052,54.978786,On or near Howlett Hall Road,E01008416,Newcastle upon Tyne 025C,Shoplifting,Court result unavailable,
26ae3a17e5966e6ea645854847b2dd2756d83310a128cf2d93daa3533b72d6d6,2024-10,Northumbria Police,Northumbria Police,-1.689052,54.978786,On or near Howlett Hall Road,E01008416,Newcastle upon Tyne 025C,Shoplifting,Court result unavailable,
0a10ee4bf30d52d3f13916a0dbd1b2e8df021636f8a42de99f893410decba303,2024-10,Northumbria Police,Northumbria Police,-1.689052,54.978786,On or near Howlett Hall Road,E01008416,Newcastle upon Tyne 025C,Shoplifting,Suspect charged as part of another case,
47aa071ee5330c547f3e43c31b4023543301acff78d20e54f974506e888ab0a6,2024-10,Northumbria Police,Northumbria Police,-1.689052,54.978786,On or near Howlett Hall Road,E01008416,Newcastle upon Tyne 025C,Shoplifting,Suspect charged as part of another case,
cfbb10db2b675ea2b269c6b67f34cfa0a5fd41347acf44a789c70c3864cfd08a,2024-10,Northumbria Police,Northumbria Police,-1.686864,54.982842,On or near Parking Area,E01008416,Newcastle upon Tyne 025C,Vehicle crime,Investigation complete; no suspect identified,
0d3b941b8b808ee1108e5fd94deea16fe389b36a80b3ea320a9ea960fd3ee62a,2024-10,Northumbria Police,Northumbria Police,-1.689052,54.978786,On or near Howlett Hall Road,E01008416,Newcastle upon Tyne 025C,Violence and sexual offences,Status update unavailable,
a83b40205d3f77434d54593d90a7e184b3d1da6a705903cd330d1e72fcd72d1a,2024-10,Northumbria Police,Northumbria Police,-1.688348,54.982900,On or near Pauline Gardens,E01008416,Newcastle upon Tyne 025C,Violence and sexual offences,Investigation complete; no suspect identified,
372c89cd892766292fcc92eaa7bc93bbbb3166f9105b7a6062e53983654681b5,2024-10,Northumbria Police,Northumbria Police,-1.688348,54.982900,On or near Pauline Gardens,E01008416,Newcastle upon Tyne 025C,Violence and sexual offences,Status update unavailable,
7ad381d574b4ac8b5be2fe649e53a14056d3d000f55fb1c3f1cce666af98d8ea,2024-10,Northumbria Police,Northumbria Police,-1.685660,54.982579,On or near Petrol Station,E01008416,Newcastle upon Tyne 025C,Violence and sexual offences,Court result unavailable,
,2024-10,Northumbria Police,Northumbria Police,-1.691890,54.973375,On or near Bankside Road,E01033547,Newcastle upon Tyne 025E,Anti-social behaviour,,
,2024-10,Northumbria Police,Northumbria Police,-1.676733,54.969885,On or near Walwick Fell,E01033547,Newcastle upon Tyne 025E,Anti-social behaviour,,
,2024-10,Northumbria Police,Northumbria Police,-1.676733,54.969885,On or near Walwick Fell,E01033547,Newcastle upon Tyne 025E,Anti-social behaviour,,
,2024-10,Northumbria Police,Northumbria Police,-1.676733,54.969885,On or near Walwick Fell,E01033547,Newcastle upon Tyne 025E,Anti-social behaviour,,
,2024-10,Northumbria Police,Northumbria Police,-1.685725,54.974653,On or near Stephenson Mews,E01033547,Newcastle upon Tyne 025E,Anti-social behaviour,,
,2024-10,Northumbria Police,Northumbria Police,-1.676252,54.971429,On or near Derwent Street,E01033547,Newcastle upon Tyne 025E,Anti-social behaviour,,
,2024-10,Northumbria Police,Northumbria Police,-1.683352,54.974386,On or near Higgins Close,E01033547,Newcastle upon Tyne 025E,Anti-social behaviour,,
54541cc2c624832eb53aedf99951bdda91b34fcc7256daa0181e6e4d18b081c0,2024-10,Northumbria Police,Northumbria Police,-1.683080,54.973307,On or near Muswell Hill,E01033547,Newcastle upon Tyne 025E,Criminal damage and arson,Investigation complete; no suspect identified,
c4d87918996869c599bbb372b020e941bbdb759d47737a18c2ff40ab6327b41a,2024-10,Northumbria Police,Northumbria Police,-1.680906,54.971558,On or near Haig Crescent,E01033547,Newcastle upon Tyne 025E,Criminal damage and arson,Investigation complete; no suspect identified,
fd58a3d44fe0d606cf5abe3a44320caa3d8128351ce2eff08ae750935f9b98d9,2024-10,Northumbria Police,Northumbria Police,-1.687746,54.973858,On or near Broadmead Way,E01033547,Newcastle upon Tyne 025E,Criminal damage and arson,Investigation complete; no suspect identified,
acf5e93cab30aa184cf349d8d8d176a76e24e3924271082478c6eccf65307e7a,2024-10,Northumbria Police,Northumbria Police,-1.684592,54.973644,On or near Aldwick Road,E01033547,Newcastle upon Tyne 025E,Criminal damage and arson,Investigation complete; no suspect identified,
b1d3ef18d4b19fbe5c662d5f704c595db1370e9a3fc723ba89b98d0915971e73,2024-10,Northumbria Police,Northumbria Police,-1.687746,54.973858,On or near Broadmead Way,E01033547,Newcastle upon Tyne 025E,Criminal damage and arson,Investigation complete; no suspect identified,
01e1c7dddac3a69f17da84851f2054e515e5d6248e8a6b8aa65facf10ad4ad56,2024-10,Northumbria Police,Northumbria Police,-1.687746,54.973858,On or near Broadmead Way,E01033547,Newcastle upon Tyne 025E,Criminal damage and arson,Investigation complete; no suspect identified,
08c2689353bf784afad1190c08e2f8e456f4ab1d43568a994a2ad32bbc895629,2024-10,Northumbria Police,Northumbria Police,-1.683080,54.973307,On or near Muswell Hill,E01033547,Newcastle upon Tyne 025E,Criminal damage and arson,Investigation complete; no suspect identified,
c3cde39a640c5efbef5448c214e52eed5f1cd51777eb8717b05ddffb9713fdd1,2024-10,Northumbria Police,Northumbria Police,-1.675057,54.968523,On or near Chester Pike,E01033547,Newcastle upon Tyne 025E,Criminal damage and arson,Awaiting court outcome,
b0bfb59289f3a533af827a2f48f185bf4f480a618d9131dd57779dc3d193dd0a,2024-10,Northumbria Police,Northumbria Police,-1.683080,54.973307,On or near Muswell Hill,E01033547,Newcastle upon Tyne 025E,Criminal damage and arson,Investigation complete; no suspect identified,
3cbb64daa051efa9ba67673a64460e6dc5f8e66d1e4dd38b5584bdc1904ea18d,2024-10,Northumbria Police,Northumbria Police,-1.683080,54.973307,On or near Muswell Hill,E01033547,Newcastle upon Tyne 025E,Criminal damage and arson,Investigation complete; no suspect identified,
07afc7545d671a340da889ef73fa6d317c0d65db8ec3c186624680a27c2a4c3d,2024-10,Northumbria Police,Northumbria Police,-1.682187,54.967267,On or near Parking Area,E01033547,Newcastle upon Tyne 025E,Criminal damage and arson,Investigation complete; no suspect identified,
fa2609ab3a8eaf039488d8f4f43afc2e0ac0e4170125c1ec40d0a5a755bdb83b,2024-10,Northumbria Police,Northumbria Police,-1.682589,54.972183,On or near Darley Place,E01033547,Newcastle upon Tyne 025E,Drugs,Offender given a caution,
8766c6d779240e197aba98483579d92eb55e28b63aea9fa54acfcc523a1c66d8,2024-10,Northumbria Police,Northumbria Police,-1.676690,54.969408,On or near Featherwood Avenue,E01033547,Newcastle upon Tyne 025E,Other theft,Investigation complete; no suspect identified,
79d58fceeb48825a7643efa808675c551f274e2a3ae88b64bda93113e59a575c,2024-10,Northumbria Police,Northumbria Police,-1.680906,54.971558,On or near Haig Crescent,E01033547,Newcastle upon Tyne 025E,Other theft,Status update unavailable,
5800ee275deda1baf4f2d6d7c52d64842f176fe2f97513f44c345e9f5102d6e7,2024-10,Northumbria Police,Northumbria Police,-1.681252,54.971361,On or near Ranmere Road,E01033547,Newcastle upon Tyne 025E,Other theft,Investigation complete; no suspect identified,
c1430d028085a7100909bfecc0fd89ac58babda391c358effef04f97f5b697f8,2024-10,Northumbria Police,Northumbria Police,-1.680906,54.971558,On or near Haig Crescent,E01033547,Newcastle upon Tyne 025E,Other theft,Investigation complete; no suspect identified,
80129471a356fb1c67283a8a2355855b43f7c4b546d74815cb2a27bf804903ad,2024-10,Northumbria Police,Northumbria Police,-1.680906,54.971558,On or near Haig Crescent,E01033547,Newcastle upon Tyne 025E,Other theft,Status update unavailable,
41110aadf94743065558e57bd1312cdb8514cf2d008b4bb2f7cb63494618824f,2024-10,Northumbria Police,Northumbria Police,-1.681075,54.971918,On or near Knott Place,E01033547,Newcastle upon Tyne 025E,Other theft,Investigation complete; no suspect identified,
fb6926079cc5d54366c67adad3240705276728ced462bf4ce860a777ee4a6325,2024-10,Northumbria Police,Northumbria Police,-1.687746,54.973858,On or near Broadmead Way,E01033547,Newcastle upon Tyne 025E,Public order,Investigation complete; no suspect identified,
fd3a3591824e1cf8f6c1b95d75575a542cfa2c8a53896daeee3a615ef737fa14,2024-10,Northumbria Police,Northumbria Police,-1.684592,54.973644,On or near Aldwick Road,E01033547,Newcastle upon Tyne 025E,Public order,Investigation complete; no suspect identified,
824b0f708b86c6e714a07da66068c49a527fe5523f17d1e9fc88b2d3bd5d7353,2024-10,Northumbria Police,Northumbria Police,-1.685159,54.973115,On or near Abercorn Road,E01033547,Newcastle upon Tyne 025E,Public order,Investigation complete; no suspect identified,
1c20243053312995f16b53655a93e34480ede924c376f5c55c255e871032b813,2024-10,Northumbria Police,Northumbria Police,-1.690358,54.973452,On or near Thorndale Road,E01033547,Newcastle upon Tyne 025E,Public order,Status update unavailable,
3b63508fc909d1b74917a93aa8b9e25f60c3a8513603df3b5c8f772af46f5587,2024-10,Northumbria Police,Northumbria Police,-1.680906,54.971558,On or near Haig Crescent,E01033547,Newcastle upon Tyne 025E,Vehicle crime,Investigation complete; no suspect identified,
a39c34fdb562d331665b6f51466da6643fa4db59dba10ecfff64e8a39392f126,2024-10,Northumbria Police,Northumbria Police,-1.676690,54.969408,On or near Featherwood Avenue,E01033547,Newcastle upon Tyne 025E,Vehicle crime,Investigation complete; no suspect identified,
051ce0cac7b21aca1047638cefc5516fb3c14b05cd653cddb73c0aa3395061fa,2024-10,Northumbria Police,Northumbria Police,-1.675057,54.968523,On or near Chester Pike,E01033547,Newcastle upon Tyne 025E,Vehicle crime,Investigation complete; no suspect identified,
5010890332af41f39b05bc9e2594a0b79aa9035cb4a191c5617a93e6e4fd85cb,2024-10,Northumbria Police,Northumbria Police,-1.689266,54.971247,On or near Parmontley Street,E01033547,Newcastle upon Tyne 025E,Vehicle crime,Status update unavailable,
8e220580560aa1a0ac7b1828f9c902d64c1735d9a4786e4399ca862bb2558453,2024-10,Northumbria Police,Northumbria Police,-1.675057,54.968523,On or near Chester Pike,E01033547,Newcastle upon Tyne 025E,Vehicle crime,Investigation complete; no suspect identified,
5584d9489a3c6f77ee31ccf37945a9761ed716c62d3ead551bc958cb8b0e0cad,2024-10,Northumbria Police,Northumbria Police,-1.676690,54.969408,On or near Featherwood Avenue,E01033547,Newcastle upon Tyne 025E,Vehicle crime,Investigation complete; no suspect identified,
f6076d87daf423bd8fb79767e13c35eb00a9c8c5d7e09de52092dfcd92d838f7,2024-10,Northumbria Police,Northumbria Police,-1.675057,54.968523,On or near Chester Pike,E01033547,Newcastle upon Tyne 025E,Vehicle crime,Investigation complete; no suspect identified,
f07f65bb1132dd39f1ebc219ad664233911f3577aa2a6f74bbeefd61f2ab2064,2024-10,Northumbria Police,Northumbria Police,-1.676690,54.969408,On or near Featherwood Avenue,E01033547,Newcastle upon Tyne 025E,Vehicle crime,Investigation complete; no suspect identified,
f409471363f493e50fa7cde91a73fd4894c1667d9397b3f79686c4b1804ff9a1,2024-10,Northumbria Police,Northumbria Police,-1.676690,54.969408,On or near Featherwood Avenue,E01033547,Newcastle upon Tyne 025E,Vehicle crime,Investigation complete; no suspect identified,
ef7d7bd8dac8586b358352e59a0f8e0753c0b364d63b50b0fee8466e2ab1b133,2024-10,Northumbria Police,Northumbria Police,-1.676690,54.969408,On or near Featherwood Avenue,E01033547,Newcastle upon Tyne 025E,Violence and sexual offences,Awaiting court outcome,
17865d4cada446ec321814a120c0e4b301c80e9226a717357e7a8fa00506a0c0,2024-10,Northumbria Police,Northumbria Police,-1.682589,54.972183,On or near Darley Place,E01033547,Newcastle upon Tyne 025E,Violence and sexual offences,Investigation complete; no suspect identified,
b677fa044ffc0146fd7e2ad155b4281d2d17bc8d2f1fd727640ea7936234d064,2024-10,Northumbria Police,Northumbria Police,-1.681075,54.971918,On or near Knott Place,E01033547,Newcastle upon Tyne 025E,Violence and sexual offences,Status update unavailable,
67c47212e93cba43a5da53e79d40bb5fa5188f44a3cc81440d6b42f616240674,2024-10,Northumbria Police,Northumbria Police,-1.685159,54.973115,On or near Abercorn Road,E01033547,Newcastle upon Tyne 025E,Violence and sexual offences,Status update unavailable,
78e7adb8151a6834372ae836a927a9c42bc0370970e101e531d664e240ea69df,2024-10,Northumbria Police,Northumbria Police,-1.681252,54.971361,On or near Ranmere Road,E01033547,Newcastle upon Tyne 025E,Violence and sexual offences,Status update unavailable,
ab5e96406b2450e18f5397c3e78335e16ac2013b170e2c5d857433037740c5ac,2024-10,Northumbria Police,Northumbria Police,-1.690358,54.973452,On or near Thorndale Road,E01033547,Newcastle upon Tyne 025E,Violence and sexual offences,Status update unavailable,
99b037d4af49439c6890279545bd6430a82a206761d4c277bdbb9f810d70fea5,2024-10,Northumbria Police,Northumbria Police,-1.685159,54.973115,On or near Abercorn Road,E01033547,Newcastle upon Tyne 025E,Violence and sexual offences,Status update unavailable,
fcce8586029ca04f13ef9d72a411ca434e61c19784ed506e00eb0a4fb8ca7833,2024-10,Northumbria Police,Northumbria Police,-1.690358,54.973452,On or near Thorndale Road,E01033547,Newcastle upon Tyne 025E,Violence and sexual offences,Investigation complete; no suspect identified,
11fc391c0dd35f5758a6dfe168c632812cbe369206ea49adfe1d8b3e5a860de0,2024-10,Northumbria Police,Northumbria Police,-1.688329,54.971209,On or near Shafto Street,E01033547,Newcastle upon Tyne 025E,Violence and sexual offences,Status update unavailable,
de9fbe1854f405f9c1bbb2bfcabd7aaca3ded04997778f692586fdf9da0697a8,2024-10,Northumbria Police,Northumbria Police,-1.683352,54.974386,On or near Higgins Close,E01033547,Newcastle upon Tyne 025E,Violence and sexual offences,Investigation complete; no suspect identified,
f380121f78328d2af4b088b64c6178fadabbd0d066662c097a8310b529ec54db,2024-10,Northumbria Police,Northumbria Police,-1.685725,54.974653,On or near Stephenson Mews,E01033547,Newcastle upon Tyne 025E,Violence and sexual offences,Status update unavailable,
0793245ee458bf84908b41af1e2a0ff80e8603201e85479d0ecb8af0f399db97,2024-10,Northumbria Police,Northumbria Police,-1.685159,54.973115,On or near Abercorn Road,E01033547,Newcastle upon Tyne 025E,Violence and sexual offences,Investigation complete; no suspect identified,
158aceb8d36157344e81402e7ce5a6d0e47c2c577efa8905853dc0c71496d3fa,2024-10,Northumbria Police,Northumbria Police,-1.685725,54.974653,On or near Stephenson Mews,E01033547,Newcastle upon Tyne 025E,Violence and sexual offences,Status update unavailable,
7fce0930f0133cfeb6eeb0bb6315a3036fc701a215adacd0aa1d57b463a34bc3,2024-10,Northumbria Police,Northumbria Police,-1.684592,54.973644,On or near Aldwick Road,E01033547,Newcastle upon Tyne 025E,Violence and sexual offences,Investigation complete; no suspect identified,
8ee9e264bb9758483ba38a3a3bdaee754f41ae80fd49e0fb4244e1d05e7fa015,2024-10,Northumbria Police,Northumbria Police,-1.680906,54.971558,On or near Haig Crescent,E01033547,Newcastle upon Tyne 025E,Violence and sexual offences,Status update unavailable,
4adb7a281a089438183c5061698172c101c45502159de2c1333df83435f595fa,2024-10,Northumbria Police,Northumbria Police,-1.675057,54.968523,On or near Chester Pike,E01033547,Newcastle upon Tyne 025E,Violence and sexual offences,Investigation complete; no suspect identified,
5006a1c2a4ff8d2a812b7f5559b5e01a90b1942d70af100583a62f1714fa089d,2024-10,Northumbria Police,Northumbria Police,-1.685159,54.973115,On or near Abercorn Road,E01033547,Newcastle upon Tyne 025E,Violence and sexual offences,Status update unavailable,
42cdd04db0f7a8636d55375822ec03a95ff4497c1b41ed56838df6fc3c9f4667,2024-10,Northumbria Police,Northumbria Police,-1.682589,54.972183,On or near Darley Place,E01033547,Newcastle upon Tyne 025E,Violence and sexual offences,Status update unavailable,
,2024-10,Northumbria Police,Northumbria Police,-1.676499,54.977702,On or near Gretna Road,E01008288,Newcastle upon Tyne 027A,Anti-social behaviour,,
,2024-10,Northumbria Police,Northumbria Police,-1.683780,54.975591,On or near Whickham View,E01008288,Newcastle upon Tyne 027A,Anti-social behaviour,,
,2024-10,Northumbria Police,Northumbria Police,-1.683780,54.975591,On or near Whickham View,E01008288,Newcastle upon Tyne 027A,Anti-social behaviour,,
,2024-10,Northumbria Police,Northumbria Police,-1.683780,54.975591,On or near Whickham View,E01008288,Newcastle upon Tyne 027A,Anti-social behaviour,,
972093acaf0ed39f7aace4b216aee9e17d206f38dc149f04f9c1023f866a6444,2024-10,Northumbria Police,Northumbria Police,-1.678717,54.977744,On or near Allchurch,E01008288,Newcastle upon Tyne 027A,Burglary,Investigation complete; no suspect identified,
07d606180650e2b48c2c9413f64b6843e6ee52d31c075d6e00153ef7be13cb56,2024-10,Northumbria Police,Northumbria Police,-1.683780,54.975591,On or near Whickham View,E01008288,Newcastle upon Tyne 027A,Criminal damage and arson,Investigation complete; no suspect identified,
d3fb6303859cbf0d9f76b68a33f582b247f4c5facc9541c5ddd0cfc3d60ee695,2024-10,Northumbria Police,Northumbria Police,-1.671692,54.975110,On or near Benwell Village Mews,E01008288,Newcastle upon Tyne 027A,Criminal damage and arson,Status update unavailable,
23a11bde00f126a00ef13cdfa01203e3a658899e1bdcc87c16c5e456af4d28f1,2024-10,Northumbria Police,Northumbria Police,-1.683780,54.975591,On or near Whickham View,E01008288,Newcastle upon Tyne 027A,Shoplifting,Investigation complete; no suspect identified,
1b8b39fbd92069bab2a7fc94904c5072313fc33f098e46344e05f6f2c749c262,2024-10,Northumbria Police,Northumbria Police,-1.683780,54.975591,On or near Whickham View,E01008288,Newcastle upon Tyne 027A,Violence and sexual offences,Investigation complete; no suspect identified,
b9cd4bdf8e8603a50102d35153ee8f8be5fa2c73a244a496f35566218b441049,2024-10,Northumbria Police,Northumbria Police,-1.676926,54.975133,On or near Benwell Hall Drive,E01008288,Newcastle upon Tyne 027A,Violence and sexual offences,Status update unavailable,
4d1d011c5abf3941f61cd26778b0ccfe74c30273048e9c290803e89991560a09,2024-10,Northumbria Police,Northumbria Police,-1.676499,54.977702,On or near Gretna Road,E01008288,Newcastle upon Tyne 027A,Violence and sexual offences,Investigation complete; no suspect identified,
5b37bd1f4edf58c250233194f9104688c0c1c82806bc5484922307c6c91211d9,2024-10,Northumbria Police,Northumbria Police,-1.669151,54.974411,On or near Rushie Avenue,E01008288,Newcastle upon Tyne 027A,Violence and sexual offences,Investigation complete; no suspect identified,
35a7a390d2e6bfe16b2a4c9ec7c3d571e138bc0cd9676927891515622c0bb300,2024-10,Northumbria Police,Northumbria Police,-1.676926,54.975133,On or near Benwell Hall Drive,E01008288,Newcastle upon Tyne 027A,Violence and sexual offences,Status update unavailable,
,2024-10,Northumbria Police,Northumbria Police,-1.669722,54.977172,On or near Pease Avenue,E01008289,Newcastle upon Tyne 027B,Anti-social behaviour,,
c9fdde6deae0664f66b5099d3b34707f20cb265b6717b0dedff3fb145899d905,2024-10,Northumbria Police,Northumbria Police,-1.666699,54.974378,On or near Dorcas Avenue,E01008289,Newcastle upon Tyne 027B,Bicycle theft,Investigation complete; no suspect identified,
9d57e0db2f301bcb3445abe745882414ab0e77fa710704c809ecd8aa2061a01a,2024-10,Northumbria Police,Northumbria Police,-1.671583,54.978866,On or near Westacres Crescent,E01008289,Newcastle upon Tyne 027B,Burglary,Investigation complete; no suspect identified,
b3b90983947ac9f9e1e28017821c506ad2d340bbdf7185a2081894fbb70b248a,2024-10,Northumbria Police,Northumbria Police,-1.667775,54.972700,On or near Benwell Lane,E01008289,Newcastle upon Tyne 027B,Criminal damage and arson,Status update unavailable,
33d13d17633a2a9c2944ec3d1777a7de403671d277e272deb3d90f7d835d1094,2024-10,Northumbria Police,Northumbria Police,-1.669722,54.977172,On or near Pease Avenue,E01008289,Newcastle upon Tyne 027B,Violence and sexual offences,Status update unavailable,
f39fc20c8c0933f96780afc0909b7576a0440e8b30ae1790e2b4fa5631685cdc,2024-10,Northumbria Police,Northumbria Police,-1.669026,54.974510,On or near Pendower Way,E01008289,Newcastle upon Tyne 027B,Violence and sexual offences,Status update unavailable,
a6eb6382d2455cfe2c0b28cfd418139442b93220cffc99e535bfe6ac21a1d992,2024-10,Northumbria Police,Northumbria Police,-1.669026,54.974510,On or near Pendower Way,E01008289,Newcastle upon Tyne 027B,Violence and sexual offences,Status update unavailable,
fa9cd0f0969ab23876c444858e9ccf59f47114f4bcc3503df02639a4a68c524f,2024-10,Northumbria Police,Northumbria Police,-1.669026,54.974510,On or near Pendower Way,E01008289,Newcastle upon Tyne 027B,Violence and sexual offences,Investigation complete; no suspect identified,
2d988d9977289fc52a7e1ef8759b5dd5bdcbe38d87f026c9565d69e9ce904b35,2024-10,Northumbria Police,Northumbria Police,-1.667775,54.972700,On or near Benwell Lane,E01008289,Newcastle upon Tyne 027B,Violence and sexual offences,Status update unavailable,
21e1f14bff95277810af51fae42ae273776bc7c6f1e9f59d4b57012401be8daa,2024-10,Northumbria Police,Northumbria Police,-1.668413,54.976845,On or near Adair Avenue,E01008289,Newcastle upon Tyne 027B,Violence and sexual offences,Investigation complete; no suspect identified,
,2024-10,Northumbria Police,Northumbria Police,-1.667668,54.968647,On or near South Benwell Road,E01008290,Newcastle upon Tyne 027C,Anti-social behaviour,,
,2024-10,Northumbria Police,Northumbria Police,-1.664395,54.971532,On or near Benwell Grange Close,E01008290,Newcastle upon Tyne 027C,Anti-social behaviour,,
,2024-10,Northumbria Police,Northumbria Police,-1.664395,54.971532,On or near Benwell Grange Close,E01008290,Newcastle upon Tyne 027C,Anti-social behaviour,,
,2024-10,Northumbria Police,Northumbria Police,-1.672928,54.969183,On or near Bellshiel Grove,E01008290,Newcastle upon Tyne 027C,Anti-social behaviour,,
,2024-10,Northumbria Police,Northumbria Police,-1.665951,54.970422,On or near Benwell Grange Road,E01008290,Newcastle upon Tyne 027C,Anti-social behaviour,,
,2024-10,Northumbria Police,Northumbria Police,-1.665951,54.970422,On or near Benwell Grange Road,E01008290,Newcastle upon Tyne 027C,Anti-social behaviour,,
8a878c578b4a7cdbddb3aa0b9c9be724161ce7fe28c50a6ecfee66b46b42b41d,2024-10,Northumbria Police,Northumbria Police,-1.664395,54.971532,On or near Benwell Grange Close,E01008290,Newcastle upon Tyne 027C,Burglary,Investigation complete; no suspect identified,
2d4b0bd8d849b4a5e45e5a526a3db02f865f72899eee5a42cfe074d4beefc678,2024-10,Northumbria Police,Northumbria Police,-1.663733,54.970335,On or near Bishop'S Road,E01008290,Newcastle upon Tyne 027C,Criminal damage and arson,Investigation complete; no suspect identified,
b8ef31c231b93287f4d9cc3f3e666a460acb6e26fdc27bd0508e6959dbda610b,2024-10,Northumbria Police,Northumbria Police,-1.672189,54.967779,On or near Whitehouse Road,E01008290,Newcastle upon Tyne 027C,Other theft,Investigation complete; no suspect identified,
8d5f908dd090dcbdbf832cf6ca711267ca639801c385e3e934062cf0bb2e1cf2,2024-10,Northumbria Police,Northumbria Police,-1.672189,54.967779,On or near Whitehouse Road,E01008290,Newcastle upon Tyne 027C,Other theft,Status update unavailable,
5e9cd820f12d20602dab73e0788a48724302fa19fff8500599d1ad54a8e53762,2024-10,Northumbria Police,Northumbria Police,-1.673498,54.970101,On or near Armstrong Road,E01008290,Newcastle upon Tyne 027C,Vehicle crime,Investigation complete; no suspect identified,
0d18990657b902712dc371fb3c7506d4e77ec3b6ff270bbabcb8ce927a515fb5,2024-10,Northumbria Police,Northumbria Police,-1.665685,54.970421,On or near Benwell Grange Avenue,E01008290,Newcastle upon Tyne 027C,Vehicle crime,Investigation complete; no suspect identified,
a8c5195ab0208f904650ad6188ddd08e082da7837f357ffec9c4e0f6d48b2197,2024-10,Northumbria Police,Northumbria Police,-1.664602,54.967309,On or near Egerton Street,E01008290,Newcastle upon Tyne 027C,Violence and sexual offences,Investigation complete; no suspect identified,
b3979e35fe9968a4091dd41f004ef53206b75b61207c7f2152a8acfc88053d97,2024-10,Northumbria Police,Northumbria Police,-1.664395,54.971532,On or near Benwell Grange Close,E01008290,Newcastle upon Tyne 027C,Violence and sexual offences,Investigation complete; no suspect identified,
17e646027d908469f229b307dd673422f1363c7f414e798eb34329b5f45e526e,2024-10,Northumbria Police,Northumbria Police,-1.662554,54.969406,On or near Atkinson Road,E01008290,Newcastle upon Tyne 027C,Violence and sexual offences,Investigation complete; no suspect identified,
,2024-10,Northumbria Police,Northumbria Police,-1.653828,54.968707,On or near Caroline Street,E01008291,Newcastle upon Tyne 027D,Anti-social behaviour,,
,2024-10,Northumbria Police,Northumbria Police,-1.653828,54.968707,On or near Caroline Street,E01008291,Newcastle upon Tyne 027D,Anti-social behaviour,,
,2024-10,Northumbria Police,Northumbria Police,-1.653828,54.968707,On or near Caroline Street,E01008291,Newcastle upon Tyne 027D,Anti-social behaviour,,
,2024-10,Northumbria Police,Northumbria Police,-1.660204,54.970262,On or near Atkinson Terrace,E01008291,Newcastle upon Tyne 027D,Anti-social behaviour,,
ca3c17761665f1893601a0ac0b7ff151b68a9dec083fb3107dc9c94ee1114423,2024-10,Northumbria Police,Northumbria Police,-1.656791,54.967476,On or near Keith Close,E01008291,Newcastle upon Tyne 027D,Burglary,Investigation complete; no suspect identified,
f94dc2a13f45180bd00d1147097143a91518b8be8673c21e984ac32da1303591,2024-10,Northumbria Police,Northumbria Police,-1.659767,54.970144,On or near Gerald Street,E01008291,Newcastle upon Tyne 027D,Burglary,Status update unavailable,
7294e0a47829eb0026c3a6201694b8eab6bd13a6a55c6b895919cb54e0620f58,2024-10,Northumbria Police,Northumbria Police,-1.657672,54.966750,On or near Merton Court,E01008291,Newcastle upon Tyne 027D,Burglary,Investigation complete; no suspect identified,
aa8d8a75d3bf67963b0e9a761a54f7f6a7773c389cc7f51c6655d9cf4ed0ad84,2024-10,Northumbria Police,Northumbria Police,-1.654181,54.967612,On or near Troves Close,E01008291,Newcastle upon Tyne 027D,Burglary,Investigation complete; no suspect identified,
e4f99e891fe5905edc91ba5038fc50ffe9d764d7f688076b81420f6488067ab4,2024-10,Northumbria Police,Northumbria Police,-1.660122,54.967027,On or near Iveagh Close,E01008291,Newcastle upon Tyne 027D,Criminal damage and arson,Investigation complete; no suspect identified,
a854ce9d600626131e68b10c9813bced841f58587efc8c13789b5d0c4d131e89,2024-10,Northumbria Police,Northumbria Police,-1.654181,54.967612,On or near Troves Close,E01008291,Newcastle upon Tyne 027D,Criminal damage and arson,Investigation complete; no suspect identified,
9c678be30863f0c49ddb1ae749031bf14d22e5bd0bcb96590d1672769b913d64,2024-10,Northumbria Police,Northumbria Police,-1.656737,54.968257,On or near Maryhill Close,E01008291,Newcastle upon Tyne 027D,Criminal damage and arson,Investigation complete; no suspect identified,
c573740a84ce128fb05c601ccac294deddc30aabff0a1bb2766d359db4edf5e7,2024-10,Northumbria Police,Northumbria Police,-1.660753,54.969940,On or near Joan Street,E01008291,Newcastle upon Tyne 027D,Criminal damage and arson,Investigation complete; no suspect identified,
841f76778d4fa73c456a50960453b6187fcbbbb61d959086df32a60c10aac4a8,2024-10,Northumbria Police,Northumbria Police,-1.656791,54.967476,On or near Keith Close,E01008291,Newcastle upon Tyne 027D,Drugs,Investigation complete; no suspect identified,
ddd92f0dfe50b5d3f080533f97e3a3711dd0373ef2c687ae040d5175e6f85058,2024-10,Northumbria Police,Northumbria Police,-1.656570,54.969533,On or near Lawson Terrace,E01008291,Newcastle upon Tyne 027D,Drugs,Status update unavailable,
78fe89147cf3bd73e4c927d7866d8573edc4ebf68a2192aec773b7d4d548f527,2024-10,Northumbria Police,Northumbria Police,-1.656570,54.969533,On or near Lawson Terrace,E01008291,Newcastle upon Tyne 027D,Drugs,Investigation complete; no suspect identified,
91e4fea3d8a2990e29e0f1f319b1ca28794b54bb4006dede97b5d6dfd88e38ab,2024-10,Northumbria Police,Northumbria Police,-1.656570,54.969533,On or near Lawson Terrace,E01008291,Newcastle upon Tyne 027D,Drugs,Status update unavailable,
2643429fb17d4d1f34a26f2377f1b381d67a5cb6a63e43e6cb62a0fbeaeadeed,2024-10,Northumbria Police,Northumbria Police,-1.656791,54.967476,On or near Keith Close,E01008291,Newcastle upon Tyne 027D,Drugs,Investigation complete; no suspect identified,
04e6314f6d5d8165cd5aeab51d23a6a87a2bedc702f3429839367c809f3bc39b,2024-10,Northumbria Police,Northumbria Police,-1.656570,54.969533,On or near Lawson Terrace,E01008291,Newcastle upon Tyne 027D,Drugs,Court result unavailable,
6138711d91bb0691027e45700e639bc232c9e1fa1bbe842afd6942192dfba8bd,2024-10,Northumbria Police,Northumbria Police,-1.654669,54.967191,On or near Teindland Close,E01008291,Newcastle upon Tyne 027D,Other theft,Status update unavailable,
cac1a0f2529d75cae0a5e45fcda325d34c3bd5fe040052755c78c53c520399d9,2024-10,Northumbria Police,Northumbria Police,-1.656570,54.969533,On or near Lawson Terrace,E01008291,Newcastle upon Tyne 027D,Possession of weapons,Investigation complete; no suspect identified,
69d6ebb52c999e8ec16feaab15cdebeaecb668fc77d3f5096a8fda46bea077c5,2024-10,Northumbria Police,Northumbria Police,-1.656791,54.967476,On or near Keith Close,E01008291,Newcastle upon Tyne 027D,Possession of weapons,Status update unavailable,
418cb89ca10f09586b689b9873af825873f5675b5fecb49ea59fded2c3943f3f,2024-10,Northumbria Police,Northumbria Police,-1.657240,54.967863,On or near Birnie Close,E01008291,Newcastle upon Tyne 027D,Public order,Investigation complete; no suspect identified,
57df8bbe80e6a54b2cc3fc6ddaf4fa1e4216db142eb9e4e66c9a951061c774cd,2024-10,Northumbria Police,Northumbria Police,-1.656570,54.969533,On or near Lawson Terrace,E01008291,Newcastle upon Tyne 027D,Public order,Status update unavailable,
42aa71786969476070cc2ccc32501092112777aeba8fd0167224ca69f6c5e963,2024-10,Northumbria Police,Northumbria Police,-1.656570,54.969533,On or near Lawson Terrace,E01008291,Newcastle upon Tyne 027D,Public order,Investigation complete; no suspect identified,
cb232dc6b4d341388c726f2aaa3c382328d583ffa101bba0ca5b8a4180c1851f,2024-10,Northumbria Police,Northumbria Police,-1.660204,54.970262,On or near Atkinson Terrace,E01008291,Newcastle upon Tyne 027D,Public order,Status update unavailable,
97877b7bad143b73b5bf9be50069690891da53d1f37a5ed505e5bf5cf2cbef34,2024-10,Northumbria Police,Northumbria Police,-1.660753,54.969940,On or near Joan Street,E01008291,Newcastle upon Tyne 027D,Public order,Investigation complete; no suspect identified,
76800d5e5d76cd866eaf1547756b02301e3a157b1ff4775e84807ba2aa6fa6dc,2024-10,Northumbria Police,Northumbria Police,-1.656570,54.969533,On or near Lawson Terrace,E01008291,Newcastle upon Tyne 027D,Robbery,Investigation complete; no suspect identified,
b4d4e109cd8d6bfe57eb3f2f7095d3aab29ae57c94533d46921c7d8d8107891c,2024-10,Northumbria Police,Northumbria Police,-1.659767,54.970144,On or near Gerald Street,E01008291,Newcastle upon Tyne 027D,Violence and sexual offences,Investigation complete; no suspect identified,
de345de8b2913613a00c48b2878f7cd03af6d0f90e96d0b9a3ceb2e49ff8a69d,2024-10,Northumbria Police,Northumbria Police,-1.658605,54.967247,On or near Pipe Track Lane,E01008291,Newcastle upon Tyne 027D,Violence and sexual offences,Investigation complete; no suspect identified,
bc69a38e2500597a3ff78617949f981ff3861a690f05916fe7b8fdaaf3351af2,2024-10,Northumbria Police,Northumbria Police,-1.656737,54.968257,On or near Maryhill Close,E01008291,Newcastle upon Tyne 027D,Violence and sexual offences,Investigation complete; no suspect identified,
07bf6767256e123ace41f5396d622d2afae9b0609e9b366f554c27e7015baf58,2024-10,Northumbria Police,Northumbria Police,-1.659767,54.970144,On or near Gerald Street,E01008291,Newcastle upon Tyne 027D,Violence and sexual offences,Status update unavailable,
95374266fc39943137a3c5097c70b938eab4ec3ce0a6dcd1a703dd2b165bfbde,2024-10,Northumbria Police,Northumbria Police,-1.647577,54.967216,On or near West View,E01008291,Newcastle upon Tyne 027D,Violence and sexual offences,Investigation complete; no suspect identified,
e83601165ae9a6f711ee2faf157288abe341126eec1ad71934de986bdbf505da,2024-10,Northumbria Police,Northumbria Police,-1.660753,54.969940,On or near Joan Street,E01008291,Newcastle upon Tyne 027D,Violence and sexual offences,Status update unavailable,
25208e745dbb041bc3a4c1f169111c5ea918ae3b1e55a6060de64e0c527e52d6,2024-10,Northumbria Police,Northumbria Police,-1.656791,54.967476,On or near Keith Close,E01008291,Newcastle upon Tyne 027D,Violence and sexual offences,Status update unavailable,
fa505c92898d4c2d7c935ed5ecd90082e7a93d8218033bb56a3018fb5ee319b0,2024-10,Northumbria Police,Northumbria Police,-1.659767,54.970144,On or near Gerald Street,E01008291,Newcastle upon Tyne 027D,Violence and sexual offences,Status update unavailable,
cf276ed44fddddd5e8c1e95013812ceb163a1a08e02a0b74ce4f52b1774575b9,2024-10,Northumbria Police,Northumbria Police,-1.656570,54.969533,On or near Lawson Terrace,E01008291,Newcastle upon Tyne 027D,Violence and sexual offences,Court result unavailable,
1e8cc1a93f479547ad6d91e9be7bc0bb5edbf6cb4b7ed63e38e3d09a3ef2bd27,2024-10,Northumbria Police,Northumbria Police,-1.654322,54.969410,On or near Maria Street,E01008291,Newcastle upon Tyne 027D,Violence and sexual offences,Local resolution,
7a3d0f3ac1fa0c62cae2d4029c772a6382dc296c60ef7a9a769e6fda54fa81f5,2024-10,Northumbria Police,Northumbria Police,-1.656737,54.968257,On or near Maryhill Close,E01008291,Newcastle upon Tyne 027D,Violence and sexual offences,Court result unavailable,
473a3ed6555f7140595dba274aecb602db7fd67cba5f67e10c81ca1a8cf2afd1,2024-10,Northumbria Police,Northumbria Police,-1.659767,54.970144,On or near Gerald Street,E01008291,Newcastle upon Tyne 027D,Violence and sexual offences,Investigation complete; no suspect identified,
55fccaf0b56308342568f1407989e45466db85df272d0fdb15bb30fc3aef35a4,2024-10,Northumbria Police,Northumbria Police,-1.660122,54.967027,On or near Iveagh Close,E01008291,Newcastle upon Tyne 027D,Violence and sexual offences,Investigation complete; no suspect identified,
fe09209b5b8f9c0f9a75db0714a195ff209398b049064489ab6fd830e39abf55,2024-10,Northumbria Police,Northumbria Police,-1.658605,54.967247,On or near Pipe Track Lane,E01008291,Newcastle upon Tyne 027D,Violence and sexual offences,Investigation complete; no suspect identified,
57b6c7d61d0be8013988a32175c3f8be54bc22c8e7685edc4d381634d9458af1,2024-10,Northumbria Police,Northumbria Police,-1.654181,54.967612,On or near Troves Close,E01008291,Newcastle upon Tyne 027D,Violence and sexual offences,Status update unavailable,
089f075882041597d5a450dbaf62395ba63769cc1e281c2b936ef7470d778f23,2024-10,Northumbria Police,Northumbria Police,-1.658974,54.969701,On or near Ethel Street,E01008291,Newcastle upon Tyne 027D,Violence and sexual offences,Status update unavailable,
2218cc8cb8a594051e697911621bab265fd2b7e802bbe2e1b057ce310d03d345,2024-10,Northumbria Police,Northumbria Police,-1.659767,54.970144,On or near Gerald Street,E01008291,Newcastle upon Tyne 027D,Violence and sexual offences,Status update unavailable,
097a40780083dc63e66dcf7431c28042847393aa659f3d3e96a80aa438d10a89,2024-10,Northumbria Police,Northumbria Police,-1.656570,54.969533,On or near Lawson Terrace,E01008291,Newcastle upon Tyne 027D,Violence and sexual offences,Status update unavailable,
19e5614ff4d82efa351cb0f3f524798e3ed98858101616d6e2f7aa43a1f75348,2024-10,Northumbria Police,Northumbria Police,-1.654669,54.967191,On or near Teindland Close,E01008291,Newcastle upon Tyne 027D,Violence and sexual offences,Status update unavailable,
3c0338e8ba4150febcb82a1717f7da8fc423262736e15a8fcde4f90d879c5935,2024-10,Northumbria Police,Northumbria Police,-1.659767,54.970144,On or near Gerald Street,E01008291,Newcastle upon Tyne 027D,Violence and sexual offences,Status update unavailable,
f2d0049990f3d4f726f070b65c9d53e2d0b2a7822f71c23658de06d8093c8ae6,2024-10,Northumbria Police,Northumbria Police,-1.658974,54.969701,On or near Ethel Street,E01008291,Newcastle upon Tyne 027D,Violence and sexual offences,Status update unavailable,
b9dd57af539c5f3bf1808d1ce8864bdfb9169b4896a1e9a3aaa09a64f18cf6a6,2024-10,Northumbria Police,Northumbria Police,-1.654322,54.969410,On or near Maria Street,E01008291,Newcastle upon Tyne 027D,Other crime,Status update unavailable,
85e67068514e40795d6be84b1f62785635c3370bd4ba8ec69702efd7336a876b,2024-10,Northumbria Police,Northumbria Police,-1.654322,54.969410,On or near Maria Street,E01008291,Newcastle upon Tyne 027D,Other crime,Status update unavailable,
0c7dd675153a6de5bbd4268dad5b07e837b9a68c649fefeb7ec29f8861742ec0,2024-10,Northumbria Police,Northumbria Police,-1.656570,54.969533,On or near Lawson Terrace,E01008291,Newcastle upon Tyne 027D,Other crime,Investigation complete; no suspect identified,
a73675ddf53885349c24441d02ec24a69165903b10811ff0d5f897c3eb0006ec,2024-10,Northumbria Police,Northumbria Police,-1.656570,54.969533,On or near Lawson Terrace,E01008291,Newcastle upon Tyne 027D,Other crime,Status update unavailable,
,2024-10,Northumbria Police,Northumbria Police,-1.680264,54.980846,On or near Sports/Recreation Area,E01008292,Newcastle upon Tyne 027E,Anti-social behaviour,,
d06a83eda9daeac4eef30a3ec4bcacfea4d9d3126faf542aa972ee6b208eff96,2024-10,Northumbria Police,Northumbria Police,-1.682161,54.978894,On or near Kinnaird Avenue,E01008292,Newcastle upon Tyne 027E,Vehicle crime,Offender given a caution,
1ddef3ce6f8ba92b6b2cc8f3485fc879854ee600ae31ff340c26740bdd5dac39,2024-10,Northumbria Police,Northumbria Police,-1.684042,54.978090,On or near Ronald Drive,E01008292,Newcastle upon Tyne 027E,Violence and sexual offences,Investigation complete; no suspect identified,
fcb5b29887541b620a68e2f6a9d43ac025bb01571f8f25f31298fc1235e3733b,2024-10,Northumbria Police,Northumbria Police,-1.684042,54.978090,On or near Ronald Drive,E01008292,Newcastle upon Tyne 027E,Violence and sexual offences,Investigation complete; no suspect identified,
4927e025ef2dab65d063ed7f0239a66adcdb4e03f624de64b84be1f1e3da217c,2024-10,Northumbria Police,Northumbria Police,-1.684259,54.980319,On or near Thorntree Drive,E01008292,Newcastle upon Tyne 027E,Other crime,Investigation complete; no suspect identified,
,2024-10,Northumbria Police,Northumbria Police,-1.560452,54.972845,On or near Adelphi Place,E01008388,Newcastle upon Tyne 028A,Anti-social behaviour,,
a03a170acb3b5e12b40700886b2021d3358a9f0bcad68504cbde5dab3654d981,2024-10,Northumbria Police,Northumbria Police,-1.562182,54.973256,On or near Leicester Street,E01008388,Newcastle upon Tyne 028A,Burglary,Investigation complete; no suspect identified,
f4d5866c13c02090d27519e5e699cae7033542248688bbd198bb31631bb38460,2024-10,Northumbria Police,Northumbria Police,-1.560452,54.972845,On or near Adelphi Place,E01008388,Newcastle upon Tyne 028A,Criminal damage and arson,Investigation complete; no suspect identified,
2a8c9ec2b8128a1b678629f3951a6e5de0821cb5ddeebf8fa5c99572c0bb133a,2024-10,Northumbria Police,Northumbria Police,-1.561133,54.973414,On or near Chorley Place,E01008388,Newcastle upon Tyne 028A,Drugs,Court result unavailable,
fd7c092b8c50b13680644a258b84d03e0787674192f1ef3b5ac55c73bdb73e6b,2024-10,Northumbria Police,Northumbria Police,-1.564134,54.971897,On or near Dunstanburgh Road,E01008388,Newcastle upon Tyne 028A,Other theft,Investigation complete; no suspect identified,
74019441095b0b0873cdbf038c2d5203b2f0b9c7310d421dd69f8734c81ab3c5,2024-10,Northumbria Police,Northumbria Police,-1.564800,54.973822,On or near Newbold Street,E01008388,Newcastle upon Tyne 028A,Public order,Investigation complete; no suspect identified,
60304a3f66d90e65a0d28451dee72b8de8dc6ed9e83c6be8e827cfd03e7eaa10,2024-10,Northumbria Police,Northumbria Police,-1.562182,54.973256,On or near Leicester Street,E01008388,Newcastle upon Tyne 028A,Shoplifting,Court result unavailable,
12cced7a41efef60522186b82fcae9653c75cd60419018acc0d45ed57b2e192b,2024-10,Northumbria Police,Northumbria Police,-1.562182,54.973256,On or near Leicester Street,E01008388,Newcastle upon Tyne 028A,Shoplifting,Court result unavailable,
318da6ad00b4e0783144dcf1c3af6c1b5891de20ba3f212219a117e2cc9ac674,2024-10,Northumbria Police,Northumbria Police,-1.564800,54.973822,On or near Newbold Street,E01008388,Newcastle upon Tyne 028A,Vehicle crime,Investigation complete; no suspect identified,
8b9b2e709967db23518a390f50b843f1a81c6a7549d72ee1585be48a78b24977,2024-10,Northumbria Police,Northumbria Police,-1.564134,54.971897,On or near Dunstanburgh Road,E01008388,Newcastle upon Tyne 028A,Vehicle crime,Status update unavailable,
57293641fe5795f867f45579d354831df2c4576441505cac7feef5b4556583b2,2024-10,Northumbria Police,Northumbria Police,-1.561133,54.973414,On or near Chorley Place,E01008388,Newcastle upon Tyne 028A,Violence and sexual offences,Status update unavailable,
27ecf4d2f89e591f5666c70a0d1d28b23c9e34f27da50f90d8e2cdcc9192f0be,2024-10,Northumbria Police,Northumbria Police,-1.560452,54.972845,On or near Adelphi Place,E01008388,Newcastle upon Tyne 028A,Violence and sexual offences,Status update unavailable,
a04883a1cdd286c91033b6a991fe2b933bedbd0db3bb45ef857266822fb5a4b6,2024-10,Northumbria Police,Northumbria Police,-1.561133,54.973414,On or near Chorley Place,E01008388,Newcastle upon Tyne 028A,Violence and sexual offences,Status update unavailable,
d23d7db2b1fb8d8eca81fd12ffd0595b44587c33c74c550d7a01e14b8cb944a6,2024-10,Northumbria Police,Northumbria Police,-1.560807,54.974653,On or near Ada Street,E01008388,Newcastle upon Tyne 028A,Violence and sexual offences,Status update unavailable,
d073ba05946cfda8028b7e83198bf34dedf699ebf85513fc462dfd5b221a5b7b,2024-10,Northumbria Police,Northumbria Police,-1.561133,54.973414,On or near Chorley Place,E01008388,Newcastle upon Tyne 028A,Violence and sexual offences,Investigation complete; no suspect identified,
aa875084fc50078c761f863cda796eb4ec342727f24af0e239556b5887f9d71c,2024-10,Northumbria Police,Northumbria Police,-1.561133,54.973414,On or near Chorley Place,E01008388,Newcastle upon Tyne 028A,Violence and sexual offences,Investigation complete; no suspect identified,
0b2382ad5e93f1af822d43a7b680985ddbe9c5cf850e31bd3a1854ee8398ba94,2024-10,Northumbria Police,Northumbria Police,-1.564336,54.974827,On or near Cresswell Street,E01008388,Newcastle upon Tyne 028A,Violence and sexual offences,Status update unavailable,
a16caa1585729c4a6e5db439e92e15eaa8e192ab35eedbd75e950de25cf6c1dc,2024-10,Northumbria Police,Northumbria Police,-1.564336,54.974827,On or near Cresswell Street,E01008388,Newcastle upon Tyne 028A,Other crime,Status update unavailable,
1691ed5b79521807b71437ff09b609497ebc277f42902cf083ed4e007c7505bb,2024-10,Northumbria Police,Northumbria Police,-1.564800,54.973822,On or near Newbold Street,E01008388,Newcastle upon Tyne 028A,Other crime,Status update unavailable,
,2024-10,Northumbria Police,Northumbria Police,-1.559598,54.970547,On or near Sports/Recreation Area,E01008389,Newcastle upon Tyne 028B,Anti-social behaviour,,
d7b75b9edf40f1730aa41ef1a44a2dcd7aaa8ef5e1aec151c0b583841aa5b265,2024-10,Northumbria Police,Northumbria Police,-1.559598,54.970547,On or near Sports/Recreation Area,E01008389,Newcastle upon Tyne 028B,Burglary,Investigation complete; no suspect identified,
b398c54d2ed7013059ffb764c42c83e67457570f261368db4daacc34f2ec8741,2024-10,Northumbria Police,Northumbria Police,-1.558415,54.967752,On or near Lichfield Avenue,E01008389,Newcastle upon Tyne 028B,Burglary,Investigation complete; no suspect identified,
b9be4b84069fd0e9b50305fc75c766cbed9c9ad2b85a025f822621bf83fc4a86,2024-10,Northumbria Police,Northumbria Police,-1.558415,54.967752,On or near Lichfield Avenue,E01008389,Newcastle upon Tyne 028B,Burglary,Investigation complete; no suspect identified,
19a22b4bb1938edbad7075e33e66d5da83842c5c59bd5cef82fdd64464277c1b,2024-10,Northumbria Police,Northumbria Police,-1.560914,54.967761,On or near Springwell Avenue,E01008389,Newcastle upon Tyne 028B,Criminal damage and arson,Investigation complete; no suspect identified,
6902e2508728dd49f4a51b36103d8c352feda5c3709d9f36ce950191b642ca04,2024-10,Northumbria Police,Northumbria Police,-1.562338,54.968961,On or near Birds Nest Road,E01008389,Newcastle upon Tyne 028B,Criminal damage and arson,Offender given a caution,
c187430fd292fc92a9765151f9501fc626c1560bbb252e7ecefd1265f15d0977,2024-10,Northumbria Police,Northumbria Police,-1.562338,54.968961,On or near Birds Nest Road,E01008389,Newcastle upon Tyne 028B,Criminal damage and arson,Investigation complete; no suspect identified,
424cfe28397ea4f7a0f4e1213cb97b98829a2c7e9c6bf0ecb86a8e0a71b9ee39,2024-10,Northumbria Police,Northumbria Police,-1.563525,54.968929,On or near Wilton Avenue,E01008389,Newcastle upon Tyne 028B,Criminal damage and arson,Investigation complete; no suspect identified,
f4a101e92f12c122e09acc8a9d697ec4225006cd96a60cae0b61c54276645582,2024-10,Northumbria Police,Northumbria Police,-1.558415,54.967752,On or near Lichfield Avenue,E01008389,Newcastle upon Tyne 028B,Criminal damage and arson,Investigation complete; no suspect identified,
ef9939a07ae9be7cc91eeaa6d4f9c16738f6a17070977cb41b4e705f93954366,2024-10,Northumbria Police,Northumbria Police,-1.560914,54.967761,On or near Springwell Avenue,E01008389,Newcastle upon Tyne 028B,Other theft,Investigation complete; no suspect identified,
4672a590f21bea03636431226959ae5108436ce6c3fa572aac796ce2ecde7e2c,2024-10,Northumbria Police,Northumbria Police,-1.562516,54.969833,On or near Monkchester Road,E01008389,Newcastle upon Tyne 028B,Other theft,Status update unavailable,
bf1452d68d8225afe4e74cf3f8c4cdb339975712440fcbf34214c6a777d8f968,2024-10,Northumbria Police,Northumbria Police,-1.558415,54.967752,On or near Lichfield Avenue,E01008389,Newcastle upon Tyne 028B,Vehicle crime,Investigation complete; no suspect identified,
9d7acd9947e6acdbd0e2b7678d85203a27dda21a0c067c6f1b95834e63fb09c0,2024-10,Northumbria Police,Northumbria Police,-1.565109,54.969843,On or near Kingston Avenue,E01008389,Newcastle upon Tyne 028B,Violence and sexual offences,Status update unavailable,
a5641187347741d2d7d0996447266997d96a68ad485bc147e356c267c760409b,2024-10,Northumbria Police,Northumbria Police,-1.559598,54.970547,On or near Sports/Recreation Area,E01008389,Newcastle upon Tyne 028B,Violence and sexual offences,Status update unavailable,
92ebb1ba05e08c097b1bcf489ec2714c0019c0d231cf6c786caab5156188404e,2024-10,Northumbria Police,Northumbria Police,-1.559680,54.967756,On or near Burnham Grove,E01008389,Newcastle upon Tyne 028B,Violence and sexual offences,Status update unavailable,
279d608498e1b0bd23d67df4541f2a3fb080f794938bd96bf47b51de39ea6793,2024-10,Northumbria Police,Northumbria Police,-1.565197,54.970346,On or near Norbury Grove,E01008389,Newcastle upon Tyne 028B,Violence and sexual offences,Status update unavailable,
7abb5095d3acee3595c223e222c5db98297c44f5a9cd137c5b45aa13d8ccdb9e,2024-10,Northumbria Police,Northumbria Police,-1.557634,54.969151,On or near St Anthony'S Road,E01008389,Newcastle upon Tyne 028B,Violence and sexual offences,Status update unavailable,
4fa3c721302bd670ada958478a46492dcc86b2dee2f4962f9c04f0a7dc1b6a2f,2024-10,Northumbria Police,Northumbria Police,-1.562516,54.969833,On or near Monkchester Road,E01008389,Newcastle upon Tyne 028B,Violence and sexual offences,Status update unavailable,
0f503d0f6dfe4d68f1197f6392bea7a32150f74be13c9f97086a61ea5acc5489,2024-10,Northumbria Police,Northumbria Police,-1.562516,54.969833,On or near Monkchester Road,E01008389,Newcastle upon Tyne 028B,Violence and sexual offences,Court result unavailable,
708636631f4922954feff6fc5dc0b842cd2cb750d5e6954093e248b1f2184b89,2024-10,Northumbria Police,Northumbria Police,-1.563525,54.968929,On or near Wilton Avenue,E01008389,Newcastle upon Tyne 028B,Violence and sexual offences,Status update unavailable,
8d9645b18658c7ae2b4b4748be0789aa5fc53df6552de180f8b19b43ea4854ad,2024-10,Northumbria Police,Northumbria Police,-1.565109,54.969843,On or near Kingston Avenue,E01008389,Newcastle upon Tyne 028B,Other crime,Status update unavailable,
b41557acc238888a8623bdb0db70a735c1e9ce0847cac7160834ae5cafb7e918,2024-10,Northumbria Police,Northumbria Police,-1.557634,54.969151,On or near St Anthony'S Road,E01008389,Newcastle upon Tyne 028B,Other crime,Status update unavailable,
,2024-10,Northumbria Police,Northumbria Police,-1.553307,54.972028,On or near Horsley Terrace,E01008426,Newcastle upon Tyne 028C,Anti-social behaviour,,
,2024-10,Northumbria Police,Northumbria Police,-1.553307,54.972028,On or near Horsley Terrace,E01008426,Newcastle upon Tyne 028C,Anti-social behaviour,,
63ff3db2aacd3cebfead7776e3975893a016046fb549933c0aff8c6b75ce0d4e,2024-10,Northumbria Police,Northumbria Police,-1.553307,54.972028,On or near Horsley Terrace,E01008426,Newcastle upon Tyne 028C,Criminal damage and arson,Investigation complete; no suspect identified,
4af64e618574a390a8f024e667e32283660278b0822d063ecc7577355765458e,2024-10,Northumbria Police,Northumbria Police,-1.558306,54.973413,On or near Belford Terrace,E01008426,Newcastle upon Tyne 028C,Criminal damage and arson,Investigation complete; no suspect identified,
a7578451b0325aa7c77ca046e9894f023154c4467f27221ee4b650900cb22de6,2024-10,Northumbria Police,Northumbria Police,-1.553764,54.971626,On or near Crawford Terrace,E01008426,Newcastle upon Tyne 028C,Other theft,Investigation complete; no suspect identified,
74dc73f9211aee11bb7905f0133e93575c0b2078990bdd8c3f01796ade1d43a3,2024-10,Northumbria Police,Northumbria Police,-1.552939,54.969942,On or near Mindrum Terrace,E01008426,Newcastle upon Tyne 028C,Violence and sexual offences,Status update unavailable,
fe1ea5c01edaec1ef4a59f91f58c7d4751a93d7abdf2ef3b4a9861d677142216,2024-10,Northumbria Police,Northumbria Police,-1.553868,54.970700,On or near Branxton Crescent,E01008426,Newcastle upon Tyne 028C,Violence and sexual offences,Status update unavailable,
60beeb625fc36c7ba9a1267e2ea8b3d6aefc419923d25168cb530c717fb7e218,2024-10,Northumbria Police,Northumbria Police,-1.553307,54.972028,On or near Horsley Terrace,E01008426,Newcastle upon Tyne 028C,Violence and sexual offences,Investigation complete; no suspect identified,
0080bdaef17b3893244be55c9d05d868a9bcdd6edf7cc79b143dd82504c54349,2024-10,Northumbria Police,Northumbria Police,-1.552939,54.969942,On or near Mindrum Terrace,E01008426,Newcastle upon Tyne 028C,Violence and sexual offences,Status update unavailable,
88d7db4a20ad9944dedc1e53ff4420b1cb068c2f03bbdf2529218cd3b46051bb,2024-10,Northumbria Police,Northumbria Police,-1.552939,54.969942,On or near Mindrum Terrace,E01008426,Newcastle upon Tyne 028C,Other crime,Status update unavailable,
,2024-10,Northumbria Police,Northumbria Police,-1.550506,54.973824,On or near Hexham Avenue,E01008429,Newcastle upon Tyne 028D,Anti-social behaviour,,
,2024-10,Northumbria Police,Northumbria Police,-1.546817,54.974017,On or near Duncan Street,E01008429,Newcastle upon Tyne 028D,Anti-social behaviour,,
15b426147290d27d252ddff74432c536c42a8196a4fb721f87fc33f4883cd5fa,2024-10,Northumbria Police,Northumbria Police,-1.547257,54.973740,On or near Birch Terrace,E01008429,Newcastle upon Tyne 028D,Burglary,Investigation complete; no suspect identified,
a9862ae52bce904a6c117127e273408b02701801d39314cfacc7b0a4aee3ec6f,2024-10,Northumbria Police,Northumbria Police,-1.542479,54.974954,On or near Winslow Place,E01008429,Newcastle upon Tyne 028D,Criminal damage and arson,Investigation complete; no suspect identified,
1eb1fb96cf6cd9db37a392851391de4b819493b585ba51d831e3bcabd9528b4d,2024-10,Northumbria Police,Northumbria Police,-1.541364,54.975435,On or near Winslow Close,E01008429,Newcastle upon Tyne 028D,Other theft,Investigation complete; no suspect identified,
3759f921ee3ab8d15ae10be67e1cd2f9b92195234b9bad32aea40cb8acad4c65,2024-10,Northumbria Police,Northumbria Police,-1.541364,54.975435,On or near Winslow Close,E01008429,Newcastle upon Tyne 028D,Other theft,Investigation complete; no suspect identified,
3c6e648fd3c6aaacd56b9bb35f5e76e548337f1183a75aa0f7e5a8ca6df81816,2024-10,Northumbria Police,Northumbria Police,-1.546817,54.974017,On or near Duncan Street,E01008429,Newcastle upon Tyne 028D,Public order,Status update unavailable,
df83fbcf99c3b0d464fd5b9c01a5d87c50deb283e5c453030b496c92acca9f7e,2024-10,Northumbria Police,Northumbria Police,-1.551923,54.974216,On or near Tweedy Terrace,E01008429,Newcastle upon Tyne 028D,Vehicle crime,Investigation complete; no suspect identified,
3a79ca2236f36a807cef0099e3b97f085ef06779c66a60a393024d143247681d,2024-10,Northumbria Police,Northumbria Police,-1.546817,54.974017,On or near Duncan Street,E01008429,Newcastle upon Tyne 028D,Vehicle crime,Investigation complete; no suspect identified,
98c6154cdf2819b5d423d93e9f9616226da619960f7ca0c527e613c32cf0f09d,2024-10,Northumbria Police,Northumbria Police,-1.541364,54.975435,On or near Winslow Close,E01008429,Newcastle upon Tyne 028D,Violence and sexual offences,Investigation complete; no suspect identified,
e940a59ad14f16bc3a55d0d999dacb7b129a9509334a3b0f9770b264bc2afb92,2024-10,Northumbria Police,Northumbria Police,-1.542479,54.974954,On or near Winslow Place,E01008429,Newcastle upon Tyne 028D,Violence and sexual offences,Status update unavailable,
2014ee5cb154aba9a734ffd2df83937ed6d8c946600deed58d087445a6d02761,2024-10,Northumbria Police,Northumbria Police,-1.552073,54.974747,On or near Byker Street,E01008429,Newcastle upon Tyne 028D,Violence and sexual offences,Status update unavailable,
94614eeaadd65d05b0c7bfe3efa506d718ad1ddfc227ddda0fbe5a82769595d2,2024-10,Northumbria Police,Northumbria Police,-1.546817,54.974017,On or near Duncan Street,E01008429,Newcastle upon Tyne 028D,Violence and sexual offences,Investigation complete; no suspect identified,
ef997ef7548e979fea9099bd01088518e884b2fbf5070bdf80d23841740b85e2,2024-10,Northumbria Police,Northumbria Police,-1.552003,54.975420,On or near Cowen Street,E01008429,Newcastle upon Tyne 028D,Violence and sexual offences,Status update unavailable,
ae66bf969d64fb71c970b45b30f2989f7f1402983e795673d9910921e2c6ae16,2024-10,Northumbria Police,Northumbria Police,-1.549984,54.975790,On or near Philipson Street,E01008429,Newcastle upon Tyne 028D,Violence and sexual offences,Status update unavailable,
b6581eeb6edcbe1c89c0ba3ae67eb92b8578297d5254d2a18016c72eb5ee95cc,2024-10,Northumbria Police,Northumbria Police,-1.552003,54.975420,On or near Cowen Street,E01008429,Newcastle upon Tyne 028D,Other crime,Investigation complete; no suspect identified,
,2024-10,Northumbria Police,Northumbria Police,-1.558868,54.966315,On or near Sandy Crescent,E01008390,Newcastle upon Tyne 030A,Anti-social behaviour,,
,2024-10,Northumbria Police,Northumbria Police,-1.559066,54.965346,On or near Elstob Place,E01008390,Newcastle upon Tyne 030A,Anti-social behaviour,,
,2024-10,Northumbria Police,Northumbria Police,-1.558868,54.966315,On or near Sandy Crescent,E01008390,Newcastle upon Tyne 030A,Anti-social behaviour,,
f6fd60186aa39f8bdb934be5dddf9777766b6f7d5a65117924a932001ecd36c6,2024-10,Northumbria Police,Northumbria Police,-1.562535,54.965151,On or near Lamerton Avenue,E01008390,Newcastle upon Tyne 030A,Criminal damage and arson,Investigation complete; no suspect identified,
78dc23486dcb88556fceba652759fac75d12f4e988da5a6c3b6823c2d0851cc0,2024-10,Northumbria Police,Northumbria Police,-1.558868,54.966315,On or near Sandy Crescent,E01008390,Newcastle upon Tyne 030A,Criminal damage and arson,Investigation complete; no suspect identified,
fdad9514f0fd245b8213710fa02f1689197ba1e9612724c06a3327907894c144,2024-10,Northumbria Police,Northumbria Police,-1.558868,54.966315,On or near Sandy Crescent,E01008390,Newcastle upon Tyne 030A,Criminal damage and arson,Investigation complete; no suspect identified,
d27b4e62e36e84c4f53bb0bf30ba412080d1db9a4cd5784a44219d33c08d77cb,2024-10,Northumbria Police,Northumbria Police,-1.558868,54.966315,On or near Sandy Crescent,E01008390,Newcastle upon Tyne 030A,Criminal damage and arson,Status update unavailable,
045f6bfa98f0fbc1290e6a343b2ec648cf0bda47ec98dabd108d09e0958b495c,2024-10,Northumbria Police,Northumbria Police,-1.559066,54.965346,On or near Elstob Place,E01008390,Newcastle upon Tyne 030A,Criminal damage and arson,Investigation complete; no suspect identified,
72615a84dfb48fdf017c858f9ea2a53211d69d53f59bc66ca92a064ef40739d2,2024-10,Northumbria Police,Northumbria Police,-1.557133,54.963622,On or near Holywell Avenue,E01008390,Newcastle upon Tyne 030A,Other theft,Status update unavailable,
444c61bd99f5bd1c98da4047d3e77e1cf70fbdc9d2b0483d2ee91cc1b30dd48b,2024-10,Northumbria Police,Northumbria Police,-1.564312,54.965481,On or near The Oval,E01008390,Newcastle upon Tyne 030A,Vehicle crime,Investigation complete; no suspect identified,
5d5930e50840b632fae3fb9123fac2524ae48240abaefd598e44c2777bc05ebd,2024-10,Northumbria Police,Northumbria Police,-1.559086,54.963468,On or near Evistones Gardens,E01008390,Newcastle upon Tyne 030A,Violence and sexual offences,Investigation complete; no suspect identified,
64f852ab8b81fdf16f0295479e954a288a37aae612002988d3be0b820e7e3d83,2024-10,Northumbria Police,Northumbria Police,-1.559470,54.966938,On or near Wigmore Avenue,E01008390,Newcastle upon Tyne 030A,Violence and sexual offences,Status update unavailable,
e427c111c082d75d0420a087b0ec7db83c1d149383f01dab283d088d18830737,2024-10,Northumbria Police,Northumbria Police,-1.564514,54.967073,On or near Callaly Way,E01008390,Newcastle upon Tyne 030A,Violence and sexual offences,Investigation complete; no suspect identified,
7bd74847121d4e7f28457faf864af662c063a8e81789a2bb3429bf648899e924,2024-10,Northumbria Police,Northumbria Police,-1.555866,54.963707,On or near Belmont Street,E01008390,Newcastle upon Tyne 030A,Violence and sexual offences,Status update unavailable,
b415317017e0a38948e28fef1e93e24b3022f815436956eaa5ade17eaf7dbe0d,2024-10,Northumbria Police,Northumbria Police,-1.562535,54.965151,On or near Lamerton Avenue,E01008390,Newcastle upon Tyne 030A,Violence and sexual offences,Status update unavailable,
a4630a8b8d82ad554dc50bead7f137134a022694bb9cc4303893e81893d264a8,2024-10,Northumbria Police,Northumbria Police,-1.555866,54.963707,On or near Belmont Street,E01008390,Newcastle upon Tyne 030A,Violence and sexual offences,Status update unavailable,
ebd0b85dbfeb8255341e258fb1b6560d9c69816280053c8dc183758a8b3bbb65,2024-10,Northumbria Police,Northumbria Police,-1.557133,54.963622,On or near Holywell Avenue,E01008390,Newcastle upon Tyne 030A,Violence and sexual offences,Status update unavailable,
42f1d3214a2691609b3a38ee5c513e8295b4945673db37bc7f375243e0d61b60,2024-10,Northumbria Police,Northumbria Police,-1.562535,54.965151,On or near Lamerton Avenue,E01008390,Newcastle upon Tyne 030A,Violence and sexual offences,Status update unavailable,
53d422237f915c5a2964efa767c1480e03025b46ea2233cc674b4f91f43e73bd,2024-10,Northumbria Police,Northumbria Police,-1.558868,54.966315,On or near Sandy Crescent,E01008390,Newcastle upon Tyne 030A,Violence and sexual offences,Status update unavailable,
057253c2fdc37c9cfbeebe514aad670c061f1732ec45083f68e537992daee528,2024-10,Northumbria Police,Northumbria Police,-1.558868,54.966315,On or near Sandy Crescent,E01008390,Newcastle upon Tyne 030A,Violence and sexual offences,Status update unavailable,
6c68ce96ea7457e10dd1e23bbcb4f7b9719993e801c6208247259c9e90415d44,2024-10,Northumbria Police,Northumbria Police,-1.555866,54.963707,On or near Belmont Street,E01008390,Newcastle upon Tyne 030A,Violence and sexual offences,Status update unavailable,
,2024-10,Northumbria Police,Northumbria Police,-1.542416,54.968142,On or near Caledonia Street,E01008425,Newcastle upon Tyne 030B,Anti-social behaviour,,
,2024-10,Northumbria Police,Northumbria Police,-1.545585,54.966896,On or near Dovercourt Road,E01008425,Newcastle upon Tyne 030B,Anti-social behaviour,,
,2024-10,Northumbria Police,Northumbria Police,-1.542416,54.968142,On or near Caledonia Street,E01008425,Newcastle upon Tyne 030B,Anti-social behaviour,,
4456829608c6b1470f02cf89c4db1d3b944748abd6a22b4033ba647c7d276979,2024-10,Northumbria Police,Northumbria Police,-1.545205,54.971477,On or near Airey Terrace,E01008425,Newcastle upon Tyne 030B,Burglary,Status update unavailable,
8627da839338981d99c838504d60f021b0beb5f84da460b7d0c1dea58773db34,2024-10,Northumbria Police,Northumbria Police,-1.545205,54.971477,On or near Airey Terrace,E01008425,Newcastle upon Tyne 030B,Criminal damage and arson,Investigation complete; no suspect identified,
588ddefe289804f10e0197f93ff21cffda4f9314f4fbf7b5fa279aedb8952a81,2024-10,Northumbria Police,Northumbria Police,-1.545735,54.974346,On or near Berry Close,E01008425,Newcastle upon Tyne 030B,Criminal damage and arson,Investigation complete; no suspect identified,
5b2a2c5cacbd613758484a6c70f6f3331e5b2054800d1710b71c301d7353907d,2024-10,Northumbria Police,Northumbria Police,-1.545205,54.971477,On or near Airey Terrace,E01008425,Newcastle upon Tyne 030B,Criminal damage and arson,Investigation complete; no suspect identified,
bdbfea99872e420c1d1fdf23b74ce77e3a70803b9387d06d9bbebd794c362d33,2024-10,Northumbria Police,Northumbria Police,-1.545205,54.971477,On or near Airey Terrace,E01008425,Newcastle upon Tyne 030B,Criminal damage and arson,Investigation complete; no suspect identified,
75631406c1751c69c10d2eea699f9a4736e6310d0cb90db7b80e810b13e2192e,2024-10,Northumbria Police,Northumbria Police,-1.545205,54.971477,On or near Airey Terrace,E01008425,Newcastle upon Tyne 030B,Criminal damage and arson,Investigation complete; no suspect identified,
145c3043b847d0bfa8b0a9e201b8a69a95dc81bc6adb34c6ebc4790ff737a0b4,2024-10,Northumbria Police,Northumbria Police,-1.545205,54.971477,On or near Airey Terrace,E01008425,Newcastle upon Tyne 030B,Criminal damage and arson,Investigation complete; no suspect identified,
e3c8628f859f8d570a383162d5c658a0c1d0fd3de691ec728406630ac34cf402,2024-10,Northumbria Police,Northumbria Police,-1.545585,54.966896,On or near Dovercourt Road,E01008425,Newcastle upon Tyne 030B,Criminal damage and arson,Investigation complete; no suspect identified,
842c1255a32285a07adc8baed0bcf40f477400fdd3255ac8dea9e72b88fe755d,2024-10,Northumbria Police,Northumbria Police,-1.545735,54.974346,On or near Berry Close,E01008425,Newcastle upon Tyne 030B,Other theft,Investigation complete; no suspect identified,
ea20d32f3854a4f54ff978b0f017dd975a63798930554cde77181c74fe041fd3,2024-10,Northumbria Police,Northumbria Police,-1.545735,54.974346,On or near Berry Close,E01008425,Newcastle upon Tyne 030B,Other theft,Investigation complete; no suspect identified,
020934cfc48cf2a71b80c2d8a02bde8c8651d2cecb32927ef0029b648656ab38,2024-10,Northumbria Police,Northumbria Police,-1.545585,54.966896,On or near Dovercourt Road,E01008425,Newcastle upon Tyne 030B,Public order,Investigation complete; no suspect identified,
72ee70c7fab92f44345fca1c0fe776ab24635e3a7bb5accbb5dd3ac4fc74a017,2024-10,Northumbria Police,Northumbria Police,-1.545139,54.970426,On or near Saffron Place,E01008425,Newcastle upon Tyne 030B,Public order,Status update unavailable,
c9739303f1b8322351db59007e727ff768eb372e517e82ae6f8c2b109038d4bd,2024-10,Northumbria Police,Northumbria Police,-1.545585,54.966896,On or near Dovercourt Road,E01008425,Newcastle upon Tyne 030B,Public order,Court result unavailable,
6ca7987eac2d5ca39a6d063b4bbe4acdf8f5871bcc6fa99bfbf2c4e88208e7f9,2024-10,Northumbria Police,Northumbria Police,-1.545735,54.974346,On or near Berry Close,E01008425,Newcastle upon Tyne 030B,Shoplifting,Court result unavailable,
74ffc84f892a781009922a15519145e00e2739f732ad159c66610bd7de078616,2024-10,Northumbria Police,Northumbria Police,-1.545735,54.974346,On or near Berry Close,E01008425,Newcastle upon Tyne 030B,Shoplifting,Status update unavailable,
0583d1144f663a8b4f91e5b0e920da67b8d7b011a695871db8b5a999c52ad4a9,2024-10,Northumbria Police,Northumbria Police,-1.545735,54.974346,On or near Berry Close,E01008425,Newcastle upon Tyne 030B,Shoplifting,Court result unavailable,
4f7720936e114d328d8de978b15002e841ee5b9750b7e8ba2c441cd1d6c6a301,2024-10,Northumbria Police,Northumbria Police,-1.545735,54.974346,On or near Berry Close,E01008425,Newcastle upon Tyne 030B,Shoplifting,Court result unavailable,
0437b0e5321ad00207900d0a282afd006fcfe2352d532931cfd5e601b5b63786,2024-10,Northumbria Police,Northumbria Police,-1.545735,54.974346,On or near Berry Close,E01008425,Newcastle upon Tyne 030B,Shoplifting,Investigation complete; no suspect identified,
ac0d75a45e8c8fbe1a876d5c8d802e46a9e1c0bed29422c407ec775db2d81263,2024-10,Northumbria Police,Northumbria Police,-1.545735,54.974346,On or near Berry Close,E01008425,Newcastle upon Tyne 030B,Shoplifting,Court result unavailable,
25a6f7f33d6fb4e946af863dd440676f49a3805e56a9b7b93c9f64fb2dfbb971,2024-10,Northumbria Police,Northumbria Police,-1.545585,54.966896,On or near Dovercourt Road,E01008425,Newcastle upon Tyne 030B,Theft from the person,Investigation complete; no suspect identified,
acf2a8c08b94a2c0e4ee9ff07b837ac41ab873afb5bd7e185069bd8fe8ee1303,2024-10,Northumbria Police,Northumbria Police,-1.544529,54.969093,On or near Rochester Street,E01008425,Newcastle upon Tyne 030B,Vehicle crime,Investigation complete; no suspect identified,
25845631d07c1e6c4e51992e7093ff6820d3f8058653c324ae60207c9642a9e7,2024-10,Northumbria Police,Northumbria Police,-1.541911,54.971303,On or near Rhodes Street,E01008425,Newcastle upon Tyne 030B,Vehicle crime,Investigation complete; no suspect identified,
e1b3354ddc04b4661c8074c63d5934a59a4283df19850bdbd632e713736db5a1,2024-10,Northumbria Police,Northumbria Police,-1.545735,54.974346,On or near Berry Close,E01008425,Newcastle upon Tyne 030B,Violence and sexual offences,Investigation complete; no suspect identified,
224e705ff2eafccd1930dfae793480e589532b9b377a71c0c4cc6e1afd412097,2024-10,Northumbria Police,Northumbria Police,-1.541185,54.969242,On or near Lysander Drive,E01008425,Newcastle upon Tyne 030B,Violence and sexual offences,Status update unavailable,
c2c8649e7068a80f35dbfb6b24b8063187f7b3d6c05548dc1e57beb8b03ff81e,2024-10,Northumbria Police,Northumbria Police,-1.545585,54.966896,On or near Dovercourt Road,E01008425,Newcastle upon Tyne 030B,Violence and sexual offences,Investigation complete; no suspect identified,
1322c1e63b5c79d18f7fdf8f38b8880a79d2e78abc177bcf0770e40e46a4f767,2024-10,Northumbria Police,Northumbria Police,-1.545585,54.966896,On or near Dovercourt Road,E01008425,Newcastle upon Tyne 030B,Violence and sexual offences,Status update unavailable,
951e60e18eae73298b99199867e37db2fdce5312f52686dfabc053f6ddf1ba45,2024-10,Northumbria Police,Northumbria Police,-1.544112,54.972794,On or near Whitworth Place,E01008425,Newcastle upon Tyne 030B,Violence and sexual offences,Status update unavailable,
72f98d0de21f66866e3d1010f226132fcc9cf934deccbc3b11679823cb3e6270,2024-10,Northumbria Police,Northumbria Police,-1.545205,54.971477,On or near Airey Terrace,E01008425,Newcastle upon Tyne 030B,Violence and sexual offences,Investigation complete; no suspect identified,
306569ef2876afd4647c10e0bf72ff6afc2b34e3421f76af4361922bfa7c000f,2024-10,Northumbria Police,Northumbria Police,-1.545585,54.966896,On or near Dovercourt Road,E01008425,Newcastle upon Tyne 030B,Violence and sexual offences,Investigation complete; no suspect identified,
1ca375d5f4636991ea268c86e63b22d683d1c4a91d1b22ba35099f941c6191c1,2024-10,Northumbria Police,Northumbria Police,-1.545205,54.971477,On or near Airey Terrace,E01008425,Newcastle upon Tyne 030B,Violence and sexual offences,Investigation complete; no suspect identified,
af1340b2a9ce0222eb63276f05b2bb25ea7f9068ded6fc897c6cae512f695dd1,2024-10,Northumbria Police,Northumbria Police,-1.545585,54.966896,On or near Dovercourt Road,E01008425,Newcastle upon Tyne 030B,Violence and sexual offences,Status update unavailable,
187068d510bf77c406ad13f7002487697dba05e9b35cee1a46c5ab202d008025,2024-10,Northumbria Police,Northumbria Police,-1.545585,54.966896,On or near Dovercourt Road,E01008425,Newcastle upon Tyne 030B,Violence and sexual offences,Status update unavailable,
cdb45f16bcd69b0255b79691e412ba1b068a5cbc518dad88fd30ec69bb71442f,2024-10,Northumbria Police,Northumbria Police,-1.545735,54.974346,On or near Berry Close,E01008425,Newcastle upon Tyne 030B,Violence and sexual offences,Court result unavailable,
384834ddfe20276d238e052972aea2cdde27d22c8998400c51d99a3685f825cd,2024-10,Northumbria Police,Northumbria Police,-1.545585,54.966896,On or near Dovercourt Road,E01008425,Newcastle upon Tyne 030B,Violence and sexual offences,Investigation complete; no suspect identified,
,2024-10,Northumbria Police,Northumbria Police,-1.553034,54.961682,On or near Sports/Recreation Area,E01008427,Newcastle upon Tyne 030C,Anti-social behaviour,,
,2024-10,Northumbria Police,Northumbria Police,-1.552446,54.966508,On or near Lancefield Avenue,E01008427,Newcastle upon Tyne 030C,Anti-social behaviour,,
c48bd057a7af79401e0a75fa377c720e29b66265c8fcdece988ebe00e323927b,2024-10,Northumbria Police,Northumbria Police,-1.548600,54.964058,On or near Merton Road,E01008427,Newcastle upon Tyne 030C,Drugs,Investigation complete; no suspect identified,
8336f922b84e2284f113710d668f09bc1afe2e6740955375abdc518a75aa4b1d,2024-10,Northumbria Police,Northumbria Police,-1.547149,54.965302,On or near Greenford Road,E01008427,Newcastle upon Tyne 030C,Other theft,Investigation complete; no suspect identified,
67bce4d1fc6dc5ee468da4015b789442f746cbcfe943bb6450a19c54765b05a8,2024-10,Northumbria Police,Northumbria Police,-1.552210,54.962454,On or near Caldbeck Avenue,E01008427,Newcastle upon Tyne 030C,Public order,Status update unavailable,
7798ae8c7c15409061540d988947302d0a473b30db2b8a30453ddc69b574a344,2024-10,Northumbria Police,Northumbria Police,-1.548600,54.964058,On or near Merton Road,E01008427,Newcastle upon Tyne 030C,Public order,Investigation complete; no suspect identified,
494c7d132074a21fe040904cbd145ba288fe85c86209f320b75548ffdddf056c,2024-10,Northumbria Police,Northumbria Police,-1.548367,54.965324,On or near Burwood Close,E01008427,Newcastle upon Tyne 030C,Public order,Status update unavailable,
b7fc33b604902d61f1571edf32590d1377b6ade9cd40905289410a3e5be802bf,2024-10,Northumbria Police,Northumbria Police,-1.550729,54.963608,On or near Oldfield Road,E01008427,Newcastle upon Tyne 030C,Violence and sexual offences,Investigation complete; no suspect identified,
5c46943b51d2bfab8d9d043593b521aee19fea9ecb8783695375cbe9e0eb47bc,2024-10,Northumbria Police,Northumbria Police,-1.548367,54.965324,On or near Burwood Close,E01008427,Newcastle upon Tyne 030C,Violence and sexual offences,Investigation complete; no suspect identified,
aecb4a077de74ed6ccc90d3fa82fc30c66908a9777ad26d8e6c57d5bc66f2eae,2024-10,Northumbria Police,Northumbria Police,-1.549339,54.963656,On or near Windhill Road,E01008427,Newcastle upon Tyne 030C,Violence and sexual offences,Investigation complete; no suspect identified,
,2024-10,Northumbria Police,Northumbria Police,-1.550133,54.969438,On or near Wharrier Street,E01008428,Newcastle upon Tyne 030D,Anti-social behaviour,,
,2024-10,Northumbria Police,Northumbria Police,-1.550133,54.969438,On or near Wharrier Street,E01008428,Newcastle upon Tyne 030D,Anti-social behaviour,,
,2024-10,Northumbria Police,Northumbria Police,-1.550133,54.969438,On or near Wharrier Street,E01008428,Newcastle upon Tyne 030D,Anti-social behaviour,,
,2024-10,Northumbria Police,Northumbria Police,-1.550133,54.969438,On or near Wharrier Street,E01008428,Newcastle upon Tyne 030D,Anti-social behaviour,,
,2024-10,Northumbria Police,Northumbria Police,-1.548555,54.966646,On or near Beal Terrace,E01008428,Newcastle upon Tyne 030D,Anti-social behaviour,,
,2024-10,Northumbria Police,Northumbria Police,-1.553529,54.964651,On or near Mafeking Street,E01008428,Newcastle upon Tyne 030D,Anti-social behaviour,,
,2024-10,Northumbria Police,Northumbria Police,-1.550133,54.969438,On or near Wharrier Street,E01008428,Newcastle upon Tyne 030D,Anti-social behaviour,,
,2024-10,Northumbria Police,Northumbria Police,-1.550133,54.969438,On or near Wharrier Street,E01008428,Newcastle upon Tyne 030D,Anti-social behaviour,,
,2024-10,Northumbria Police,Northumbria Police,-1.550133,54.969438,On or near Wharrier Street,E01008428,Newcastle upon Tyne 030D,Anti-social behaviour,,
,2024-10,Northumbria Police,Northumbria Police,-1.550133,54.969438,On or near Wharrier Street,E01008428,Newcastle upon Tyne 030D,Anti-social behaviour,,
,2024-10,Northumbria Police,Northumbria Police,-1.550133,54.969438,On or near Wharrier Street,E01008428,Newcastle upon Tyne 030D,Anti-social behaviour,,
,2024-10,Northumbria Police,Northumbria Police,-1.550133,54.969438,On or near Wharrier Street,E01008428,Newcastle upon Tyne 030D,Anti-social behaviour,,
,2024-10,Northumbria Police,Northumbria Police,-1.548555,54.966646,On or near Beal Terrace,E01008428,Newcastle upon Tyne 030D,Anti-social behaviour,,
,2024-10,Northumbria Police,Northumbria Police,-1.550133,54.969438,On or near Wharrier Street,E01008428,Newcastle upon Tyne 030D,Anti-social behaviour,,
,2024-10,Northumbria Police,Northumbria Police,-1.550133,54.969438,On or near Wharrier Street,E01008428,Newcastle upon Tyne 030D,Anti-social behaviour,,
,2024-10,Northumbria Police,Northumbria Police,-1.550133,54.969438,On or near Wharrier Street,E01008428,Newcastle upon Tyne 030D,Anti-social behaviour,,
,2024-10,Northumbria Police,Northumbria Police,-1.551013,54.966188,On or near Readhead Drive,E01008428,Newcastle upon Tyne 030D,Anti-social behaviour,,
,2024-10,Northumbria Police,Northumbria Police,-1.550133,54.969438,On or near Wharrier Street,E01008428,Newcastle upon Tyne 030D,Anti-social behaviour,,
ee7b0055687dd3a4617afa887f8ac50436caacabb82110b52a050b4b255a75d0,2024-10,Northumbria Police,Northumbria Police,-1.547468,54.967541,On or near Southfield Terrace,E01008428,Newcastle upon Tyne 030D,Criminal damage and arson,Investigation complete; no suspect identified,
a3342704c48e36ba46c7480bff42c3db9852b4dd10e93347d3c4bf897a3eccd4,2024-10,Northumbria Police,Northumbria Police,-1.553529,54.964651,On or near Mafeking Street,E01008428,Newcastle upon Tyne 030D,Criminal damage and arson,Investigation complete; no suspect identified,
d5ac3d4557a8a0e13c7cb7f1f9e43073c65abc3c8824ad53eeb6ed9a431930cc,2024-10,Northumbria Police,Northumbria Police,-1.552095,54.968582,On or near Lowfield Terrace,E01008428,Newcastle upon Tyne 030D,Criminal damage and arson,Investigation complete; no suspect identified,
f1be580a3605f8831558f511f7375a73aba0902d16ad32126bb11efed4135f9b,2024-10,Northumbria Police,Northumbria Police,-1.553529,54.964651,On or near Mafeking Street,E01008428,Newcastle upon Tyne 030D,Criminal damage and arson,Court result unavailable,
ea35bebdc8679adc2f011bece31096ccc110f172551558f7e54e86a1cabfb78d,2024-10,Northumbria Police,Northumbria Police,-1.553529,54.964651,On or near Mafeking Street,E01008428,Newcastle upon Tyne 030D,Criminal damage and arson,Investigation complete; no suspect identified,
42f0ec8ca2b54d3c5d8f4182ffd2724baa70a1479a844a4807d3bb2545ae0021,2024-10,Northumbria Police,Northumbria Police,-1.549423,54.967260,On or near Ryton Terrace,E01008428,Newcastle upon Tyne 030D,Violence and sexual offences,Status update unavailable,
1fef4e3e122d8469153a7bf527fcb0959a29776e13daefccf481815e39c49c5b,2024-10,Northumbria Police,Northumbria Police,-1.549423,54.967260,On or near Ryton Terrace,E01008428,Newcastle upon Tyne 030D,Violence and sexual offences,Status update unavailable,
,2024-10,Northumbria Police,Northumbria Police,-1.696730,54.998629,On or near Rogerson Terrace,E01008441,Newcastle upon Tyne 031A,Anti-social behaviour,,
,2024-10,Northumbria Police,Northumbria Police,-1.698281,54.998229,On or near Dilston Drive,E01008441,Newcastle upon Tyne 031A,Anti-social behaviour,,
,2024-10,Northumbria Police,Northumbria Police,-1.696730,54.998629,On or near Rogerson Terrace,E01008441,Newcastle upon Tyne 031A,Anti-social behaviour,,
835e93e71d976210eff627e0279af72dce0697ca1ef4ab12dc40e211e9270f22,2024-10,Northumbria Police,Northumbria Police,-1.702116,55.001707,On or near Dewley Place,E01008441,Newcastle upon Tyne 031A,Burglary,Investigation complete; no suspect identified,
3e4378d18747a7ad9583a52c724298bb2fc12d3b3ffcfcb1558af5c2448899bc,2024-10,Northumbria Police,Northumbria Police,-1.697327,55.000365,On or near Chipchase Crescent,E01008441,Newcastle upon Tyne 031A,Criminal damage and arson,Investigation complete; no suspect identified,
69f925ff14ebda246939c2dc8944cd4875580c9bc7dd3b5b823fcaa839295cc8,2024-10,Northumbria Police,Northumbria Police,-1.698098,54.999639,On or near Mitford Drive,E01008441,Newcastle upon Tyne 031A,Criminal damage and arson,Status update unavailable,
9bf430977603c2fed3ffc1b4463c5e37255000f9495eb0e0ae27490bf4933425,2024-10,Northumbria Police,Northumbria Police,-1.696730,54.998629,On or near Rogerson Terrace,E01008441,Newcastle upon Tyne 031A,Criminal damage and arson,Status update unavailable,
ead86b053acf206cdd0cccbb8a675db1d685a9275d8dabdf8423806d7ded828f,2024-10,Northumbria Police,Northumbria Police,-1.698724,55.001698,On or near B6324,E01008441,Newcastle upon Tyne 031A,Public order,Status update unavailable,
3605e92832c3004a33f9e6614d8c12fb56b12b1002534d69a17d1cebba82fee6,2024-10,Northumbria Police,Northumbria Police,-1.702116,55.001707,On or near Dewley Place,E01008441,Newcastle upon Tyne 031A,Violence and sexual offences,Investigation complete; no suspect identified,
4cc1d10eb15d9d9e5592d38bad2cf91e23bd38835a800ae8b87ea4ca5d1a04ba,2024-10,Northumbria Police,Northumbria Police,-1.701476,54.999396,On or near Baybridge Road,E01008441,Newcastle upon Tyne 031A,Violence and sexual offences,Status update unavailable,
78d7710f19e4d9f12c8221f392932f74139d0fa69e80ed53743ba16dbcae015d,2024-10,Northumbria Police,Northumbria Police,-1.698098,54.999639,On or near Mitford Drive,E01008441,Newcastle upon Tyne 031A,Violence and sexual offences,Investigation complete; no suspect identified,
63efe3720b8c73995ebea802245f420e3a1d83c436870244c9661153114cc7d3,2024-10,Northumbria Police,Northumbria Police,-1.698098,54.999639,On or near Mitford Drive,E01008441,Newcastle upon Tyne 031A,Violence and sexual offences,Investigation complete; no suspect identified,
d5b12830b3c24ea226b8084d02cd589078bea9c506232a2ec36d849a95c55e29,2024-10,Northumbria Police,Northumbria Police,-1.696730,54.998629,On or near Rogerson Terrace,E01008441,Newcastle upon Tyne 031A,Violence and sexual offences,Court result unavailable,
2cfc53c6c8a424453ce0f5130c9ad5226be45385b12b325e97d14cf899d7bcc1,2024-10,Northumbria Police,Northumbria Police,-1.697850,54.999423,On or near Norham Drive,E01008441,Newcastle upon Tyne 031A,Violence and sexual offences,Status update unavailable,
9b0765ff591f68b1443778e507408f2218ae49bad0747f714fc545511028df5d,2024-10,Northumbria Police,Northumbria Police,-1.697327,55.000365,On or near Chipchase Crescent,E01008441,Newcastle upon Tyne 031A,Violence and sexual offences,Status update unavailable,
,2024-10,Northumbria Police,Northumbria Police,-1.715930,54.998109,On or near Dulverston Close,E01008442,Newcastle upon Tyne 031B,Anti-social behaviour,,
f7097251a86d482cab7733d6d8732266f0782d2dc1e697b150ebf07ef3b07d5a,2024-10,Northumbria Police,Northumbria Police,-1.713829,55.001115,On or near Kearton Avenue,E01008442,Newcastle upon Tyne 031B,Criminal damage and arson,Investigation complete; no suspect identified,
4c5290e3aa971ee92703d948b966f42d455eed9fd1033c650253fd8ae9c112b4,2024-10,Northumbria Police,Northumbria Police,-1.715930,54.998109,On or near Dulverston Close,E01008442,Newcastle upon Tyne 031B,Criminal damage and arson,Investigation complete; no suspect identified,
6494a2daeee09e7c769fe51fef782fdaeaa686d76f0f7f8d4facf6995e857fe2,2024-10,Northumbria Police,Northumbria Police,-1.716093,54.999305,On or near Dalton Place,E01008442,Newcastle upon Tyne 031B,Criminal damage and arson,Investigation complete; no suspect identified,
2d2ef1bb4ed04fea3ce7fe46363401f172e41a82ee1f905dd4027096902116f0,2024-10,Northumbria Police,Northumbria Police,-1.715930,54.998109,On or near Dulverston Close,E01008442,Newcastle upon Tyne 031B,Criminal damage and arson,Investigation complete; no suspect identified,
,2024-10,Northumbria Police,Northumbria Police,-1.707630,55.000201,On or near Garner Close,E01008444,Newcastle upon Tyne 031C,Anti-social behaviour,,
,2024-10,Northumbria Police,Northumbria Police,-1.710489,55.002509,On or near Greenway,E01008444,Newcastle upon Tyne 031C,Anti-social behaviour,,
,2024-10,Northumbria Police,Northumbria Police,-1.710489,55.002509,On or near Greenway,E01008444,Newcastle upon Tyne 031C,Anti-social behaviour,,
,2024-10,Northumbria Police,Northumbria Police,-1.703216,55.000910,On or near Chapel Grange,E01008444,Newcastle upon Tyne 031C,Anti-social behaviour,,
4327fdbf64a7e181aace9f7bec357e7ac4ffa92216791ccbca4cc8c4015bb317,2024-10,Northumbria Police,Northumbria Police,-1.705913,54.999802,On or near Gleneagle Close,E01008444,Newcastle upon Tyne 031C,Burglary,Status update unavailable,
3bcf02d1f46b6435350c8148840c3a1530840d287943f9f02032b699eba4d5df,2024-10,Northumbria Police,Northumbria Police,-1.705913,54.999802,On or near Gleneagle Close,E01008444,Newcastle upon Tyne 031C,Burglary,Investigation complete; no suspect identified,
9a56157f2bacb6aa7d9fdaef17872c65ecd1b956834baccc26e31992d4bc3a21,2024-10,Northumbria Police,Northumbria Police,-1.710489,55.002509,On or near Greenway,E01008444,Newcastle upon Tyne 031C,Criminal damage and arson,Investigation complete; no suspect identified,
ab8325628b7d91ad3e7e187c7a407e8aef9cb00056b951d5a24ced8c00e7535a,2024-10,Northumbria Police,Northumbria Police,-1.706230,55.001384,On or near Glendale Close,E01008444,Newcastle upon Tyne 031C,Criminal damage and arson,Investigation complete; no suspect identified,
a64343b65e9161f145bd1a5430f0b13dc6881005a73628c5e1736589e244ae74,2024-10,Northumbria Police,Northumbria Police,-1.706230,55.001384,On or near Glendale Close,E01008444,Newcastle upon Tyne 031C,Criminal damage and arson,Investigation complete; no suspect identified,
dc26ce3638b19810916143f75eb10aa5bc7fdb77c9a412e7b41703328b27350c,2024-10,Northumbria Police,Northumbria Police,-1.706230,55.001384,On or near Glendale Close,E01008444,Newcastle upon Tyne 031C,Criminal damage and arson,Investigation complete; no suspect identified,
f9efc9d964f03f85465272e5cfcbac613cdbc0ed684ab8005aed31f4f5677773,2024-10,Northumbria Police,Northumbria Police,-1.710322,55.004000,On or near Ingram Drive,E01008444,Newcastle upon Tyne 031C,Criminal damage and arson,Investigation complete; no suspect identified,
5b095372f8e216b23a3d2d4524807a87fd3ab96bb046d93ee5fdbb819a05e244,2024-10,Northumbria Police,Northumbria Police,-1.706230,55.001384,On or near Glendale Close,E01008444,Newcastle upon Tyne 031C,Criminal damage and arson,Investigation complete; no suspect identified,
f7014f504191325bc69bdc890c67c497bd59bff14909eba4f2ed5ff67429ef43,2024-10,Northumbria Police,Northumbria Police,-1.705913,54.999802,On or near Gleneagle Close,E01008444,Newcastle upon Tyne 031C,Criminal damage and arson,Status update unavailable,
f6414d3da3a768e4136cbc2a1d5517e2a5a3975b12e8bae833dd51214f5fc4ed,2024-10,Northumbria Police,Northumbria Police,-1.703216,55.000910,On or near Chapel Grange,E01008444,Newcastle upon Tyne 031C,Criminal damage and arson,Investigation complete; no suspect identified,
b51530f9b500fe021c6fd3616e4faac758d5caca9ff7f98e9cf4c445ee0b0045,2024-10,Northumbria Police,Northumbria Police,-1.708169,55.003420,On or near Dunford Gardens,E01008444,Newcastle upon Tyne 031C,Other theft,Investigation complete; no suspect identified,
9e5a5a113ae465adda78bf50b9f3556870e342b1b3bff3a4f6005cccf05f10d2,2024-10,Northumbria Police,Northumbria Police,-1.703553,54.999697,On or near Naworth Drive,E01008444,Newcastle upon Tyne 031C,Violence and sexual offences,Status update unavailable,
bb5aa42a4dc8d3529f654e4c79ccc988b65e74e2593bbf68761dfaafe48ba57d,2024-10,Northumbria Police,Northumbria Police,-1.703553,54.999697,On or near Naworth Drive,E01008444,Newcastle upon Tyne 031C,Violence and sexual offences,Status update unavailable,
f0eeb6045703f2da71f470649b4ebfc2a48945a43538e23f78b689b6ff8ae06c,2024-10,Northumbria Police,Northumbria Police,-1.709267,55.000780,On or near Greystead Close,E01008444,Newcastle upon Tyne 031C,Violence and sexual offences,Status update unavailable,
,2024-10,Northumbria Police,Northumbria Police,-1.683381,54.994561,On or near Shopping Area,E01008445,Newcastle upon Tyne 031D,Anti-social behaviour,,
,2024-10,Northumbria Police,Northumbria Police,-1.683381,54.994561,On or near Shopping Area,E01008445,Newcastle upon Tyne 031D,Anti-social behaviour,,
,2024-10,Northumbria Police,Northumbria Police,-1.683381,54.994561,On or near Shopping Area,E01008445,Newcastle upon Tyne 031D,Anti-social behaviour,,
,2024-10,Northumbria Police,Northumbria Police,-1.683381,54.994561,On or near Shopping Area,E01008445,Newcastle upon Tyne 031D,Anti-social behaviour,,
,2024-10,Northumbria Police,Northumbria Police,-1.682642,54.997191,On or near Garthfield Crescent,E01008445,Newcastle upon Tyne 031D,Anti-social behaviour,,
,2024-10,Northumbria Police,Northumbria Police,-1.683381,54.994561,On or near Shopping Area,E01008445,Newcastle upon Tyne 031D,Anti-social behaviour,,
73b9ae5ebae6c6608dc3fcc6bbc4f1e90bfb20834a0e486718e5ae02ac5230cd,2024-10,Northumbria Police,Northumbria Police,-1.690221,54.999448,On or near Chatsworth Gardens,E01008445,Newcastle upon Tyne 031D,Criminal damage and arson,Investigation complete; no suspect identified,
f83b510adaa08cd616dae61e47f1996ad09a3ee447e1674a6480963a67b6e23c,2024-10,Northumbria Police,Northumbria Police,-1.685061,54.995571,On or near Glantlees,E01008445,Newcastle upon Tyne 031D,Criminal damage and arson,Status update unavailable,
6e77e75eeb5b23d74bd2d4eed21c1ae34c07dbe6c49d6b88456da40ec82dab09,2024-10,Northumbria Police,Northumbria Police,-1.683381,54.994561,On or near Shopping Area,E01008445,Newcastle upon Tyne 031D,Criminal damage and arson,Investigation complete; no suspect identified,
810cdeef560ddebc282b21557da6196180fd08764e0f5ad589bc91a1480fbc6d,2024-10,Northumbria Police,Northumbria Police,-1.688583,54.998950,On or near Supermarket,E01008445,Newcastle upon Tyne 031D,Criminal damage and arson,Status update unavailable,
a6ea82f43b2084791aad3de3640158aafe1ac8843f1f1741d33d7dacf01eb9b3,2024-10,Northumbria Police,Northumbria Police,-1.690221,54.999448,On or near Chatsworth Gardens,E01008445,Newcastle upon Tyne 031D,Other theft,Investigation complete; no suspect identified,
b24bb24e1e28968dd5a4085ffbe873f4d0d7a2a75e8aeb21341edd7636e6dda6,2024-10,Northumbria Police,Northumbria Police,-1.687166,54.998308,On or near Petrol Station,E01008445,Newcastle upon Tyne 031D,Other theft,Investigation complete; no suspect identified,
295602b6e743c6f168a7294b32a265837340797dcef23410b28888d9170dfd9d,2024-10,Northumbria Police,Northumbria Police,-1.693436,55.000077,On or near Rapperton Court,E01008445,Newcastle upon Tyne 031D,Other theft,Investigation complete; no suspect identified,
bca7eb0e50bdb3a313b7a290110445e539710a8752298a03d370cc6209e0a729,2024-10,Northumbria Police,Northumbria Police,-1.688583,54.998950,On or near Supermarket,E01008445,Newcastle upon Tyne 031D,Public order,Status update unavailable,
a58821cbf729d41bc8f1c70f632d6cb768ca584bcb349467f297f63f79fcc36e,2024-10,Northumbria Police,Northumbria Police,-1.687856,54.998023,On or near Queens Road,E01008445,Newcastle upon Tyne 031D,Public order,Court result unavailable,
86a19aa9c3471560535fd4122d5319b1c7f7b716d6c5103ed39f90ffb6e08a93,2024-10,Northumbria Police,Northumbria Police,-1.687856,54.998023,On or near Queens Road,E01008445,Newcastle upon Tyne 031D,Public order,Court result unavailable,
bbb22b74921253288b9549a0c1422d7d8a4b2d9d21209876191ff2162c37858f,2024-10,Northumbria Police,Northumbria Police,-1.687856,54.998023,On or near Queens Road,E01008445,Newcastle upon Tyne 031D,Public order,Court result unavailable,
cef04e8a58013b4a7d74272eb5ebaa47a6a8e5d4111fa324bc93928f7c135f0b,2024-10,Northumbria Police,Northumbria Police,-1.687856,54.998023,On or near Queens Road,E01008445,Newcastle upon Tyne 031D,Public order,Court result unavailable,
d7e9e743f2f1882e840512784035894b43c9224bf74d67daebbd29e07560c79a,2024-10,Northumbria Police,Northumbria Police,-1.687856,54.998023,On or near Queens Road,E01008445,Newcastle upon Tyne 031D,Public order,Court result unavailable,
210ce91a5d208118db6285389f5e25c018e6986510f117b13d163008d034e0fe,2024-10,Northumbria Police,Northumbria Police,-1.687856,54.998023,On or near Queens Road,E01008445,Newcastle upon Tyne 031D,Public order,Court result unavailable,
70c80e7173b7236eb3f6e41571db7c68285cd21e1c473c9eae4e7dec657b0d9c,2024-10,Northumbria Police,Northumbria Police,-1.687856,54.998023,On or near Queens Road,E01008445,Newcastle upon Tyne 031D,Public order,Court result unavailable,
d19e5c7a30d9f8753dd2f0488214c5bc2cb28c644f3d97c5e286c36b95bc0755,2024-10,Northumbria Police,Northumbria Police,-1.687856,54.998023,On or near Queens Road,E01008445,Newcastle upon Tyne 031D,Public order,Court result unavailable,
e36024db9c62714876362c277fe0e14755f18158622af0612934767af6c388d1,2024-10,Northumbria Police,Northumbria Police,-1.687130,54.998919,On or near Supermarket,E01008445,Newcastle upon Tyne 031D,Public order,Status update unavailable,
5b877106e9ff661963822a5f746419bf24b2f810ab2bb0060a82dc50e9b804fc,2024-10,Northumbria Police,Northumbria Police,-1.683381,54.994561,On or near Shopping Area,E01008445,Newcastle upon Tyne 031D,Shoplifting,Investigation complete; no suspect identified,
7594d1300722b4727fdcca0d78d1075d445667694380c14552f7560f2f8a42ca,2024-10,Northumbria Police,Northumbria Police,-1.683381,54.994561,On or near Shopping Area,E01008445,Newcastle upon Tyne 031D,Shoplifting,Investigation complete; no suspect identified,
c405a5c085e6ba082b0ce5f2c52b4f7e12dc37bc0bc471b248ce397d150b292e,2024-10,Northumbria Police,Northumbria Police,-1.693791,55.000743,On or near Brockwell Grove,E01008445,Newcastle upon Tyne 031D,Shoplifting,Investigation complete; no suspect identified,
18ac67a415cd7c95ae2e2e437243935cdbdd89252cae92f99fbf7a00a41a040c,2024-10,Northumbria Police,Northumbria Police,-1.687130,54.998919,On or near Supermarket,E01008445,Newcastle upon Tyne 031D,Shoplifting,Investigation complete; no suspect identified,
513d438468808a1f72349f8fbcc6246f6177cc51dfa7edc11fbe4c3361baac4a,2024-10,Northumbria Police,Northumbria Police,-1.683381,54.994561,On or near Shopping Area,E01008445,Newcastle upon Tyne 031D,Shoplifting,Investigation complete; no suspect identified,
f79d6f9d60201f80d2211cb2f9dbd1c92344d295998745bad22a260088757095,2024-10,Northumbria Police,Northumbria Police,-1.688583,54.998950,On or near Supermarket,E01008445,Newcastle upon Tyne 031D,Shoplifting,Investigation complete; no suspect identified,
a39139638ccf1c77664cf5294499e1737f7af07fc91f08faba5954729593f340,2024-10,Northumbria Police,Northumbria Police,-1.683381,54.994561,On or near Shopping Area,E01008445,Newcastle upon Tyne 031D,Shoplifting,Investigation complete; no suspect identified,
43eb46f575f9d57e4707f3d0f8c7defdc389f1272b17a7476d7be03a63b208e0,2024-10,Northumbria Police,Northumbria Police,-1.688583,54.998950,On or near Supermarket,E01008445,Newcastle upon Tyne 031D,Shoplifting,Investigation complete; no suspect identified,
d5f5dfb723c2f56c5d2d252346a81e65fac06ebd102ad747a3d5dfdaf4e38924,2024-10,Northumbria Police,Northumbria Police,-1.683381,54.994561,On or near Shopping Area,E01008445,Newcastle upon Tyne 031D,Shoplifting,Status update unavailable,
e7b1b38c4f29efa495ac9d7b5bd7ccd825dcd86f2a5c6185535f27c02075b346,2024-10,Northumbria Police,Northumbria Police,-1.683381,54.994561,On or near Shopping Area,E01008445,Newcastle upon Tyne 031D,Shoplifting,Court result unavailable,
83aa2b31a38fceb7044f794baa4939b3581838bbb542ee565cd595ea5ad5e2bd,2024-10,Northumbria Police,Northumbria Police,-1.683381,54.994561,On or near Shopping Area,E01008445,Newcastle upon Tyne 031D,Shoplifting,Investigation complete; no suspect identified,
c28d1bd8730d6ef19c854eacab5c4016115ee80c9c6d7a87c0ccbb1d56404055,2024-10,Northumbria Police,Northumbria Police,-1.683381,54.994561,On or near Shopping Area,E01008445,Newcastle upon Tyne 031D,Shoplifting,Investigation complete; no suspect identified,
39283b3eb49f5a09a912cbed2ccd84df25dd19045af4e0ccd843dcc3b10e32f4,2024-10,Northumbria Police,Northumbria Police,-1.693791,55.000743,On or near Brockwell Grove,E01008445,Newcastle upon Tyne 031D,Shoplifting,Investigation complete; no suspect identified,
3968f52f71a83fd866a23eb6333083241783253db1560e36aeb401f8403812fd,2024-10,Northumbria Police,Northumbria Police,-1.687856,54.998023,On or near Queens Road,E01008445,Newcastle upon Tyne 031D,Shoplifting,Court result unavailable,
7cb03d3dbe2dce1772af7f92e3daf5bc080e18a73ea29d7ee7991f695f706749,2024-10,Northumbria Police,Northumbria Police,-1.683381,54.994561,On or near Shopping Area,E01008445,Newcastle upon Tyne 031D,Shoplifting,Investigation complete; no suspect identified,
9de24e925bcbb51eb7fe4a829e98ef43b2fb2aedc861fd9cb6c0c4a57a2421bc,2024-10,Northumbria Police,Northumbria Police,-1.683381,54.994561,On or near Shopping Area,E01008445,Newcastle upon Tyne 031D,Shoplifting,Investigation complete; no suspect identified,
e4f1396afbb331c806f3df78879f58c1380ad024c9dc67440565dc3243012b8d,2024-10,Northumbria Police,Northumbria Police,-1.683381,54.994561,On or near Shopping Area,E01008445,Newcastle upon Tyne 031D,Shoplifting,Investigation complete; no suspect identified,
4d8bc5d727bff741220584cbb55d60ac7bd923633e2e18b25d743999492d3b24,2024-10,Northumbria Police,Northumbria Police,-1.693791,55.000743,On or near Brockwell Grove,E01008445,Newcastle upon Tyne 031D,Shoplifting,Investigation complete; no suspect identified,
3ab303e1b49cdc2272de0f71a035ac4157588c4294623218543109bf5871bc42,2024-10,Northumbria Police,Northumbria Police,-1.683381,54.994561,On or near Shopping Area,E01008445,Newcastle upon Tyne 031D,Shoplifting,Status update unavailable,
b7b8a4ff419f4069f99b400211038d99b15da7a0317bd459ea651eb6ba2fc3a1,2024-10,Northumbria Police,Northumbria Police,-1.683381,54.994561,On or near Shopping Area,E01008445,Newcastle upon Tyne 031D,Shoplifting,Status update unavailable,
1fecce55f7a4b75232783dbd43d699f082fec25a1c6e5fb7fc5b1b4b112f3620,2024-10,Northumbria Police,Northumbria Police,-1.683381,54.994561,On or near Shopping Area,E01008445,Newcastle upon Tyne 031D,Shoplifting,Investigation complete; no suspect identified,
0299c20a5a0f6bf684d980222c89d027c23f72166285c477beabf97743f2b2d2,2024-10,Northumbria Police,Northumbria Police,-1.683381,54.994561,On or near Shopping Area,E01008445,Newcastle upon Tyne 031D,Shoplifting,Investigation complete; no suspect identified,
280fa2663edbd4c08361ac0994dc44a7a347d9389836240d0064c96c164d73a8,2024-10,Northumbria Police,Northumbria Police,-1.693436,55.000077,On or near Rapperton Court,E01008445,Newcastle upon Tyne 031D,Violence and sexual offences,Investigation complete; no suspect identified,
7830070fdc6efabfd5d34bb6b011e5058edc1791007e89cb63c5e5eb756d9424,2024-10,Northumbria Police,Northumbria Police,-1.686367,54.996545,On or near Ellesmere Avenue,E01008445,Newcastle upon Tyne 031D,Violence and sexual offences,Status update unavailable,
7824c7b6f8bba6d83b5fe106bf9173afcc56bb8bb4beaad8558efce5215dbf3f,2024-10,Northumbria Police,Northumbria Police,-1.686367,54.996545,On or near Ellesmere Avenue,E01008445,Newcastle upon Tyne 031D,Violence and sexual offences,Investigation complete; no suspect identified,
4c75922b22951891cb1b763ad04051749b98ebf9f8f6c99836c2f02e122cc947,2024-10,Northumbria Police,Northumbria Police,-1.686260,54.998234,On or near Briarside,E01008445,Newcastle upon Tyne 031D,Violence and sexual offences,Status update unavailable,
0652c3b19b7f5e954f65fdebc3bdd4d61595eb27358664df6300f7f6edf5316d,2024-10,Northumbria Police,Northumbria Police,-1.693436,55.000077,On or near Rapperton Court,E01008445,Newcastle upon Tyne 031D,Violence and sexual offences,Investigation complete; no suspect identified,
2c4e424c5a0edf520d4f781510d14b619699e1fdf652f8bd9dfc8af888e5af9c,2024-10,Northumbria Police,Northumbria Police,-1.687897,54.998751,On or near Denton Grove,E01008445,Newcastle upon Tyne 031D,Violence and sexual offences,Status update unavailable,
7acf282220b11cf9e4d9b9514f590001941de92f16068f3f38f8284aee2d0cf8,2024-10,Northumbria Police,Northumbria Police,-1.686260,54.998234,On or near Briarside,E01008445,Newcastle upon Tyne 031D,Violence and sexual offences,Status update unavailable,
233080a01d29a327a4c218c161b4d2c15db461f18be67a7fe02a87120ae43a98,2024-10,Northumbria Police,Northumbria Police,-1.686367,54.996545,On or near Ellesmere Avenue,E01008445,Newcastle upon Tyne 031D,Violence and sexual offences,Status update unavailable,
cc578f4afd06048d79755f4572f8a2f67548aa50276f9be5a9d661c23d536105,2024-10,Northumbria Police,Northumbria Police,-1.688583,54.998950,On or near Supermarket,E01008445,Newcastle upon Tyne 031D,Violence and sexual offences,Status update unavailable,
478917abf0f6340955e04b502eed7eb3e27b46668b29cfc45122b40c7e28d8dc,2024-10,Northumbria Police,Northumbria Police,-1.683369,54.998047,On or near Garthfield Corner,E01008445,Newcastle upon Tyne 031D,Violence and sexual offences,Status update unavailable,
,2024-10,Northumbria Police,Northumbria Police,-1.703434,54.996839,On or near Horwood Avenue,E01008446,Newcastle upon Tyne 031E,Anti-social behaviour,,
93bfea0b32deadf534ee851e148026b58baaa23f6ffe1b141ae021879ce889e2,2024-10,Northumbria Police,Northumbria Police,-1.703772,54.997523,On or near Brendale Avenue,E01008446,Newcastle upon Tyne 031E,Violence and sexual offences,Status update unavailable,
,2024-10,Northumbria Police,Northumbria Police,-1.718431,54.995797,On or near Frenton Close,E01008447,Newcastle upon Tyne 031F,Anti-social behaviour,,
4567708a016dd05051f3f1aa7074e6de19651a750b9c6e2e04b33f114e74f0c6,2024-10,Northumbria Police,Northumbria Police,-1.723927,54.996636,On or near Cayton Grove,E01008447,Newcastle upon Tyne 031F,Burglary,Court result unavailable,
1857f82ec075e6b07bc6703483512ddfc1fb0918d199b605ab28ee6727317d15,2024-10,Northumbria Police,Northumbria Police,-1.712620,54.995343,On or near Eden Close,E01008447,Newcastle upon Tyne 031F,Criminal damage and arson,Investigation complete; no suspect identified,
6bce5ec21296e2a182b1c563e28fe5514e0c9611c148181786a2fc85652a1391,2024-10,Northumbria Police,Northumbria Police,-1.724152,54.995810,On or near Cotter Riggs Place,E01008447,Newcastle upon Tyne 031F,Criminal damage and arson,Investigation complete; no suspect identified,
a6f028f01a11e58405ca02f93c93e55ec982995da53fc4d30ae20d852b1290e6,2024-10,Northumbria Police,Northumbria Police,-1.715090,54.995250,On or near Elston Close,E01008447,Newcastle upon Tyne 031F,Public order,Investigation complete; no suspect identified,
5265e4fcda3432f2366731e053ecaa36439b905a59567f026db42ff3a49dec22,2024-10,Northumbria Police,Northumbria Police,-1.714874,54.994836,On or near Petrol Station,E01008447,Newcastle upon Tyne 031F,Shoplifting,Investigation complete; no suspect identified,
7b0a514a8d563cc2a9dcb1495d17f88108ca447e0ee69304ba674aad4c90a55e,2024-10,Northumbria Police,Northumbria Police,-1.714874,54.994836,On or near Petrol Station,E01008447,Newcastle upon Tyne 031F,Shoplifting,Status update unavailable,
8e8b1d7416f027503c15d9f94818e3628042aecef5840c3d0d5ac659413ed175,2024-10,Northumbria Police,Northumbria Police,-1.714874,54.994836,On or near Petrol Station,E01008447,Newcastle upon Tyne 031F,Shoplifting,Investigation complete; no suspect identified,
cd11276ce6dcca3d20814a1d4e9ed12615648a6cf90ab613a68dba52f2191853,2024-10,Northumbria Police,Northumbria Police,-1.714874,54.994836,On or near Petrol Station,E01008447,Newcastle upon Tyne 031F,Shoplifting,Investigation complete; no suspect identified,
cb657c0501b533228a1a0448b09f6947486031a035f06d99f5a050ecdb2d28a6,2024-10,Northumbria Police,Northumbria Police,-1.714874,54.994836,On or near Petrol Station,E01008447,Newcastle upon Tyne 031F,Shoplifting,Investigation complete; no suspect identified,
d85b7d3f5ec56fe6e98fa619305ffdd262ca823ba95249fa8edfb56bf1d8b829,2024-10,Northumbria Police,Northumbria Police,-1.714874,54.994836,On or near Petrol Station,E01008447,Newcastle upon Tyne 031F,Shoplifting,Investigation complete; no suspect identified,
44241a217cfd86ce712b984cba581d781b45aaaa320ba6c7fb25bef6df902c27,2024-10,Northumbria Police,Northumbria Police,-1.714874,54.994836,On or near Petrol Station,E01008447,Newcastle upon Tyne 031F,Shoplifting,Investigation complete; no suspect identified,
5f7e862d6ec8755650a1095fc6124b556aaa33ec15a558e4745d73ef19d12b63,2024-10,Northumbria Police,Northumbria Police,-1.714874,54.994836,On or near Petrol Station,E01008447,Newcastle upon Tyne 031F,Shoplifting,Investigation complete; no suspect identified,
271a34b5bb80d4bd6703459083a85cd6c76c1a369695590f0fc09e7026f0fa5c,2024-10,Northumbria Police,Northumbria Police,-1.714874,54.994836,On or near Petrol Station,E01008447,Newcastle upon Tyne 031F,Shoplifting,Investigation complete; no suspect identified,
32912198eec0005ee8a240960d44bdccbcdc69afbc1423434e4dd09bd09db8d0,2024-10,Northumbria Police,Northumbria Police,-1.715090,54.995250,On or near Elston Close,E01008447,Newcastle upon Tyne 031F,Violence and sexual offences,Court result unavailable,
6168e8eee8750a066bc06f9a057ebf5227b9bb1e4261eecaa4bf2893e1dc8488,2024-10,Northumbria Police,Northumbria Police,-1.714874,54.994836,On or near Petrol Station,E01008447,Newcastle upon Tyne 031F,Violence and sexual offences,Investigation complete; no suspect identified,
,2024-10,Northumbria Police,Northumbria Police,-1.721289,55.002965,On or near Lilac Close,E01008448,Newcastle upon Tyne 031G,Anti-social behaviour,,
29f93d6a69deb85d0d399ab49574614fac59483b936a784c7699effe446b9bee,2024-10,Northumbria Police,Northumbria Police,-1.726944,55.003616,On or near Aylsham Close,E01008448,Newcastle upon Tyne 031G,Criminal damage and arson,Investigation complete; no suspect identified,
6ac8032fd4b022756cab5caa0d9cf4b05a560c104ce6304550787ed1e608d18b,2024-10,Northumbria Police,Northumbria Police,-1.714816,55.005260,On or near Magenta Crescent,E01008448,Newcastle upon Tyne 031G,Other theft,Investigation complete; no suspect identified,
b3e2b8fb20dc8c893590d58132ce5dd906a879bec8b21770fd4f17d5b196a610,2024-10,Northumbria Police,Northumbria Police,-1.717188,55.003621,On or near Janus Close,E01008448,Newcastle upon Tyne 031G,Public order,Status update unavailable,
d6006a33d7d3ec133f34ffa836330a7d529601fe4d21a8557a7e5a262b0183af,2024-10,Northumbria Police,Northumbria Police,-1.720520,55.001148,On or near Lobelia Close,E01008448,Newcastle upon Tyne 031G,Vehicle crime,Investigation complete; no suspect identified,
198398b470dad2de679bf7afc3c1a25029960cac4d4aa67f22d20d0ccc1ecfd9,2024-10,Northumbria Police,Northumbria Police,-1.714508,55.006859,On or near B6324,E01008448,Newcastle upon Tyne 031G,Violence and sexual offences,Status update unavailable,
1c8aa74dfb2b8b6410f8c496c1f00db2d6b0289a1950d18c4fa37e2e7eb94d9d,2024-10,Northumbria Police,Northumbria Police,-1.718617,55.005044,On or near Madeira Close,E01008448,Newcastle upon Tyne 031G,Violence and sexual offences,Status update unavailable,
1a1ba72a95884c5da6e827b96fc2f13211953cd3cf74e0451131b989b5dfe038,2024-10,Northumbria Police,Northumbria Police,-1.717188,55.003621,On or near Janus Close,E01008448,Newcastle upon Tyne 031G,Violence and sexual offences,Status update unavailable,
,2024-10,Northumbria Police,Northumbria Police,-1.670590,55.050582,On or near Hutchinson Court,E01008306,Newcastle upon Tyne 032A,Anti-social behaviour,,
,2024-10,Northumbria Police,Northumbria Police,-1.673844,55.050834,On or near Havannah Crescent,E01008306,Newcastle upon Tyne 032A,Anti-social behaviour,,
,2024-10,Northumbria Police,Northumbria Police,-1.671665,55.051295,On or near Holmes Close,E01008306,Newcastle upon Tyne 032A,Anti-social behaviour,,
3fb8981a159eaa437427eff88b55e059dc8e72dd16c3664c5229875278ac2893,2024-10,Northumbria Police,Northumbria Police,-1.679682,55.054722,On or near Rede Place,E01008306,Newcastle upon Tyne 032A,Burglary,Status update unavailable,
24324843df151e5275f40b8ea9d20d6108c724cdb17d7b1f8aea601d8bfd703d,2024-10,Northumbria Police,Northumbria Police,-1.680446,55.053160,On or near Augusta Park Way,E01008306,Newcastle upon Tyne 032A,Burglary,Status update unavailable,
7669defe53f4667ef11f51eb9518b619d742e8bfcfa7f6bab5cf0ff100b3e966,2024-10,Northumbria Police,Northumbria Police,-1.679682,55.054722,On or near Rede Place,E01008306,Newcastle upon Tyne 032A,Burglary,Status update unavailable,
9aa10dda4fc78a29af81eb072c3a795a2b5a0522705bf6fe3defd540c7f82e69,2024-10,Northumbria Police,Northumbria Police,-1.678391,55.051834,On or near The Crest,E01008306,Newcastle upon Tyne 032A,Criminal damage and arson,Status update unavailable,
7594fecc370ae56bb48788477675db59c58516bef0129fa0ee0c904ca117248d,2024-10,Northumbria Police,Northumbria Police,-1.669442,55.055072,On or near Pine Avenue,E01008306,Newcastle upon Tyne 032A,Other theft,Investigation complete; no suspect identified,
743d75a84eb8cefce57f5558b821371399da941d700942eb0bddd7fec070dd13,2024-10,Northumbria Police,Northumbria Police,-1.685348,55.058906,On or near Prestwick Carr Road,E01008306,Newcastle upon Tyne 032A,Other theft,Status update unavailable,
97ad91efbf1fa2958ff3bcabc62919ac2abd68a13d506b16fa982668fafa0d49,2024-10,Northumbria Police,Northumbria Police,-1.679272,55.055179,On or near Bowmont Chase,E01008306,Newcastle upon Tyne 032A,Public order,Status update unavailable,
bd3f133d924bb0f875f238fa7f21ac6c3fbcd7fc1bd9df2522262680f82c54e8,2024-10,Northumbria Police,Northumbria Police,-1.670446,55.054850,On or near Poplar Avenue,E01008306,Newcastle upon Tyne 032A,Vehicle crime,Court result unavailable,
38807408cb6e66d3c8c56da6d1b66f6cf1bad69f0df5c250f21a1cdfa5348fb8,2024-10,Northumbria Police,Northumbria Police,-1.679682,55.054722,On or near Rede Place,E01008306,Newcastle upon Tyne 032A,Vehicle crime,Investigation complete; no suspect identified,
6381c4f355c53e1e3ad417b2f05ee64932f9a719cfad7e0bd6dcd2ef1140ef5b,2024-10,Northumbria Police,Northumbria Police,-1.679682,55.054722,On or near Rede Place,E01008306,Newcastle upon Tyne 032A,Vehicle crime,Investigation complete; no suspect identified,
536320b4a346bb0ac66537ce097ed948c5d8674cf89e958a5784b54de497eff2,2024-10,Northumbria Police,Northumbria Police,-1.679682,55.054722,On or near Rede Place,E01008306,Newcastle upon Tyne 032A,Vehicle crime,Investigation complete; no suspect identified,
fbcfabe1148d163ca856f72d84c886db9c577141b65d9d12d3edce7d8a68d033,2024-10,Northumbria Police,Northumbria Police,-1.679682,55.054722,On or near Rede Place,E01008306,Newcastle upon Tyne 032A,Violence and sexual offences,Investigation complete; no suspect identified,
4c19d766d45a2db7f69ac9265c1e59c5ff708b7d3acf4f758130845e6b0a594d,2024-10,Northumbria Police,Northumbria Police,-1.669442,55.055072,On or near Pine Avenue,E01008306,Newcastle upon Tyne 032A,Violence and sexual offences,Status update unavailable,
,2024-10,Northumbria Police,Northumbria Police,-1.636707,55.048473,On or near Grey Street,E01008307,Newcastle upon Tyne 032B,Anti-social behaviour,,
,2024-10,Northumbria Police,Northumbria Police,-1.635095,55.048459,On or near Augusta Close,E01008307,Newcastle upon Tyne 032B,Anti-social behaviour,,
,2024-10,Northumbria Police,Northumbria Police,-1.636298,55.048759,On or near Gill Court,E01008307,Newcastle upon Tyne 032B,Anti-social behaviour,,
7591d9da6b0486f260155b5261ab33911a70d5caaa958239a81b4df0f6c0ec77,2024-10,Northumbria Police,Northumbria Police,-1.635945,55.049648,On or near Dene Avenue,E01008307,Newcastle upon Tyne 032B,Burglary,Court result unavailable,
8bda55ad0e16728e98976e57d01e80d0c9d1d4b9c9234ae88f968b4e4878093b,2024-10,Northumbria Police,Northumbria Police,-1.639837,55.048473,On or near George Street,E01008307,Newcastle upon Tyne 032B,Burglary,Investigation complete; no suspect identified,
68e2e486012643bef2545d920aa225189006c7299f64b25fc867407bce4cb026,2024-10,Northumbria Police,Northumbria Police,-1.635095,55.048459,On or near Augusta Close,E01008307,Newcastle upon Tyne 032B,Burglary,Investigation complete; no suspect identified,
8fdf7cca371d49f47ebbee91efc146bced63baa5a76685326e2b93108def9360,2024-10,Northumbria Police,Northumbria Police,-1.641215,55.048405,On or near Big Waters Close,E01008307,Newcastle upon Tyne 032B,Criminal damage and arson,Status update unavailable,
6e812123a3756ca9b2b007e3d64ca079aedc12891f6d9b04b3d1f7b6f1fad4fd,2024-10,Northumbria Police,Northumbria Police,-1.637645,55.048664,On or near Brunswick Grove,E01008307,Newcastle upon Tyne 032B,Other theft,Investigation complete; no suspect identified,
16f86982f55f7f08d8d9b681b6686105b9f5040c98d5dde1f4349e7111de7bbe,2024-10,Northumbria Police,Northumbria Police,-1.638882,55.048560,On or near Edwin Street,E01008307,Newcastle upon Tyne 032B,Other theft,Investigation complete; no suspect identified,
6eaac544e74626a8848ccc5f6cf611079ee3ce442c699c44efc9d12ef8b2b89f,2024-10,Northumbria Police,Northumbria Police,-1.636707,55.048473,On or near Grey Street,E01008307,Newcastle upon Tyne 032B,Public order,Investigation complete; no suspect identified,
a1a87c0b2b5e96466263ed2325a99b77ac5b421f27381be283e051eb4e27ddef,2024-10,Northumbria Police,Northumbria Police,-1.637645,55.048664,On or near Brunswick Grove,E01008307,Newcastle upon Tyne 032B,Violence and sexual offences,Status update unavailable,
6e894fe6be0e8e106438487b74af638302e2f24c40c44b54f5c3df368218a572,2024-10,Northumbria Police,Northumbria Police,-1.638594,55.049296,On or near Westfield Avenue,E01008307,Newcastle upon Tyne 032B,Violence and sexual offences,Status update unavailable,
fade79531cc281ef969e507a87f15d4cb7f14f1684624f63b863d312fbfe8110,2024-10,Northumbria Police,Northumbria Police,-1.639837,55.048473,On or near George Street,E01008307,Newcastle upon Tyne 032B,Violence and sexual offences,Status update unavailable,
1a7d2b99ab640dd8548d83f56a792ea0df1ade2420ec3af92c0ff40d8bbe9ac3,2024-10,Northumbria Police,Northumbria Police,-1.637645,55.048664,On or near Brunswick Grove,E01008307,Newcastle upon Tyne 032B,Violence and sexual offences,Status update unavailable,
56ae27893465e66c9de1b81d9f0ae8e40453c1b88c518d102974818d96a8f0f1,2024-10,Northumbria Police,Northumbria Police,-1.635404,55.040265,On or near Castle Street,E01035613,Newcastle upon Tyne 032C,Bicycle theft,Investigation complete; no suspect identified,
4fcda263a9ba15e36fe95f2f39fd7b959da1380afc1ff517938d32d21739f8d0,2024-10,Northumbria Police,Northumbria Police,-1.632406,55.041343,On or near High Ridge,E01035613,Newcastle upon Tyne 032C,Criminal damage and arson,Investigation complete; no suspect identified,
cd7b8e684df4d1f18bcb82561db13cbc8379fcb0ff327187a1faef5aa825e3df,2024-10,Northumbria Police,Northumbria Police,-1.636068,55.041336,On or near Ferguson Crescent,E01035613,Newcastle upon Tyne 032C,Violence and sexual offences,Status update unavailable,
179e020752697ef3411e718ec22f61d7bbe1f441a90db9dae39acabd85932370,2024-10,Northumbria Police,Northumbria Police,-1.641259,55.041810,On or near Lieven Street,E01035613,Newcastle upon Tyne 032C,Violence and sexual offences,Status update unavailable,
d7a91a30ca2c43542a06aacf4f344d904a12f540af985b6dd5c94c82a16567c1,2024-10,Northumbria Police,Northumbria Police,-1.637164,55.041205,On or near Arkle Street,E01035613,Newcastle upon Tyne 032C,Violence and sexual offences,Status update unavailable,
507845cf435794713f36ebe22139622466539629d4f0802b4259e2e9a249cd85,2024-10,Northumbria Police,Northumbria Police,-1.627756,55.039882,On or near Newmarket Close,E01035613,Newcastle upon Tyne 032C,Violence and sexual offences,Status update unavailable,
e48f887bec48e9bdc2f84bc40e62bac16ce5c426db61760fc8a547093d9f94dd,2024-10,Northumbria Police,Northumbria Police,-1.627756,55.039882,On or near Newmarket Close,E01035613,Newcastle upon Tyne 032C,Violence and sexual offences,Investigation complete; no suspect identified,
,2024-10,Northumbria Police,Northumbria Police,-1.657094,55.027271,On or near Comma Close,E01035614,Newcastle upon Tyne 032D,Anti-social behaviour,,
,2024-10,Northumbria Police,Northumbria Police,-1.642041,55.033042,On or near Willowbay Drive,E01035614,Newcastle upon Tyne 032D,Anti-social behaviour,,
05631600691da2cd21b052fcacf3ce416a6617329a4d35f53b0e4c06c1189c68,2024-10,Northumbria Police,Northumbria Police,-1.659660,55.030935,On or near Ringlet Drive,E01035614,Newcastle upon Tyne 032D,Burglary,Status update unavailable,
88f88acbd2212d45e595e26b818f1098c78aa94ba4a6cdf504753a40e2555de4,2024-10,Northumbria Police,Northumbria Police,-1.658473,55.032460,On or near Benton Square,E01035614,Newcastle upon Tyne 032D,Burglary,Investigation complete; no suspect identified,
699d8ed22b46ffb9880d0e22c9cf6bb80ba65b8d65a32df4ba3cbcd4ffb2f0bf,2024-10,Northumbria Police,Northumbria Police,-1.659660,55.030935,On or near Ringlet Drive,E01035614,Newcastle upon Tyne 032D,Burglary,Status update unavailable,
16c376763157f9f6d45fe105a0ea78c95bc4bc96568195719ca4ded337ecc381,2024-10,Northumbria Police,Northumbria Police,-1.658473,55.032460,On or near Benton Square,E01035614,Newcastle upon Tyne 032D,Burglary,Status update unavailable,
9065baf37d5d1ddd207ee88078c807f1cf8603ba16df62ce6662495701645348,2024-10,Northumbria Police,Northumbria Police,-1.657094,55.027271,On or near Comma Close,E01035614,Newcastle upon Tyne 032D,Other theft,Investigation complete; no suspect identified,
ce5d6b5b243ea205e24d87261d31b786612074e7de31d1d96bc9323a15bf1db0,2024-10,Northumbria Police,Northumbria Police,-1.641487,55.033795,On or near Sir Bobby Robson Way,E01035614,Newcastle upon Tyne 032D,Vehicle crime,Investigation complete; no suspect identified,
794918d29dcaad64e76c252deb854aeb9d18bd851231adf3edd573a55d180b53,2024-10,Northumbria Police,Northumbria Police,-1.658473,55.032460,On or near Benton Square,E01035614,Newcastle upon Tyne 032D,Vehicle crime,Investigation complete; no suspect identified,
dcb305de5b28462d26a0d8431334cea97280e6a4e45459626bf1065fdc493087,2024-10,Northumbria Police,Northumbria Police,-1.659111,55.029190,On or near Gatekeeper Close,E01035614,Newcastle upon Tyne 032D,Vehicle crime,Status update unavailable,
318786f0d497aa413c546b71020056dc8a896fedf435b4cc34aa1300b14235db,2024-10,Northumbria Police,Northumbria Police,-1.658473,55.032460,On or near Benton Square,E01035614,Newcastle upon Tyne 032D,Vehicle crime,Investigation complete; no suspect identified,
0208857fe0826385f2b684132ed2ef8478b68f7e0aed4f1254d4ab6d131c0de5,2024-10,Northumbria Police,Northumbria Police,-1.641487,55.033795,On or near Sir Bobby Robson Way,E01035614,Newcastle upon Tyne 032D,Violence and sexual offences,Status update unavailable,
867c629ee520aea14cc160ba2a918cbbc8b2f86f66478678b3a154d638eca3da,2024-10,Northumbria Police,Northumbria Police,-1.653743,55.031260,On or near Bowden Close,E01035614,Newcastle upon Tyne 032D,Violence and sexual offences,Status update unavailable,
eb27d4cc66998fd50ab25aea721021b0587a9cedbd6d2a35fc78e7adf67b7898,2024-10,Northumbria Police,Northumbria Police,-1.641487,55.033795,On or near Sir Bobby Robson Way,E01035614,Newcastle upon Tyne 032D,Violence and sexual offences,Status update unavailable,
1e35fcc1437d7f54e405a18bc18cf7ac94b8d2d1b99373c13126e7c12448e6bd,2024-10,Northumbria Police,Northumbria Police,-1.657094,55.027271,On or near Comma Close,E01035614,Newcastle upon Tyne 032D,Other crime,Status update unavailable,
913d534d5f30a64b0d6a3919b60e4e587a6d90f0d5797455111a061636987acf,2024-10,Northumbria Police,Northumbria Police,-1.657094,55.027271,On or near Comma Close,E01035614,Newcastle upon Tyne 032D,Other crime,Status update unavailable,
,2024-10,Northumbria Police,Northumbria Police,-1.642679,55.026407,On or near Parking Area,E01035615,Newcastle upon Tyne 032E,Anti-social behaviour,,
,2024-10,Northumbria Police,Northumbria Police,-1.647568,55.027226,On or near Shotton View,E01035615,Newcastle upon Tyne 032E,Anti-social behaviour,,
,2024-10,Northumbria Police,Northumbria Police,-1.647568,55.027226,On or near Shotton View,E01035615,Newcastle upon Tyne 032E,Anti-social behaviour,,
21b920a6d6eec29f9dd86c188ff10de472a6e823633fa8853aa3bde307faf84b,2024-10,Northumbria Police,Northumbria Police,-1.638386,55.032384,On or near Great Parkway,E01035615,Newcastle upon Tyne 032E,Burglary,Investigation complete; no suspect identified,
07ea1881c2eab97b027ca96840fa6c0349b00df23a224ad7cebd368f77637c17,2024-10,Northumbria Police,Northumbria Police,-1.635773,55.034110,On or near Elmwood Park Mews,E01035615,Newcastle upon Tyne 032E,Vehicle crime,Investigation complete; no suspect identified,
83915987f4ead5fd918eba9775bd8b5c6f68f65a545371e20b3538d4c626cd5b,2024-10,Northumbria Police,Northumbria Police,-1.638115,55.034611,On or near Aspenwood Grove,E01035615,Newcastle upon Tyne 032E,Violence and sexual offences,Status update unavailable,
b6042d92cd6b50dd7bc090e40efde194634633a9ef21d656b341db4e06429701,2024-10,Northumbria Police,Northumbria Police,-1.649974,55.029344,On or near Roseden Way,E01035616,Newcastle upon Tyne 032F,Shoplifting,Investigation complete; no suspect identified,
14107c8f62a1e7badc25c87cd66df7e019b73697d68196a17c2b41f256045c20,2024-10,Northumbria Police,Northumbria Police,-1.649974,55.029344,On or near Roseden Way,E01035616,Newcastle upon Tyne 032F,Shoplifting,Investigation complete; no suspect identified,
07e09754f0ad46bc14e6cdc77333dd71baf1db21b8b004dc98393ada678d77b7,2024-10,Northumbria Police,Northumbria Police,-1.651110,55.028278,On or near Heron Crescent,E01035616,Newcastle upon Tyne 032F,Vehicle crime,Status update unavailable,
dbe01f0244b49bcc9c68af40536acfcd7f73f447ff736948a08d8427a9d8e32e,2024-10,Northumbria Police,Northumbria Police,-1.649974,55.029344,On or near Roseden Way,E01035616,Newcastle upon Tyne 032F,Violence and sexual offences,Investigation complete; no suspect identified,
,2024-10,Northumbria Police,Northumbria Police,-1.656368,55.022470,On or near Elford Avenue,E01008311,Newcastle upon Tyne 033A,Anti-social behaviour,,
,2024-10,Northumbria Police,Northumbria Police,-1.655155,55.023527,On or near Warenton Way,E01008311,Newcastle upon Tyne 033A,Anti-social behaviour,,
,2024-10,Northumbria Police,Northumbria Police,-1.652391,55.022944,On or near Hethpool Court,E01008311,Newcastle upon Tyne 033A,Anti-social behaviour,,
,2024-10,Northumbria Police,Northumbria Police,-1.657427,55.023057,On or near Murton Street,E01008311,Newcastle upon Tyne 033A,Anti-social behaviour,,
,2024-10,Northumbria Police,Northumbria Police,-1.657427,55.023057,On or near Murton Street,E01008311,Newcastle upon Tyne 033A,Anti-social behaviour,,
,2024-10,Northumbria Police,Northumbria Police,-1.656368,55.022470,On or near Elford Avenue,E01008311,Newcastle upon Tyne 033A,Anti-social behaviour,,
,2024-10,Northumbria Police,Northumbria Police,-1.657897,55.021082,On or near Learmouth Way,E01008311,Newcastle upon Tyne 033A,Anti-social behaviour,,
,2024-10,Northumbria Police,Northumbria Police,-1.657427,55.023057,On or near Murton Street,E01008311,Newcastle upon Tyne 033A,Anti-social behaviour,,
,2024-10,Northumbria Police,Northumbria Police,-1.655155,55.023527,On or near Warenton Way,E01008311,Newcastle upon Tyne 033A,Anti-social behaviour,,
ed21c07abfc8656ecd4db466a436b07dcb05b652060b4c8feb0a20cfed6ef394,2024-10,Northumbria Police,Northumbria Police,-1.653098,55.020771,On or near Abberwick Walk,E01008311,Newcastle upon Tyne 033A,Public order,Investigation complete; no suspect identified,
9a128e7f72f694ee77bab50e11f5d1270dbc8491d8d5f5c6903c99de603f8c9b,2024-10,Northumbria Police,Northumbria Police,-1.657897,55.021082,On or near Learmouth Way,E01008311,Newcastle upon Tyne 033A,Theft from the person,Investigation complete; no suspect identified,
fa9a7c261b5e01e75d2a6d7dc515bdbe22cac9ff3147b0b2999541071fd4c415,2024-10,Northumbria Police,Northumbria Police,-1.654048,55.021268,On or near Humbleton Road,E01008311,Newcastle upon Tyne 033A,Vehicle crime,Investigation complete; no suspect identified,
35a0feabe425f0bde9d57ce8dc97af70305028f63db30bfc8bf4de8009a61d11,2024-10,Northumbria Police,Northumbria Police,-1.658362,55.021577,On or near Hepburn Avenue,E01008311,Newcastle upon Tyne 033A,Vehicle crime,Investigation complete; no suspect identified,
7ef48528869bc46d23ad4d84cf511251f9475c71d3dcf37c76a7dd79cca0867a,2024-10,Northumbria Police,Northumbria Police,-1.654426,55.022815,On or near Kimmerstone Road,E01008311,Newcastle upon Tyne 033A,Violence and sexual offences,Investigation complete; no suspect identified,
878c269e2bb7bf8cd28785a37fd8261877e9e453dc34cb03fadeabbea6a7df54,2024-10,Northumbria Police,Northumbria Police,-1.662910,55.020188,On or near Aberdeen Court,E01008311,Newcastle upon Tyne 033A,Violence and sexual offences,Status update unavailable,
,2024-10,Northumbria Police,Northumbria Police,-1.669936,55.015885,On or near Shannon Court,E01008312,Newcastle upon Tyne 033B,Anti-social behaviour,,
,2024-10,Northumbria Police,Northumbria Police,-1.667493,55.016354,On or near Cowdray Court,E01008312,Newcastle upon Tyne 033B,Anti-social behaviour,,
f7b332ca532442cfafb67962cd7a7fd10ffbccdd6784593f6c0b476cd4ab1b3f,2024-10,Northumbria Police,Northumbria Police,-1.667493,55.016354,On or near Cowdray Court,E01008312,Newcastle upon Tyne 033B,Other theft,Investigation complete; no suspect identified,
de12c55b7d00505b112409231e9e654eda02e44b361ab7dd187b9b3760bee710,2024-10,Northumbria Police,Northumbria Police,-1.668588,55.018200,On or near Ascot Court,E01008312,Newcastle upon Tyne 033B,Public order,Status update unavailable,
e44e5bec1f6aaf9bcd733f5838394fdc7e11510528ef23fa32a8ee13c6137aa9,2024-10,Northumbria Police,Northumbria Police,-1.671306,55.016670,On or near Lancing Court,E01008312,Newcastle upon Tyne 033B,Vehicle crime,Status update unavailable,
b8c7ca7e438b156c3f70bd054207c37cc0a80d0d08a39b8fa8581dcce464f181,2024-10,Northumbria Police,Northumbria Police,-1.667359,55.017441,On or near Courtney Court,E01008312,Newcastle upon Tyne 033B,Violence and sexual offences,Status update unavailable,
7af202c213d5d181ecdad91fa974b39c9e8a43683e65980ab7a2021f74b36dce,2024-10,Northumbria Police,Northumbria Police,-1.667493,55.016354,On or near Cowdray Court,E01008312,Newcastle upon Tyne 033B,Other crime,Status update unavailable,
6dbe38b429e4d2804f7278cb6672521eee038a9a3716485147aece35f71d0eed,2024-10,Northumbria Police,Northumbria Police,-1.657718,55.016399,On or near Warwick Court,E01008313,Newcastle upon Tyne 033C,Criminal damage and arson,Investigation complete; no suspect identified,
bba1dab5985c8014233d7f1fe97d9c0b88f3be086de91196c842fee14d3579f9,2024-10,Northumbria Police,Northumbria Police,-1.663733,55.017126,On or near Laleham Court,E01008313,Newcastle upon Tyne 033C,Drugs,Investigation complete; no suspect identified,
894125dcdc298db325dac65ee149721e11454fcbf85ae0d4c0e43be67242532a,2024-10,Northumbria Police,Northumbria Police,-1.662340,55.017320,On or near Englefield Close,E01008313,Newcastle upon Tyne 033C,Other theft,Investigation complete; no suspect identified,
8f1d71315ac188cfee0977f0fea15fbc72f6ed58a64485f6cc53de1caaa92d23,2024-10,Northumbria Police,Northumbria Police,-1.662340,55.017320,On or near Englefield Close,E01008313,Newcastle upon Tyne 033C,Violence and sexual offences,Status update unavailable,
33cf51147694fad761139a65bc1dcc0c5c0ac1ac3af0adef8cf3a5639c8b4f8e,2024-10,Northumbria Police,Northumbria Police,-1.660189,55.016433,On or near Marlborough Court,E01008313,Newcastle upon Tyne 033C,Violence and sexual offences,Status update unavailable,
1a949bae34ef94628bd458871111a8b5e69422aa7677fb9ef95c611adaba42c8,2024-10,Northumbria Police,Northumbria Police,-1.656972,55.017727,On or near Cranbrook Court,E01008313,Newcastle upon Tyne 033C,Violence and sexual offences,Status update unavailable,
eaef71510cc85b5fa00c8c8659e17dd2d6b128768259a7aa8538b614f05f1262,2024-10,Northumbria Police,Northumbria Police,-1.656972,55.017727,On or near Cranbrook Court,E01008313,Newcastle upon Tyne 033C,Violence and sexual offences,Status update unavailable,
,2024-10,Northumbria Police,Northumbria Police,-1.669026,55.013656,On or near Shopping Area,E01008294,Newcastle upon Tyne 033D,Anti-social behaviour,,
,2024-10,Northumbria Police,Northumbria Police,-1.672682,55.012900,On or near Stuart Court,E01008294,Newcastle upon Tyne 033D,Anti-social behaviour,,
,2024-10,Northumbria Police,Northumbria Police,-1.666861,55.012253,On or near Shopping Area,E01008294,Newcastle upon Tyne 033D,Anti-social behaviour,,
,2024-10,Northumbria Police,Northumbria Police,-1.666744,55.012354,On or near Parking Area,E01008294,Newcastle upon Tyne 033D,Anti-social behaviour,,
,2024-10,Northumbria Police,Northumbria Police,-1.666744,55.012354,On or near Parking Area,E01008294,Newcastle upon Tyne 033D,Anti-social behaviour,,
5a54a957d3b8a68d8a8bd37f36333a3d6cb894eec3446fc4c9679b1083ed2a3b,2024-10,Northumbria Police,Northumbria Police,-1.666861,55.012253,On or near Shopping Area,E01008294,Newcastle upon Tyne 033D,Bicycle theft,Investigation complete; no suspect identified,
608be53d768288fd63ccd648d51a783758bf9f5d909d9d22711df2066f8c927f,2024-10,Northumbria Police,Northumbria Police,-1.669026,55.013656,On or near Shopping Area,E01008294,Newcastle upon Tyne 033D,Burglary,Investigation complete; no suspect identified,
cb513db46941f15705a1f1c889aec8288591864f38de88bb9fccb4602275a956,2024-10,Northumbria Police,Northumbria Police,-1.669416,55.010734,On or near Ilminster Court,E01008294,Newcastle upon Tyne 033D,Criminal damage and arson,Investigation complete; no suspect identified,
53ed6b8daa32871f16e01f6daa003abc8167983fca9b5c0cd3c9721bf6907aa0,2024-10,Northumbria Police,Northumbria Police,-1.666744,55.012354,On or near Parking Area,E01008294,Newcastle upon Tyne 033D,Drugs,Investigation complete; no suspect identified,
17eeeae72ab33cb5687454e5d6d318abea2d41955b5893a60de61bdce4ec7add,2024-10,Northumbria Police,Northumbria Police,-1.666861,55.012253,On or near Shopping Area,E01008294,Newcastle upon Tyne 033D,Other theft,Investigation complete; no suspect identified,
1999a2e8bce7ec3be3df6977e02db8296aceeaeba8e15acc12efd42ba3698be0,2024-10,Northumbria Police,Northumbria Police,-1.674853,55.011243,On or near Warbeck Close,E01008294,Newcastle upon Tyne 033D,Public order,Investigation complete; no suspect identified,
f568281a4ed99f64d24d2eb0444e65160ee406ad35e89bdffa5a751e36cff244,2024-10,Northumbria Police,Northumbria Police,-1.669026,55.013656,On or near Shopping Area,E01008294,Newcastle upon Tyne 033D,Public order,Status update unavailable,
ebf0e742c95d2ba350f872966052e66e8e508f89dbb62190c7b088611a805a29,2024-10,Northumbria Police,Northumbria Police,-1.669416,55.010734,On or near Ilminster Court,E01008294,Newcastle upon Tyne 033D,Public order,Investigation complete; no suspect identified,
b37b69616e6002c9578803ffc3854adc5269fca620179b213c0b3d4a4341a580,2024-10,Northumbria Police,Northumbria Police,-1.666744,55.012354,On or near Parking Area,E01008294,Newcastle upon Tyne 033D,Public order,Investigation complete; no suspect identified,
e16ce196a37232defedf3cb97df2d58dbbfc9d0ac9dbd230c43fcd5d646c6ace,2024-10,Northumbria Police,Northumbria Police,-1.669026,55.013656,On or near Shopping Area,E01008294,Newcastle upon Tyne 033D,Shoplifting,Investigation complete; no suspect identified,
04ac0f7b6dd8f7ad979ef39014ef9fcf76ee35607d6d25a4180eff78d237a4a2,2024-10,Northumbria Police,Northumbria Police,-1.669026,55.013656,On or near Shopping Area,E01008294,Newcastle upon Tyne 033D,Shoplifting,Status update unavailable,
e04adb5d1c57eb5c2937f70b3c61fc222f97e5f3ac20445086f7bed393819c19,2024-10,Northumbria Police,Northumbria Police,-1.669026,55.013656,On or near Shopping Area,E01008294,Newcastle upon Tyne 033D,Shoplifting,Status update unavailable,
dce3a41e2cea4d251721348cb03531f5e73fe153d5adeef0d861efbbe10425f5,2024-10,Northumbria Police,Northumbria Police,-1.669026,55.013656,On or near Shopping Area,E01008294,Newcastle upon Tyne 033D,Shoplifting,Investigation complete; no suspect identified,
e9d912f1a0e80487f9be55825950740aa24e09845a2a72e1358b3965cb5ae874,2024-10,Northumbria Police,Northumbria Police,-1.669026,55.013656,On or near Shopping Area,E01008294,Newcastle upon Tyne 033D,Shoplifting,Investigation complete; no suspect identified,
37e05fec869bc3763878c02b8fcd8243b6dca1b7d7b0dd688cc4806bb1a8d3ef,2024-10,Northumbria Police,Northumbria Police,-1.669026,55.013656,On or near Shopping Area,E01008294,Newcastle upon Tyne 033D,Shoplifting,Investigation complete; no suspect identified,
c1aa5b9eddacf5d2792a4e8cac6a5af769ba7c6b39a7b5a8d896ef6dec6e3b7e,2024-10,Northumbria Police,Northumbria Police,-1.669026,55.013656,On or near Shopping Area,E01008294,Newcastle upon Tyne 033D,Shoplifting,Investigation complete; no suspect identified,
243cb3436c10e799107f513a963e3083c89134a032312590d6e5a060fa418efd,2024-10,Northumbria Police,Northumbria Police,-1.666744,55.012354,On or near Parking Area,E01008294,Newcastle upon Tyne 033D,Shoplifting,Investigation complete; no suspect identified,
cb4bbafe40916426df3c650694df8a446aa45375d2d9680073e4e2e5a8b8bbe1,2024-10,Northumbria Police,Northumbria Police,-1.669026,55.013656,On or near Shopping Area,E01008294,Newcastle upon Tyne 033D,Shoplifting,Investigation complete; no suspect identified,
6fec06444e08664a517b9cbfdb227d08c732dcfb81a576e989216e73ee4ef040,2024-10,Northumbria Police,Northumbria Police,-1.669026,55.013656,On or near Shopping Area,E01008294,Newcastle upon Tyne 033D,Shoplifting,Status update unavailable,
02499f8a526b84e69fcaea1fd45f849cc888b8558e564f95b320d829b54900c1,2024-10,Northumbria Police,Northumbria Police,-1.669026,55.013656,On or near Shopping Area,E01008294,Newcastle upon Tyne 033D,Shoplifting,Suspect charged as part of another case,
a50a1e8c4a9d4fa5a200dd883b334261b663d38ed2245592771c6541a9fe5b05,2024-10,Northumbria Police,Northumbria Police,-1.669026,55.013656,On or near Shopping Area,E01008294,Newcastle upon Tyne 033D,Shoplifting,Investigation complete; no suspect identified,
afcd46697883249647ecddab9b29e3c8b638a5ff0eb2d2d1bc704474fa64e633,2024-10,Northumbria Police,Northumbria Police,-1.669026,55.013656,On or near Shopping Area,E01008294,Newcastle upon Tyne 033D,Shoplifting,Investigation complete; no suspect identified,
d63ede97670fd0d722af3350eee167149622a97f006dc36b13e849a30a3a133a,2024-10,Northumbria Police,Northumbria Police,-1.669416,55.010734,On or near Ilminster Court,E01008294,Newcastle upon Tyne 033D,Shoplifting,Status update unavailable,
5a4ab38b6791ea155944956e743a368be4131e63888e5386f4dfe5cad07d61e6,2024-10,Northumbria Police,Northumbria Police,-1.666861,55.012253,On or near Shopping Area,E01008294,Newcastle upon Tyne 033D,Shoplifting,Suspect charged as part of another case,
4fab2c2e03d60c4ea8e5960d605844db8e117e0622a8f2768f574415a36f25c7,2024-10,Northumbria Police,Northumbria Police,-1.669026,55.013656,On or near Shopping Area,E01008294,Newcastle upon Tyne 033D,Vehicle crime,Investigation complete; no suspect identified,
9cddb558ba4302bb6178314bbea35791738a020b373453435bd6926c233ab40a,2024-10,Northumbria Police,Northumbria Police,-1.674901,55.013050,On or near B6918,E01008294,Newcastle upon Tyne 033D,Vehicle crime,Investigation complete; no suspect identified,
e0a7c836c03dd80c2d4256b053d0d5e274b3220521e098d07f51e986d3a55ef2,2024-10,Northumbria Police,Northumbria Police,-1.666744,55.012354,On or near Parking Area,E01008294,Newcastle upon Tyne 033D,Violence and sexual offences,Investigation complete; no suspect identified,
,2024-10,Northumbria Police,Northumbria Police,-1.582198,54.981908,On or near Stannington Avenue,E01008412,Newcastle upon Tyne 034A,Anti-social behaviour,,
,2024-10,Northumbria Police,Northumbria Police,-1.583418,54.980250,On or near Falmouth Road,E01008412,Newcastle upon Tyne 034A,Anti-social behaviour,,
,2024-10,Northumbria Police,Northumbria Police,-1.582198,54.981908,On or near Stannington Avenue,E01008412,Newcastle upon Tyne 034A,Anti-social behaviour,,
,2024-10,Northumbria Police,Northumbria Police,-1.582198,54.981908,On or near Stannington Avenue,E01008412,Newcastle upon Tyne 034A,Anti-social behaviour,,
,2024-10,Northumbria Police,Northumbria Police,-1.582198,54.981908,On or near Stannington Avenue,E01008412,Newcastle upon Tyne 034A,Anti-social behaviour,,
,2024-10,Northumbria Police,Northumbria Police,-1.582198,54.981908,On or near Stannington Avenue,E01008412,Newcastle upon Tyne 034A,Anti-social behaviour,,
1746629324cdd13d2288e013e200a8db2f308c5183a54c1ead8594ec23842297,2024-10,Northumbria Police,Northumbria Police,-1.582198,54.981908,On or near Stannington Avenue,E01008412,Newcastle upon Tyne 034A,Bicycle theft,Investigation complete; no suspect identified,
7d6b4940e4251c8ed2962c5ab20a56a036d2e294adc6a62e0436c307ec3c39a1,2024-10,Northumbria Police,Northumbria Police,-1.584957,54.980965,On or near Wandsworth Road,E01008412,Newcastle upon Tyne 034A,Bicycle theft,Investigation complete; no suspect identified,
da4e1ea72ecfa09c21e7cfd356a8b94b7dac25bdfcd9c44e71d980d097638427,2024-10,Northumbria Police,Northumbria Police,-1.582198,54.981908,On or near Stannington Avenue,E01008412,Newcastle upon Tyne 034A,Burglary,Investigation complete; no suspect identified,
38d93705b52fcb8048d283d31561b20b072461a883ff33b5ee8ea8c854829fdd,2024-10,Northumbria Police,Northumbria Police,-1.581892,54.984234,On or near Heaton Road,E01008412,Newcastle upon Tyne 034A,Criminal damage and arson,Investigation complete; no suspect identified,
ed72934f03dc04000881d66def03935ed3ff603952c6b26a1982d1c97c8cd8ee,2024-10,Northumbria Police,Northumbria Police,-1.586698,54.981843,On or near Parking Area,E01008412,Newcastle upon Tyne 034A,Criminal damage and arson,Investigation complete; no suspect identified,
18b89a347ce702f58da408d3b2ac588483349c883ed5475f30fb42832b332dca,2024-10,Northumbria Police,Northumbria Police,-1.586698,54.981843,On or near Parking Area,E01008412,Newcastle upon Tyne 034A,Criminal damage and arson,Investigation complete; no suspect identified,
bc12b7edc4f88a42d036534bf85500837eda4612cb163a93a15836ee6db76892,2024-10,Northumbria Police,Northumbria Police,-1.583418,54.980250,On or near Falmouth Road,E01008412,Newcastle upon Tyne 034A,Other theft,Investigation complete; no suspect identified,
4b4dca941337ab616b65b243199795515db6329e19e92a55c1f7b9c36dfd4bc6,2024-10,Northumbria Police,Northumbria Police,-1.583589,54.983297,On or near Shaftesbury Grove,E01008412,Newcastle upon Tyne 034A,Public order,Investigation complete; no suspect identified,
6d09f401955ccc6e86ed5aa45268f258a4a071b410e662dbcd18b28475f591fc,2024-10,Northumbria Police,Northumbria Police,-1.586698,54.981843,On or near Parking Area,E01008412,Newcastle upon Tyne 034A,Violence and sexual offences,Status update unavailable,
7a20f2f9ce34dbc46bec9ebf778af63eb11cb49a1d9bc47813ece24fc89b46f2,2024-10,Northumbria Police,Northumbria Police,-1.583789,54.985202,On or near Jesmond Vale Lane,E01008412,Newcastle upon Tyne 034A,Violence and sexual offences,Status update unavailable,
982673a4e1d0902694c4d6146d767be1c6695b383f3f4bf7b39e73a5dc67cb9c,2024-10,Northumbria Police,Northumbria Police,-1.583789,54.985202,On or near Jesmond Vale Lane,E01008412,Newcastle upon Tyne 034A,Violence and sexual offences,Status update unavailable,
9ededa59d28678bb2deec7e324d047db618b68435a51c75d1450a7aad89ba863,2024-10,Northumbria Police,Northumbria Police,-1.582845,54.982719,On or near Tintern Crescent,E01008412,Newcastle upon Tyne 034A,Violence and sexual offences,Investigation complete; no suspect identified,
97a279421bd38d19f60d960b64b8cdcaf5303032833b308129fef8d180fa12ed,2024-10,Northumbria Police,Northumbria Police,-1.586698,54.981843,On or near Parking Area,E01008412,Newcastle upon Tyne 034A,Violence and sexual offences,Investigation complete; no suspect identified,
0f037ae5a725648b03076e5b7cf9f323512dec0bc6a7b3378f193de4801d8212,2024-10,Northumbria Police,Northumbria Police,-1.583789,54.985202,On or near Jesmond Vale Lane,E01008412,Newcastle upon Tyne 034A,Violence and sexual offences,Status update unavailable,
,2024-10,Northumbria Police,Northumbria Police,-1.590155,54.984532,On or near Fore Street,E01008410,Newcastle upon Tyne 034B,Anti-social behaviour,,
,2024-10,Northumbria Police,Northumbria Police,-1.590155,54.984532,On or near Fore Street,E01008410,Newcastle upon Tyne 034B,Anti-social behaviour,,
852291ccda1edfce5230e4b79132e668d3fa3a19af9778084493fd41eaa40272,2024-10,Northumbria Police,Northumbria Police,-1.592557,54.980371,On or near Stratford Grove West,E01008410,Newcastle upon Tyne 034B,Criminal damage and arson,Investigation complete; no suspect identified,
4aab09ac8f2b8657227dda9d80ee2c004a93635055cccd101daf72d9157d05d1,2024-10,Northumbria Police,Northumbria Police,-1.592557,54.980371,On or near Stratford Grove West,E01008410,Newcastle upon Tyne 034B,Criminal damage and arson,Investigation complete; no suspect identified,
0b5335d9231c1cfed8b917d7a06d97056604d5203c6c6e211ea0f082b129959e,2024-10,Northumbria Police,Northumbria Police,-1.597328,54.979838,On or near Dinsdale Place,E01008410,Newcastle upon Tyne 034B,Drugs,Investigation complete; no suspect identified,
da263bdc06693453bda800e809094a4227d2febb73ae714c39010c90fdd2f2ac,2024-10,Northumbria Police,Northumbria Police,-1.590155,54.984532,On or near Fore Street,E01008410,Newcastle upon Tyne 034B,Vehicle crime,Investigation complete; no suspect identified,
c0be174f34a6c6c8b24edf2b8c2fb60cf616e4065b5a90d2ead3fde6cb66fe3a,2024-10,Northumbria Police,Northumbria Police,-1.599049,54.979556,On or near Rosedale Terrace,E01008410,Newcastle upon Tyne 034B,Vehicle crime,Investigation complete; no suspect identified,
26f58f36e81d74c711e3411c59509a746ff660704406932e65590666920cd6b7,2024-10,Northumbria Police,Northumbria Police,-1.595054,54.976048,On or near Stepney Road,E01008410,Newcastle upon Tyne 034B,Violence and sexual offences,Investigation complete; no suspect identified,
a2f5bb4d242e2b2189de2569a4ed94f86a6f9ee64bbd39946242a00466f5fbe6,2024-10,Northumbria Police,Northumbria Police,-1.590155,54.984532,On or near Fore Street,E01008410,Newcastle upon Tyne 034B,Violence and sexual offences,Investigation complete; no suspect identified,
,2024-10,Northumbria Police,Northumbria Police,-1.587488,54.979482,On or near Bolingbroke Street,E01008413,Newcastle upon Tyne 034C,Anti-social behaviour,,
,2024-10,Northumbria Police,Northumbria Police,-1.587488,54.979482,On or near Bolingbroke Street,E01008413,Newcastle upon Tyne 034C,Anti-social behaviour,,
,2024-10,Northumbria Police,Northumbria Police,-1.590391,54.979779,On or near Stratford Road,E01008413,Newcastle upon Tyne 034C,Anti-social behaviour,,
,2024-10,Northumbria Police,Northumbria Police,-1.590391,54.979779,On or near Stratford Road,E01008413,Newcastle upon Tyne 034C,Anti-social behaviour,,
8605f5a1d5e36cd5d57ff6aeb662576fcaa9ee23a77d5bd75f504439493b1efd,2024-10,Northumbria Police,Northumbria Police,-1.590250,54.979824,On or near Hotspur Street,E01008413,Newcastle upon Tyne 034C,Bicycle theft,Investigation complete; no suspect identified,
afd6bc5bc6640af78f0a4385b24654715ca3877c47d398fa1ac802cbc101e445,2024-10,Northumbria Police,Northumbria Police,-1.582985,54.979754,On or near Heaton Grove,E01008413,Newcastle upon Tyne 034C,Bicycle theft,Investigation complete; no suspect identified,
2bb09a813b7fde8fd6b849204f365e4fc2b04c512411e121c7eb8718deee6255,2024-10,Northumbria Police,Northumbria Police,-1.590391,54.979779,On or near Stratford Road,E01008413,Newcastle upon Tyne 034C,Bicycle theft,Investigation complete; no suspect identified,
483642b9deb21ce01d49d2e67b69dda27ccf52bcc5160c94508a8d99170e4670,2024-10,Northumbria Police,Northumbria Police,-1.587488,54.979482,On or near Bolingbroke Street,E01008413,Newcastle upon Tyne 034C,Bicycle theft,Investigation complete; no suspect identified,
3b22b477ec178b4912e4dbf6242f58cf3c8a4a60827d144f5be9d63b51cbc463,2024-10,Northumbria Police,Northumbria Police,-1.587488,54.979482,On or near Bolingbroke Street,E01008413,Newcastle upon Tyne 034C,Bicycle theft,Investigation complete; no suspect identified,
aac5ef2b9563dc10ad8479369b436fae86d9c5c9263959366d46303ebb674b18,2024-10,Northumbria Police,Northumbria Police,-1.590391,54.979779,On or near Stratford Road,E01008413,Newcastle upon Tyne 034C,Criminal damage and arson,Status update unavailable,
3b06a830ad375f7284f62ffff6c411f8403461e7970916eb23bc9af9550fc4da,2024-10,Northumbria Police,Northumbria Police,-1.587736,54.978171,On or near South View West,E01008413,Newcastle upon Tyne 034C,Criminal damage and arson,Investigation complete; no suspect identified,
f5e342c35da449adec5895d8e8073c34bb707aea544cb0d465b756e6145e29ef,2024-10,Northumbria Police,Northumbria Police,-1.587488,54.979482,On or near Bolingbroke Street,E01008413,Newcastle upon Tyne 034C,Criminal damage and arson,Investigation complete; no suspect identified,
df7307362160c6e74cab2c330bdce32a646a20b41f7521d6dc754838708d8a19,2024-10,Northumbria Police,Northumbria Police,-1.589927,54.979310,On or near Mowbray Street,E01008413,Newcastle upon Tyne 034C,Public order,Status update unavailable,
70bb3c18fef6b60e5a1971b8db057e183eb06e7bc5b69cc6f181da4bcf2e5436,2024-10,Northumbria Police,Northumbria Police,-1.583318,54.980878,On or near Cardigan Terrace,E01008413,Newcastle upon Tyne 034C,Public order,Investigation complete; no suspect identified,
b47fcb32e3983313f299416cedcb7048838422c28f85dcfb01bed40601be7bd7,2024-10,Northumbria Police,Northumbria Police,-1.590250,54.979824,On or near Hotspur Street,E01008413,Newcastle upon Tyne 034C,Public order,Status update unavailable,
602f1e0b66f9726bac8030b3194d812b099e6a8283d2330a37bf2688331d64b5,2024-10,Northumbria Police,Northumbria Police,-1.590391,54.979779,On or near Stratford Road,E01008413,Newcastle upon Tyne 034C,Theft from the person,Investigation complete; no suspect identified,
94a655ef89641b3638d19dd94e301e36594dc0954b4849e2db7ebdd708bb6077,2024-10,Northumbria Police,Northumbria Police,-1.587488,54.979482,On or near Bolingbroke Street,E01008413,Newcastle upon Tyne 034C,Theft from the person,Status update unavailable,
fa3194a5f92a1f6391b2f5c1611b5b188e0eb8e22eef5063e3d8c3fc7baf60a1,2024-10,Northumbria Police,Northumbria Police,-1.587495,54.978835,On or near Malcolm Street,E01008413,Newcastle upon Tyne 034C,Vehicle crime,Investigation complete; no suspect identified,
0b69ad41c1367013e73d11421b4308ee8b73953fab2e62ffcc51e2efc16243be,2024-10,Northumbria Police,Northumbria Police,-1.587488,54.979482,On or near Bolingbroke Street,E01008413,Newcastle upon Tyne 034C,Violence and sexual offences,Status update unavailable,
,2024-10,Northumbria Police,Northumbria Police,-1.602087,54.982092,On or near Hutton Terrace,E01008407,Newcastle upon Tyne 034D,Anti-social behaviour,,
,2024-10,Northumbria Police,Northumbria Police,-1.603657,54.979751,On or near Gladstone Terrace,E01008407,Newcastle upon Tyne 034D,Anti-social behaviour,,
588c6bcba4ff089fbe594a777ce8531f1c86db011258a9f26a19ae0e742d8c40,2024-10,Northumbria Police,Northumbria Police,-1.604357,54.981596,On or near Parking Area,E01008407,Newcastle upon Tyne 034D,Bicycle theft,Investigation complete; no suspect identified,
29c8934e15cf750edab4fea00cf40a3006e013152186fe2c638daedca2b60510,2024-10,Northumbria Police,Northumbria Police,-1.604413,54.982315,On or near Osborne Terrace,E01008407,Newcastle upon Tyne 034D,Criminal damage and arson,Court result unavailable,
4dba5dc3ff1abed59b8ca8062ef0ad3e5b8085d2f6b9106017ecdab5b49c0fc1,2024-10,Northumbria Police,Northumbria Police,-1.603097,54.981070,On or near Sandyford Road,E01008407,Newcastle upon Tyne 034D,Shoplifting,Investigation complete; no suspect identified,
31b31239ee5737e54080495782c75e58e6ee7099a27d922aea044aa3786f8991,2024-10,Northumbria Police,Northumbria Police,-1.603097,54.981070,On or near Sandyford Road,E01008407,Newcastle upon Tyne 034D,Shoplifting,Investigation complete; no suspect identified,
585aa52fb3ec1daca9cf243abb4d8a150247f2bd3da1d09c9fb5ab792f9eb54f,2024-10,Northumbria Police,Northumbria Police,-1.599743,54.980547,On or near Portland Mews,E01008407,Newcastle upon Tyne 034D,Vehicle crime,Investigation complete; no suspect identified,
7ea8d509ae832999d8fac48e5e4017334e8369c03854566c6686ef373836ebd5,2024-10,Northumbria Police,Northumbria Police,-1.603246,54.978618,On or near Byron Street,E01008407,Newcastle upon Tyne 034D,Violence and sexual offences,Investigation complete; no suspect identified,
d14d56579939d74f1ee16ae2d3f2b7bf9003538d0a06d58c2aed582074c4080a,2024-10,Northumbria Police,Northumbria Police,-1.605565,54.981123,On or near Archbold Terrace,E01008407,Newcastle upon Tyne 034D,Violence and sexual offences,Investigation complete; no suspect identified,
d68b42d2dc194439a628e32a1dc3a8d30fba3d8018e3359bcd5391855eb75811,2024-10,Northumbria Police,Northumbria Police,-1.603657,54.979751,On or near Gladstone Terrace,E01008407,Newcastle upon Tyne 034D,Violence and sexual offences,Investigation complete; no suspect identified,
,2024-10,Northumbria Police,Northumbria Police,-1.558197,54.981895,On or near A187,E01008392,Newcastle upon Tyne 035A,Anti-social behaviour,,
,2024-10,Northumbria Police,Northumbria Police,-1.558197,54.981895,On or near A187,E01008392,Newcastle upon Tyne 035A,Anti-social behaviour,,
,2024-10,Northumbria Police,Northumbria Police,-1.562230,54.980328,On or near Wall Terrace,E01008392,Newcastle upon Tyne 035A,Anti-social behaviour,,
,2024-10,Northumbria Police,Northumbria Police,-1.573178,54.979298,On or near Supermarket,E01008392,Newcastle upon Tyne 035A,Anti-social behaviour,,
,2024-10,Northumbria Police,Northumbria Police,-1.563831,54.984009,On or near Bus/Coach Station,E01008392,Newcastle upon Tyne 035A,Anti-social behaviour,,
,2024-10,Northumbria Police,Northumbria Police,-1.558197,54.981895,On or near A187,E01008392,Newcastle upon Tyne 035A,Anti-social behaviour,,
f5eb84384120f4250337d72f5ce1e14e26e7d30257af8dc85b99442cff9aef8b,2024-10,Northumbria Police,Northumbria Police,-1.560757,54.983567,On or near Walpole Street,E01008392,Newcastle upon Tyne 035A,Burglary,Investigation complete; no suspect identified,
1e1877c4d49a586c7b2f1cd79e1c9d54cb2574d0438d86a8b777b9bded6428d4,2024-10,Northumbria Police,Northumbria Police,-1.560757,54.983567,On or near Walpole Street,E01008392,Newcastle upon Tyne 035A,Burglary,Investigation complete; no suspect identified,
17f496750166e41ada54af24cbd77b83452ae764a91e5c1d5b243084932c4117,2024-10,Northumbria Police,Northumbria Police,-1.560757,54.983567,On or near Walpole Street,E01008392,Newcastle upon Tyne 035A,Burglary,Investigation complete; no suspect identified,
ea25bf0bd6a31c7ccb49a394c77044793a3ac8a2d0a89a7340c905e5682edba7,2024-10,Northumbria Police,Northumbria Police,-1.566024,54.976199,On or near Blount Street,E01008392,Newcastle upon Tyne 035A,Criminal damage and arson,Investigation complete; no suspect identified,
06c030d3bd0c76e8a31cc262c23191cf509b4f8b1d1f71c682904460a5a339e1,2024-10,Northumbria Police,Northumbria Police,-1.566024,54.976199,On or near Blount Street,E01008392,Newcastle upon Tyne 035A,Criminal damage and arson,Investigation complete; no suspect identified,
ab91f2bb65943c008ac9ef7451d2e5dab4c302d884f9340888593c62b574aaf5,2024-10,Northumbria Police,Northumbria Police,-1.560757,54.983567,On or near Walpole Street,E01008392,Newcastle upon Tyne 035A,Drugs,Investigation complete; no suspect identified,
5adbdcfd6f652c8d3b0ebcd2d48af7f913530f29ed0b302a63b0b805cb911213,2024-10,Northumbria Police,Northumbria Police,-1.561227,54.984481,On or near Supermarket,E01008392,Newcastle upon Tyne 035A,Drugs,Status update unavailable,
0ba84ce1a4563e563e3fb1903be1806f886db66d8ff38e6b14745e3434b39d7f,2024-10,Northumbria Police,Northumbria Police,-1.560757,54.983567,On or near Walpole Street,E01008392,Newcastle upon Tyne 035A,Drugs,Investigation complete; no suspect identified,
b88d1f7c23e9e76805749955e19dc960f9db82285b538f658ed1ace453032789,2024-10,Northumbria Police,Northumbria Police,-1.560757,54.983567,On or near Walpole Street,E01008392,Newcastle upon Tyne 035A,Drugs,Investigation complete; no suspect identified,
bb2511d35d6d24088b1b4ed7d6cac546cbcf7650ab006aef4a89c91183e753d1,2024-10,Northumbria Police,Northumbria Police,-1.560055,54.984858,On or near Walkergate Mews,E01008392,Newcastle upon Tyne 035A,Drugs,Investigation complete; no suspect identified,
996c672e0946cc29b818784d847011c07bb5bb0a3badd4c751b22a222e58b485,2024-10,Northumbria Police,Northumbria Police,-1.560757,54.983567,On or near Walpole Street,E01008392,Newcastle upon Tyne 035A,Drugs,Investigation complete; no suspect identified,
4db4bb2e53b72b848f97c9e4700a1555e8095c02a8f01b44f3031ae468a33dba,2024-10,Northumbria Police,Northumbria Police,-1.569358,54.977065,On or near Lawson Gardens,E01008392,Newcastle upon Tyne 035A,Other theft,Investigation complete; no suspect identified,
a6afa5aad539dee11dfd35d2d80fa45d35c6ad5f5f3b3c07bf72679644464486,2024-10,Northumbria Police,Northumbria Police,-1.561227,54.984481,On or near Supermarket,E01008392,Newcastle upon Tyne 035A,Other theft,Investigation complete; no suspect identified,
2e592b98deb2292e3ed9e1bb5cb410d2bedb9a21a1a108769f812e1a803e37d6,2024-10,Northumbria Police,Northumbria Police,-1.561227,54.984481,On or near Supermarket,E01008392,Newcastle upon Tyne 035A,Public order,Investigation complete; no suspect identified,
b3b0f3c22f1f3fd37e52f417acc100b87e2d4529cf83e7e3247d2f9dc31aa826,2024-10,Northumbria Police,Northumbria Police,-1.561227,54.984481,On or near Supermarket,E01008392,Newcastle upon Tyne 035A,Public order,Investigation complete; no suspect identified,
0d5f7c79110a9997714ff5c91f04bd3f5b00a84e23a42c4a2489ac610eae6093,2024-10,Northumbria Police,Northumbria Police,-1.561227,54.984481,On or near Supermarket,E01008392,Newcastle upon Tyne 035A,Public order,Investigation complete; no suspect identified,
fcaaee501a15377057500a93282418cd6cd07307fe6465ba619a397158f3f427,2024-10,Northumbria Police,Northumbria Police,-1.571895,54.976579,On or near Union Road,E01008392,Newcastle upon Tyne 035A,Public order,Investigation complete; no suspect identified,
366f2e810b5dcc0b613d9783ee89de063fcdd767c02e53751783118be3395fd9,2024-10,Northumbria Police,Northumbria Police,-1.569358,54.977065,On or near Lawson Gardens,E01008392,Newcastle upon Tyne 035A,Public order,Court result unavailable,
42b8c9b491868dc007385014db8fef2b5cede58eff955a690a64625b352ca6da,2024-10,Northumbria Police,Northumbria Police,-1.559520,54.985261,On or near Walkergate,E01008392,Newcastle upon Tyne 035A,Public order,Status update unavailable,
dd075b6d53bdb6a441bb32be9f830f46c69a71bb5019938b274ffb85df948ab7,2024-10,Northumbria Police,Northumbria Police,-1.573178,54.979298,On or near Supermarket,E01008392,Newcastle upon Tyne 035A,Public order,Status update unavailable,
8b773b6721108579e3d5bdbbee04db9339f952528c405feb348c2243b41ea099,2024-10,Northumbria Police,Northumbria Police,-1.571895,54.976579,On or near Union Road,E01008392,Newcastle upon Tyne 035A,Shoplifting,Court result unavailable,
c7ac7b575410af2f792c0f99a8549b90c865729c6e7a8ba42cb81cf6229eb998,2024-10,Northumbria Police,Northumbria Police,-1.573178,54.979298,On or near Supermarket,E01008392,Newcastle upon Tyne 035A,Shoplifting,Status update unavailable,
3b8d83073cb7110b8e92f8cb88bb1b15b39982e77a58a86ce5391c08baac54ec,2024-10,Northumbria Police,Northumbria Police,-1.571341,54.980145,On or near Shopping Area,E01008392,Newcastle upon Tyne 035A,Shoplifting,Investigation complete; no suspect identified,
39433710939c70a5166853f70aaf03fb04cd6b3e38c6681fc71ca0bc7616972d,2024-10,Northumbria Police,Northumbria Police,-1.571895,54.976579,On or near Union Road,E01008392,Newcastle upon Tyne 035A,Shoplifting,Investigation complete; no suspect identified,
b7b7acefda5fa8bd75fa6cb44c4d34c98ed53bc54c70e1e1bafc0491481915d3,2024-10,Northumbria Police,Northumbria Police,-1.571895,54.976579,On or near Union Road,E01008392,Newcastle upon Tyne 035A,Shoplifting,Investigation complete; no suspect identified,
879b1c71b315f319ad997d6a90ab34212155318171fc33f0bd0056e0b7ca62c8,2024-10,Northumbria Police,Northumbria Police,-1.571895,54.976579,On or near Union Road,E01008392,Newcastle upon Tyne 035A,Shoplifting,Court result unavailable,
cbf6c3cf524aaec80664bcecec9fe468e7f222edd62290dc1268ec67cde2aa35,2024-10,Northumbria Police,Northumbria Police,-1.571895,54.976579,On or near Union Road,E01008392,Newcastle upon Tyne 035A,Shoplifting,Investigation complete; no suspect identified,
cbed0bef6dde8b0dc490af4e9a87fd08c39d5821fb9bff49eec646463c40ca44,2024-10,Northumbria Police,Northumbria Police,-1.571895,54.976579,On or near Union Road,E01008392,Newcastle upon Tyne 035A,Shoplifting,Investigation complete; no suspect identified,
077da7a0dad533ed3f21b85966242ee6096def91ed4a3ab40df4d68053ba7d78,2024-10,Northumbria Police,Northumbria Police,-1.571895,54.976579,On or near Union Road,E01008392,Newcastle upon Tyne 035A,Shoplifting,Investigation complete; no suspect identified,
82e3f35194feb0a94d21179bbed39b221db6af6e77050a7368ed78c667cc1f0d,2024-10,Northumbria Police,Northumbria Police,-1.571895,54.976579,On or near Union Road,E01008392,Newcastle upon Tyne 035A,Shoplifting,Investigation complete; no suspect identified,
b1a4c5237a93913c9314c59f22766c20c271eed592b8fd6012eb420dec37879a,2024-10,Northumbria Police,Northumbria Police,-1.571895,54.976579,On or near Union Road,E01008392,Newcastle upon Tyne 035A,Shoplifting,Investigation complete; no suspect identified,
4d5229de7b51514a7521d284a08ac6e20c41cb3a590dbc9f7832931f751a4073,2024-10,Northumbria Police,Northumbria Police,-1.561227,54.984481,On or near Supermarket,E01008392,Newcastle upon Tyne 035A,Shoplifting,Investigation complete; no suspect identified,
9e7ce4211df0d3f3f8904f2c37a4ab7c015ea43f04c59a5020c79092908c1e8a,2024-10,Northumbria Police,Northumbria Police,-1.571895,54.976579,On or near Union Road,E01008392,Newcastle upon Tyne 035A,Shoplifting,Investigation complete; no suspect identified,
b447669454aaa9de01d211c1016d46bbc35677d4eea35941e53f928d032cbaa4,2024-10,Northumbria Police,Northumbria Police,-1.571341,54.980145,On or near Shopping Area,E01008392,Newcastle upon Tyne 035A,Shoplifting,Court result unavailable,
d20f5ed1ee295479f6bfa7162e5a9932fed8611f070219a72d868a05c0c2bea6,2024-10,Northumbria Police,Northumbria Police,-1.571895,54.976579,On or near Union Road,E01008392,Newcastle upon Tyne 035A,Shoplifting,Investigation complete; no suspect identified,
8c9241ae94de2fea9cba7daef8b294375e4275519afb770149659c9618dc59ca,2024-10,Northumbria Police,Northumbria Police,-1.571895,54.976579,On or near Union Road,E01008392,Newcastle upon Tyne 035A,Shoplifting,Investigation complete; no suspect identified,
923a419a19ed24b302c3fd527a22da122fa1cfdde0727a09e2a051a22f1d5c49,2024-10,Northumbria Police,Northumbria Police,-1.561227,54.984481,On or near Supermarket,E01008392,Newcastle upon Tyne 035A,Shoplifting,Investigation complete; no suspect identified,
58c0179b5c6af986c829992d021be5d80a88a99601cd4309f77409f41f1078ff,2024-10,Northumbria Police,Northumbria Police,-1.571895,54.976579,On or near Union Road,E01008392,Newcastle upon Tyne 035A,Shoplifting,Offender given a caution,
82ff881d9e80166354937f1eae2472b29d90e3a26abaa6d9f6827e556f788a38,2024-10,Northumbria Police,Northumbria Police,-1.571895,54.976579,On or near Union Road,E01008392,Newcastle upon Tyne 035A,Shoplifting,Offender given a caution,
0195e6327f84534903e35b324490c98a7a914d28cf04e292e8c90e6617684032,2024-10,Northumbria Police,Northumbria Police,-1.571895,54.976579,On or near Union Road,E01008392,Newcastle upon Tyne 035A,Shoplifting,Investigation complete; no suspect identified,
ebc47004fc0d74dd9b8bbbb2a25e5c4bc7b2ca79ef9804f49604cd6fe0afba08,2024-10,Northumbria Police,Northumbria Police,-1.571341,54.980145,On or near Shopping Area,E01008392,Newcastle upon Tyne 035A,Shoplifting,Court result unavailable,
2059b7d4b39cd14e1fc42315a815987fc477718dede92a9630a0fcc672df057f,2024-10,Northumbria Police,Northumbria Police,-1.571341,54.980145,On or near Shopping Area,E01008392,Newcastle upon Tyne 035A,Shoplifting,Court result unavailable,
8a53f467099a54f0b1890b8cfaf621cb353545f3ab684bc7276923be3b1dc41b,2024-10,Northumbria Police,Northumbria Police,-1.571895,54.976579,On or near Union Road,E01008392,Newcastle upon Tyne 035A,Shoplifting,Investigation complete; no suspect identified,
2b3087dd3b12c95dd277e606c329961ffa982b15b04526076f91503f8d32f2f7,2024-10,Northumbria Police,Northumbria Police,-1.571895,54.976579,On or near Union Road,E01008392,Newcastle upon Tyne 035A,Shoplifting,Investigation complete; no suspect identified,
991c870fb4d0275138e49f878db9b6b846a1d618cdb212b74d62995166936a0c,2024-10,Northumbria Police,Northumbria Police,-1.571895,54.976579,On or near Union Road,E01008392,Newcastle upon Tyne 035A,Shoplifting,Status update unavailable,
d47dc31cdaede916256d3594917b70c7856ce64c1de92a980a696468a61a116d,2024-10,Northumbria Police,Northumbria Police,-1.571895,54.976579,On or near Union Road,E01008392,Newcastle upon Tyne 035A,Shoplifting,Investigation complete; no suspect identified,
1c76b832180297b8feb6302c36b80f965c37fb74319e74e6fb3f8b198698c7b3,2024-10,Northumbria Police,Northumbria Police,-1.571895,54.976579,On or near Union Road,E01008392,Newcastle upon Tyne 035A,Shoplifting,Investigation complete; no suspect identified,
5ba6b1d7ea7e44560f573500505a65b870c51fb09de07cc8d5ccf0ddf18199fc,2024-10,Northumbria Police,Northumbria Police,-1.571895,54.976579,On or near Union Road,E01008392,Newcastle upon Tyne 035A,Shoplifting,Investigation complete; no suspect identified,
941545f29d03d21fa6f3ee85955d2a61296a89f65ed52f8cc52554d56582dedc,2024-10,Northumbria Police,Northumbria Police,-1.573178,54.979298,On or near Supermarket,E01008392,Newcastle upon Tyne 035A,Shoplifting,Status update unavailable,
e2a62fc5728b42ce96fe6af1833d263050e47bc57f829aa515a5add6b6ddc352,2024-10,Northumbria Police,Northumbria Police,-1.571895,54.976579,On or near Union Road,E01008392,Newcastle upon Tyne 035A,Shoplifting,Court result unavailable,
688a203aa6b81bc9ae292745746e68aab316f9701778a59bd0a7f63f3a37d24c,2024-10,Northumbria Police,Northumbria Police,-1.571341,54.980145,On or near Shopping Area,E01008392,Newcastle upon Tyne 035A,Shoplifting,Court result unavailable,
553fa5779ff61365eeea08efc9bb3123c9b3566bbc407e582eae1492be6c9178,2024-10,Northumbria Police,Northumbria Police,-1.571895,54.976579,On or near Union Road,E01008392,Newcastle upon Tyne 035A,Shoplifting,Investigation complete; no suspect identified,
8949ec6ab898ebd8ff3b51cc8f3d388bc06fd0a3bb92865f82302807d7771058,2024-10,Northumbria Police,Northumbria Police,-1.571341,54.980145,On or near Shopping Area,E01008392,Newcastle upon Tyne 035A,Shoplifting,Status update unavailable,
5ce4f8ac7a8518045dbc6416ccd36fc37ee2246b12fd6ff698e12f5cdc9f736b,2024-10,Northumbria Police,Northumbria Police,-1.571341,54.980145,On or near Shopping Area,E01008392,Newcastle upon Tyne 035A,Shoplifting,Investigation complete; no suspect identified,
faf3b345ed87cc97deaa6675fc96aa0dbb2e7cb4bad3ce211a6ca20f5678fe69,2024-10,Northumbria Police,Northumbria Police,-1.571341,54.980145,On or near Shopping Area,E01008392,Newcastle upon Tyne 035A,Shoplifting,Court result unavailable,
0f7d61750851c33409fba156f1b949598f3b8c0355169b75296b94f19feda151,2024-10,Northumbria Police,Northumbria Police,-1.571341,54.980145,On or near Shopping Area,E01008392,Newcastle upon Tyne 035A,Shoplifting,Court result unavailable,
ab29c4e2cc98bb391c910caf17923dd3003c9e25c76b53d09cbf812d49024dbf,2024-10,Northumbria Police,Northumbria Police,-1.573178,54.979298,On or near Supermarket,E01008392,Newcastle upon Tyne 035A,Shoplifting,Status update unavailable,
447154913ef013855303a926ebb263e99c0fe84ea7dc6cd94af3bbb4dc13f879,2024-10,Northumbria Police,Northumbria Police,-1.571719,54.979325,On or near Shopping Area,E01008392,Newcastle upon Tyne 035A,Shoplifting,Status update unavailable,
28956b7d6070cae62eb6e5aea5a0b9b9c6bd5e4ac39b6034170da29c2efe9d81,2024-10,Northumbria Police,Northumbria Police,-1.573178,54.979298,On or near Supermarket,E01008392,Newcastle upon Tyne 035A,Shoplifting,Status update unavailable,
036edb81ac3cc16be12b4a8fa8720ab69ca640063235f6a44600c0000135dde9,2024-10,Northumbria Police,Northumbria Police,-1.573178,54.979298,On or near Supermarket,E01008392,Newcastle upon Tyne 035A,Shoplifting,Status update unavailable,
43e3de0b96d8f1f8b9ab4327f49f5866a39770eb61a40a509c8b7f65e4078ce8,2024-10,Northumbria Police,Northumbria Police,-1.560055,54.984858,On or near Walkergate Mews,E01008392,Newcastle upon Tyne 035A,Vehicle crime,Investigation complete; no suspect identified,
7c99918e07dc20dd9c85454d00440701b0767ea69152c7f7206d7a061db7e927,2024-10,Northumbria Police,Northumbria Police,-1.558519,54.981043,On or near Thorne Terrace,E01008392,Newcastle upon Tyne 035A,Violence and sexual offences,Status update unavailable,
eb24ee16438d60ae1c6e257d9fa5a65aa5fe5ae9b9d23b0a91298a7f602e7619,2024-10,Northumbria Police,Northumbria Police,-1.566933,54.978835,On or near Brough Park Way,E01008392,Newcastle upon Tyne 035A,Violence and sexual offences,Status update unavailable,
078bfa026f1d73016d0ca5cf58daade9bde46cb50b590befea8b6c59936f7dfe,2024-10,Northumbria Police,Northumbria Police,-1.560757,54.983567,On or near Walpole Street,E01008392,Newcastle upon Tyne 035A,Violence and sexual offences,Status update unavailable,
0f7f4c2c800b11b30dfb54007669e9a9ace85ede1628ba28de17f1ec43a56477,2024-10,Northumbria Police,Northumbria Police,-1.560140,54.979988,On or near St Oswald'S Green,E01008392,Newcastle upon Tyne 035A,Violence and sexual offences,Investigation complete; no suspect identified,
202c623e7a484d7827f1d7f3baba5b285c511a325cb7c28822ff254198409e72,2024-10,Northumbria Police,Northumbria Police,-1.559401,54.983301,On or near Sutton Street,E01008392,Newcastle upon Tyne 035A,Violence and sexual offences,Status update unavailable,
719855594f47d2fea320e4019b6b14df4ca8fb9d0284648ac6fc23696e8ef826,2024-10,Northumbria Police,Northumbria Police,-1.559401,54.983301,On or near Sutton Street,E01008392,Newcastle upon Tyne 035A,Violence and sexual offences,Investigation complete; no suspect identified,
afb152a7366c519c65188d9e00f37efe498ef093eee7d4b791c83463f12bce2c,2024-10,Northumbria Police,Northumbria Police,-1.561995,54.990446,On or near Benfield Road,E01008392,Newcastle upon Tyne 035A,Violence and sexual offences,Status update unavailable,
aa3a2b68baf3806f115af3dc803a8a976cf859bd533125b8fb6674496fd7a81b,2024-10,Northumbria Police,Northumbria Police,-1.561227,54.984481,On or near Supermarket,E01008392,Newcastle upon Tyne 035A,Violence and sexual offences,Investigation complete; no suspect identified,
a872425aa93f0145aac11f1a9f7611f88fc14bc77ff35d8336caedf077bab665,2024-10,Northumbria Police,Northumbria Police,-1.560757,54.983567,On or near Walpole Street,E01008392,Newcastle upon Tyne 035A,Violence and sexual offences,Status update unavailable,
e6f8fa1448e94c3e0683efbe82de56ba4ec5566d552e4bcbd9c10b8a802cf648,2024-10,Northumbria Police,Northumbria Police,-1.568161,54.976575,On or near Grace Street,E01008392,Newcastle upon Tyne 035A,Violence and sexual offences,Investigation complete; no suspect identified,
31e6f4b005698cb842e4adecc22ea7f0c763bbc9967b86b32e1f270f11b4833e,2024-10,Northumbria Police,Northumbria Police,-1.568161,54.976575,On or near Grace Street,E01008392,Newcastle upon Tyne 035A,Violence and sexual offences,Status update unavailable,
9d32eaef7aa0011e8f85d16bfb7f3f68995a73f2eb9db014ff5ea541cc73a65b,2024-10,Northumbria Police,Northumbria Police,-1.573178,54.979298,On or near Supermarket,E01008392,Newcastle upon Tyne 035A,Violence and sexual offences,Investigation complete; no suspect identified,
9e9c0e5be615eecb3c14553a238e7f6c81eb7727e4f6a7d740d1366843634e11,2024-10,Northumbria Police,Northumbria Police,-1.560129,54.981022,On or near Christopher Road,E01008392,Newcastle upon Tyne 035A,Violence and sexual offences,Investigation complete; no suspect identified,
1c0e18dc309e55f3f9fc691cd52598cc3dcf8a2253ffd237e734f8dada6ca4f4,2024-10,Northumbria Police,Northumbria Police,-1.561227,54.984481,On or near Supermarket,E01008392,Newcastle upon Tyne 035A,Violence and sexual offences,Investigation complete; no suspect identified,
651ffae7479d2862a2f59cbbe4fe571c3ea808b17603df64f695f9fa3f32d808,2024-10,Northumbria Police,Northumbria Police,-1.561227,54.984481,On or near Supermarket,E01008392,Newcastle upon Tyne 035A,Violence and sexual offences,Investigation complete; no suspect identified,
b2236266cfa36174d50a56c2cb4c28947d8256b7022a00f885154a3e8db051f7,2024-10,Northumbria Police,Northumbria Police,-1.571895,54.976579,On or near Union Road,E01008392,Newcastle upon Tyne 035A,Violence and sexual offences,Investigation complete; no suspect identified,
e6a9a04493dde35b6dda53e19133dc7ecf72be82abbfc6cc1c386a6f19507c84,2024-10,Northumbria Police,Northumbria Police,-1.560757,54.983567,On or near Walpole Street,E01008392,Newcastle upon Tyne 035A,Violence and sexual offences,Investigation complete; no suspect identified,
7bed65f4b9aa14b566d302ed37b381a9d832f4865cf5bbb317d11680582f225b,2024-10,Northumbria Police,Northumbria Police,-1.560757,54.983567,On or near Walpole Street,E01008392,Newcastle upon Tyne 035A,Violence and sexual offences,Status update unavailable,
90cac29538e17192998cfe8506f30ef1f11df910aa07474daf3cecba0eecbe43,2024-10,Northumbria Police,Northumbria Police,-1.560757,54.983567,On or near Walpole Street,E01008392,Newcastle upon Tyne 035A,Violence and sexual offences,Investigation complete; no suspect identified,
9d26b2e25d1f5500ad107b01ac7d198ffab9080aa1bae47bf70de2577c6407e7,2024-10,Northumbria Police,Northumbria Police,-1.566024,54.976199,On or near Blount Street,E01008392,Newcastle upon Tyne 035A,Violence and sexual offences,Status update unavailable,
,2024-10,Northumbria Police,Northumbria Police,-1.555801,54.982408,On or near Baret Road,E01008432,Newcastle upon Tyne 035B,Anti-social behaviour,,
f2a4ad62340ab3e47f47e63d3047c914d4a21fa12fb4a777256b9ca5951f23fc,2024-10,Northumbria Police,Northumbria Police,-1.557560,54.974461,On or near B1313,E01008432,Newcastle upon Tyne 035B,Public order,Investigation complete; no suspect identified,
865676e6dce0e84188c495cfc46b4ae47a0d75351c8f9c021932e2f8107a5d89,2024-10,Northumbria Police,Northumbria Police,-1.557560,54.974461,On or near B1313,E01008432,Newcastle upon Tyne 035B,Violence and sexual offences,Investigation complete; no suspect identified,
47570cf1feb0c2e754735ccb602ac29f3f0eda8306b60279c6918f57bd45e4f0,2024-10,Northumbria Police,Northumbria Police,-1.554851,54.977902,On or near Mead Walk,E01008432,Newcastle upon Tyne 035B,Violence and sexual offences,Status update unavailable,
917f73be2adf00fd9383bc129b6a5699772d675e0a99ceb685dd813b170f5061,2024-10,Northumbria Police,Northumbria Police,-1.554110,54.977028,On or near Langley Road,E01008432,Newcastle upon Tyne 035B,Violence and sexual offences,Status update unavailable,
7d932291446a16ac8f4962a04957172e1dd891b6c20ce89593b998b6a99047fe,2024-10,Northumbria Police,Northumbria Police,-1.555770,54.978157,On or near Sunnycrest Avenue,E01008432,Newcastle upon Tyne 035B,Violence and sexual offences,Status update unavailable,
bdb2f7d7153236218be7da69a080c7961894febc9e65636f3fa675ecf410b36d,2024-10,Northumbria Police,Northumbria Police,-1.555770,54.978157,On or near Sunnycrest Avenue,E01008432,Newcastle upon Tyne 035B,Other crime,Status update unavailable,
,2024-10,Northumbria Police,Northumbria Police,-1.559749,54.975718,On or near Hurst Terrace,E01008391,Newcastle upon Tyne 035C,Anti-social behaviour,,
302bb90bbf889e3c6aeacb60f2b56aad6b63f93437585705bb2ea414ecf21e54,2024-10,Northumbria Police,Northumbria Police,-1.560978,54.977646,On or near Roman Avenue,E01008391,Newcastle upon Tyne 035C,Burglary,Investigation complete; no suspect identified,
8ccc5acd2140866b8367e6bb5ca29168736833c79ae27912cf1766ade5a04df4,2024-10,Northumbria Police,Northumbria Police,-1.562549,54.978280,On or near Orpington Avenue,E01008391,Newcastle upon Tyne 035C,Criminal damage and arson,Investigation complete; no suspect identified,
38ea473fafcd47cb547bedd59eae51582b9be0a13dc85c296106c55c2f2448d7,2024-10,Northumbria Police,Northumbria Police,-1.559377,54.976876,On or near Ripley Terrace,E01008391,Newcastle upon Tyne 035C,Other theft,Investigation complete; no suspect identified,
ff5b57644622a9287b71e89e312c67e5ddb89013ceaf56c715f7396a36467f9b,2024-10,Northumbria Police,Northumbria Police,-1.557902,54.978893,On or near Ulverstone Terrace,E01008391,Newcastle upon Tyne 035C,Other theft,Status update unavailable,
842ab49794725bbb36d0eb5aba7e30a8f1fe7220c95e8bdc2b1b00ad2aaf2b26,2024-10,Northumbria Police,Northumbria Police,-1.560978,54.977646,On or near Roman Avenue,E01008391,Newcastle upon Tyne 035C,Possession of weapons,Investigation complete; no suspect identified,
1f1c143d08c412cb210b39088c5244be1982277a99c9e1eba56da14eb1604d48,2024-10,Northumbria Police,Northumbria Police,-1.562549,54.978280,On or near Orpington Avenue,E01008391,Newcastle upon Tyne 035C,Public order,Status update unavailable,
50924770fc8d53ad977f8de916486a6184da8e00c2df4228524b4cf249387351,2024-10,Northumbria Police,Northumbria Police,-1.557902,54.978893,On or near Ulverstone Terrace,E01008391,Newcastle upon Tyne 035C,Robbery,Investigation complete; no suspect identified,
8f13b79ad0224438c0cd2b940c5b05f645b5f4f54a01d57731f6ea05a3ab2531,2024-10,Northumbria Police,Northumbria Police,-1.558723,54.978078,On or near Lownds Terrace,E01008391,Newcastle upon Tyne 035C,Violence and sexual offences,Status update unavailable,
dd4373ebacc333f4f4cf77ee314c5d58e7dcbed6c7aa23414c72cb8c770d61a3,2024-10,Northumbria Police,Northumbria Police,-1.557902,54.978893,On or near Ulverstone Terrace,E01008391,Newcastle upon Tyne 035C,Violence and sexual offences,Status update unavailable,
5434f49d1619d62bd5271104faa5364483d5405171edc688992f4196177eee6a,2024-10,Northumbria Police,Northumbria Police,-1.561268,54.975418,On or near Alfred Street,E01008391,Newcastle upon Tyne 035C,Violence and sexual offences,Status update unavailable,
8f16b6e364cd47341f915bc67304dc6ff576ca32da26a2c5b1a07daeb55b5e10,2024-10,Northumbria Police,Northumbria Police,-1.558723,54.978078,On or near Lownds Terrace,E01008391,Newcastle upon Tyne 035C,Violence and sexual offences,Investigation complete; no suspect identified,
da2fdccd81bbd567568ed3accedf661a35b08afca778e723470b486f9ed72fd7,2024-10,Northumbria Police,Northumbria Police,-1.558723,54.978078,On or near Lownds Terrace,E01008391,Newcastle upon Tyne 035C,Violence and sexual offences,Status update unavailable,
a0e5f9379a406b06a74acd45790afedde817256395957bbfed7bab91a786e03a,2024-10,Northumbria Police,Northumbria Police,-1.559749,54.975718,On or near Hurst Terrace,E01008391,Newcastle upon Tyne 035C,Violence and sexual offences,Status update unavailable,
73e22223cd8ac6005b192c73e54085e51187c919b67ab663508c5f99491cfac1,2024-10,Northumbria Police,Northumbria Police,-1.559749,54.975718,On or near Hurst Terrace,E01008391,Newcastle upon Tyne 035C,Violence and sexual offences,Status update unavailable,
dfc92f7de6abbb76f44b016fa45d91009ed51c62a9abd060d59dd22c13938838,2024-10,Northumbria Police,Northumbria Police,-1.561268,54.975418,On or near Alfred Street,E01008391,Newcastle upon Tyne 035C,Violence and sexual offences,Status update unavailable,
1a6bdfe06176fdbced01fecb3067e668bb01c633654a742352111597675a6179,2024-10,Northumbria Police,Northumbria Police,-1.558723,54.978078,On or near Lownds Terrace,E01008391,Newcastle upon Tyne 035C,Violence and sexual offences,Status update unavailable,
36d088ea4cd8366d3d772f1029b03fd82ffb42ab50dd3e2ebaa1ddd505c5cf5f,2024-10,Northumbria Police,Northumbria Police,-1.560156,54.978541,On or near St Oswald Avenue,E01008391,Newcastle upon Tyne 035C,Violence and sexual offences,Status update unavailable,
,2024-10,Northumbria Police,Northumbria Police,-1.575381,54.971865,On or near Beresford Gardens,E01008302,Newcastle upon Tyne 035D,Anti-social behaviour,,
,2024-10,Northumbria Police,Northumbria Police,-1.570606,54.974355,On or near Bothal Street,E01008302,Newcastle upon Tyne 035D,Anti-social behaviour,,
,2024-10,Northumbria Police,Northumbria Police,-1.566839,54.971646,On or near Dunstanburgh Close,E01008302,Newcastle upon Tyne 035D,Anti-social behaviour,,
,2024-10,Northumbria Police,Northumbria Police,-1.572885,54.974489,On or near Parking Area,E01008302,Newcastle upon Tyne 035D,Anti-social behaviour,,
,2024-10,Northumbria Police,Northumbria Police,-1.572885,54.974489,On or near Parking Area,E01008302,Newcastle upon Tyne 035D,Anti-social behaviour,,
,2024-10,Northumbria Police,Northumbria Police,-1.566839,54.971646,On or near Dunstanburgh Close,E01008302,Newcastle upon Tyne 035D,Anti-social behaviour,,
,2024-10,Northumbria Police,Northumbria Police,-1.572885,54.974489,On or near Parking Area,E01008302,Newcastle upon Tyne 035D,Anti-social behaviour,,
,2024-10,Northumbria Police,Northumbria Police,-1.569740,54.975008,On or near Harriet Street,E01008302,Newcastle upon Tyne 035D,Anti-social behaviour,,
5d4096766c328772dd0547abbfadc007b6bdde2c00da34b38394bb288879ba24,2024-10,Northumbria Police,Northumbria Police,-1.569740,54.975008,On or near Harriet Street,E01008302,Newcastle upon Tyne 035D,Drugs,Status update unavailable,
1d0a9c0890d2f3bd4cdd7402f3ae5e5c5f56fa080f96096582418ddd79448fcb,2024-10,Northumbria Police,Northumbria Police,-1.569740,54.975008,On or near Harriet Street,E01008302,Newcastle upon Tyne 035D,Possession of weapons,Court result unavailable,
d95b30d11b5df231162a4884d6f480113efdbf83f79e2b87db002b8bf41a53d5,2024-10,Northumbria Police,Northumbria Police,-1.572885,54.974489,On or near Parking Area,E01008302,Newcastle upon Tyne 035D,Public order,Status update unavailable,
b1bc0af65d451838b53d1446ce0d21bbf431f2391bfc666953a7c05092c58ddb,2024-10,Northumbria Police,Northumbria Police,-1.569740,54.975008,On or near Harriet Street,E01008302,Newcastle upon Tyne 035D,Public order,Investigation complete; no suspect identified,
b76518e032c9e58d034bc7a67e740b2935efe5521a05bfd813e436018be7f1c0,2024-10,Northumbria Police,Northumbria Police,-1.569740,54.975008,On or near Harriet Street,E01008302,Newcastle upon Tyne 035D,Public order,Investigation complete; no suspect identified,
0256dab07cb5521b8ba3ff180b3d12d108bb52beade400c82a667166525e8d01,2024-10,Northumbria Police,Northumbria Police,-1.569740,54.975008,On or near Harriet Street,E01008302,Newcastle upon Tyne 035D,Violence and sexual offences,Investigation complete; no suspect identified,
156885dfc43ad702294db1f9201a2905381735e14cfd9f6d6b9f1a6f9e5478b7,2024-10,Northumbria Police,Northumbria Police,-1.568687,54.974133,On or near Brook Street,E01008302,Newcastle upon Tyne 035D,Violence and sexual offences,Status update unavailable,
f6adb009ebc04ff88c5db4473c9244ad54376f9e6cfd76dd37bc1b399e89fed1,2024-10,Northumbria Police,Northumbria Police,-1.569740,54.975008,On or near Harriet Street,E01008302,Newcastle upon Tyne 035D,Violence and sexual offences,Status update unavailable,
fcf3385935c03a320799243d41dbfaaae3a470d80e5998be4f93ce663badf2f2,2024-10,Northumbria Police,Northumbria Police,-1.568643,54.975328,On or near Scarborough Court,E01008302,Newcastle upon Tyne 035D,Violence and sexual offences,Investigation complete; no suspect identified,
5e137b8fd5aee25f0e616e0970d0deec46196d89cfbb7b5208b3e93cf979b37c,2024-10,Northumbria Police,Northumbria Police,-1.570606,54.974355,On or near Bothal Street,E01008302,Newcastle upon Tyne 035D,Violence and sexual offences,Investigation complete; no suspect identified,
0273865863c27d2c2d058b8d26306d8e6e564a0a1c00d87428e5239479c24bf0,2024-10,Northumbria Police,Northumbria Police,-1.572885,54.974489,On or near Parking Area,E01008302,Newcastle upon Tyne 035D,Violence and sexual offences,Investigation complete; no suspect identified,
712f377445cdffddb67a1f340d105b9226ad224a255daba0821a01e717001cb9,2024-10,Northumbria Police,Northumbria Police,-1.569740,54.975008,On or near Harriet Street,E01008302,Newcastle upon Tyne 035D,Violence and sexual offences,Status update unavailable,
913e8ecda929e9ead4282d66a0dcb14e36000372cb0082372c093e15c550fcc4,2024-10,Northumbria Police,Northumbria Police,-1.568687,54.974133,On or near Brook Street,E01008302,Newcastle upon Tyne 035D,Violence and sexual offences,Investigation complete; no suspect identified,
,2024-10,Northumbria Police,Northumbria Police,-1.629623,54.976562,On or near Jefferson Place,E01035617,Newcastle upon Tyne 036A,Anti-social behaviour,,
,2024-10,Northumbria Police,Northumbria Police,-1.623835,54.980642,On or near Richardson Road,E01035617,Newcastle upon Tyne 036A,Anti-social behaviour,,
,2024-10,Northumbria Police,Northumbria Police,-1.627910,54.984393,On or near Dairy Lane,E01035617,Newcastle upon Tyne 036A,Anti-social behaviour,,
,2024-10,Northumbria Police,Northumbria Police,-1.629623,54.976562,On or near Jefferson Place,E01035617,Newcastle upon Tyne 036A,Anti-social behaviour,,
,2024-10,Northumbria Police,Northumbria Police,-1.629623,54.976562,On or near Jefferson Place,E01035617,Newcastle upon Tyne 036A,Anti-social behaviour,,
,2024-10,Northumbria Police,Northumbria Police,-1.616710,54.977340,On or near St Thomas' Street,E01035617,Newcastle upon Tyne 036A,Anti-social behaviour,,
,2024-10,Northumbria Police,Northumbria Police,-1.618087,54.980507,On or near Parking Area,E01035617,Newcastle upon Tyne 036A,Anti-social behaviour,,
,2024-10,Northumbria Police,Northumbria Police,-1.627910,54.984393,On or near Dairy Lane,E01035617,Newcastle upon Tyne 036A,Anti-social behaviour,,
,2024-10,Northumbria Police,Northumbria Police,-1.629623,54.976562,On or near Jefferson Place,E01035617,Newcastle upon Tyne 036A,Anti-social behaviour,,
c00cf05703018e6b60c08b101c18287ab536c59674e6a632c2c20c430cc13c23,2024-10,Northumbria Police,Northumbria Police,-1.617671,54.979805,On or near Hospital,E01035617,Newcastle upon Tyne 036A,Bicycle theft,Investigation complete; no suspect identified,
417c090ed05dfc7e980fbb3157af73126a231c91b2b360d399bb113097422ccb,2024-10,Northumbria Police,Northumbria Police,-1.617671,54.979805,On or near Hospital,E01035617,Newcastle upon Tyne 036A,Bicycle theft,Investigation complete; no suspect identified,
b01757859785dae8103922facd34605bef149115b8d58e1abe3a6dbefd6c07b6,2024-10,Northumbria Police,Northumbria Police,-1.618087,54.980507,On or near Parking Area,E01035617,Newcastle upon Tyne 036A,Bicycle theft,Investigation complete; no suspect identified,
2793b3ff87b77b7ad7c3485a6983dc2feef549b74f346cb6d33ef8bf3835d91d,2024-10,Northumbria Police,Northumbria Police,-1.626556,54.983796,On or near Wallace Street,E01035617,Newcastle upon Tyne 036A,Burglary,Investigation complete; no suspect identified,
f66d0eeea764e244ab06d9c2dfee9304f863581626a522add65316ebd60bdc3e,2024-10,Northumbria Police,Northumbria Police,-1.627602,54.983943,On or near Morpeth Street,E01035617,Newcastle upon Tyne 036A,Burglary,Investigation complete; no suspect identified,
001e644de7ee62f662e8ad570222fbced4206c5a60fc12ea84caae77151584d6,2024-10,Northumbria Police,Northumbria Police,-1.618087,54.980507,On or near Parking Area,E01035617,Newcastle upon Tyne 036A,Criminal damage and arson,Court result unavailable,
656134b4ccab0f2dd52b487558455b4d25424f67197ce9a7bd13ab2dc7925bc2,2024-10,Northumbria Police,Northumbria Police,-1.617671,54.979805,On or near Hospital,E01035617,Newcastle upon Tyne 036A,Criminal damage and arson,Investigation complete; no suspect identified,
1ff86736f494a66b31974e3361467e87d6b69504103c69148a8de9696cb3ba02,2024-10,Northumbria Police,Northumbria Police,-1.618087,54.980507,On or near Parking Area,E01035617,Newcastle upon Tyne 036A,Criminal damage and arson,Investigation complete; no suspect identified,
363bb2b4fa7cddd83ad4c76759c9e90ad035067ceebb8bdbea1ac9d6a878cb0d,2024-10,Northumbria Police,Northumbria Police,-1.617671,54.979805,On or near Hospital,E01035617,Newcastle upon Tyne 036A,Drugs,Court result unavailable,
bb7d2386f07eabbcd127c6ae116239207c8f09b3c5c5732ff06876476da2508a,2024-10,Northumbria Police,Northumbria Police,-1.618087,54.980507,On or near Parking Area,E01035617,Newcastle upon Tyne 036A,Other theft,Investigation complete; no suspect identified,
3c50ad6d3bb9941a24ab91f57f02484273ed33c9442130e5a7369c576cadb2b1,2024-10,Northumbria Police,Northumbria Police,-1.617671,54.979805,On or near Hospital,E01035617,Newcastle upon Tyne 036A,Other theft,Investigation complete; no suspect identified,
20427467cbbdf96a974740adbc899f1070e4464b01a1bcebd61326b5c0a43fe5,2024-10,Northumbria Police,Northumbria Police,-1.621358,54.976528,On or near Leazes Terrace,E01035617,Newcastle upon Tyne 036A,Other theft,Investigation complete; no suspect identified,
569ba2cac9ac246c436c8fbbb493e08db815c607feeb788d2d099fbd243dcef7,2024-10,Northumbria Police,Northumbria Police,-1.629623,54.976562,On or near Jefferson Place,E01035617,Newcastle upon Tyne 036A,Other theft,Investigation complete; no suspect identified,
830a66c05666bcbb3b3e172a9e21b7ed773e4d3cae67ac5ca178858ab782ddfd,2024-10,Northumbria Police,Northumbria Police,-1.629599,54.977389,On or near Holywell Close,E01035617,Newcastle upon Tyne 036A,Other theft,Investigation complete; no suspect identified,
332aaab33f07a303532eda041ef21233de59e5059e14821d5a3c1fc6a00ff0b0,2024-10,Northumbria Police,Northumbria Police,-1.617671,54.979805,On or near Hospital,E01035617,Newcastle upon Tyne 036A,Other theft,Investigation complete; no suspect identified,
8a2abb9299174c0cd9c710ef8af19642df4b30524ddb2e2ff42bcde4b98ce8bc,2024-10,Northumbria Police,Northumbria Police,-1.618442,54.977678,On or near St Thomas' Terrace,E01035617,Newcastle upon Tyne 036A,Other theft,Investigation complete; no suspect identified,
123a8968e17f24bb7598c63d9d28692146f8d298c6fac1e76199ff41f77d4431,2024-10,Northumbria Police,Northumbria Police,-1.617671,54.979805,On or near Hospital,E01035617,Newcastle upon Tyne 036A,Possession of weapons,Court result unavailable,
448ad36d5a98894a0441d85d7ab1749c9c624fbeace962a9c911eb33e72159de,2024-10,Northumbria Police,Northumbria Police,-1.618087,54.980507,On or near Parking Area,E01035617,Newcastle upon Tyne 036A,Public order,Investigation complete; no suspect identified,
8bd42a8da0cc641533578b7d07d30759b720601a3b5e1b2e0ed8be2b3b83e9f7,2024-10,Northumbria Police,Northumbria Police,-1.629623,54.976562,On or near Jefferson Place,E01035617,Newcastle upon Tyne 036A,Public order,Investigation complete; no suspect identified,
81b505d64ca1b7d1699e70ad79935087f19f01966e6a315e467e8adb97789362,2024-10,Northumbria Police,Northumbria Police,-1.617671,54.979805,On or near Hospital,E01035617,Newcastle upon Tyne 036A,Public order,Status update unavailable,
2ffbe8779798078ebe60a535b8417bb03889192f592ecfb3665f4bb41949d467,2024-10,Northumbria Police,Northumbria Police,-1.621358,54.976528,On or near Leazes Terrace,E01035617,Newcastle upon Tyne 036A,Public order,Investigation complete; no suspect identified,
05726f4325bec94647b27ac78e0fbe6bc32c62a2743603d9634027b11c8ce722,2024-10,Northumbria Police,Northumbria Police,-1.627602,54.983943,On or near Morpeth Street,E01035617,Newcastle upon Tyne 036A,Shoplifting,Investigation complete; no suspect identified,
fd84f7ab3ce312e8df6c1d28aaebd917b95439ca6227b0a95309ec6815c8818d,2024-10,Northumbria Police,Northumbria Police,-1.629623,54.976562,On or near Jefferson Place,E01035617,Newcastle upon Tyne 036A,Shoplifting,Court result unavailable,
ea0594f5adcb686cbd6e0f1398e516c583fa52628e860fb4633f2631645cb2a9,2024-10,Northumbria Police,Northumbria Police,-1.629623,54.976562,On or near Jefferson Place,E01035617,Newcastle upon Tyne 036A,Shoplifting,Status update unavailable,
6f5926905beb9d4781cc57d7b52a78b6f6afcde924b7932ec08786d857217765,2024-10,Northumbria Police,Northumbria Police,-1.618442,54.977678,On or near St Thomas' Terrace,E01035617,Newcastle upon Tyne 036A,Vehicle crime,Investigation complete; no suspect identified,
51d06da13186bdcdc2fd9fba44d3267c903e29f9c061fae50b01796aee8ca51a,2024-10,Northumbria Police,Northumbria Police,-1.618442,54.977678,On or near St Thomas' Terrace,E01035617,Newcastle upon Tyne 036A,Vehicle crime,Investigation complete; no suspect identified,
0be7d39bcedd0cabbd7c6d2e2ba75963acf352ebea6cfbdb004ec3e11c32524f,2024-10,Northumbria Police,Northumbria Police,-1.617671,54.979805,On or near Hospital,E01035617,Newcastle upon Tyne 036A,Vehicle crime,Investigation complete; no suspect identified,
e631648684c561a138f8b31cca2578410df222fd23947033b9fd9b64640b8e24,2024-10,Northumbria Police,Northumbria Police,-1.618087,54.980507,On or near Parking Area,E01035617,Newcastle upon Tyne 036A,Violence and sexual offences,Investigation complete; no suspect identified,
8ac1cf791851fa6067bbb9feea427875cf538666a662646cf79aa0abea1eba71,2024-10,Northumbria Police,Northumbria Police,-1.617671,54.979805,On or near Hospital,E01035617,Newcastle upon Tyne 036A,Violence and sexual offences,Investigation complete; no suspect identified,
4bd5fe2cf4708c943f4e6f8d224e4609c4966e82f0368d02d34ffdb7d712e101,2024-10,Northumbria Police,Northumbria Police,-1.618087,54.980507,On or near Parking Area,E01035617,Newcastle upon Tyne 036A,Violence and sexual offences,Status update unavailable,
2fb50cb6a8bc8aa46a6c2e0e3d2defb9edec9b09f322fb4c43a45ca7fcbb06b5,2024-10,Northumbria Police,Northumbria Police,-1.618717,54.981561,On or near Claremont Place,E01035617,Newcastle upon Tyne 036A,Violence and sexual offences,Investigation complete; no suspect identified,
fa086bfb85cfe81e85eba9261e823258290c8b24bd72a754408126dbbd199985,2024-10,Northumbria Police,Northumbria Police,-1.617671,54.979805,On or near Hospital,E01035617,Newcastle upon Tyne 036A,Violence and sexual offences,Status update unavailable,
d8f32e3861303df826293038d1f0922a5c1f2552f568ca6248c1b25abc19f0cb,2024-10,Northumbria Police,Northumbria Police,-1.623835,54.980642,On or near Richardson Road,E01035617,Newcastle upon Tyne 036A,Violence and sexual offences,Status update unavailable,
ceae4b6561b3fa474d730bb5441c13cf52c9c97312dfc095d5befa84fe00035b,2024-10,Northumbria Police,Northumbria Police,-1.623835,54.980642,On or near Richardson Road,E01035617,Newcastle upon Tyne 036A,Violence and sexual offences,Status update unavailable,
8cabc5c795092d92a481d8db8eedccdbdbb9680e502c46e6e72dd03d6703dc87,2024-10,Northumbria Police,Northumbria Police,-1.617932,54.977083,On or near St Thomas' Square,E01035617,Newcastle upon Tyne 036A,Violence and sexual offences,Investigation complete; no suspect identified,
55854733e9c0f35b872fb90461e1d339c33a29fb8caf4459846de6e445902cd4,2024-10,Northumbria Police,Northumbria Police,-1.617671,54.979805,On or near Hospital,E01035617,Newcastle upon Tyne 036A,Violence and sexual offences,Investigation complete; no suspect identified,
0f567437c9ad37d5043523eda3e2ee1f21563861d1033de93607f53ae27f1bdf,2024-10,Northumbria Police,Northumbria Police,-1.618087,54.980507,On or near Parking Area,E01035617,Newcastle upon Tyne 036A,Violence and sexual offences,Investigation complete; no suspect identified,
192d800f5607fd0cbbd85031ac38f7320015eda1cbd227e7c9ecc1fe26bcc4c4,2024-10,Northumbria Police,Northumbria Police,-1.617671,54.979805,On or near Hospital,E01035617,Newcastle upon Tyne 036A,Violence and sexual offences,Status update unavailable,
1a8293933e5c0b586162d53a4a1160d11b78836d2fe32d9ad6c62efe2750cd8d,2024-10,Northumbria Police,Northumbria Police,-1.617671,54.979805,On or near Hospital,E01035617,Newcastle upon Tyne 036A,Violence and sexual offences,Status update unavailable,
223769f5b0a5af27338e01e98ae7aea1a055fbf81af33f28557a57b822491856,2024-10,Northumbria Police,Northumbria Police,-1.617671,54.979805,On or near Hospital,E01035617,Newcastle upon Tyne 036A,Violence and sexual offences,Status update unavailable,
3cbaa370e1dc4da1860a86a6607d4b2a4ce2cbe72e7c90cdd724c7a48946c566,2024-10,Northumbria Police,Northumbria Police,-1.617671,54.979805,On or near Hospital,E01035617,Newcastle upon Tyne 036A,Violence and sexual offences,Investigation complete; no suspect identified,
700a05de9e683efa40db0aade386a0ae7cd37fb6ed4aa02d874ea54df475bd01,2024-10,Northumbria Police,Northumbria Police,-1.617671,54.979805,On or near Hospital,E01035617,Newcastle upon Tyne 036A,Violence and sexual offences,Court result unavailable,
5974ecca455c0c6a63f0fefc08cf66cd9f4782550ea2392714c3c26267c0cf13,2024-10,Northumbria Police,Northumbria Police,-1.617671,54.979805,On or near Hospital,E01035617,Newcastle upon Tyne 036A,Violence and sexual offences,Status update unavailable,
77af8f6ea0ba08f6eff4f8154742679b3b7e519b050110b457a280b1967443a1,2024-10,Northumbria Police,Northumbria Police,-1.617671,54.979805,On or near Hospital,E01035617,Newcastle upon Tyne 036A,Violence and sexual offences,Status update unavailable,
add66d8230b5d2d0f995136336afdac2ceb7d2c17e70c39af2ca63b5f9284562,2024-10,Northumbria Police,Northumbria Police,-1.617671,54.979805,On or near Hospital,E01035617,Newcastle upon Tyne 036A,Violence and sexual offences,Status update unavailable,
9136bbb2b24d50b684bb31de731d03dd661b85bf972caf6844e98c9a96a0a74f,2024-10,Northumbria Police,Northumbria Police,-1.629623,54.976562,On or near Jefferson Place,E01035617,Newcastle upon Tyne 036A,Violence and sexual offences,Status update unavailable,
01309b7de94aaa8d0dfe79817af8ed403b946d1154c74e48048e2104adf14e63,2024-10,Northumbria Police,Northumbria Police,-1.621358,54.976528,On or near Leazes Terrace,E01035617,Newcastle upon Tyne 036A,Violence and sexual offences,Status update unavailable,
3ca84849beedc76832bfe7688ef89de546fe28ae4a459582136d546e68b03429,2024-10,Northumbria Police,Northumbria Police,-1.618717,54.981561,On or near Claremont Place,E01035617,Newcastle upon Tyne 036A,Violence and sexual offences,Status update unavailable,
fa8aa1dc59dd526eb6aa5bd00cf13ff11c87d326282ebf7c3a711eec202e4724,2024-10,Northumbria Police,Northumbria Police,-1.617671,54.979805,On or near Hospital,E01035617,Newcastle upon Tyne 036A,Violence and sexual offences,Investigation complete; no suspect identified,
a0ca4dc417a69fe5afb66c2adfeb70d073ac1b5177de5912a26731cba09059a9,2024-10,Northumbria Police,Northumbria Police,-1.617671,54.979805,On or near Hospital,E01035617,Newcastle upon Tyne 036A,Violence and sexual offences,Status update unavailable,
d4fb5f481ba94be683ecb440526897dc1297e8cba9183e73dfef3eaff31f73b5,2024-10,Northumbria Police,Northumbria Police,-1.617671,54.979805,On or near Hospital,E01035617,Newcastle upon Tyne 036A,Violence and sexual offences,Status update unavailable,
e2a542e295c560e2a19d6ba441e5d9a8fe776a40e691d1860c22f52667921bcc,2024-10,Northumbria Police,Northumbria Police,-1.618087,54.980507,On or near Parking Area,E01035617,Newcastle upon Tyne 036A,Violence and sexual offences,Awaiting court outcome,
589045a4adf4233285eee736f5fbb6030183fe72119762aa95411e5897a1e3c7,2024-10,Northumbria Police,Northumbria Police,-1.626556,54.983796,On or near Wallace Street,E01035617,Newcastle upon Tyne 036A,Violence and sexual offences,Investigation complete; no suspect identified,
17f1f82fd19b0c248d0ecea59613d23bbf069a5466f85d6c998823a067a57529,2024-10,Northumbria Police,Northumbria Police,-1.617671,54.979805,On or near Hospital,E01035617,Newcastle upon Tyne 036A,Violence and sexual offences,Status update unavailable,
75ac724979c2c306d3ef37cc6c6acca945ef4748d67896075a82ec012035ac05,2024-10,Northumbria Police,Northumbria Police,-1.618087,54.980507,On or near Parking Area,E01035617,Newcastle upon Tyne 036A,Violence and sexual offences,Court result unavailable,
,2024-10,Northumbria Police,Northumbria Police,-1.613402,54.978551,On or near Barras Bridge,E01008397,Newcastle upon Tyne 036B,Anti-social behaviour,,
,2024-10,Northumbria Police,Northumbria Police,-1.611446,54.977287,On or near Ridley Place,E01008397,Newcastle upon Tyne 036B,Anti-social behaviour,,
,2024-10,Northumbria Police,Northumbria Police,-1.620661,54.974279,On or near St James,E01008397,Newcastle upon Tyne 036B,Anti-social behaviour,,
,2024-10,Northumbria Police,Northumbria Police,-1.616690,54.974518,On or near Shopping Area,E01008397,Newcastle upon Tyne 036B,Anti-social behaviour,,
,2024-10,Northumbria Police,Northumbria Police,-1.614841,54.976631,On or near Bus/Coach Station,E01008397,Newcastle upon Tyne 036B,Anti-social behaviour,,
,2024-10,Northumbria Police,Northumbria Police,-1.614810,54.976750,On or near Haymarket Bus Station,E01008397,Newcastle upon Tyne 036B,Anti-social behaviour,,
,2024-10,Northumbria Police,Northumbria Police,-1.614223,54.974393,On or near Eldon Lane,E01008397,Newcastle upon Tyne 036B,Anti-social behaviour,,
,2024-10,Northumbria Police,Northumbria Police,-1.613375,54.974885,On or near Shopping Area,E01008397,Newcastle upon Tyne 036B,Anti-social behaviour,,
,2024-10,Northumbria Police,Northumbria Police,-1.616690,54.974518,On or near Shopping Area,E01008397,Newcastle upon Tyne 036B,Anti-social behaviour,,
,2024-10,Northumbria Police,Northumbria Police,-1.621086,54.973876,On or near Parking Area,E01008397,Newcastle upon Tyne 036B,Anti-social behaviour,,
,2024-10,Northumbria Police,Northumbria Police,-1.614223,54.974393,On or near Eldon Lane,E01008397,Newcastle upon Tyne 036B,Anti-social behaviour,,
,2024-10,Northumbria Police,Northumbria Police,-1.611344,54.976541,On or near Parking Area,E01008397,Newcastle upon Tyne 036B,Anti-social behaviour,,
,2024-10,Northumbria Police,Northumbria Police,-1.610664,54.975748,On or near North Street,E01008397,Newcastle upon Tyne 036B,Anti-social behaviour,,
,2024-10,Northumbria Police,Northumbria Police,-1.613881,54.977475,On or near Haymarket,E01008397,Newcastle upon Tyne 036B,Anti-social behaviour,,
,2024-10,Northumbria Police,Northumbria Police,-1.613402,54.978551,On or near Barras Bridge,E01008397,Newcastle upon Tyne 036B,Anti-social behaviour,,
,2024-10,Northumbria Police,Northumbria Police,-1.616851,54.975660,On or near Shopping Area,E01008397,Newcastle upon Tyne 036B,Anti-social behaviour,,
,2024-10,Northumbria Police,Northumbria Police,-1.614223,54.974393,On or near Eldon Lane,E01008397,Newcastle upon Tyne 036B,Anti-social behaviour,,
,2024-10,Northumbria Police,Northumbria Police,-1.610664,54.975748,On or near North Street,E01008397,Newcastle upon Tyne 036B,Anti-social behaviour,,
,2024-10,Northumbria Police,Northumbria Police,-1.613881,54.977475,On or near Haymarket,E01008397,Newcastle upon Tyne 036B,Anti-social behaviour,,
,2024-10,Northumbria Police,Northumbria Police,-1.613375,54.974885,On or near Shopping Area,E01008397,Newcastle upon Tyne 036B,Anti-social behaviour,,
,2024-10,Northumbria Police,Northumbria Police,-1.613881,54.977475,On or near Haymarket,E01008397,Newcastle upon Tyne 036B,Anti-social behaviour,,
,2024-10,Northumbria Police,Northumbria Police,-1.615314,54.975661,On or near Bus/Coach Station,E01008397,Newcastle upon Tyne 036B,Anti-social behaviour,,
,2024-10,Northumbria Police,Northumbria Police,-1.613375,54.974885,On or near Shopping Area,E01008397,Newcastle upon Tyne 036B,Anti-social behaviour,,
,2024-10,Northumbria Police,Northumbria Police,-1.613881,54.977475,On or near Haymarket,E01008397,Newcastle upon Tyne 036B,Anti-social behaviour,,
,2024-10,Northumbria Police,Northumbria Police,-1.610902,54.981841,On or near Windsor Terrace,E01008397,Newcastle upon Tyne 036B,Anti-social behaviour,,
,2024-10,Northumbria Police,Northumbria Police,-1.610664,54.975748,On or near North Street,E01008397,Newcastle upon Tyne 036B,Anti-social behaviour,,
,2024-10,Northumbria Police,Northumbria Police,-1.610175,54.979503,On or near Parking Area,E01008397,Newcastle upon Tyne 036B,Anti-social behaviour,,
,2024-10,Northumbria Police,Northumbria Police,-1.610664,54.975748,On or near North Street,E01008397,Newcastle upon Tyne 036B,Anti-social behaviour,,
,2024-10,Northumbria Police,Northumbria Police,-1.610164,54.977364,On or near Theatre/Concert Hall,E01008397,Newcastle upon Tyne 036B,Anti-social behaviour,,
,2024-10,Northumbria Police,Northumbria Police,-1.609563,54.978126,On or near B1307,E01008397,Newcastle upon Tyne 036B,Anti-social behaviour,,
,2024-10,Northumbria Police,Northumbria Police,-1.614305,54.974043,On or near Blackett Street,E01008397,Newcastle upon Tyne 036B,Anti-social behaviour,,
,2024-10,Northumbria Police,Northumbria Police,-1.612818,54.975926,On or near Northumberland Street,E01008397,Newcastle upon Tyne 036B,Anti-social behaviour,,
,2024-10,Northumbria Police,Northumbria Police,-1.614841,54.976631,On or near Bus/Coach Station,E01008397,Newcastle upon Tyne 036B,Anti-social behaviour,,
,2024-10,Northumbria Police,Northumbria Police,-1.612818,54.975926,On or near Northumberland Street,E01008397,Newcastle upon Tyne 036B,Anti-social behaviour,,
,2024-10,Northumbria Police,Northumbria Police,-1.620661,54.974279,On or near St James,E01008397,Newcastle upon Tyne 036B,Anti-social behaviour,,
,2024-10,Northumbria Police,Northumbria Police,-1.613881,54.977475,On or near Haymarket,E01008397,Newcastle upon Tyne 036B,Anti-social behaviour,,
,2024-10,Northumbria Police,Northumbria Police,-1.612818,54.975926,On or near Northumberland Street,E01008397,Newcastle upon Tyne 036B,Anti-social behaviour,,
,2024-10,Northumbria Police,Northumbria Police,-1.614810,54.976750,On or near Haymarket Bus Station,E01008397,Newcastle upon Tyne 036B,Anti-social behaviour,,
,2024-10,Northumbria Police,Northumbria Police,-1.616851,54.975660,On or near Shopping Area,E01008397,Newcastle upon Tyne 036B,Anti-social behaviour,,
,2024-10,Northumbria Police,Northumbria Police,-1.614841,54.976631,On or near Bus/Coach Station,E01008397,Newcastle upon Tyne 036B,Anti-social behaviour,,
,2024-10,Northumbria Police,Northumbria Police,-1.614841,54.976631,On or near Bus/Coach Station,E01008397,Newcastle upon Tyne 036B,Anti-social behaviour,,
,2024-10,Northumbria Police,Northumbria Police,-1.614944,54.982331,On or near Park Terrace,E01008397,Newcastle upon Tyne 036B,Anti-social behaviour,,
,2024-10,Northumbria Police,Northumbria Police,-1.613881,54.977475,On or near Haymarket,E01008397,Newcastle upon Tyne 036B,Anti-social behaviour,,
,2024-10,Northumbria Police,Northumbria Police,-1.614223,54.974393,On or near Eldon Lane,E01008397,Newcastle upon Tyne 036B,Anti-social behaviour,,
,2024-10,Northumbria Police,Northumbria Police,-1.613375,54.974885,On or near Shopping Area,E01008397,Newcastle upon Tyne 036B,Anti-social behaviour,,
,2024-10,Northumbria Police,Northumbria Police,-1.613402,54.978551,On or near Barras Bridge,E01008397,Newcastle upon Tyne 036B,Anti-social behaviour,,
,2024-10,Northumbria Police,Northumbria Police,-1.614305,54.974043,On or near Blackett Street,E01008397,Newcastle upon Tyne 036B,Anti-social behaviour,,
,2024-10,Northumbria Police,Northumbria Police,-1.621086,54.973876,On or near Parking Area,E01008397,Newcastle upon Tyne 036B,Anti-social behaviour,,
,2024-10,Northumbria Police,Northumbria Police,-1.621086,54.973876,On or near Parking Area,E01008397,Newcastle upon Tyne 036B,Anti-social behaviour,,
,2024-10,Northumbria Police,Northumbria Police,-1.614223,54.974393,On or near Eldon Lane,E01008397,Newcastle upon Tyne 036B,Anti-social behaviour,,
,2024-10,Northumbria Police,Northumbria Police,-1.613881,54.977475,On or near Haymarket,E01008397,Newcastle upon Tyne 036B,Anti-social behaviour,,
,2024-10,Northumbria Police,Northumbria Police,-1.618275,54.975422,On or near Leazes Park Road,E01008397,Newcastle upon Tyne 036B,Anti-social behaviour,,
,2024-10,Northumbria Police,Northumbria Police,-1.614841,54.976631,On or near Bus/Coach Station,E01008397,Newcastle upon Tyne 036B,Anti-social behaviour,,
,2024-10,Northumbria Police,Northumbria Police,-1.613055,54.974347,On or near Shopping Area,E01008397,Newcastle upon Tyne 036B,Anti-social behaviour,,
,2024-10,Northumbria Police,Northumbria Police,-1.610175,54.979503,On or near Parking Area,E01008397,Newcastle upon Tyne 036B,Anti-social behaviour,,
,2024-10,Northumbria Police,Northumbria Police,-1.614810,54.976750,On or near Haymarket Bus Station,E01008397,Newcastle upon Tyne 036B,Anti-social behaviour,,
,2024-10,Northumbria Police,Northumbria Police,-1.611344,54.976541,On or near Parking Area,E01008397,Newcastle upon Tyne 036B,Anti-social behaviour,,
,2024-10,Northumbria Police,Northumbria Police,-1.614841,54.976631,On or near Bus/Coach Station,E01008397,Newcastle upon Tyne 036B,Anti-social behaviour,,
,2024-10,Northumbria Police,Northumbria Police,-1.613881,54.977475,On or near Haymarket,E01008397,Newcastle upon Tyne 036B,Anti-social behaviour,,
,2024-10,Northumbria Police,Northumbria Police,-1.616851,54.975660,On or near Shopping Area,E01008397,Newcastle upon Tyne 036B,Anti-social behaviour,,
,2024-10,Northumbria Police,Northumbria Police,-1.613881,54.977475,On or near Haymarket,E01008397,Newcastle upon Tyne 036B,Anti-social behaviour,,
007d759b7a30cea1ad1f79094793a8c1b3621f22bbf14f4fb790040915ec5291,2024-10,Northumbria Police,Northumbria Police,-1.610902,54.981841,On or near Windsor Terrace,E01008397,Newcastle upon Tyne 036B,Bicycle theft,Investigation complete; no suspect identified,
f25499bae61138328a3c23d9a84a0e995865822a6ae78dedb7897a6da899131f,2024-10,Northumbria Police,Northumbria Police,-1.613881,54.977475,On or near Haymarket,E01008397,Newcastle upon Tyne 036B,Bicycle theft,Investigation complete; no suspect identified,
46e5c0a4ff84ce4a4fdb2aeb9feb74da8d4e451a91d33a2fbc899faadfbde5d4,2024-10,Northumbria Police,Northumbria Police,-1.612818,54.975926,On or near Northumberland Street,E01008397,Newcastle upon Tyne 036B,Bicycle theft,Investigation complete; no suspect identified,
fa51fb562d93f892eff16edfbd0bf686855baec9cb665a9ae54cd0c39bd8fbcb,2024-10,Northumbria Police,Northumbria Police,-1.613516,54.981356,On or near Devonshire Terrace,E01008397,Newcastle upon Tyne 036B,Bicycle theft,Investigation complete; no suspect identified,
0b6da585d9e9e5994f1b0241b01797198501ad1aa64a7e55ccbe670a893090e0,2024-10,Northumbria Police,Northumbria Police,-1.612818,54.975926,On or near Northumberland Street,E01008397,Newcastle upon Tyne 036B,Bicycle theft,Investigation complete; no suspect identified,
c851775a3e7af423a43dca107bfbd992dfacc29c8396e989a582511fbf6c7b32,2024-10,Northumbria Police,Northumbria Police,-1.613402,54.978551,On or near Barras Bridge,E01008397,Newcastle upon Tyne 036B,Bicycle theft,Investigation complete; no suspect identified,
1b27006e43343040ed2b3dfba99ceff3e154013d059f453566ae6cfbc353a74f,2024-10,Northumbria Police,Northumbria Police,-1.606387,54.978529,On or near Radnor Street,E01008397,Newcastle upon Tyne 036B,Bicycle theft,Investigation complete; no suspect identified,
2c3e93f36ca3ae1eac4df5780750e1cafd10a3ab1f2aa22bbf5a47ff324a9e06,2024-10,Northumbria Police,Northumbria Police,-1.615129,54.979366,On or near Further/Higher Educational Building,E01008397,Newcastle upon Tyne 036B,Bicycle theft,Investigation complete; no suspect identified,
0386d350ec0dc92f1b956a57049373bd18dd3cd94afebca4721b2a1dd58d0d51,2024-10,Northumbria Police,Northumbria Police,-1.611248,54.975148,On or near Lisle Street,E01008397,Newcastle upon Tyne 036B,Bicycle theft,Investigation complete; no suspect identified,
37b77186d212e17dc5a8b2bdf0efcb76993d27d9af8036168aa42650bbfb4306,2024-10,Northumbria Police,Northumbria Police,-1.614305,54.974043,On or near Blackett Street,E01008397,Newcastle upon Tyne 036B,Burglary,Investigation complete; no suspect identified,
03bc0928b004b9bf56b98accd3af056e84b2bc129166d6e8f9795d419abc156b,2024-10,Northumbria Police,Northumbria Police,-1.621086,54.973876,On or near Parking Area,E01008397,Newcastle upon Tyne 036B,Criminal damage and arson,Investigation complete; no suspect identified,
4c285e193890e356eac6441a500ac715b3fdf116fc1bb67334557e534195d9e8,2024-10,Northumbria Police,Northumbria Police,-1.611248,54.975148,On or near Lisle Street,E01008397,Newcastle upon Tyne 036B,Criminal damage and arson,Investigation complete; no suspect identified,
3ab66c6b8633b84892632b651c7b6c4a1f43fadf3e00a88ad8734db3af98ba80,2024-10,Northumbria Police,Northumbria Police,-1.621086,54.973876,On or near Parking Area,E01008397,Newcastle upon Tyne 036B,Criminal damage and arson,Court result unavailable,
72f2cfc63a249d18c5b09498eddffee6e184a7f58111a2fbe6912ffc7cd1c114,2024-10,Northumbria Police,Northumbria Police,-1.613375,54.974885,On or near Shopping Area,E01008397,Newcastle upon Tyne 036B,Criminal damage and arson,Offender given a caution,
0fcc55b294ac90ba6b3ff8bf46ecc539dbca59fcb9124e6f3027683fd51edca0,2024-10,Northumbria Police,Northumbria Police,-1.611615,54.977557,On or near Vine Lane,E01008397,Newcastle upon Tyne 036B,Criminal damage and arson,Court result unavailable,
7eda3a813785ff227b2a3cce93f451e5aefc5007cc09f0f7cf5e3a302947f385,2024-10,Northumbria Police,Northumbria Police,-1.607756,54.975999,On or near Parking Area,E01008397,Newcastle upon Tyne 036B,Criminal damage and arson,Investigation complete; no suspect identified,
a89fff83093f9827de736f7e2217e3215b6ad86c2a7d83e0211ac785b253cbf2,2024-10,Northumbria Police,Northumbria Police,-1.616690,54.974518,On or near Shopping Area,E01008397,Newcastle upon Tyne 036B,Criminal damage and arson,Investigation complete; no suspect identified,
3e425d332e0dcb59f3243c8b24e21f5166ac195205742d12203b8a101a441bf7,2024-10,Northumbria Police,Northumbria Police,-1.616851,54.975660,On or near Shopping Area,E01008397,Newcastle upon Tyne 036B,Criminal damage and arson,Investigation complete; no suspect identified,
9877171ba2232e1a09dc695495f19287c41d7d5079761322f938a1e96354f6bf,2024-10,Northumbria Police,Northumbria Police,-1.613375,54.974885,On or near Shopping Area,E01008397,Newcastle upon Tyne 036B,Criminal damage and arson,Status update unavailable,
0e1b7ed0dc7aa100c28d294af8a970d82f13853ee16cbc5db800af5523871a10,2024-10,Northumbria Police,Northumbria Police,-1.613881,54.977475,On or near Haymarket,E01008397,Newcastle upon Tyne 036B,Criminal damage and arson,Investigation complete; no suspect identified,
31c694f11f7bbec83d0b09bcc22b2d0291985628ceca28b41f04d5c151b5c186,2024-10,Northumbria Police,Northumbria Police,-1.616690,54.974518,On or near Shopping Area,E01008397,Newcastle upon Tyne 036B,Criminal damage and arson,Investigation complete; no suspect identified,
e328e05f0e936c4e47757764fd568a6e3c9db5cf46f91a21e26e45322038300d,2024-10,Northumbria Police,Northumbria Police,-1.613055,54.974347,On or near Shopping Area,E01008397,Newcastle upon Tyne 036B,Drugs,Court result unavailable,
79269e54bc15b709ac6d6898b6b98bc6e1c5074c7c39cd36cc5533e9f6c9cb46,2024-10,Northumbria Police,Northumbria Police,-1.609150,54.977217,On or near Northumberland Road,E01008397,Newcastle upon Tyne 036B,Drugs,Investigation complete; no suspect identified,
2e85f438ab1fdc1597a8cc1ba382bf6eb7aae3cccccf69c585bec91cc120c7a6,2024-10,Northumbria Police,Northumbria Police,-1.616851,54.975660,On or near Shopping Area,E01008397,Newcastle upon Tyne 036B,Drugs,Court result unavailable,
1f1515d1dc59695295f4e0cad973132ad79edef18781846dff3385b8b12fb5de,2024-10,Northumbria Police,Northumbria Police,-1.614944,54.982331,On or near Park Terrace,E01008397,Newcastle upon Tyne 036B,Drugs,Status update unavailable,
c25f22d376f64ca2b2ea660a1b0caed24637c59fdb0189c02f4f8c1ba3457658,2024-10,Northumbria Police,Northumbria Police,-1.611248,54.975148,On or near Lisle Street,E01008397,Newcastle upon Tyne 036B,Drugs,Status update unavailable,
6d8388710a9b783a29dbebaa7ed8536e564a2991010e68af2bc568c6056cd92a,2024-10,Northumbria Police,Northumbria Police,-1.615034,54.976184,On or near Prudhoe Place,E01008397,Newcastle upon Tyne 036B,Drugs,Status update unavailable,
612b033895006e5ff0d8d8172c30fab2f4071c5c977a5f3ec5609e5d8569810c,2024-10,Northumbria Police,Northumbria Police,-1.614841,54.976631,On or near Bus/Coach Station,E01008397,Newcastle upon Tyne 036B,Drugs,Court result unavailable,
b8ced455beba9a1f6620a0b00ff311a1822ca13cb4db46f35ac891dec440c290,2024-10,Northumbria Police,Northumbria Police,-1.616690,54.974518,On or near Shopping Area,E01008397,Newcastle upon Tyne 036B,Drugs,Offender given a caution,
54bb15338d9e35c39cd4c812a5131f4849b0debf7ecdd86a012aca2576b1916e,2024-10,Northumbria Police,Northumbria Police,-1.616768,54.976244,On or near Morden Street,E01008397,Newcastle upon Tyne 036B,Drugs,Court result unavailable,
8fe36c26da2f06ae83b8ad9655bab9f90b3cf691a70d92a4ee1ed3ebc3005981,2024-10,Northumbria Police,Northumbria Police,-1.614305,54.974043,On or near Blackett Street,E01008397,Newcastle upon Tyne 036B,Other theft,Investigation complete; no suspect identified,
6a1e70abd0f3e698e7531c512005e3218e0995f0a1c71c43194ab00108d0ac85,2024-10,Northumbria Police,Northumbria Police,-1.613996,54.976265,On or near Shopping Area,E01008397,Newcastle upon Tyne 036B,Other theft,Court result unavailable,
bef320bb1f8efcdc17701aba4b0b5dfd2dc276ea246d0776c956d922d370fe9a,2024-10,Northumbria Police,Northumbria Police,-1.613881,54.977475,On or near Haymarket,E01008397,Newcastle upon Tyne 036B,Other theft,Investigation complete; no suspect identified,
a50997647bd9a3ad193894c3b86e94497898559de7171a65c900f7161ade5aca,2024-10,Northumbria Police,Northumbria Police,-1.611328,54.976514,On or near Parking Area,E01008397,Newcastle upon Tyne 036B,Other theft,Investigation complete; no suspect identified,
f582d68f175c42dfd5995d79ba1cde4e8f3668a125239c75f0659a61cd1ed24c,2024-10,Northumbria Police,Northumbria Police,-1.616690,54.974518,On or near Shopping Area,E01008397,Newcastle upon Tyne 036B,Other theft,Investigation complete; no suspect identified,
da7f1b132d248ca7637f232a366444aea828a070e8b940a6157e09d74423a91a,2024-10,Northumbria Police,Northumbria Police,-1.613996,54.976265,On or near Shopping Area,E01008397,Newcastle upon Tyne 036B,Other theft,Investigation complete; no suspect identified,
a903deb790d843e5035bf72dc458af55d6a7a4dc398ea02197a43bff57ac6edd,2024-10,Northumbria Police,Northumbria Police,-1.615710,54.980321,On or near Further/Higher Educational Building,E01008397,Newcastle upon Tyne 036B,Other theft,Investigation complete; no suspect identified,
0c5bf19d64099c2e2194a86984772af1d7d506365bad064657d572aa30c97af3,2024-10,Northumbria Police,Northumbria Police,-1.611248,54.975148,On or near Lisle Street,E01008397,Newcastle upon Tyne 036B,Other theft,Suspect charged as part of another case,
75ab44bb5d2f912d0143cdfcdf2931622c6d7fc8caccdc19da0dcf34fef2be2a,2024-10,Northumbria Police,Northumbria Police,-1.612818,54.975926,On or near Northumberland Street,E01008397,Newcastle upon Tyne 036B,Other theft,Investigation complete; no suspect identified,
97e66995d3868eb19fccfc35447c6287814e89fb6cf00f58821057ff83799bf3,2024-10,Northumbria Police,Northumbria Police,-1.611615,54.977557,On or near Vine Lane,E01008397,Newcastle upon Tyne 036B,Other theft,Investigation complete; no suspect identified,
b6ba7787806573c161e383f5f46086102afdf3ce08171b01863e8ab116fd1e9f,2024-10,Northumbria Police,Northumbria Police,-1.613996,54.976265,On or near Shopping Area,E01008397,Newcastle upon Tyne 036B,Other theft,Investigation complete; no suspect identified,
13fdab6b60c6823922dd28f95b81564dd733a82ac2b917c12f7f629a394cb87d,2024-10,Northumbria Police,Northumbria Police,-1.619363,54.976081,On or near Parking Area,E01008397,Newcastle upon Tyne 036B,Other theft,Investigation complete; no suspect identified,
9419c60df0db12666dc59fac16e90e057bab4b3cbc05f11059a78f5db3b8320c,2024-10,Northumbria Police,Northumbria Police,-1.611248,54.975148,On or near Lisle Street,E01008397,Newcastle upon Tyne 036B,Other theft,Investigation complete; no suspect identified,
59c49650f7ba0ee8fd5d926f2170a551b504b4a3944c511fe45120e236679e9a,2024-10,Northumbria Police,Northumbria Police,-1.614223,54.974393,On or near Eldon Lane,E01008397,Newcastle upon Tyne 036B,Other theft,Investigation complete; no suspect identified,
b867e80a0e5ea6ee031465d59466ad0ff9d43289df6511d63c366b9c86115882,2024-10,Northumbria Police,Northumbria Police,-1.613996,54.976265,On or near Shopping Area,E01008397,Newcastle upon Tyne 036B,Other theft,Investigation complete; no suspect identified,
02662633f509dc5e69d92b348f1bf3ba21da3323f341767f89f9d70fcdbaf02e,2024-10,Northumbria Police,Northumbria Police,-1.621086,54.973876,On or near Parking Area,E01008397,Newcastle upon Tyne 036B,Other theft,Investigation complete; no suspect identified,
6747ef4acc721af40980c35e56b1eecdc98eed66d42a18c29d62b82ca81daf87,2024-10,Northumbria Police,Northumbria Police,-1.607690,54.976332,On or near Ellison Place,E01008397,Newcastle upon Tyne 036B,Other theft,Investigation complete; no suspect identified,
8b673039052c28a18e5f13920a5223c3ca504c21e6b29ccb3728d54cebd21903,2024-10,Northumbria Police,Northumbria Police,-1.613881,54.977475,On or near Haymarket,E01008397,Newcastle upon Tyne 036B,Other theft,Status update unavailable,
0ae63f7b420dfa656f74cf4a3533d884a25b547f38938d5bc31c952de2db080b,2024-10,Northumbria Police,Northumbria Police,-1.614841,54.976631,On or near Bus/Coach Station,E01008397,Newcastle upon Tyne 036B,Other theft,Court result unavailable,
8c1ea5ae5ecd09473e5afcbcf3919b5ce2f05eefd536cd03dc017b5e4d772797,2024-10,Northumbria Police,Northumbria Police,-1.616690,54.974518,On or near Shopping Area,E01008397,Newcastle upon Tyne 036B,Other theft,Investigation complete; no suspect identified,
a1f639d231a94d4414365b376ada821eb8a94c3f6f40456d71a1e5bf8842bf79,2024-10,Northumbria Police,Northumbria Police,-1.611248,54.975148,On or near Lisle Street,E01008397,Newcastle upon Tyne 036B,Other theft,Investigation complete; no suspect identified,
53c6575266ee51c7bae4dc08d06d4d591d64b95b27d9232d060f3ad3b5aa4ab7,2024-10,Northumbria Police,Northumbria Police,-1.611615,54.977557,On or near Vine Lane,E01008397,Newcastle upon Tyne 036B,Other theft,Court result unavailable,
20aa24db6867315e5925a0bf36e2a53242971851ba108762116b5f2db4161516,2024-10,Northumbria Police,Northumbria Police,-1.611615,54.977557,On or near Vine Lane,E01008397,Newcastle upon Tyne 036B,Other theft,Court result unavailable,
c44f67aeb211518deed53a234d9a1dd96ef8f7bd6683ac19580d159b89d703c3,2024-10,Northumbria Police,Northumbria Police,-1.615034,54.976184,On or near Prudhoe Place,E01008397,Newcastle upon Tyne 036B,Possession of weapons,Court result unavailable,
fc7e23a240207d8a2ab728cc8fde797eff17f9b04e5ce9c22ad687fe04841b42,2024-10,Northumbria Police,Northumbria Police,-1.613996,54.976265,On or near Shopping Area,E01008397,Newcastle upon Tyne 036B,Possession of weapons,Offender given a caution,
74926695033496221e25d4a0ed3bb629fa987743afccad4e72a03694545a22ea,2024-10,Northumbria Police,Northumbria Police,-1.611615,54.977557,On or near Vine Lane,E01008397,Newcastle upon Tyne 036B,Possession of weapons,Status update unavailable,
90fce28023a99877f7fdf87bd943877b132aaf9b61107c7d50decfdbc58ecf54,2024-10,Northumbria Police,Northumbria Police,-1.613055,54.974347,On or near Shopping Area,E01008397,Newcastle upon Tyne 036B,Possession of weapons,Offender given a caution,
7aee4dea8a4b1a820aa12a9b321f2efec23fb1dce02d37de7aee1c21f95115a7,2024-10,Northumbria Police,Northumbria Police,-1.615034,54.976184,On or near Prudhoe Place,E01008397,Newcastle upon Tyne 036B,Possession of weapons,Investigation complete; no suspect identified,
c4a80a28ad06a8da3f554c83c6f86d3853c59ae98c5d3552068fbadf0005e7ce,2024-10,Northumbria Police,Northumbria Police,-1.615314,54.975661,On or near Bus/Coach Station,E01008397,Newcastle upon Tyne 036B,Public order,Investigation complete; no suspect identified,
dde626e43d8ea0ce01f4cfeac22531654139f2a9b96e45ade645f48ffb74b0ba,2024-10,Northumbria Police,Northumbria Police,-1.607756,54.975999,On or near Parking Area,E01008397,Newcastle upon Tyne 036B,Public order,Status update unavailable,
9c631d25bc7a2e86686da285a6d0a85275f1407f3740053dcfd9cbd4cc649379,2024-10,Northumbria Police,Northumbria Police,-1.614944,54.982331,On or near Park Terrace,E01008397,Newcastle upon Tyne 036B,Public order,Investigation complete; no suspect identified,
cefc74d25be3bf3468a857c8943e3a26053791d0a7c008981ca3dcf7bf6fe320,2024-10,Northumbria Police,Northumbria Police,-1.616690,54.974518,On or near Shopping Area,E01008397,Newcastle upon Tyne 036B,Public order,Investigation complete; no suspect identified,
ce3b31b19c173974c25c6b0bbc714d263fd78796f3965c1afcecb0723605f7ba,2024-10,Northumbria Police,Northumbria Police,-1.613055,54.974347,On or near Shopping Area,E01008397,Newcastle upon Tyne 036B,Public order,Investigation complete; no suspect identified,
af8a41a4213c5637333fc3aea8150ad2576e369218eac140d8261d33ddb9cd6e,2024-10,Northumbria Police,Northumbria Police,-1.616690,54.974518,On or near Shopping Area,E01008397,Newcastle upon Tyne 036B,Public order,Investigation complete; no suspect identified,
9dd0ea313ddec1c9113882b516d2ce2d3f6b68a6bd4637222ada83ad137e099e,2024-10,Northumbria Police,Northumbria Police,-1.616851,54.975660,On or near Shopping Area,E01008397,Newcastle upon Tyne 036B,Public order,Investigation complete; no suspect identified,
e375ad0437a3726a4cce1c0d3fe7a3487fc6c4d7c8e6695fac96bb02f0e05631,2024-10,Northumbria Police,Northumbria Police,-1.610528,54.980106,On or near Parking Area,E01008397,Newcastle upon Tyne 036B,Public order,Investigation complete; no suspect identified,
8b4ab9c09a13ccb8fee7033ae863626c9457547012b17462b4995a3aaea2d78b,2024-10,Northumbria Police,Northumbria Police,-1.612818,54.975926,On or near Northumberland Street,E01008397,Newcastle upon Tyne 036B,Public order,Status update unavailable,
c33763fd978fc1bf3b21e1e2b3bd420dd7d7f36908869ab71c86ee5e55dadc89,2024-10,Northumbria Police,Northumbria Police,-1.611328,54.976514,On or near Parking Area,E01008397,Newcastle upon Tyne 036B,Public order,Investigation complete; no suspect identified,
5590d5de1a79d922b9bfe9620e06bd802a09ee4f21f53e1f74a6b934a7169fa5,2024-10,Northumbria Police,Northumbria Police,-1.612818,54.975926,On or near Northumberland Street,E01008397,Newcastle upon Tyne 036B,Public order,Investigation complete; no suspect identified,
2e6b632e75e2811216a0402bfd4a14fe7595eec309ed37889964580b5198d018,2024-10,Northumbria Police,Northumbria Police,-1.613375,54.974885,On or near Shopping Area,E01008397,Newcastle upon Tyne 036B,Public order,Investigation complete; no suspect identified,
5fd75ff1bb4f7a827393ec36c58cab1d0154e5715d2a8dcc2f26d17376151011,2024-10,Northumbria Police,Northumbria Police,-1.613881,54.977475,On or near Haymarket,E01008397,Newcastle upon Tyne 036B,Public order,Status update unavailable,
f6a6826e682256f00d9b6e024bb4553f7e0354f5ff8a421f62441492e0466990,2024-10,Northumbria Police,Northumbria Police,-1.613996,54.976265,On or near Shopping Area,E01008397,Newcastle upon Tyne 036B,Public order,Investigation complete; no suspect identified,
bebff75e2df5922f2b58d2066ccf8f0855d7126b9e7f5bbfa025e2ff50a7adab,2024-10,Northumbria Police,Northumbria Police,-1.612818,54.975926,On or near Northumberland Street,E01008397,Newcastle upon Tyne 036B,Public order,Investigation complete; no suspect identified,
c5a229c42fac3e9875c2cf1f219d7afb0219022f305720f45ba3af885686f2bd,2024-10,Northumbria Police,Northumbria Police,-1.611615,54.977557,On or near Vine Lane,E01008397,Newcastle upon Tyne 036B,Public order,Status update unavailable,
7696211750bc825c53f25d499e5b731b2f587d65300ca97590b7c6209a672781,2024-10,Northumbria Police,Northumbria Police,-1.613996,54.976265,On or near Shopping Area,E01008397,Newcastle upon Tyne 036B,Public order,Investigation complete; no suspect identified,
de5110a1f1a21e06d50c515f0b95453e81746ee6afb48a959f3f852b6e341198,2024-10,Northumbria Police,Northumbria Police,-1.614810,54.976750,On or near Haymarket Bus Station,E01008397,Newcastle upon Tyne 036B,Public order,Investigation complete; no suspect identified,
8dffb327b68f9401608fec701f27e4364ad103f22995d4aed65b323ffec7ff87,2024-10,Northumbria Police,Northumbria Police,-1.616690,54.974518,On or near Shopping Area,E01008397,Newcastle upon Tyne 036B,Public order,Status update unavailable,
036c161a64c71ee940072b67b635af7eb7bfb31075cdb0f8f477b72bdbf9d6a0,2024-10,Northumbria Police,Northumbria Police,-1.613996,54.976265,On or near Shopping Area,E01008397,Newcastle upon Tyne 036B,Public order,Investigation complete; no suspect identified,
2330b25b07aff3eb8df03d4a352d5c6f608a3c6913c2d8389fc3ee5e003a7ccd,2024-10,Northumbria Police,Northumbria Police,-1.614841,54.976631,On or near Bus/Coach Station,E01008397,Newcastle upon Tyne 036B,Public order,Investigation complete; no suspect identified,
a6d8af032f74840c619a1b5f191a695b4e04a547be00feacb00bee312058fb2e,2024-10,Northumbria Police,Northumbria Police,-1.614684,54.989941,On or near Great North Road,E01008397,Newcastle upon Tyne 036B,Robbery,Investigation complete; no suspect identified,
c4637e8078e7aae939a08259f3b2ab873149baecac9af860c0c7504d2233c79a,2024-10,Northumbria Police,Northumbria Police,-1.613375,54.974885,On or near Shopping Area,E01008397,Newcastle upon Tyne 036B,Shoplifting,Offender given a caution,
a110dd01a6c552f0c83a5d750eaff6dfcd8c527ff36da7e3419961f45123c744,2024-10,Northumbria Police,Northumbria Police,-1.612818,54.975926,On or near Northumberland Street,E01008397,Newcastle upon Tyne 036B,Shoplifting,Status update unavailable,
99ca89eb053007d3f540b47f099b215a8a08181eee63c0a3b0100a52b605ffb5,2024-10,Northumbria Police,Northumbria Police,-1.613375,54.974885,On or near Shopping Area,E01008397,Newcastle upon Tyne 036B,Shoplifting,Offender given a caution,
717c8b0c9d82d6159640667dd313360551291ff8c85d4f8c2af85f373d1a5b59,2024-10,Northumbria Police,Northumbria Police,-1.612818,54.975926,On or near Northumberland Street,E01008397,Newcastle upon Tyne 036B,Shoplifting,Court result unavailable,
edfc47b7c6e6926d768bac341c9e514a221362ef4abe16c92b6ac869cb40da41,2024-10,Northumbria Police,Northumbria Police,-1.616690,54.974518,On or near Shopping Area,E01008397,Newcastle upon Tyne 036B,Shoplifting,Awaiting court outcome,
3321a2c1906a898f242ea816f47dae07375fe1f90bb831700e51a82398a7e895,2024-10,Northumbria Police,Northumbria Police,-1.613996,54.976265,On or near Shopping Area,E01008397,Newcastle upon Tyne 036B,Shoplifting,Status update unavailable,
8c3eb9af782c4d4c1439deebb99172112435ecb12c46bd3944daf8fb4339e858,2024-10,Northumbria Police,Northumbria Police,-1.613996,54.976265,On or near Shopping Area,E01008397,Newcastle upon Tyne 036B,Shoplifting,Status update unavailable,
64e4def3a3cc2a1254b27532cbecaf05354138df1ea1169cdbe8ef5ae5f32735,2024-10,Northumbria Police,Northumbria Police,-1.613375,54.974885,On or near Shopping Area,E01008397,Newcastle upon Tyne 036B,Shoplifting,Status update unavailable,
4220cc48edcae1d3e854c024efc3a4f76759795fc29dfdbf2839d3cd3a9228e1,2024-10,Northumbria Police,Northumbria Police,-1.615314,54.975661,On or near Bus/Coach Station,E01008397,Newcastle upon Tyne 036B,Shoplifting,Status update unavailable,
f116f681834739e1b0a88e4b6e6a4bcb98687a61ca1d9a3df6895026301799af,2024-10,Northumbria Police,Northumbria Police,-1.613375,54.974885,On or near Shopping Area,E01008397,Newcastle upon Tyne 036B,Shoplifting,Status update unavailable,
2a145596bc059e1989f3b71661944f9a577d36d8576ed65de73f61a1bc28743d,2024-10,Northumbria Police,Northumbria Police,-1.613881,54.977475,On or near Haymarket,E01008397,Newcastle upon Tyne 036B,Shoplifting,Investigation complete; no suspect identified,
8443b12b4fb2c64cdd9c345003522109175ddf11501601b64f51bc45b1d91200,2024-10,Northumbria Police,Northumbria Police,-1.616690,54.974518,On or near Shopping Area,E01008397,Newcastle upon Tyne 036B,Shoplifting,Court result unavailable,
805f84e0d1e91f400fc1ba27651089aec72d7113debdc45b7cf699f377c27d86,2024-10,Northumbria Police,Northumbria Police,-1.613055,54.974347,On or near Shopping Area,E01008397,Newcastle upon Tyne 036B,Shoplifting,Status update unavailable,
dd2173c4729367f2e1762e475d350545c3dc5653566e6177b155caed9040d94f,2024-10,Northumbria Police,Northumbria Police,-1.614223,54.974393,On or near Eldon Lane,E01008397,Newcastle upon Tyne 036B,Shoplifting,Status update unavailable,
ad72f00b34fd88be68d51e0332eaa4ac37a845c32f2355fe8610f2b28e1ebf18,2024-10,Northumbria Police,Northumbria Police,-1.613375,54.974885,On or near Shopping Area,E01008397,Newcastle upon Tyne 036B,Shoplifting,Status update unavailable,
a3389acbccea2aeb568bc56ea7c254596cd78c7940a4a6611ab2dc0aae782274,2024-10,Northumbria Police,Northumbria Police,-1.616690,54.974518,On or near Shopping Area,E01008397,Newcastle upon Tyne 036B,Shoplifting,Investigation complete; no suspect identified,
a9aa3f4014a80107f0abe740c8913fdd5d1af33766777b9af7cc1e0f9de3afdb,2024-10,Northumbria Police,Northumbria Police,-1.614223,54.974393,On or near Eldon Lane,E01008397,Newcastle upon Tyne 036B,Shoplifting,Court result unavailable,
44d6c57c54517708a51481b08ef7fff642aab25c71abf4204a9e2313a990ab4a,2024-10,Northumbria Police,Northumbria Police,-1.613375,54.974885,On or near Shopping Area,E01008397,Newcastle upon Tyne 036B,Shoplifting,Investigation complete; no suspect identified,
861cc3bc90a751b83fd503bb2fc7578df86302ca8c382705a70c4be2c4f145f9,2024-10,Northumbria Police,Northumbria Police,-1.613055,54.974347,On or near Shopping Area,E01008397,Newcastle upon Tyne 036B,Shoplifting,Court result unavailable,
ef3190caea7f7b61ba562f034cf9da23f68a96d5bbbaf34eebc682361abf4a0f,2024-10,Northumbria Police,Northumbria Police,-1.613055,54.974347,On or near Shopping Area,E01008397,Newcastle upon Tyne 036B,Shoplifting,Court result unavailable,
0aad0bd4421cef16ede38b1b9d58ecd07ddf541baaced5e56420666b5678c3da,2024-10,Northumbria Police,Northumbria Police,-1.615008,54.978907,On or near Supermarket,E01008397,Newcastle upon Tyne 036B,Shoplifting,Investigation complete; no suspect identified,
74dd83e9af727bab0a9c6e461d2e264c0eca39854fe59c059c2e333b03154f8b,2024-10,Northumbria Police,Northumbria Police,-1.615008,54.978907,On or near Supermarket,E01008397,Newcastle upon Tyne 036B,Shoplifting,Investigation complete; no suspect identified,
f434bc5eba3ddde43bd192ddc1e0c68cc34d3fc7fd78679ba93563d547bad550,2024-10,Northumbria Police,Northumbria Police,-1.614223,54.974393,On or near Eldon Lane,E01008397,Newcastle upon Tyne 036B,Shoplifting,Status update unavailable,
f67084a5ced21708eceacbe4bc520961df211ed831cff8d39bf793ef6760313a,2024-10,Northumbria Police,Northumbria Police,-1.613996,54.976265,On or near Shopping Area,E01008397,Newcastle upon Tyne 036B,Shoplifting,Investigation complete; no suspect identified,
aee4c016f0996b821197389b0c7214b3d47e3199ab0fc2362d0b86f44588c9f6,2024-10,Northumbria Police,Northumbria Police,-1.616690,54.974518,On or near Shopping Area,E01008397,Newcastle upon Tyne 036B,Shoplifting,Investigation complete; no suspect identified,
14a58ff878729b8209de0ab6b78b4c14fc733b6fdccce4a7a624ee9f3dd48785,2024-10,Northumbria Police,Northumbria Police,-1.614223,54.974393,On or near Eldon Lane,E01008397,Newcastle upon Tyne 036B,Shoplifting,Investigation complete; no suspect identified,
eef1d3952d871243b4ab1e947ef2779cbd004c7da61a44fff5042ccd81669243,2024-10,Northumbria Police,Northumbria Police,-1.616690,54.974518,On or near Shopping Area,E01008397,Newcastle upon Tyne 036B,Shoplifting,Court result unavailable,
d088cf1e43ee3589cce6b8a8bf013fb72bff367b586e90280175ea528bf7de02,2024-10,Northumbria Police,Northumbria Police,-1.613375,54.974885,On or near Shopping Area,E01008397,Newcastle upon Tyne 036B,Shoplifting,Investigation complete; no suspect identified,
1b843569cffdf36c913c6bc196d07dbd7322e798e70dc278ed4c889bea6ff717,2024-10,Northumbria Police,Northumbria Police,-1.616690,54.974518,On or near Shopping Area,E01008397,Newcastle upon Tyne 036B,Shoplifting,Court result unavailable,
43179bc31d4df5ff852871987e320359895846484f267bd56f126dffdc03fd71,2024-10,Northumbria Police,Northumbria Police,-1.616690,54.974518,On or near Shopping Area,E01008397,Newcastle upon Tyne 036B,Shoplifting,Status update unavailable,
befa121b8005ccdc06a6b355839895d31108ccc62cb9a3c19bf20dbf8e679d03,2024-10,Northumbria Police,Northumbria Police,-1.612818,54.975926,On or near Northumberland Street,E01008397,Newcastle upon Tyne 036B,Shoplifting,Status update unavailable,
b9f0d825020b3de9f726c3b2baa91e76ce6052ec03f54a887087fa5ba607fe94,2024-10,Northumbria Police,Northumbria Police,-1.613996,54.976265,On or near Shopping Area,E01008397,Newcastle upon Tyne 036B,Shoplifting,Status update unavailable,
d3f2d9dfe39bf488b985a8404fa12bcb86f603cfba80da8ba29f1b6658f0984a,2024-10,Northumbria Police,Northumbria Police,-1.613375,54.974885,On or near Shopping Area,E01008397,Newcastle upon Tyne 036B,Shoplifting,Status update unavailable,
b640bc83c0286bfeb192a71eb2ae63089e9d405f157893e3bf83c6d09d6d6339,2024-10,Northumbria Police,Northumbria Police,-1.612818,54.975926,On or near Northumberland Street,E01008397,Newcastle upon Tyne 036B,Shoplifting,Status update unavailable,
75f9cdb32e4b2b79a9e67d92462698fcabcf74b3f530999493eb8c2cda51aa52,2024-10,Northumbria Police,Northumbria Police,-1.616851,54.975660,On or near Shopping Area,E01008397,Newcastle upon Tyne 036B,Shoplifting,Investigation complete; no suspect identified,
44b33e940f535e202826e40bc1bd7f51da02227f3004d6b3dac52b776e948476,2024-10,Northumbria Police,Northumbria Police,-1.609150,54.977217,On or near Northumberland Road,E01008397,Newcastle upon Tyne 036B,Shoplifting,Investigation complete; no suspect identified,
f114f114b760e37574848211a4a9d2e3edac98443d19cfc6c13e98fc3e87ba64,2024-10,Northumbria Police,Northumbria Police,-1.610649,54.975667,On or near Saville Row,E01008397,Newcastle upon Tyne 036B,Shoplifting,Investigation complete; no suspect identified,
70e77b458fc4fd1b56159e6567b58a9969cef34a815db9319b399452c04353cf,2024-10,Northumbria Police,Northumbria Police,-1.609150,54.977217,On or near Northumberland Road,E01008397,Newcastle upon Tyne 036B,Shoplifting,Court result unavailable,
ed369669255454dd17b7adee98775b3785017e23d147ced39ebca651326a3848,2024-10,Northumbria Police,Northumbria Police,-1.616690,54.974518,On or near Shopping Area,E01008397,Newcastle upon Tyne 036B,Shoplifting,Court result unavailable,
73e88d13b053ed460522ea96ed363010cf6e021d749b6edd7f296b18336107b5,2024-10,Northumbria Police,Northumbria Police,-1.614223,54.974393,On or near Eldon Lane,E01008397,Newcastle upon Tyne 036B,Shoplifting,Court result unavailable,
30228e19fd31d0c3c9830d781bceaa324bad3c143bb149019aa2b43725e2748a,2024-10,Northumbria Police,Northumbria Police,-1.613996,54.976265,On or near Shopping Area,E01008397,Newcastle upon Tyne 036B,Shoplifting,Court result unavailable,
e467994f88462121a9b02e30276011e1d6a18de4e231d79eae65d58a90d65dd7,2024-10,Northumbria Police,Northumbria Police,-1.615314,54.975661,On or near Bus/Coach Station,E01008397,Newcastle upon Tyne 036B,Shoplifting,Court result unavailable,
ffefcac2b840d9daa59d18b6ff606c406a7f5e5c15793a63d69c39d7adf32b6c,2024-10,Northumbria Police,Northumbria Police,-1.613055,54.974347,On or near Shopping Area,E01008397,Newcastle upon Tyne 036B,Shoplifting,Investigation complete; no suspect identified,
8077f46be118f8923c18c88e39268221813fcb7e6a522df5114959adb0ff9427,2024-10,Northumbria Police,Northumbria Police,-1.613375,54.974885,On or near Shopping Area,E01008397,Newcastle upon Tyne 036B,Shoplifting,Investigation complete; no suspect identified,
7d96b33093f346704032f149386205f75a21324f87af5062d3ac6b0f9c1de486,2024-10,Northumbria Police,Northumbria Police,-1.613055,54.974347,On or near Shopping Area,E01008397,Newcastle upon Tyne 036B,Shoplifting,Investigation complete; no suspect identified,
3b07dfef7c24bc86cb5719c26f75a8f425102ed695c617f2ef815aefdef121eb,2024-10,Northumbria Police,Northumbria Police,-1.613375,54.974885,On or near Shopping Area,E01008397,Newcastle upon Tyne 036B,Shoplifting,Status update unavailable,
0ca2093f2d12e4f625748925839f8d1012df2b29d8deb6b1c5944ae3f3bc97d1,2024-10,Northumbria Police,Northumbria Police,-1.613055,54.974347,On or near Shopping Area,E01008397,Newcastle upon Tyne 036B,Shoplifting,Investigation complete; no suspect identified,
590e010d521ff21f0e1b942df8e114a6c229da2b241582323f892116705e8b67,2024-10,Northumbria Police,Northumbria Police,-1.613375,54.974885,On or near Shopping Area,E01008397,Newcastle upon Tyne 036B,Shoplifting,Status update unavailable,
2bd0b27c81bd1f50b57dfdd712e898bb5b85ce58b22d89be4b0cf9902c5f166a,2024-10,Northumbria Police,Northumbria Police,-1.613055,54.974347,On or near Shopping Area,E01008397,Newcastle upon Tyne 036B,Shoplifting,Status update unavailable,
fe24eacb78ccab3086ff64ea4b103ae704f218e7ba6bf4a34e39f5ce8324b887,2024-10,Northumbria Police,Northumbria Police,-1.614223,54.974393,On or near Eldon Lane,E01008397,Newcastle upon Tyne 036B,Shoplifting,Court result unavailable,
852bac55e429d6087838d8c50b41821b93b58ae85e3f20fe19cf72c5a4cd2abd,2024-10,Northumbria Police,Northumbria Police,-1.612818,54.975926,On or near Northumberland Street,E01008397,Newcastle upon Tyne 036B,Shoplifting,Investigation complete; no suspect identified,
e05f329d736c91be179b079cb72b6d8333beaacd9b658906b1b54ffd5f6bf72a,2024-10,Northumbria Police,Northumbria Police,-1.616690,54.974518,On or near Shopping Area,E01008397,Newcastle upon Tyne 036B,Shoplifting,Status update unavailable,
069afad071a50fcf1d2c29167dad23005a3dbae37cb7fc216bf5eae1c7c88aa3,2024-10,Northumbria Police,Northumbria Police,-1.612818,54.975926,On or near Northumberland Street,E01008397,Newcastle upon Tyne 036B,Shoplifting,Status update unavailable,
050db781d2bf6abe2ded2d3c5e85f31d81ec0e5f6ca4a4a92c3036969708c440,2024-10,Northumbria Police,Northumbria Police,-1.613055,54.974347,On or near Shopping Area,E01008397,Newcastle upon Tyne 036B,Shoplifting,Status update unavailable,
65273fe146f0d3c7f922f4b6ec18fbe03a53f278429848d8a2e07b72146d7088,2024-10,Northumbria Police,Northumbria Police,-1.613055,54.974347,On or near Shopping Area,E01008397,Newcastle upon Tyne 036B,Shoplifting,Status update unavailable,
7faf0e7563b18ffff145582adaf5e55bd92c239b683e823f8b63ade9b0be196e,2024-10,Northumbria Police,Northumbria Police,-1.615314,54.975661,On or near Bus/Coach Station,E01008397,Newcastle upon Tyne 036B,Shoplifting,Status update unavailable,
2c9a7731d2daacab9067553069e5ad57af8e1befea8539517d8c40912b70bee6,2024-10,Northumbria Police,Northumbria Police,-1.613375,54.974885,On or near Shopping Area,E01008397,Newcastle upon Tyne 036B,Shoplifting,Court result unavailable,
a2c1a4538fa66c27ca517a807779a7ea913ffcc6b31785fc8d1d7ac536fec52a,2024-10,Northumbria Police,Northumbria Police,-1.613375,54.974885,On or near Shopping Area,E01008397,Newcastle upon Tyne 036B,Shoplifting,Offender given a caution,
42c43fd436c5230728637ddb8f30b044f19a7d53ca13313f96a78041c7f73c62,2024-10,Northumbria Police,Northumbria Police,-1.610649,54.975667,On or near Saville Row,E01008397,Newcastle upon Tyne 036B,Shoplifting,Investigation complete; no suspect identified,
8e0e9c8e70a6f38fabae0a5f1ca61f7d9bd702ff4e104b337154cfde0a93520d,2024-10,Northumbria Police,Northumbria Police,-1.609150,54.977217,On or near Northumberland Road,E01008397,Newcastle upon Tyne 036B,Shoplifting,Court result unavailable,
ac0e7dcb322b8e40aa90bd1bf7f2bf530cb1df381d1a97a1e08c11b96ee21165,2024-10,Northumbria Police,Northumbria Police,-1.615314,54.975661,On or near Bus/Coach Station,E01008397,Newcastle upon Tyne 036B,Shoplifting,Court result unavailable,
9208b6e6b8374c6cd36e80ea9dcf06091f22d2cbfde47e897b85263f4407c100,2024-10,Northumbria Police,Northumbria Police,-1.616851,54.975660,On or near Shopping Area,E01008397,Newcastle upon Tyne 036B,Shoplifting,Status update unavailable,
64bd2bdef44bbd076fed1baac9fab0daaf1b1b03b2b2f5cb974900ab8a656af9,2024-10,Northumbria Police,Northumbria Police,-1.615314,54.975661,On or near Bus/Coach Station,E01008397,Newcastle upon Tyne 036B,Shoplifting,Court result unavailable,
4d3a517a8c8eaa41617772489224f1ad60d2afed2e175b2e85578833962a9c75,2024-10,Northumbria Police,Northumbria Police,-1.613055,54.974347,On or near Shopping Area,E01008397,Newcastle upon Tyne 036B,Shoplifting,Status update unavailable,
abf89fdb1e7c095226cf57e072c5e94eb7f483ac7192a707679314a654b9d9f4,2024-10,Northumbria Police,Northumbria Police,-1.617167,54.978635,On or near Edward'S Walk,E01008397,Newcastle upon Tyne 036B,Shoplifting,Investigation complete; no suspect identified,
b8bcc1601089a86fe9008abdb66c3a812510c582843af6946013922506fc7150,2024-10,Northumbria Police,Northumbria Police,-1.613055,54.974347,On or near Shopping Area,E01008397,Newcastle upon Tyne 036B,Shoplifting,Status update unavailable,
7ac6528f3514d06e4e55311a9bc7a4305d5c55e3434139ef4eadbe824f5ad160,2024-10,Northumbria Police,Northumbria Police,-1.613996,54.976265,On or near Shopping Area,E01008397,Newcastle upon Tyne 036B,Shoplifting,Investigation complete; no suspect identified,
a3eb5a5785f21a6077f56f5cfa69d2ded3320ef2fb82414e276abc15f7e3842d,2024-10,Northumbria Police,Northumbria Police,-1.615314,54.975661,On or near Bus/Coach Station,E01008397,Newcastle upon Tyne 036B,Shoplifting,Status update unavailable,
fb9ec6ca9a01acd56c52897f0b1e6401a37f24e893f2d23278ccd2232698a73e,2024-10,Northumbria Police,Northumbria Police,-1.612818,54.975926,On or near Northumberland Street,E01008397,Newcastle upon Tyne 036B,Shoplifting,Status update unavailable,
5d3990697fe27d6bdb0c56158c908b7dda4ed246d27cae9a2c2663e1bd2d996b,2024-10,Northumbria Police,Northumbria Police,-1.610164,54.977364,On or near Theatre/Concert Hall,E01008397,Newcastle upon Tyne 036B,Theft from the person,Investigation complete; no suspect identified,
0dd84f342760a4daacd17afe3770d279fdb55ea394513c116c52f69041ea0d9e,2024-10,Northumbria Police,Northumbria Police,-1.613996,54.976265,On or near Shopping Area,E01008397,Newcastle upon Tyne 036B,Theft from the person,Investigation complete; no suspect identified,
7e2c2a36ff8a71f4d3d245483358ec438b275810ce0b70a6b9fbe039f63f8953,2024-10,Northumbria Police,Northumbria Police,-1.613996,54.976265,On or near Shopping Area,E01008397,Newcastle upon Tyne 036B,Theft from the person,Investigation complete; no suspect identified,
4fce3465d231761d9b8b86635de9a9839da1a2fdd508703e288356dcade76126,2024-10,Northumbria Police,Northumbria Police,-1.614756,54.975860,On or near Eldon Square Bus Station,E01008397,Newcastle upon Tyne 036B,Theft from the person,Investigation complete; no suspect identified,
9f441514b9a7579a8a1a8bf800e2a2a7a3e6998688771909fee6c9b607bcd8c5,2024-10,Northumbria Police,Northumbria Police,-1.609150,54.977217,On or near Northumberland Road,E01008397,Newcastle upon Tyne 036B,Theft from the person,Investigation complete; no suspect identified,
cab847c327ad1975a25a91c2a24bd70ea274991bcf6b36de8c4a13199d1a983f,2024-10,Northumbria Police,Northumbria Police,-1.613996,54.976265,On or near Shopping Area,E01008397,Newcastle upon Tyne 036B,Theft from the person,Investigation complete; no suspect identified,
fa54dbb6017b61d32c3a869ec3a82f1788cdd83c70f070c423a25c0f3e4675c5,2024-10,Northumbria Police,Northumbria Police,-1.610175,54.979503,On or near Parking Area,E01008397,Newcastle upon Tyne 036B,Theft from the person,Investigation complete; no suspect identified,
ec27500b83f833998508020ceb2b6246512d957112f3c0f0d3f128f05ebbe129,2024-10,Northumbria Police,Northumbria Police,-1.612818,54.975926,On or near Northumberland Street,E01008397,Newcastle upon Tyne 036B,Theft from the person,Court result unavailable,
a33bbb4e10314a92deaa47de0631d387c86c534be750054ac180181bf6174b25,2024-10,Northumbria Police,Northumbria Police,-1.610649,54.975667,On or near Saville Row,E01008397,Newcastle upon Tyne 036B,Theft from the person,Investigation complete; no suspect identified,
35c9a08f471239b6f511472922cb81fee004b8b916e1e8670faf58de1bda58c6,2024-10,Northumbria Police,Northumbria Police,-1.610528,54.980106,On or near Parking Area,E01008397,Newcastle upon Tyne 036B,Vehicle crime,Investigation complete; no suspect identified,
1c5d252b89cfde907e7789a789afb451cf386bbc49a9d90142ac8398caf003d4,2024-10,Northumbria Police,Northumbria Police,-1.615351,54.975772,On or near Prudhoe Street,E01008397,Newcastle upon Tyne 036B,Vehicle crime,Investigation complete; no suspect identified,
f078e63463d29789500da9d1d76abac39f0755b866b1c8b1f6b906c625bde53e,2024-10,Northumbria Police,Northumbria Police,-1.613055,54.974347,On or near Shopping Area,E01008397,Newcastle upon Tyne 036B,Violence and sexual offences,Investigation complete; no suspect identified,
4b76493d63dafdeebb02fa558c89f065a00d160f523cad0cd9cecb81c4000e2d,2024-10,Northumbria Police,Northumbria Police,-1.610649,54.975667,On or near Saville Row,E01008397,Newcastle upon Tyne 036B,Violence and sexual offences,Investigation complete; no suspect identified,
6883fb7d61fcb436785c0dd1e7af6cc4565e7df47289f40c736d9763d1ca3458,2024-10,Northumbria Police,Northumbria Police,-1.610649,54.975667,On or near Saville Row,E01008397,Newcastle upon Tyne 036B,Violence and sexual offences,Investigation complete; no suspect identified,
ac6fa5a0cd2fa5f96840462d46a0196c90612a15e3975238ac7cd7d67c1e6b69,2024-10,Northumbria Police,Northumbria Police,-1.613055,54.974347,On or near Shopping Area,E01008397,Newcastle upon Tyne 036B,Violence and sexual offences,Investigation complete; no suspect identified,
4b67e63ab5b14aa05f6219ea2478d7fd4316aeb41e638b4e52d1cf1de4be1d09,2024-10,Northumbria Police,Northumbria Police,-1.615314,54.975661,On or near Bus/Coach Station,E01008397,Newcastle upon Tyne 036B,Violence and sexual offences,Status update unavailable,
c0894941b386a76fef0cfe92dba23548c925cc32a9188c4269c5e0315450bde8,2024-10,Northumbria Police,Northumbria Police,-1.611248,54.975148,On or near Lisle Street,E01008397,Newcastle upon Tyne 036B,Violence and sexual offences,Investigation complete; no suspect identified,
450c25c817ad3449059f83cb1fcfd3bcb543c8401bc3961677f8167c5f3a3537,2024-10,Northumbria Police,Northumbria Police,-1.611328,54.976514,On or near Parking Area,E01008397,Newcastle upon Tyne 036B,Violence and sexual offences,Status update unavailable,
f16cc18e616870476e4f00471e848caf47d938d81e6f08ca71a8ffd7a20e484d,2024-10,Northumbria Police,Northumbria Police,-1.613055,54.974347,On or near Shopping Area,E01008397,Newcastle upon Tyne 036B,Violence and sexual offences,Investigation complete; no suspect identified,
cb77a38e6a04d3d5a9d306ae605f012b2b74db312704a2ebf62981f8f05c9c23,2024-10,Northumbria Police,Northumbria Police,-1.612818,54.975926,On or near Northumberland Street,E01008397,Newcastle upon Tyne 036B,Violence and sexual offences,Investigation complete; no suspect identified,
dec26fc58bf3a8df843f5dd617598009ff1c9b9fe2dcd3e9db0f3ef5afce5d02,2024-10,Northumbria Police,Northumbria Police,-1.611328,54.976514,On or near Parking Area,E01008397,Newcastle upon Tyne 036B,Violence and sexual offences,Status update unavailable,
18d89aacda44f0f90949532ba87e95c2d1eb483e7986baf8efd114f208d05744,2024-10,Northumbria Police,Northumbria Police,-1.614810,54.976750,On or near Haymarket Bus Station,E01008397,Newcastle upon Tyne 036B,Violence and sexual offences,Status update unavailable,
b0cc8e499759bdb61fd2a0a43de1f98ade354125ae06e571b798faac2bfec4e1,2024-10,Northumbria Police,Northumbria Police,-1.619670,54.974995,On or near Parking Area,E01008397,Newcastle upon Tyne 036B,Violence and sexual offences,Investigation complete; no suspect identified,
44d97eb5b004c0dc716e6009e7c204ca9cd109472c759f4d9d7e331a56492ad3,2024-10,Northumbria Police,Northumbria Police,-1.613375,54.974885,On or near Shopping Area,E01008397,Newcastle upon Tyne 036B,Violence and sexual offences,Investigation complete; no suspect identified,
e96677ac77e5014f4e5820e9ea3250d19c15e0f1b79a96ea6affa91904382522,2024-10,Northumbria Police,Northumbria Police,-1.613881,54.977475,On or near Haymarket,E01008397,Newcastle upon Tyne 036B,Violence and sexual offences,Investigation complete; no suspect identified,
0153c0bc3a13779f7883cd8e7de57928e85bb34332ee78308b6fa00727049f04,2024-10,Northumbria Police,Northumbria Police,-1.616690,54.974518,On or near Shopping Area,E01008397,Newcastle upon Tyne 036B,Violence and sexual offences,Offender given a caution,
d5c6eadc319ac1345346f53c52438b1388e2587436d34b4891097f811ae7d7e2,2024-10,Northumbria Police,Northumbria Police,-1.621086,54.973876,On or near Parking Area,E01008397,Newcastle upon Tyne 036B,Violence and sexual offences,Status update unavailable,
4275212d12bf73035bde5576d3240afdfda65d5e6bbaaadea9ed3c62fbefc6ff,2024-10,Northumbria Police,Northumbria Police,-1.621086,54.973876,On or near Parking Area,E01008397,Newcastle upon Tyne 036B,Violence and sexual offences,Awaiting court outcome,
c1f77c3cbeed10c899f7ba09f42415a9b008fd3bd78fd5367eee73c2a245446b,2024-10,Northumbria Police,Northumbria Police,-1.616690,54.974518,On or near Shopping Area,E01008397,Newcastle upon Tyne 036B,Violence and sexual offences,Investigation complete; no suspect identified,
797b8b94d70a90f66a894f1312b38a56d7628b3deb2a49e64992e18c25d07d21,2024-10,Northumbria Police,Northumbria Police,-1.621086,54.973876,On or near Parking Area,E01008397,Newcastle upon Tyne 036B,Violence and sexual offences,Status update unavailable,
168e5bdd40268b4aaf941cf5276cf1a6662aca877a6a9317b1a2a8f75c94ed17,2024-10,Northumbria Police,Northumbria Police,-1.611328,54.976514,On or near Parking Area,E01008397,Newcastle upon Tyne 036B,Violence and sexual offences,Status update unavailable,
c68a1968688a14550c4efc60777f171d61e7ae019882d62576de70d69c4b320b,2024-10,Northumbria Police,Northumbria Police,-1.616690,54.974518,On or near Shopping Area,E01008397,Newcastle upon Tyne 036B,Violence and sexual offences,Investigation complete; no suspect identified,
8b3a6ca306d88c2be8127ef9533acff8a8cf061cc9333971a9fc5d914656f896,2024-10,Northumbria Police,Northumbria Police,-1.614810,54.976750,On or near Haymarket Bus Station,E01008397,Newcastle upon Tyne 036B,Violence and sexual offences,Investigation complete; no suspect identified,
903b13c096ff0c6534f1bb9dfa843963954764f42bf0b78f4eef12e6201b47f2,2024-10,Northumbria Police,Northumbria Police,-1.611248,54.975148,On or near Lisle Street,E01008397,Newcastle upon Tyne 036B,Violence and sexual offences,Investigation complete; no suspect identified,
eaaa233a1ddf6db93251fb94b4e34913a3b86adf56af6d943e9db4bc73b9e19d,2024-10,Northumbria Police,Northumbria Police,-1.611248,54.975148,On or near Lisle Street,E01008397,Newcastle upon Tyne 036B,Violence and sexual offences,Investigation complete; no suspect identified,
274e1bcebfad7a4b54fd5f43910ea77029663e576d06bde504d7c4fd73fe0d22,2024-10,Northumbria Police,Northumbria Police,-1.611615,54.977557,On or near Vine Lane,E01008397,Newcastle upon Tyne 036B,Violence and sexual offences,Investigation complete; no suspect identified,
02d18df3a61349619cff4f865178a56f373143b9c0cddd127b8fbd7521a728f9,2024-10,Northumbria Police,Northumbria Police,-1.611615,54.977557,On or near Vine Lane,E01008397,Newcastle upon Tyne 036B,Violence and sexual offences,Status update unavailable,
9dfcf630262a0bc73385d34d31c99a5e6878e268acc5b7f7a2fec264ae4164ce,2024-10,Northumbria Police,Northumbria Police,-1.614841,54.976631,On or near Bus/Coach Station,E01008397,Newcastle upon Tyne 036B,Violence and sexual offences,Investigation complete; no suspect identified,
609ea937e8ae11b529160c8bb441fa158e0e3ebd4315e31067ba2031ff1cebab,2024-10,Northumbria Police,Northumbria Police,-1.614841,54.976631,On or near Bus/Coach Station,E01008397,Newcastle upon Tyne 036B,Violence and sexual offences,Investigation complete; no suspect identified,
aced4aae5c69372410ad68aa88c9ae074a53a734e4193ca4679bd5e19236446a,2024-10,Northumbria Police,Northumbria Police,-1.616690,54.974518,On or near Shopping Area,E01008397,Newcastle upon Tyne 036B,Violence and sexual offences,Local resolution,
57d1418e5d2b024f63a8b34312c68af625688232de094b5ff4b83fbc289809cf,2024-10,Northumbria Police,Northumbria Police,-1.608241,54.975848,On or near Parking Area,E01008397,Newcastle upon Tyne 036B,Violence and sexual offences,Investigation complete; no suspect identified,
802aba926c3f3f7fe0ccfdb894b1ca95e37634d2dda6efbc466a2aa7a92909e7,2024-10,Northumbria Police,Northumbria Police,-1.610175,54.979503,On or near Parking Area,E01008397,Newcastle upon Tyne 036B,Violence and sexual offences,Investigation complete; no suspect identified,
a3f314552c2afba7340d53aab962e7bfb84fda08e52dbbb26036b38828f457fd,2024-10,Northumbria Police,Northumbria Police,-1.621086,54.973876,On or near Parking Area,E01008397,Newcastle upon Tyne 036B,Violence and sexual offences,Court result unavailable,
32217a25c0faded96ad0ee153857a435e020402cf7555dedbfe8944de6456721,2024-10,Northumbria Police,Northumbria Police,-1.613055,54.974347,On or near Shopping Area,E01008397,Newcastle upon Tyne 036B,Violence and sexual offences,Investigation complete; no suspect identified,
ffa75b7964a6c82c8ee782a9a781d90ad00b6e30b55406d890affbde2fbebafe,2024-10,Northumbria Police,Northumbria Police,-1.614684,54.989941,On or near Great North Road,E01008397,Newcastle upon Tyne 036B,Violence and sexual offences,Investigation complete; no suspect identified,
a4b0dc8ff5f3a8d42909e78531a9b1a4cd29b432d5f5a9e243748318382db84d,2024-10,Northumbria Police,Northumbria Police,-1.610384,54.975657,On or near John Dobson Street,E01008397,Newcastle upon Tyne 036B,Violence and sexual offences,Investigation complete; no suspect identified,
5f49a98fa70db1f5fba75b86ce92b6177c38da1f4055cad8573ee0c0ad40a155,2024-10,Northumbria Police,Northumbria Police,-1.616851,54.975660,On or near Shopping Area,E01008397,Newcastle upon Tyne 036B,Violence and sexual offences,Investigation complete; no suspect identified,
c732c67381a00aac04cdc916817a8b194b209731fcdfb631cef67aacc68ce780,2024-10,Northumbria Police,Northumbria Police,-1.614684,54.989941,On or near Great North Road,E01008397,Newcastle upon Tyne 036B,Violence and sexual offences,Investigation complete; no suspect identified,
c2f856450bc2596923df844c0b927e54dc9375bca734579025cde0cfb34cb03d,2024-10,Northumbria Police,Northumbria Police,-1.614841,54.976631,On or near Bus/Coach Station,E01008397,Newcastle upon Tyne 036B,Violence and sexual offences,Investigation complete; no suspect identified,
b5d52762eeac72fd7391de541a9479170e029d2e5e8b332638448d57a8f866d5,2024-10,Northumbria Police,Northumbria Police,-1.616690,54.974518,On or near Shopping Area,E01008397,Newcastle upon Tyne 036B,Violence and sexual offences,Investigation complete; no suspect identified,
052dd5051a20fd3c30d59fd2ef61c9e99f3e0452ac5e236f10055f56fac592c1,2024-10,Northumbria Police,Northumbria Police,-1.614841,54.976631,On or near Bus/Coach Station,E01008397,Newcastle upon Tyne 036B,Violence and sexual offences,Investigation complete; no suspect identified,
a10d5ab86ff0bba8649e66a9b4dd3440f2f87a5531cc9e0adc064e760f220684,2024-10,Northumbria Police,Northumbria Police,-1.614810,54.976750,On or near Haymarket Bus Station,E01008397,Newcastle upon Tyne 036B,Violence and sexual offences,Status update unavailable,
8b3f170962f1a53d8fc9b26bba77a2a8265d0f42073b811f094d72408bcf6143,2024-10,Northumbria Police,Northumbria Police,-1.610384,54.975657,On or near John Dobson Street,E01008397,Newcastle upon Tyne 036B,Violence and sexual offences,Investigation complete; no suspect identified,
8d6845aa428797aa13d77826476cdb1220d5dc04e75d2e6a89b769410ae6a1f9,2024-10,Northumbria Police,Northumbria Police,-1.611615,54.977557,On or near Vine Lane,E01008397,Newcastle upon Tyne 036B,Violence and sexual offences,Investigation complete; no suspect identified,
585cee2f0b026756b1d3ef2af9b670e352bad66ef15d03e5ba15bb3657d0e057,2024-10,Northumbria Police,Northumbria Police,-1.614684,54.989941,On or near Great North Road,E01008397,Newcastle upon Tyne 036B,Violence and sexual offences,Investigation complete; no suspect identified,
ae53479017cfd241560365998849d8c639d627af55497c1dbbbc840ed094a5ca,2024-10,Northumbria Police,Northumbria Police,-1.616690,54.974518,On or near Shopping Area,E01008397,Newcastle upon Tyne 036B,Violence and sexual offences,Status update unavailable,
1c8ba68748c3099e2797ae9e53b3748ac04eb2b94fbc6f2eeeb53afd11454bd0,2024-10,Northumbria Police,Northumbria Police,-1.613055,54.974347,On or near Shopping Area,E01008397,Newcastle upon Tyne 036B,Violence and sexual offences,Status update unavailable,
45f5e3003826b0d208f99be67f16d751187e8d0184ea8fa258101d2bf80bea1a,2024-10,Northumbria Police,Northumbria Police,-1.613996,54.976265,On or near Shopping Area,E01008397,Newcastle upon Tyne 036B,Violence and sexual offences,Investigation complete; no suspect identified,
0b68332f89abf7bbcc6e60fbf1d8111e7345ae6a4f3bb92540ef1f1880f9cf60,2024-10,Northumbria Police,Northumbria Police,-1.614944,54.982331,On or near Park Terrace,E01008397,Newcastle upon Tyne 036B,Violence and sexual offences,Investigation complete; no suspect identified,
69fc97795cc552bf6500f9ccd04143d180d971edc013232ea0a65e423af9d3e8,2024-10,Northumbria Police,Northumbria Police,-1.614684,54.989941,On or near Great North Road,E01008397,Newcastle upon Tyne 036B,Violence and sexual offences,Status update unavailable,
43927d3e9d0d1a0f6f3b8c4c01f1f262a4d2ea146af1ef14c675a1aff4f14c8b,2024-10,Northumbria Police,Northumbria Police,-1.613996,54.976265,On or near Shopping Area,E01008397,Newcastle upon Tyne 036B,Violence and sexual offences,Status update unavailable,
d63b85103b0a70d4e784c8fee2a271354ef3007271dc9075b8e75e3ef3354ab8,2024-10,Northumbria Police,Northumbria Police,-1.609150,54.977217,On or near Northumberland Road,E01008397,Newcastle upon Tyne 036B,Other crime,Investigation complete; no suspect identified,
,2024-10,Northumbria Police,Northumbria Police,-1.617929,54.970784,On or near Parking Area,E01033543,Newcastle upon Tyne 036C,Anti-social behaviour,,
,2024-10,Northumbria Police,Northumbria Police,-1.615322,54.972222,On or near Nun Street,E01033543,Newcastle upon Tyne 036C,Anti-social behaviour,,
,2024-10,Northumbria Police,Northumbria Police,-1.619073,54.970338,On or near A186,E01033543,Newcastle upon Tyne 036C,Anti-social behaviour,,
,2024-10,Northumbria Police,Northumbria Police,-1.609186,54.971924,On or near Pilgrim Street,E01033543,Newcastle upon Tyne 036C,Anti-social behaviour,,
,2024-10,Northumbria Police,Northumbria Police,-1.612903,54.973652,On or near Monument,E01033543,Newcastle upon Tyne 036C,Anti-social behaviour,,
,2024-10,Northumbria Police,Northumbria Police,-1.614922,54.971538,On or near Grainger Street,E01033543,Newcastle upon Tyne 036C,Anti-social behaviour,,
,2024-10,Northumbria Police,Northumbria Police,-1.608623,54.973558,On or near Carliol Street,E01033543,Newcastle upon Tyne 036C,Anti-social behaviour,,
,2024-10,Northumbria Police,Northumbria Police,-1.612903,54.973652,On or near Monument,E01033543,Newcastle upon Tyne 036C,Anti-social behaviour,,
,2024-10,Northumbria Police,Northumbria Police,-1.613893,54.971400,On or near Nightclub,E01033543,Newcastle upon Tyne 036C,Anti-social behaviour,,
,2024-10,Northumbria Police,Northumbria Police,-1.611086,54.970825,On or near Nightclub,E01033543,Newcastle upon Tyne 036C,Anti-social behaviour,,
,2024-10,Northumbria Police,Northumbria Police,-1.619073,54.970338,On or near A186,E01033543,Newcastle upon Tyne 036C,Anti-social behaviour,,
,2024-10,Northumbria Police,Northumbria Police,-1.614818,54.971021,On or near Nightclub,E01033543,Newcastle upon Tyne 036C,Anti-social behaviour,,
,2024-10,Northumbria Police,Northumbria Police,-1.610498,54.968648,On or near Castle Garth,E01033543,Newcastle upon Tyne 036C,Anti-social behaviour,,
,2024-10,Northumbria Police,Northumbria Police,-1.609186,54.971924,On or near Pilgrim Street,E01033543,Newcastle upon Tyne 036C,Anti-social behaviour,,
,2024-10,Northumbria Police,Northumbria Police,-1.612903,54.973652,On or near Monument,E01033543,Newcastle upon Tyne 036C,Anti-social behaviour,,
,2024-10,Northumbria Police,Northumbria Police,-1.612903,54.973652,On or near Monument,E01033543,Newcastle upon Tyne 036C,Anti-social behaviour,,
,2024-10,Northumbria Police,Northumbria Police,-1.612903,54.973652,On or near Monument,E01033543,Newcastle upon Tyne 036C,Anti-social behaviour,,
,2024-10,Northumbria Police,Northumbria Police,-1.614451,54.971824,On or near Nightclub,E01033543,Newcastle upon Tyne 036C,Anti-social behaviour,,
,2024-10,Northumbria Police,Northumbria Police,-1.614451,54.971824,On or near Nightclub,E01033543,Newcastle upon Tyne 036C,Anti-social behaviour,,
,2024-10,Northumbria Police,Northumbria Police,-1.614162,54.971050,On or near Nightclub,E01033543,Newcastle upon Tyne 036C,Anti-social behaviour,,
,2024-10,Northumbria Police,Northumbria Police,-1.610408,54.971569,On or near Market Lane,E01033543,Newcastle upon Tyne 036C,Anti-social behaviour,,
,2024-10,Northumbria Police,Northumbria Police,-1.614162,54.971050,On or near Nightclub,E01033543,Newcastle upon Tyne 036C,Anti-social behaviour,,
,2024-10,Northumbria Police,Northumbria Police,-1.618604,54.972035,On or near Dispensary Lane,E01033543,Newcastle upon Tyne 036C,Anti-social behaviour,,
,2024-10,Northumbria Police,Northumbria Police,-1.607530,54.973500,On or near Carliol Place,E01033543,Newcastle upon Tyne 036C,Anti-social behaviour,,
,2024-10,Northumbria Police,Northumbria Police,-1.611086,54.970825,On or near Nightclub,E01033543,Newcastle upon Tyne 036C,Anti-social behaviour,,
,2024-10,Northumbria Police,Northumbria Police,-1.607530,54.973500,On or near Carliol Place,E01033543,Newcastle upon Tyne 036C,Anti-social behaviour,,
,2024-10,Northumbria Police,Northumbria Police,-1.611086,54.970825,On or near Nightclub,E01033543,Newcastle upon Tyne 036C,Anti-social behaviour,,
,2024-10,Northumbria Police,Northumbria Police,-1.619073,54.970338,On or near A186,E01033543,Newcastle upon Tyne 036C,Anti-social behaviour,,
,2024-10,Northumbria Police,Northumbria Police,-1.612903,54.973652,On or near Monument,E01033543,Newcastle upon Tyne 036C,Anti-social behaviour,,
,2024-10,Northumbria Police,Northumbria Police,-1.615321,54.973921,On or near Shopping Area,E01033543,Newcastle upon Tyne 036C,Anti-social behaviour,,
,2024-10,Northumbria Police,Northumbria Police,-1.614592,54.973424,On or near Nelson Street,E01033543,Newcastle upon Tyne 036C,Anti-social behaviour,,
,2024-10,Northumbria Police,Northumbria Police,-1.619318,54.972540,On or near Nightclub,E01033543,Newcastle upon Tyne 036C,Anti-social behaviour,,
,2024-10,Northumbria Police,Northumbria Police,-1.619073,54.970338,On or near A186,E01033543,Newcastle upon Tyne 036C,Anti-social behaviour,,
,2024-10,Northumbria Police,Northumbria Police,-1.615321,54.973921,On or near Shopping Area,E01033543,Newcastle upon Tyne 036C,Anti-social behaviour,,
,2024-10,Northumbria Police,Northumbria Police,-1.611086,54.970825,On or near Nightclub,E01033543,Newcastle upon Tyne 036C,Anti-social behaviour,,
,2024-10,Northumbria Police,Northumbria Police,-1.607800,54.968235,On or near Parking Area,E01033543,Newcastle upon Tyne 036C,Anti-social behaviour,,
,2024-10,Northumbria Police,Northumbria Police,-1.614451,54.971824,On or near Nightclub,E01033543,Newcastle upon Tyne 036C,Anti-social behaviour,,
,2024-10,Northumbria Police,Northumbria Police,-1.614162,54.971050,On or near Nightclub,E01033543,Newcastle upon Tyne 036C,Anti-social behaviour,,
,2024-10,Northumbria Police,Northumbria Police,-1.610834,54.974293,On or near Theatre/Concert Hall,E01033543,Newcastle upon Tyne 036C,Anti-social behaviour,,
,2024-10,Northumbria Police,Northumbria Police,-1.617929,54.970784,On or near Parking Area,E01033543,Newcastle upon Tyne 036C,Anti-social behaviour,,
,2024-10,Northumbria Police,Northumbria Police,-1.614451,54.971824,On or near Nightclub,E01033543,Newcastle upon Tyne 036C,Anti-social behaviour,,
,2024-10,Northumbria Police,Northumbria Police,-1.607800,54.968235,On or near Parking Area,E01033543,Newcastle upon Tyne 036C,Anti-social behaviour,,
,2024-10,Northumbria Police,Northumbria Police,-1.615573,54.972124,On or near Shopping Area,E01033543,Newcastle upon Tyne 036C,Anti-social behaviour,,
,2024-10,Northumbria Police,Northumbria Police,-1.614818,54.971021,On or near Nightclub,E01033543,Newcastle upon Tyne 036C,Anti-social behaviour,,
,2024-10,Northumbria Police,Northumbria Police,-1.614818,54.971021,On or near Nightclub,E01033543,Newcastle upon Tyne 036C,Anti-social behaviour,,
,2024-10,Northumbria Police,Northumbria Police,-1.614451,54.971824,On or near Nightclub,E01033543,Newcastle upon Tyne 036C,Anti-social behaviour,,
,2024-10,Northumbria Police,Northumbria Police,-1.608623,54.973558,On or near Carliol Street,E01033543,Newcastle upon Tyne 036C,Anti-social behaviour,,
,2024-10,Northumbria Police,Northumbria Police,-1.608454,54.968453,On or near Sandhill,E01033543,Newcastle upon Tyne 036C,Anti-social behaviour,,
,2024-10,Northumbria Police,Northumbria Police,-1.614451,54.971824,On or near Nightclub,E01033543,Newcastle upon Tyne 036C,Anti-social behaviour,,
,2024-10,Northumbria Police,Northumbria Police,-1.612903,54.973652,On or near Monument,E01033543,Newcastle upon Tyne 036C,Anti-social behaviour,,
,2024-10,Northumbria Police,Northumbria Police,-1.614162,54.971050,On or near Nightclub,E01033543,Newcastle upon Tyne 036C,Anti-social behaviour,,
,2024-10,Northumbria Police,Northumbria Police,-1.609801,54.974568,On or near New Bridge Street West,E01033543,Newcastle upon Tyne 036C,Anti-social behaviour,,
,2024-10,Northumbria Police,Northumbria Police,-1.609149,54.969309,On or near Nightclub,E01033543,Newcastle upon Tyne 036C,Anti-social behaviour,,
,2024-10,Northumbria Police,Northumbria Police,-1.619318,54.972540,On or near Nightclub,E01033543,Newcastle upon Tyne 036C,Anti-social behaviour,,
,2024-10,Northumbria Police,Northumbria Police,-1.612903,54.973652,On or near Monument,E01033543,Newcastle upon Tyne 036C,Anti-social behaviour,,
,2024-10,Northumbria Police,Northumbria Police,-1.614592,54.973424,On or near Nelson Street,E01033543,Newcastle upon Tyne 036C,Anti-social behaviour,,
,2024-10,Northumbria Police,Northumbria Police,-1.617929,54.970784,On or near Parking Area,E01033543,Newcastle upon Tyne 036C,Anti-social behaviour,,
,2024-10,Northumbria Police,Northumbria Police,-1.611104,54.969046,On or near St Nicholas' Street,E01033543,Newcastle upon Tyne 036C,Anti-social behaviour,,
,2024-10,Northumbria Police,Northumbria Police,-1.617265,54.970468,On or near Conference/Exhibition Centre,E01033543,Newcastle upon Tyne 036C,Anti-social behaviour,,
,2024-10,Northumbria Police,Northumbria Police,-1.619073,54.970338,On or near A186,E01033543,Newcastle upon Tyne 036C,Anti-social behaviour,,
,2024-10,Northumbria Police,Northumbria Police,-1.614451,54.971824,On or near Nightclub,E01033543,Newcastle upon Tyne 036C,Anti-social behaviour,,
,2024-10,Northumbria Police,Northumbria Police,-1.614451,54.971824,On or near Nightclub,E01033543,Newcastle upon Tyne 036C,Anti-social behaviour,,
,2024-10,Northumbria Police,Northumbria Police,-1.618604,54.972035,On or near Dispensary Lane,E01033543,Newcastle upon Tyne 036C,Anti-social behaviour,,
,2024-10,Northumbria Police,Northumbria Police,-1.614922,54.971538,On or near Grainger Street,E01033543,Newcastle upon Tyne 036C,Anti-social behaviour,,
,2024-10,Northumbria Police,Northumbria Police,-1.609566,54.970044,On or near Nightclub,E01033543,Newcastle upon Tyne 036C,Anti-social behaviour,,
,2024-10,Northumbria Police,Northumbria Police,-1.614451,54.971824,On or near Nightclub,E01033543,Newcastle upon Tyne 036C,Anti-social behaviour,,
,2024-10,Northumbria Police,Northumbria Police,-1.611086,54.970825,On or near Nightclub,E01033543,Newcastle upon Tyne 036C,Anti-social behaviour,,
,2024-10,Northumbria Police,Northumbria Police,-1.619073,54.970338,On or near A186,E01033543,Newcastle upon Tyne 036C,Anti-social behaviour,,
,2024-10,Northumbria Police,Northumbria Police,-1.611086,54.970825,On or near Nightclub,E01033543,Newcastle upon Tyne 036C,Anti-social behaviour,,
,2024-10,Northumbria Police,Northumbria Police,-1.611862,54.971402,On or near Parking Area,E01033543,Newcastle upon Tyne 036C,Anti-social behaviour,,
,2024-10,Northumbria Police,Northumbria Police,-1.610498,54.968648,On or near Castle Garth,E01033543,Newcastle upon Tyne 036C,Anti-social behaviour,,
,2024-10,Northumbria Police,Northumbria Police,-1.617929,54.970784,On or near Parking Area,E01033543,Newcastle upon Tyne 036C,Anti-social behaviour,,
,2024-10,Northumbria Police,Northumbria Police,-1.618604,54.972035,On or near Dispensary Lane,E01033543,Newcastle upon Tyne 036C,Anti-social behaviour,,
,2024-10,Northumbria Police,Northumbria Police,-1.618604,54.972035,On or near Dispensary Lane,E01033543,Newcastle upon Tyne 036C,Anti-social behaviour,,
,2024-10,Northumbria Police,Northumbria Police,-1.615573,54.972124,On or near Shopping Area,E01033543,Newcastle upon Tyne 036C,Anti-social behaviour,,
,2024-10,Northumbria Police,Northumbria Police,-1.614451,54.971824,On or near Nightclub,E01033543,Newcastle upon Tyne 036C,Anti-social behaviour,,
,2024-10,Northumbria Police,Northumbria Police,-1.612554,54.970919,On or near Cloth Market,E01033543,Newcastle upon Tyne 036C,Anti-social behaviour,,
,2024-10,Northumbria Police,Northumbria Police,-1.609186,54.971924,On or near Pilgrim Street,E01033543,Newcastle upon Tyne 036C,Anti-social behaviour,,
,2024-10,Northumbria Police,Northumbria Police,-1.619318,54.972540,On or near Nightclub,E01033543,Newcastle upon Tyne 036C,Anti-social behaviour,,
,2024-10,Northumbria Police,Northumbria Police,-1.614818,54.971021,On or near Nightclub,E01033543,Newcastle upon Tyne 036C,Anti-social behaviour,,
,2024-10,Northumbria Police,Northumbria Police,-1.617929,54.970784,On or near Parking Area,E01033543,Newcastle upon Tyne 036C,Anti-social behaviour,,
,2024-10,Northumbria Police,Northumbria Police,-1.614451,54.971824,On or near Nightclub,E01033543,Newcastle upon Tyne 036C,Anti-social behaviour,,
,2024-10,Northumbria Police,Northumbria Police,-1.616347,54.971201,On or near Parking Area,E01033543,Newcastle upon Tyne 036C,Anti-social behaviour,,
,2024-10,Northumbria Police,Northumbria Police,-1.613893,54.971400,On or near Nightclub,E01033543,Newcastle upon Tyne 036C,Anti-social behaviour,,
,2024-10,Northumbria Police,Northumbria Police,-1.614922,54.971538,On or near Grainger Street,E01033543,Newcastle upon Tyne 036C,Anti-social behaviour,,
,2024-10,Northumbria Police,Northumbria Police,-1.613893,54.971400,On or near Nightclub,E01033543,Newcastle upon Tyne 036C,Anti-social behaviour,,
,2024-10,Northumbria Police,Northumbria Police,-1.611086,54.970825,On or near Nightclub,E01033543,Newcastle upon Tyne 036C,Anti-social behaviour,,
,2024-10,Northumbria Police,Northumbria Police,-1.614162,54.971050,On or near Nightclub,E01033543,Newcastle upon Tyne 036C,Anti-social behaviour,,
,2024-10,Northumbria Police,Northumbria Police,-1.619073,54.970338,On or near A186,E01033543,Newcastle upon Tyne 036C,Anti-social behaviour,,
,2024-10,Northumbria Police,Northumbria Police,-1.618604,54.972035,On or near Dispensary Lane,E01033543,Newcastle upon Tyne 036C,Anti-social behaviour,,
,2024-10,Northumbria Police,Northumbria Police,-1.614451,54.971824,On or near Nightclub,E01033543,Newcastle upon Tyne 036C,Anti-social behaviour,,
,2024-10,Northumbria Police,Northumbria Police,-1.615321,54.973921,On or near Shopping Area,E01033543,Newcastle upon Tyne 036C,Anti-social behaviour,,
,2024-10,Northumbria Police,Northumbria Police,-1.615573,54.972124,On or near Shopping Area,E01033543,Newcastle upon Tyne 036C,Anti-social behaviour,,
,2024-10,Northumbria Police,Northumbria Police,-1.610834,54.974293,On or near Theatre/Concert Hall,E01033543,Newcastle upon Tyne 036C,Anti-social behaviour,,
,2024-10,Northumbria Police,Northumbria Police,-1.612554,54.970919,On or near Cloth Market,E01033543,Newcastle upon Tyne 036C,Anti-social behaviour,,
,2024-10,Northumbria Police,Northumbria Police,-1.618604,54.972035,On or near Dispensary Lane,E01033543,Newcastle upon Tyne 036C,Anti-social behaviour,,
,2024-10,Northumbria Police,Northumbria Police,-1.614818,54.971021,On or near Nightclub,E01033543,Newcastle upon Tyne 036C,Anti-social behaviour,,
,2024-10,Northumbria Police,Northumbria Police,-1.612903,54.973652,On or near Monument,E01033543,Newcastle upon Tyne 036C,Anti-social behaviour,,
3d98b924e4597c7b87d2a44746af363bc6be428c415b7273f3ba58510c3abfdb,2024-10,Northumbria Police,Northumbria Police,-1.610834,54.974293,On or near Theatre/Concert Hall,E01033543,Newcastle upon Tyne 036C,Bicycle theft,Investigation complete; no suspect identified,
ab5939ed56eceff5e1c6e8261cd5edc89b60529f3c8b9e17f72bdbd8bba06ec3,2024-10,Northumbria Police,Northumbria Police,-1.609801,54.974568,On or near New Bridge Street West,E01033543,Newcastle upon Tyne 036C,Bicycle theft,Status update unavailable,
a5f821bf5b87db01af3fae7792a6b50abcbd68e280e351cf3141fead7cf6de72,2024-10,Northumbria Police,Northumbria Police,-1.610834,54.974293,On or near Theatre/Concert Hall,E01033543,Newcastle upon Tyne 036C,Bicycle theft,Court result unavailable,
2fe7c5c64aa28f18abc731fc819d82089c7e9e79345135217392469ae5df494d,2024-10,Northumbria Police,Northumbria Police,-1.619745,54.973638,On or near St Andrew'S Street,E01033543,Newcastle upon Tyne 036C,Bicycle theft,Investigation complete; no suspect identified,
f5ea60a4a24a03b540e901e8aa52fe591181e4fa95ddb1f87fe87471f7a76a36,2024-10,Northumbria Police,Northumbria Police,-1.614075,54.971940,On or near Shopping Area,E01033543,Newcastle upon Tyne 036C,Bicycle theft,Status update unavailable,
c3ece210fb3211e74ecc29d4ad5cc2a5b55073e60ddcaa9a085b1e5eba66d453,2024-10,Northumbria Police,Northumbria Police,-1.607891,54.974903,On or near Parking Area,E01033543,Newcastle upon Tyne 036C,Bicycle theft,Investigation complete; no suspect identified,
a9c48f5f8611069ce7d6153a0590af90b20833ca1d9e0b996f3c1a5ac37326ae,2024-10,Northumbria Police,Northumbria Police,-1.615321,54.973921,On or near Shopping Area,E01033543,Newcastle upon Tyne 036C,Burglary,Investigation complete; no suspect identified,
d2d5f1c78e39a928221ce7429d6177d540e6a7c3ee137317fe3d765ad21008e3,2024-10,Northumbria Police,Northumbria Police,-1.620681,54.972140,On or near West Walls,E01033543,Newcastle upon Tyne 036C,Burglary,Investigation complete; no suspect identified,
7fdd7f5439aa87115ce82c96d652cf78545a7482ada8b73b0eca2b9b0d2a7237,2024-10,Northumbria Police,Northumbria Police,-1.611604,54.970593,On or near Nightclub,E01033543,Newcastle upon Tyne 036C,Burglary,Investigation complete; no suspect identified,
f19d1a2e01b3993559ca89d109a551109d070397eaadfec4afb04609d3f4e5cc,2024-10,Northumbria Police,Northumbria Police,-1.610067,54.972826,On or near Worswick Street,E01033543,Newcastle upon Tyne 036C,Burglary,Investigation complete; no suspect identified,
d9390d90b9859662b119622ce6f259c0daddc29429f4c8617cf31cb640270a11,2024-10,Northumbria Police,Northumbria Police,-1.609149,54.969309,On or near Nightclub,E01033543,Newcastle upon Tyne 036C,Burglary,Court result unavailable,
cd2b773b0afb38778a98970d6ae3be8c93edce134245214b26f6bf0ea73f7a63,2024-10,Northumbria Police,Northumbria Police,-1.610067,54.972826,On or near Worswick Street,E01033543,Newcastle upon Tyne 036C,Burglary,Investigation complete; no suspect identified,
645b7b02d26803594dc31d87207c564711bdf00fe0a2f44b11ca73697202decf,2024-10,Northumbria Police,Northumbria Police,-1.614592,54.973424,On or near Nelson Street,E01033543,Newcastle upon Tyne 036C,Burglary,Court result unavailable,
cb77f0150669367a8f3bacfefb633467f2c5f05db7344bd0ecb3f48f97b8aeda,2024-10,Northumbria Police,Northumbria Police,-1.616347,54.971201,On or near Parking Area,E01033543,Newcastle upon Tyne 036C,Burglary,Court result unavailable,
258ccc0709102c673e71536642b95b81f4c2e7f4ffe27e651b4f9fce2ef83c7d,2024-10,Northumbria Police,Northumbria Police,-1.609566,54.970044,On or near Nightclub,E01033543,Newcastle upon Tyne 036C,Criminal damage and arson,Awaiting court outcome,
d730b2651fa47366bdf354fef9559c2385766f2346bee27c54bb837e8b16c11b,2024-10,Northumbria Police,Northumbria Police,-1.617265,54.970468,On or near Conference/Exhibition Centre,E01033543,Newcastle upon Tyne 036C,Criminal damage and arson,Investigation complete; no suspect identified,
df80055f7edd580c13886ce864f3582b21195edb095b03baa86b2978b14419da,2024-10,Northumbria Police,Northumbria Police,-1.614075,54.971940,On or near Shopping Area,E01033543,Newcastle upon Tyne 036C,Criminal damage and arson,Investigation complete; no suspect identified,
62dbca925750d58b972f0882a0384659fecf0e793e44720a46e8791edbc19fb9,2024-10,Northumbria Police,Northumbria Police,-1.609186,54.971924,On or near Pilgrim Street,E01033543,Newcastle upon Tyne 036C,Criminal damage and arson,Investigation complete; no suspect identified,
6e6345a9137371fb6c482c1e247229da5ddf5a8c305a7d1a5a00a7af80b5eaaf,2024-10,Northumbria Police,Northumbria Police,-1.617265,54.970468,On or near Conference/Exhibition Centre,E01033543,Newcastle upon Tyne 036C,Criminal damage and arson,Status update unavailable,
8700c989a2fd7f1cdf969f26ad832040f516251b7aa5ecdd68793d8101f4bca1,2024-10,Northumbria Police,Northumbria Police,-1.617762,54.970226,On or near Bus/Coach Station,E01033543,Newcastle upon Tyne 036C,Criminal damage and arson,Investigation complete; no suspect identified,
35bafdb4387e211b5f8ed77c42ea14cd6182b4ed0ff3277445ca91b254a71b79,2024-10,Northumbria Police,Northumbria Police,-1.609566,54.970044,On or near Nightclub,E01033543,Newcastle upon Tyne 036C,Criminal damage and arson,Investigation complete; no suspect identified,
65cdd4cbbebe625120e29bf01f5309bf69ecacd85fd17a3935062c65c57dbf29,2024-10,Northumbria Police,Northumbria Police,-1.610834,54.974293,On or near Theatre/Concert Hall,E01033543,Newcastle upon Tyne 036C,Criminal damage and arson,Investigation complete; no suspect identified,
b69196efc9bdb624f5fae4ee4ae9c7a6edacf067954cc620cb31e30ff0766606,2024-10,Northumbria Police,Northumbria Police,-1.618337,54.970587,On or near Fenkle Street,E01033543,Newcastle upon Tyne 036C,Criminal damage and arson,Local resolution,
df62d9499708a2de4fcaef0c2c4a1dfdfaff81056833cd0deed23e6753e9a6bc,2024-10,Northumbria Police,Northumbria Police,-1.609827,54.970192,On or near Dean Street,E01033543,Newcastle upon Tyne 036C,Criminal damage and arson,Investigation complete; no suspect identified,
6a45d1a0cbab47bc7bced6b0a9c7dd3b8732a9bfd599f2cbca66fdf13a0d34e1,2024-10,Northumbria Police,Northumbria Police,-1.611086,54.970825,On or near Nightclub,E01033543,Newcastle upon Tyne 036C,Criminal damage and arson,Investigation complete; no suspect identified,
04737640aecb3ea4f1670ad127daf6e1f10504d4b147f213375f13f1953d2d67,2024-10,Northumbria Police,Northumbria Police,-1.611234,54.968462,On or near Queens Lane,E01033543,Newcastle upon Tyne 036C,Criminal damage and arson,Investigation complete; no suspect identified,
4df6882c52066b1d52f4f976bf50ed53fbf4b77869c460f23df554c83c829d4b,2024-10,Northumbria Police,Northumbria Police,-1.619073,54.970338,On or near A186,E01033543,Newcastle upon Tyne 036C,Criminal damage and arson,Investigation complete; no suspect identified,
97fdf0a1fd66254d3ff5c07b308f83cac8d60cd53d8975643463bea9bcb34ff3,2024-10,Northumbria Police,Northumbria Police,-1.617762,54.970226,On or near Bus/Coach Station,E01033543,Newcastle upon Tyne 036C,Criminal damage and arson,Investigation complete; no suspect identified,
d0e2889d774f3efa2949dbc0f1d1124d55cabac4f92fbf0fffa1eece092976dc,2024-10,Northumbria Police,Northumbria Police,-1.610834,54.974293,On or near Theatre/Concert Hall,E01033543,Newcastle upon Tyne 036C,Criminal damage and arson,Status update unavailable,
1b2b34bc908e64b060653995301ab7fcb357771f79315a8ffa43a929184fb5d7,2024-10,Northumbria Police,Northumbria Police,-1.611104,54.969046,On or near St Nicholas' Street,E01033543,Newcastle upon Tyne 036C,Criminal damage and arson,Investigation complete; no suspect identified,
749d59bdf56efdff2ff8a1cb2b2631406437a612a4e914300bba75b3f8118999,2024-10,Northumbria Police,Northumbria Police,-1.620681,54.972140,On or near West Walls,E01033543,Newcastle upon Tyne 036C,Criminal damage and arson,Investigation complete; no suspect identified,
dc8c734f86e5711dca08270d05936b2a1f4caaa19cd3785f174167bc59d81c6a,2024-10,Northumbria Police,Northumbria Police,-1.610408,54.971569,On or near Market Lane,E01033543,Newcastle upon Tyne 036C,Criminal damage and arson,Investigation complete; no suspect identified,
bbdf69b47deeadf6de29aab4b8761b11d3c77243248bd55e76fe11eb0f0a6edc,2024-10,Northumbria Police,Northumbria Police,-1.610408,54.971569,On or near Market Lane,E01033543,Newcastle upon Tyne 036C,Criminal damage and arson,Status update unavailable,
ba9b638085b3193dba5d14a2eae92ffcb5c3d26b09b7bc4556aa067ab6d42202,2024-10,Northumbria Police,Northumbria Police,-1.609827,54.970192,On or near Dean Street,E01033543,Newcastle upon Tyne 036C,Criminal damage and arson,Status update unavailable,
95617cd21fc572571be500744eca65732137252c94677f78101aba40fa53e007,2024-10,Northumbria Police,Northumbria Police,-1.614238,54.971194,On or near Bigg Market,E01033543,Newcastle upon Tyne 036C,Criminal damage and arson,Investigation complete; no suspect identified,
e573da162a23ba836702419a5a82bc7c394689d5b4d0b83d104ad0665ed420e5,2024-10,Northumbria Police,Northumbria Police,-1.610834,54.974293,On or near Theatre/Concert Hall,E01033543,Newcastle upon Tyne 036C,Criminal damage and arson,Court result unavailable,
70a683d97f228e6b57a0312ce78608e8e9c21ad0b1d6594953188c3f5e97d037,2024-10,Northumbria Police,Northumbria Police,-1.611086,54.970825,On or near Nightclub,E01033543,Newcastle upon Tyne 036C,Criminal damage and arson,Status update unavailable,
56f2e4f233b9c2c75d46dd3763896af68f3addb60abc645a28c01aa48d1b7ff9,2024-10,Northumbria Police,Northumbria Police,-1.617106,54.971841,On or near Shopping Area,E01033543,Newcastle upon Tyne 036C,Criminal damage and arson,Offender given a caution,
cec9efcdfa164f5bfc51a7b59a40227cbb972906ca0130d4f421ec065297b3d0,2024-10,Northumbria Police,Northumbria Police,-1.610408,54.971569,On or near Market Lane,E01033543,Newcastle upon Tyne 036C,Criminal damage and arson,Status update unavailable,
c2d08c526ceafcd31c0ccd4d47d40cf266d58a779589e8b48114abd890c823ab,2024-10,Northumbria Police,Northumbria Police,-1.610834,54.974293,On or near Theatre/Concert Hall,E01033543,Newcastle upon Tyne 036C,Drugs,Status update unavailable,
03f1d75f499e0cb889f542c64383bdd1dcc505164548a471dec0c61b7eeae710,2024-10,Northumbria Police,Northumbria Police,-1.607891,54.974903,On or near Parking Area,E01033543,Newcastle upon Tyne 036C,Drugs,Status update unavailable,
6f550d316ce8dab32807ed6d25a0141c85c174aa172d9f564c10d81ec1f1e27e,2024-10,Northumbria Police,Northumbria Police,-1.612903,54.973652,On or near Monument,E01033543,Newcastle upon Tyne 036C,Drugs,Investigation complete; no suspect identified,
d03442d9a539a846ffa8a2cf7ce11101e72b6db05258342adb6ea845829c8afa,2024-10,Northumbria Police,Northumbria Police,-1.609827,54.970192,On or near Dean Street,E01033543,Newcastle upon Tyne 036C,Drugs,Investigation complete; no suspect identified,
c9cbb7215004aae366ad4bd5d36b5e46e023089cda2eaf9ab71def436886d0fb,2024-10,Northumbria Police,Northumbria Police,-1.612903,54.973652,On or near Monument,E01033543,Newcastle upon Tyne 036C,Drugs,Status update unavailable,
74af10ac3316e31541cb961fe861ee05ee3b56154b69b5d949bd3e0445019e8b,2024-10,Northumbria Police,Northumbria Police,-1.615321,54.973921,On or near Shopping Area,E01033543,Newcastle upon Tyne 036C,Drugs,Local resolution,
49c3e8b4a3f23df7f753f4e73b077cd732415f15ac859071b88dedd90599892e,2024-10,Northumbria Police,Northumbria Police,-1.617929,54.970784,On or near Parking Area,E01033543,Newcastle upon Tyne 036C,Drugs,Status update unavailable,
d059fa13af9c0fe682ee881d24779d5afa2dff35c07321a45647aa7cbe831f6b,2024-10,Northumbria Police,Northumbria Police,-1.607891,54.974903,On or near Parking Area,E01033543,Newcastle upon Tyne 036C,Drugs,Court result unavailable,
bb7ee46d1323a0bd87575fea33a0902ee5786776b0a4fd7c7ef66790b515fb51,2024-10,Northumbria Police,Northumbria Police,-1.612903,54.973652,On or near Monument,E01033543,Newcastle upon Tyne 036C,Drugs,Court result unavailable,
d0a77ec10b53e407c993133740f5b22cf341a7e230b7539742cfafd556e6998a,2024-10,Northumbria Police,Northumbria Police,-1.612903,54.973652,On or near Monument,E01033543,Newcastle upon Tyne 036C,Other theft,Investigation complete; no suspect identified,
b94071964d8756f24f1ba000f7a8a2e7b71ec511573696c57465c67696852536,2024-10,Northumbria Police,Northumbria Police,-1.612903,54.973652,On or near Monument,E01033543,Newcastle upon Tyne 036C,Other theft,Investigation complete; no suspect identified,
41733da33e374d326f4121e25bd5a127987bf08363222a0c3504bc34a24b4786,2024-10,Northumbria Police,Northumbria Police,-1.615322,54.972222,On or near Nun Street,E01033543,Newcastle upon Tyne 036C,Other theft,Court result unavailable,
0d40cb9115b34bdf2c9a7b0f0f7915ce05127a6667a3610bbc6c91df138d2bb6,2024-10,Northumbria Police,Northumbria Police,-1.615322,54.972222,On or near Nun Street,E01033543,Newcastle upon Tyne 036C,Other theft,Investigation complete; no suspect identified,
1fde8288de2b9a44557d58c9f4a0db5802001d521cd07a56879d60330e119242,2024-10,Northumbria Police,Northumbria Police,-1.610834,54.974293,On or near Theatre/Concert Hall,E01033543,Newcastle upon Tyne 036C,Other theft,Investigation complete; no suspect identified,
e5c50ea789f51ca59c9c0b4cad4f9a14f1776c0a12ee1c449d9955b7edfe2869,2024-10,Northumbria Police,Northumbria Police,-1.614238,54.971194,On or near Bigg Market,E01033543,Newcastle upon Tyne 036C,Other theft,Investigation complete; no suspect identified,
ca5d8851b7e17f0f986da51f8461ea8f89ec79b135bcbeff0a5e3127fac75192,2024-10,Northumbria Police,Northumbria Police,-1.611086,54.970825,On or near Nightclub,E01033543,Newcastle upon Tyne 036C,Other theft,Investigation complete; no suspect identified,
26da3bd3fa137cf71ae6673b8e1d9c9e465de216804b301136069a15f96dec0d,2024-10,Northumbria Police,Northumbria Police,-1.614238,54.971194,On or near Bigg Market,E01033543,Newcastle upon Tyne 036C,Other theft,Investigation complete; no suspect identified,
cd488876e2d2b191555f47a0f29424966c2bf9fd8a0c8eae6632ee0c17c1613d,2024-10,Northumbria Police,Northumbria Police,-1.614922,54.971538,On or near Grainger Street,E01033543,Newcastle upon Tyne 036C,Other theft,Investigation complete; no suspect identified,
a3622e0166c8ca8e13125b092fe68611f4b8c1e881f05b561fc738a0d83e3d10,2024-10,Northumbria Police,Northumbria Police,-1.617265,54.970468,On or near Conference/Exhibition Centre,E01033543,Newcastle upon Tyne 036C,Other theft,Investigation complete; no suspect identified,
0b4dcca3fecd91322fd50cc59ac36843df19839ccab2cc6a916b7aacc6195af4,2024-10,Northumbria Police,Northumbria Police,-1.616347,54.971201,On or near Parking Area,E01033543,Newcastle upon Tyne 036C,Other theft,Investigation complete; no suspect identified,
8685d5274aa1fc22a1fc08f58ca43277b3794c109b12c321aea25b064d9a6fa0,2024-10,Northumbria Police,Northumbria Police,-1.610834,54.974293,On or near Theatre/Concert Hall,E01033543,Newcastle upon Tyne 036C,Other theft,Investigation complete; no suspect identified,
aacbe358d5378496c91f694fdc07e041206cd5d39adfa82f5f3aadd1fb603cdf,2024-10,Northumbria Police,Northumbria Police,-1.609149,54.969309,On or near Nightclub,E01033543,Newcastle upon Tyne 036C,Other theft,Investigation complete; no suspect identified,
a29d71cd0bdbcfcb2bfa8104e3b5a6fbf51292af09a991eb2dfa556847645002,2024-10,Northumbria Police,Northumbria Police,-1.610834,54.974293,On or near Theatre/Concert Hall,E01033543,Newcastle upon Tyne 036C,Other theft,Investigation complete; no suspect identified,
5374dd6d38d4f3376a4f963b15077e4bd191d5e0924c172a3ece81d013c13684,2024-10,Northumbria Police,Northumbria Police,-1.614075,54.971940,On or near Shopping Area,E01033543,Newcastle upon Tyne 036C,Other theft,Offender given a caution,
c93ab840f076aa7137efb8850d294a557f56b378b1fa8555736a1f1c9a792acf,2024-10,Northumbria Police,Northumbria Police,-1.615573,54.972124,On or near Shopping Area,E01033543,Newcastle upon Tyne 036C,Other theft,Status update unavailable,
f7b5922c0653906c721bc2579976b076740dd3a7f5b6d1f5269dd09fcf93bcb1,2024-10,Northumbria Police,Northumbria Police,-1.611086,54.970825,On or near Nightclub,E01033543,Newcastle upon Tyne 036C,Other theft,Investigation complete; no suspect identified,
d3cef22acd8666e1e016792c26cb54f07f7cb70fa442b8077afc821de4f0a81e,2024-10,Northumbria Police,Northumbria Police,-1.614592,54.973424,On or near Nelson Street,E01033543,Newcastle upon Tyne 036C,Other theft,Investigation complete; no suspect identified,
efaeecba21298e9614d30975b5300b35e39be3085a955a4010ea9aacb63d62bd,2024-10,Northumbria Police,Northumbria Police,-1.611521,54.971132,On or near Nightclub,E01033543,Newcastle upon Tyne 036C,Other theft,Investigation complete; no suspect identified,
5a44c0c99b1ac322b2867b11cec11859ee3849aa270b9186ec3bd7b93906c17e,2024-10,Northumbria Police,Northumbria Police,-1.611234,54.968462,On or near Queens Lane,E01033543,Newcastle upon Tyne 036C,Other theft,Investigation complete; no suspect identified,
0533315fc2aab7f59d6ca24048f4bc1b40141b5619ad9ec360e5b2d770e20821,2024-10,Northumbria Police,Northumbria Police,-1.607891,54.974903,On or near Parking Area,E01033543,Newcastle upon Tyne 036C,Other theft,Investigation complete; no suspect identified,
9d9cebc813e097404225f19d153faaf05ceaec5cff301a85df78bf2ef707b6f9,2024-10,Northumbria Police,Northumbria Police,-1.609149,54.969309,On or near Nightclub,E01033543,Newcastle upon Tyne 036C,Other theft,Investigation complete; no suspect identified,
d91a92db3f7b7c9dd5d86c9d42662ab55304079974a0030ae3e7dbaaffd3d0ec,2024-10,Northumbria Police,Northumbria Police,-1.615573,54.972124,On or near Shopping Area,E01033543,Newcastle upon Tyne 036C,Other theft,Investigation complete; no suspect identified,
3cce157b6f6f1f2042db21b10f79d6297e7a98db1a2ea15dba3431b51f3526bc,2024-10,Northumbria Police,Northumbria Police,-1.608078,54.974949,On or near Oxford Street,E01033543,Newcastle upon Tyne 036C,Other theft,Investigation complete; no suspect identified,
c92b248bc16d4afe6b1f7d72bf53cd3c7b7083110ce10443e1f82c8587cc088c,2024-10,Northumbria Police,Northumbria Police,-1.612903,54.973652,On or near Monument,E01033543,Newcastle upon Tyne 036C,Other theft,Investigation complete; no suspect identified,
63a9ef3e0f26410aa4addb0ff7af35e9844d29f4c658da2b829bcd32b17699d6,2024-10,Northumbria Police,Northumbria Police,-1.618337,54.970587,On or near Fenkle Street,E01033543,Newcastle upon Tyne 036C,Other theft,Status update unavailable,
97e5e0e6fa198c3cadb8e1961c7102c627fbca2c08256bd3c8aff208913f8d11,2024-10,Northumbria Police,Northumbria Police,-1.608078,54.974949,On or near Oxford Street,E01033543,Newcastle upon Tyne 036C,Possession of weapons,Investigation complete; no suspect identified,
70fa02ef5dd6b9e76395db7bfaf07fe0ca92e4d00a2e506cbad7a538c5f095ea,2024-10,Northumbria Police,Northumbria Police,-1.610834,54.974293,On or near Theatre/Concert Hall,E01033543,Newcastle upon Tyne 036C,Possession of weapons,Offender given a caution,
78e83bc54e745ea7f53b70d1092600e9bce77bfbb98179f4829284ec1bb88e52,2024-10,Northumbria Police,Northumbria Police,-1.614238,54.971194,On or near Bigg Market,E01033543,Newcastle upon Tyne 036C,Possession of weapons,Court result unavailable,
1db6af114c5ed75a7ea7ea24c3a2b51d264934d6ff6071f6ea46223587a45cfc,2024-10,Northumbria Police,Northumbria Police,-1.617929,54.970784,On or near Parking Area,E01033543,Newcastle upon Tyne 036C,Public order,Investigation complete; no suspect identified,
aac9fac769ab17e5ebb7e283de83196db362c50edf49ce0f7f272694481550aa,2024-10,Northumbria Police,Northumbria Police,-1.618604,54.972035,On or near Dispensary Lane,E01033543,Newcastle upon Tyne 036C,Public order,Status update unavailable,
04e4dd323c75930b391c83665086f8ec08abc7d00afceffd8b4d44903cc8f13a,2024-10,Northumbria Police,Northumbria Police,-1.612903,54.973652,On or near Monument,E01033543,Newcastle upon Tyne 036C,Public order,Investigation complete; no suspect identified,
d589c73da1a034d7003e4cd6b05b1d7822b950569d04f78961ad742e8d3af9f8,2024-10,Northumbria Police,Northumbria Police,-1.615573,54.972124,On or near Shopping Area,E01033543,Newcastle upon Tyne 036C,Public order,Status update unavailable,
12668e2cc1abeb1769cec1315ca9e44636aefa6c5ece33b25299686fd0d1b562,2024-10,Northumbria Police,Northumbria Police,-1.609186,54.971924,On or near Pilgrim Street,E01033543,Newcastle upon Tyne 036C,Public order,Status update unavailable,
f5a5554a586d130e0932f60e35ca78559a151b5f7c19f90415f0b6e71b428b2d,2024-10,Northumbria Police,Northumbria Police,-1.611104,54.969046,On or near St Nicholas' Street,E01033543,Newcastle upon Tyne 036C,Public order,Status update unavailable,
d473a1eb94a6954748bb58f7d5e5341a483415a0dab771f156d9d6df88942f22,2024-10,Northumbria Police,Northumbria Police,-1.614818,54.971021,On or near Nightclub,E01033543,Newcastle upon Tyne 036C,Public order,Offender given a caution,
cad0502b53fba469b9bcaf9986e62107f78ffb9a36050bc62ed0c0fbad343d4a,2024-10,Northumbria Police,Northumbria Police,-1.610834,54.974293,On or near Theatre/Concert Hall,E01033543,Newcastle upon Tyne 036C,Public order,Status update unavailable,
f2b47eb4d5c3960a006f6683104d11333faa5326f3d78b75b1cf37ee4ac44190,2024-10,Northumbria Police,Northumbria Police,-1.614922,54.971538,On or near Grainger Street,E01033543,Newcastle upon Tyne 036C,Public order,Investigation complete; no suspect identified,
1e4886364415dc674eb44845af9ff669a9c25903f62e39b73be14da019a3a416,2024-10,Northumbria Police,Northumbria Police,-1.611862,54.971402,On or near Parking Area,E01033543,Newcastle upon Tyne 036C,Public order,Investigation complete; no suspect identified,
985e0b60fa28161d7808871a818bc65a1038551fe8902a48dd04c191100bbb5f,2024-10,Northumbria Police,Northumbria Police,-1.615573,54.972124,On or near Shopping Area,E01033543,Newcastle upon Tyne 036C,Public order,Court result unavailable,
0c821375896843431f25a34ad047fcb7982278c5ceaac44f92177f3d0c2fc0c4,2024-10,Northumbria Police,Northumbria Police,-1.617106,54.971841,On or near Shopping Area,E01033543,Newcastle upon Tyne 036C,Public order,Investigation complete; no suspect identified,
121d684ff775c2065984b790a1ce320c26c356712f57b1de7897fe291ee733fa,2024-10,Northumbria Police,Northumbria Police,-1.612903,54.973652,On or near Monument,E01033543,Newcastle upon Tyne 036C,Public order,Court result unavailable,
45c84ca5fc36d6f816ff9fcbe79caf706b60974ee5aa2ab675ae5cae14dfc22f,2024-10,Northumbria Police,Northumbria Police,-1.617106,54.971841,On or near Shopping Area,E01033543,Newcastle upon Tyne 036C,Public order,Investigation complete; no suspect identified,
56712acdfa35102402f9fffe64cfa2ec0a327f75c4e1f2f9792d3243e0d1c9aa,2024-10,Northumbria Police,Northumbria Police,-1.614592,54.973424,On or near Nelson Street,E01033543,Newcastle upon Tyne 036C,Public order,Investigation complete; no suspect identified,
df7c01478ba3a52f0d6ec8511ff86ff5a0ddea5e08a7defaab6c363a975924b6,2024-10,Northumbria Police,Northumbria Police,-1.615321,54.973921,On or near Shopping Area,E01033543,Newcastle upon Tyne 036C,Public order,Investigation complete; no suspect identified,
802fdd6d61ca195837044dd35eac350a347126de3b9ba0efbae200315dd96542,2024-10,Northumbria Police,Northumbria Police,-1.613893,54.971400,On or near Nightclub,E01033543,Newcastle upon Tyne 036C,Public order,Investigation complete; no suspect identified,
f816242c478202832bdecb3788005760bd7dafe34bebeb5e5b2f63653bd4f9b0,2024-10,Northumbria Police,Northumbria Police,-1.610982,54.970357,On or near St Nicholas' Church Yard,E01033543,Newcastle upon Tyne 036C,Public order,Investigation complete; no suspect identified,
9694632407cb87777480ad3dbedc12ab32fa65a89afb6cbaaab6e5dc97f68fe8,2024-10,Northumbria Police,Northumbria Police,-1.609566,54.970044,On or near Nightclub,E01033543,Newcastle upon Tyne 036C,Public order,Investigation complete; no suspect identified,
445475faf48154e693bdca42acd5952c609ace182948193ef1966aa2c130de75,2024-10,Northumbria Police,Northumbria Police,-1.610498,54.968648,On or near Castle Garth,E01033543,Newcastle upon Tyne 036C,Public order,Status update unavailable,
5298101af2cb7699caa9030c0534f77511fba89ccca22e4e9ac321ccd2566548,2024-10,Northumbria Police,Northumbria Police,-1.614451,54.971824,On or near Nightclub,E01033543,Newcastle upon Tyne 036C,Public order,Status update unavailable,
23f52795b5705a2b4eb7f4c6a746a5cf1c0d7daf6293fa52782b68cdbb045251,2024-10,Northumbria Police,Northumbria Police,-1.614451,54.971824,On or near Nightclub,E01033543,Newcastle upon Tyne 036C,Public order,Status update unavailable,
2723767adeda4c8caff1bb1cb8f85b1ab0b714c9faeddfe1a82fbdb5c83486ec,2024-10,Northumbria Police,Northumbria Police,-1.614215,54.970377,On or near Pudding Chare,E01033543,Newcastle upon Tyne 036C,Robbery,Investigation complete; no suspect identified,
234d0bdce446623a03756bb2c4b6955c6ae30316c1ffa0a3e2674b821f8bef9b,2024-10,Northumbria Police,Northumbria Police,-1.612554,54.970919,On or near Cloth Market,E01033543,Newcastle upon Tyne 036C,Robbery,Court result unavailable,
1f7bdb966b8c71f0e215bb74786c900acc68c4ab5e107bd1c25b686574e157e3,2024-10,Northumbria Police,Northumbria Police,-1.609186,54.971924,On or near Pilgrim Street,E01033543,Newcastle upon Tyne 036C,Robbery,Investigation complete; no suspect identified,
8f34a0bcf00e96baefe1cdb85133d8356511bd19ed97632549d6b8c19ee5531d,2024-10,Northumbria Police,Northumbria Police,-1.615573,54.972124,On or near Shopping Area,E01033543,Newcastle upon Tyne 036C,Robbery,Investigation complete; no suspect identified,
a541cb2e1ca2f412896841941c26dfc26f072b860ed6079a9fd475be8c501599,2024-10,Northumbria Police,Northumbria Police,-1.609186,54.971924,On or near Pilgrim Street,E01033543,Newcastle upon Tyne 036C,Robbery,Investigation complete; no suspect identified,
1b80b80db6f250e36d1189a92e672627642883ba6f18eb3f6dad6ff603d4b021,2024-10,Northumbria Police,Northumbria Police,-1.614922,54.971538,On or near Grainger Street,E01033543,Newcastle upon Tyne 036C,Shoplifting,Investigation complete; no suspect identified,
5669777d1e5f6a03e0225624f4e51df6d87754e52e4ddf3c0133aaf224d06b66,2024-10,Northumbria Police,Northumbria Police,-1.612903,54.973652,On or near Monument,E01033543,Newcastle upon Tyne 036C,Shoplifting,Court result unavailable,
bca07d6c4c52f4de2cacf76768cb2a2a9bd306c3aae99eceecd299da7f1a6d74,2024-10,Northumbria Police,Northumbria Police,-1.615321,54.973921,On or near Shopping Area,E01033543,Newcastle upon Tyne 036C,Shoplifting,Status update unavailable,
97750e5f5f2aad335b4e4805989a8d4558749e39158c36a8504a7d757e51053d,2024-10,Northumbria Police,Northumbria Police,-1.617106,54.971841,On or near Shopping Area,E01033543,Newcastle upon Tyne 036C,Shoplifting,Status update unavailable,
509a71b2f4eb610c82947054f7fd76fe696edd0d1539f317837ff4816a9845c4,2024-10,Northumbria Police,Northumbria Police,-1.612903,54.973652,On or near Monument,E01033543,Newcastle upon Tyne 036C,Shoplifting,Court result unavailable,
0a13ceb058433ec2b29f78926b3c1b4b19ae0f011a322689d864d1a6364591f8,2024-10,Northumbria Police,Northumbria Police,-1.615573,54.972124,On or near Shopping Area,E01033543,Newcastle upon Tyne 036C,Shoplifting,Status update unavailable,
77441517f0c315892ee50f4fe9165c194cbed4714d42c7c6f25dca39bed90b69,2024-10,Northumbria Police,Northumbria Police,-1.614075,54.971940,On or near Shopping Area,E01033543,Newcastle upon Tyne 036C,Shoplifting,Status update unavailable,
3efe9b705f4eb53c213bdb9aa57c7f0cbd496cbe3aafc0855f6416bd29afeb1f,2024-10,Northumbria Police,Northumbria Police,-1.610834,54.974293,On or near Theatre/Concert Hall,E01033543,Newcastle upon Tyne 036C,Shoplifting,Status update unavailable,
c08829b358bc67f5551bccc08caa04e84d22b58819837b3063f14e00d2041d6c,2024-10,Northumbria Police,Northumbria Police,-1.612903,54.973652,On or near Monument,E01033543,Newcastle upon Tyne 036C,Shoplifting,Investigation complete; no suspect identified,
5e8e334432deded00d434ff50ca3a243786eac037c298643a6644f340db7ba82,2024-10,Northumbria Police,Northumbria Police,-1.615321,54.973921,On or near Shopping Area,E01033543,Newcastle upon Tyne 036C,Shoplifting,Investigation complete; no suspect identified,
c2f43cb794fab2280d31538f4721a0a19124a34e0d93a955e9752ac421045fff,2024-10,Northumbria Police,Northumbria Police,-1.614075,54.971940,On or near Shopping Area,E01033543,Newcastle upon Tyne 036C,Shoplifting,Court result unavailable,
c6e5431bc9022ed2356e35fb6d8dca6349bdab1439bbb9d3b59534bcc0f9a94c,2024-10,Northumbria Police,Northumbria Police,-1.618344,54.971441,On or near Low Friar Street,E01033543,Newcastle upon Tyne 036C,Shoplifting,Status update unavailable,
4209b7d4af21c6faf627ef6339e0ccc121aacb7aa86c203023d1c3404b0fa8ae,2024-10,Northumbria Police,Northumbria Police,-1.615322,54.972222,On or near Nun Street,E01033543,Newcastle upon Tyne 036C,Shoplifting,Investigation complete; no suspect identified,
663dd42fc93839d9b448d20f265b1b239a62f504cb3c1c6b5e49aeabb57fb2d8,2024-10,Northumbria Police,Northumbria Police,-1.616347,54.971201,On or near Parking Area,E01033543,Newcastle upon Tyne 036C,Shoplifting,Court result unavailable,
9b7f5dd3dc067989b8566a09073ed31e1768f0c0b0f8174d6e0db631e937fac0,2024-10,Northumbria Police,Northumbria Police,-1.612903,54.973652,On or near Monument,E01033543,Newcastle upon Tyne 036C,Shoplifting,Court result unavailable,
950ebabb36fe87f0be70a712914676c49e28ee3c9ea016d216350d892702a10a,2024-10,Northumbria Police,Northumbria Police,-1.614592,54.973424,On or near Nelson Street,E01033543,Newcastle upon Tyne 036C,Shoplifting,Investigation complete; no suspect identified,
c4f6eb2af078e8f1d8ded4c2b866730181719aceb98579f49c5c1ff429f72e86,2024-10,Northumbria Police,Northumbria Police,-1.615573,54.972124,On or near Shopping Area,E01033543,Newcastle upon Tyne 036C,Shoplifting,Status update unavailable,
a0c6b80db1a4a85c979a28015a1781c95c543204758efb82002d702326c7a8bd,2024-10,Northumbria Police,Northumbria Police,-1.614592,54.973424,On or near Nelson Street,E01033543,Newcastle upon Tyne 036C,Shoplifting,Investigation complete; no suspect identified,
3a38730c328b2c85add96f94639df77ecdf741b105280e7d0ee677bca9ecd775,2024-10,Northumbria Police,Northumbria Police,-1.614592,54.973424,On or near Nelson Street,E01033543,Newcastle upon Tyne 036C,Shoplifting,Investigation complete; no suspect identified,
e7b00f6baad26b058ec375e851ce3e69e738cc689ab723390ac72ecd2138bb8f,2024-10,Northumbria Police,Northumbria Police,-1.614922,54.971538,On or near Grainger Street,E01033543,Newcastle upon Tyne 036C,Shoplifting,Investigation complete; no suspect identified,
1f782bf08bf185c7b5ddb2133532d3465b1d97c91f6e7d7566e8a2449e5af6f9,2024-10,Northumbria Police,Northumbria Police,-1.615322,54.972222,On or near Nun Street,E01033543,Newcastle upon Tyne 036C,Shoplifting,Investigation complete; no suspect identified,
f4b9e8c581c03c2b0a2f581bcea6ba73283759a9f9b771198c25e29fa445b07a,2024-10,Northumbria Police,Northumbria Police,-1.615322,54.972222,On or near Nun Street,E01033543,Newcastle upon Tyne 036C,Shoplifting,Investigation complete; no suspect identified,
d1e63e97998cee9228ca28b8ba71966a8c7ce07cc158b3a94b058248d1c49667,2024-10,Northumbria Police,Northumbria Police,-1.615322,54.972222,On or near Nun Street,E01033543,Newcastle upon Tyne 036C,Shoplifting,Investigation complete; no suspect identified,
2350c8d7199ecef43128867d36aea1a4741f5611a5b97017ceb189b2fba8da3b,2024-10,Northumbria Police,Northumbria Police,-1.612903,54.973652,On or near Monument,E01033543,Newcastle upon Tyne 036C,Theft from the person,Investigation complete; no suspect identified,
2e7e0c862760d70a7cdbc90b38c8ac2c35f88a816bd3d41c7f1dbe178780b7d3,2024-10,Northumbria Police,Northumbria Police,-1.614238,54.971194,On or near Bigg Market,E01033543,Newcastle upon Tyne 036C,Theft from the person,Investigation complete; no suspect identified,
f7253abe43e4aefb60f1646acb24fe542b6ffd0cddf5b7e72fe4c6b45f87c0d2,2024-10,Northumbria Police,Northumbria Police,-1.614075,54.971940,On or near Shopping Area,E01033543,Newcastle upon Tyne 036C,Theft from the person,Investigation complete; no suspect identified,
cccf40ca60375cfa8d9a07a584186aa3b55e8e101a25b651ad389458868261b8,2024-10,Northumbria Police,Northumbria Police,-1.612903,54.973652,On or near Monument,E01033543,Newcastle upon Tyne 036C,Theft from the person,Investigation complete; no suspect identified,
f44a52a1e2e628aa3749a0e579fe016dc2b687c7f296a5a0010dcb15c18112f4,2024-10,Northumbria Police,Northumbria Police,-1.617762,54.970226,On or near Bus/Coach Station,E01033543,Newcastle upon Tyne 036C,Theft from the person,Investigation complete; no suspect identified,
416e9b2098638cb41b37da09baca1007ef5a202f4c43aee004cc57c409584ba0,2024-10,Northumbria Police,Northumbria Police,-1.612903,54.973652,On or near Monument,E01033543,Newcastle upon Tyne 036C,Theft from the person,Investigation complete; no suspect identified,
908da8b7a8cf86d2f715894c4b0f196a1a4d9eed9f59f6cd032b4beb8f509e61,2024-10,Northumbria Police,Northumbria Police,-1.617265,54.970468,On or near Conference/Exhibition Centre,E01033543,Newcastle upon Tyne 036C,Theft from the person,Investigation complete; no suspect identified,
d84785ca876cc6026f94e480df96e90c72898ddf04b4d6ccb7b05a35a28f451b,2024-10,Northumbria Police,Northumbria Police,-1.614238,54.971194,On or near Bigg Market,E01033543,Newcastle upon Tyne 036C,Theft from the person,Investigation complete; no suspect identified,
ac2fb7cccd8bc88a3b4c8a1c869f9d01cb1ed6803044a5af4c0404cdc6e53fb9,2024-10,Northumbria Police,Northumbria Police,-1.614238,54.971194,On or near Bigg Market,E01033543,Newcastle upon Tyne 036C,Theft from the person,Investigation complete; no suspect identified,
2029ed53a8c60d41e0bf1ba42a7c37f08df508d26d478874c9c0a71d32bdc69b,2024-10,Northumbria Police,Northumbria Police,-1.614451,54.971824,On or near Nightclub,E01033543,Newcastle upon Tyne 036C,Theft from the person,Investigation complete; no suspect identified,
65299e051d2f2f97f2dc300048b7d927b29d4ffd0a5567d511af13e642770151,2024-10,Northumbria Police,Northumbria Police,-1.615321,54.973921,On or near Shopping Area,E01033543,Newcastle upon Tyne 036C,Theft from the person,Investigation complete; no suspect identified,
b262fe01494478d2f4a1f2960dcdfa93c493049b01b0b38dea8e44e65c3f23ab,2024-10,Northumbria Police,Northumbria Police,-1.607891,54.974903,On or near Parking Area,E01033543,Newcastle upon Tyne 036C,Theft from the person,Investigation complete; no suspect identified,
87a69ae6a11477d2f412de6d8c13e8fe8c64dafbe4e5e02ccb04267013fd3797,2024-10,Northumbria Police,Northumbria Police,-1.614075,54.971940,On or near Shopping Area,E01033543,Newcastle upon Tyne 036C,Theft from the person,Investigation complete; no suspect identified,
bd5dfd2785058057ea4dfb921018bb5413a3cd732603b82033f77818ca8ce96e,2024-10,Northumbria Police,Northumbria Police,-1.613893,54.971400,On or near Nightclub,E01033543,Newcastle upon Tyne 036C,Theft from the person,Investigation complete; no suspect identified,
d9a2d8de32d74176781620946e3b7377de3abc1789ff34e0f81a24cef5a9f404,2024-10,Northumbria Police,Northumbria Police,-1.614451,54.971824,On or near Nightclub,E01033543,Newcastle upon Tyne 036C,Theft from the person,Court result unavailable,
d4fc741ec6e1d849ff913578fc72ae6d1f327b769a087f2a33537d84a729c57b,2024-10,Northumbria Police,Northumbria Police,-1.615573,54.972124,On or near Shopping Area,E01033543,Newcastle upon Tyne 036C,Theft from the person,Investigation complete; no suspect identified,
29d838c521e1f3ae392391df229206df85082451ef62e4d684e90a8feebc9f27,2024-10,Northumbria Police,Northumbria Police,-1.614592,54.973424,On or near Nelson Street,E01033543,Newcastle upon Tyne 036C,Theft from the person,Investigation complete; no suspect identified,
0488c4f976e65af10fee19e834a07931ff27d1f6027c3e67f8131e81d693ad9c,2024-10,Northumbria Police,Northumbria Police,-1.611104,54.969046,On or near St Nicholas' Street,E01033543,Newcastle upon Tyne 036C,Theft from the person,Investigation complete; no suspect identified,
63dc3572b2bb10122de758564a3684adc50a4e32c918a2c98f6af768ad6746ce,2024-10,Northumbria Police,Northumbria Police,-1.614238,54.971194,On or near Bigg Market,E01033543,Newcastle upon Tyne 036C,Theft from the person,Investigation complete; no suspect identified,
58c78a19ba688db6c72d3abae23c7f05fb7bced17bf7fb67d1140a7afd37bcf8,2024-10,Northumbria Police,Northumbria Police,-1.610408,54.971569,On or near Market Lane,E01033543,Newcastle upon Tyne 036C,Vehicle crime,Status update unavailable,
19211558b91b60b509167b721580030c42e061dded763e35d0e689c5f822ad93,2024-10,Northumbria Police,Northumbria Police,-1.615573,54.972124,On or near Shopping Area,E01033543,Newcastle upon Tyne 036C,Violence and sexual offences,Status update unavailable,
6e0bec3d5859c09cc3291bc346c7b1f396f302611abe4b00056f2bd46a73c969,2024-10,Northumbria Police,Northumbria Police,-1.614818,54.971021,On or near Nightclub,E01033543,Newcastle upon Tyne 036C,Violence and sexual offences,Investigation complete; no suspect identified,
a27e13cc6f47360206645ab8c169085d9c1e6db7d0020e050e4119afce78b5ed,2024-10,Northumbria Police,Northumbria Police,-1.614818,54.971021,On or near Nightclub,E01033543,Newcastle upon Tyne 036C,Violence and sexual offences,Court result unavailable,
c548084a7156d2b6f45fe184832ffc7ea60bb185fd11c1892d3547db285a613e,2024-10,Northumbria Police,Northumbria Police,-1.614075,54.971940,On or near Shopping Area,E01033543,Newcastle upon Tyne 036C,Violence and sexual offences,Investigation complete; no suspect identified,
c667a450d3d07d1e6e3de9856ef15535d94fdfaadbdb84fb819da2cdb3afd70f,2024-10,Northumbria Police,Northumbria Police,-1.619283,54.972900,On or near Parking Area,E01033543,Newcastle upon Tyne 036C,Violence and sexual offences,Investigation complete; no suspect identified,
78037fc058604fe1872b08434bd9455eabf384c0ebd0b58ea6ab38c59e0214ef,2024-10,Northumbria Police,Northumbria Police,-1.618337,54.970587,On or near Fenkle Street,E01033543,Newcastle upon Tyne 036C,Violence and sexual offences,Status update unavailable,
bdec6f3ba2ff4d9e3886bdd36ca52bea6ac68010409b28c243adc50bc8d99aac,2024-10,Northumbria Police,Northumbria Police,-1.611086,54.970825,On or near Nightclub,E01033543,Newcastle upon Tyne 036C,Violence and sexual offences,Investigation complete; no suspect identified,
d634dae18d6cce0ce46c30b586f0ba578aa185acc9e0d5f7ad94b262c95a0bf4,2024-10,Northumbria Police,Northumbria Police,-1.617106,54.971841,On or near Shopping Area,E01033543,Newcastle upon Tyne 036C,Violence and sexual offences,Investigation complete; no suspect identified,
8ab1a1f658a0fd7889a217dfcd9996f17f13c263e16644cf75287c6b31f3326b,2024-10,Northumbria Police,Northumbria Police,-1.617265,54.970468,On or near Conference/Exhibition Centre,E01033543,Newcastle upon Tyne 036C,Violence and sexual offences,Investigation complete; no suspect identified,
f42ce3bb4b24fc465e643d501cbaf3fe7b422f78c9222553b7057777c8c6bee3,2024-10,Northumbria Police,Northumbria Police,-1.611604,54.970593,On or near Nightclub,E01033543,Newcastle upon Tyne 036C,Violence and sexual offences,Investigation complete; no suspect identified,
e304bbd3361495abcf12f7948587f6330c3d8b0028e34ed67eadd154069fc528,2024-10,Northumbria Police,Northumbria Police,-1.613893,54.971400,On or near Nightclub,E01033543,Newcastle upon Tyne 036C,Violence and sexual offences,Status update unavailable,
b965882802a9d4db9fa04661c5bcd3b17316912d477941c80b6702c8d57beef9,2024-10,Northumbria Police,Northumbria Police,-1.619745,54.973638,On or near St Andrew'S Street,E01033543,Newcastle upon Tyne 036C,Violence and sexual offences,Status update unavailable,
a600330788113229c0d5d055eb2b1ab5f1b3db1e1c71dbf455316e1196146d5f,2024-10,Northumbria Police,Northumbria Police,-1.617265,54.970468,On or near Conference/Exhibition Centre,E01033543,Newcastle upon Tyne 036C,Violence and sexual offences,Investigation complete; no suspect identified,
822fa7fec0cc4d4d061971075ceedb62979a657151a895a05d5b39bfe4ac5674,2024-10,Northumbria Police,Northumbria Police,-1.612903,54.973652,On or near Monument,E01033543,Newcastle upon Tyne 036C,Violence and sexual offences,Investigation complete; no suspect identified,
8dd8ebfd5a8e388ce433a74eba4feac2d4246bfe2dd8cbc67d38814b09b4610a,2024-10,Northumbria Police,Northumbria Police,-1.618344,54.971441,On or near Low Friar Street,E01033543,Newcastle upon Tyne 036C,Violence and sexual offences,Investigation complete; no suspect identified,
f82541e0bf3056508232139bc3ba43c2e8139329efc120db8aeb05bc72642429,2024-10,Northumbria Police,Northumbria Police,-1.609055,54.967664,On or near Parking Area,E01033543,Newcastle upon Tyne 036C,Violence and sexual offences,Investigation complete; no suspect identified,
fd8a8011ad3f42c6c439cb5007da4188064e2c88ea2b22bcdb6a783c31c478c4,2024-10,Northumbria Police,Northumbria Police,-1.612903,54.973652,On or near Monument,E01033543,Newcastle upon Tyne 036C,Violence and sexual offences,Investigation complete; no suspect identified,
12802a6c25367099adec8d3d56556d727a385bcd6d193944e16d28395219f178,2024-10,Northumbria Police,Northumbria Police,-1.613893,54.971400,On or near Nightclub,E01033543,Newcastle upon Tyne 036C,Violence and sexual offences,Investigation complete; no suspect identified,
7fba261c67279d089d32536fcceb96bed6ce775e6d95d27fc15727f451d9beeb,2024-10,Northumbria Police,Northumbria Police,-1.615321,54.973921,On or near Shopping Area,E01033543,Newcastle upon Tyne 036C,Violence and sexual offences,Status update unavailable,
e5cad939c20f68443096a3cfc2b411ea0a696dadcc4b3a067fc1be7454bdf5f2,2024-10,Northumbria Police,Northumbria Police,-1.611521,54.971132,On or near Nightclub,E01033543,Newcastle upon Tyne 036C,Violence and sexual offences,Investigation complete; no suspect identified,
62ee2bddd7c88be3c226feb7e109ba5d957b717ea1a781f4753c1033bc6d9240,2024-10,Northumbria Police,Northumbria Police,-1.610834,54.974293,On or near Theatre/Concert Hall,E01033543,Newcastle upon Tyne 036C,Violence and sexual offences,Investigation complete; no suspect identified,
d0c4b7629fcbb22fa6b448d38b1df75bfa54b5917ebdf9b822c83d610c139bb2,2024-10,Northumbria Police,Northumbria Police,-1.615385,54.972133,On or near Nuns Lane,E01033543,Newcastle upon Tyne 036C,Violence and sexual offences,Investigation complete; no suspect identified,
d82c8370202d46091731d7cf0947091a6f6b7bd06968eabcdaa38f0921dbaac2,2024-10,Northumbria Police,Northumbria Police,-1.611604,54.970593,On or near Nightclub,E01033543,Newcastle upon Tyne 036C,Violence and sexual offences,Investigation complete; no suspect identified,
6b99d2d9cf025055b7d663930056c8ffc2277002e93477db0eef6e95e1d2f7f9,2024-10,Northumbria Police,Northumbria Police,-1.614818,54.971021,On or near Nightclub,E01033543,Newcastle upon Tyne 036C,Violence and sexual offences,Investigation complete; no suspect identified,
71f179536b5a86899ff311215f43f739ab35d12904ba423f4941d46d51bbc6ce,2024-10,Northumbria Police,Northumbria Police,-1.614818,54.971021,On or near Nightclub,E01033543,Newcastle upon Tyne 036C,Violence and sexual offences,Investigation complete; no suspect identified,
4eee9a50726ed99bb531549d896fd116cf0779b4399483b0d1022d2280d794c8,2024-10,Northumbria Police,Northumbria Police,-1.615321,54.973921,On or near Shopping Area,E01033543,Newcastle upon Tyne 036C,Violence and sexual offences,Status update unavailable,
d80d7c8698c8db02fe0381c29956666dbed7d78b0e9c641fc50377df21ab50f8,2024-10,Northumbria Police,Northumbria Police,-1.619283,54.972900,On or near Parking Area,E01033543,Newcastle upon Tyne 036C,Violence and sexual offences,Investigation complete; no suspect identified,
5b35a82d3e503f9a0a5c7f65e7e87c0aeff2ff4ead4b505701c46369d85855b9,2024-10,Northumbria Police,Northumbria Police,-1.614592,54.973424,On or near Nelson Street,E01033543,Newcastle upon Tyne 036C,Violence and sexual offences,Investigation complete; no suspect identified,
1740473d241a449279314b28ea6b8bc2f8c755a4048c76139b5866d40b8a209e,2024-10,Northumbria Police,Northumbria Police,-1.612554,54.970919,On or near Cloth Market,E01033543,Newcastle upon Tyne 036C,Violence and sexual offences,Investigation complete; no suspect identified,
3a58657d68dc99d97ae1d9c51325db192c670fd61a75c2bf89b77e6f53a9549c,2024-10,Northumbria Police,Northumbria Police,-1.619073,54.970338,On or near A186,E01033543,Newcastle upon Tyne 036C,Violence and sexual offences,Investigation complete; no suspect identified,
8c1be870590d98902193bb8b5d969f5c5ead6eb6dcbef5537f0b7656e9333d0e,2024-10,Northumbria Police,Northumbria Police,-1.609055,54.967664,On or near Parking Area,E01033543,Newcastle upon Tyne 036C,Violence and sexual offences,Status update unavailable,
3419707a2195dbd1ba3d3da2b5f119bedda33d7bcbd0e02abb9bb65fae2dbeac,2024-10,Northumbria Police,Northumbria Police,-1.611862,54.971402,On or near Parking Area,E01033543,Newcastle upon Tyne 036C,Violence and sexual offences,Investigation complete; no suspect identified,
9a06fd506171118ed2c05aeeedc64c3e2ed78a8e158857e5c6e181385a0a6af2,2024-10,Northumbria Police,Northumbria Police,-1.617265,54.970468,On or near Conference/Exhibition Centre,E01033543,Newcastle upon Tyne 036C,Violence and sexual offences,Status update unavailable,
7aa0e43c190bba2155e39c7a300d1b976106810256f1c1d0cf6fc138769b7564,2024-10,Northumbria Police,Northumbria Police,-1.614818,54.971021,On or near Nightclub,E01033543,Newcastle upon Tyne 036C,Violence and sexual offences,Status update unavailable,
5ee949d567edc49af508167c5b0292c93481edfd70b8ccb21905d8bb77abca60,2024-10,Northumbria Police,Northumbria Police,-1.617265,54.970468,On or near Conference/Exhibition Centre,E01033543,Newcastle upon Tyne 036C,Violence and sexual offences,Investigation complete; no suspect identified,
1f232cf5fa9e69225df850ef9640f8f72310b3e291f323e1f961ef06630aba69,2024-10,Northumbria Police,Northumbria Police,-1.615321,54.973921,On or near Shopping Area,E01033543,Newcastle upon Tyne 036C,Violence and sexual offences,Investigation complete; no suspect identified,
24e2c5bb001d5753496714b5f79b4af545b796428edca1bdffb0be2b79b4593a,2024-10,Northumbria Police,Northumbria Police,-1.608707,54.972974,On or near Carliol Square,E01033543,Newcastle upon Tyne 036C,Violence and sexual offences,Awaiting court outcome,
09c61db2c21e5043d0ba28fe55ed2b666984b6aeeee012556e85cb9f765f15f0,2024-10,Northumbria Police,Northumbria Police,-1.609827,54.970192,On or near Dean Street,E01033543,Newcastle upon Tyne 036C,Violence and sexual offences,Status update unavailable,
4864498361de9b076800fd66d31075f59fafbbe278f4957153a5412ac28e664b,2024-10,Northumbria Police,Northumbria Police,-1.617929,54.970784,On or near Parking Area,E01033543,Newcastle upon Tyne 036C,Violence and sexual offences,Status update unavailable,
6ac9ad6bb4e8a000e75ede292a340d5a79a5e8e14dd90d3215c39f50ff47f49c,2024-10,Northumbria Police,Northumbria Police,-1.615322,54.972222,On or near Nun Street,E01033543,Newcastle upon Tyne 036C,Violence and sexual offences,Investigation complete; no suspect identified,
c6f2087bec5fe0c6f1362913e02e8f80694104d06a2f299899fe23775af9997a,2024-10,Northumbria Police,Northumbria Police,-1.615322,54.972222,On or near Nun Street,E01033543,Newcastle upon Tyne 036C,Violence and sexual offences,Investigation complete; no suspect identified,
0d03391d1b824445eb8504840b7c55503cdfadab77fa82e7c963fe76367c02d5,2024-10,Northumbria Police,Northumbria Police,-1.609055,54.967664,On or near Parking Area,E01033543,Newcastle upon Tyne 036C,Violence and sexual offences,Investigation complete; no suspect identified,
875aee9888b4e89369a1786d2765cd7d0ce3e48e4988ca90d49885ef51f8d20f,2024-10,Northumbria Police,Northumbria Police,-1.617762,54.970226,On or near Bus/Coach Station,E01033543,Newcastle upon Tyne 036C,Violence and sexual offences,Investigation complete; no suspect identified,
6d5d02561974d6f32856d7650e50468886731fab4a16679a640e6f3d3c607211,2024-10,Northumbria Police,Northumbria Police,-1.618604,54.972035,On or near Dispensary Lane,E01033543,Newcastle upon Tyne 036C,Violence and sexual offences,Investigation complete; no suspect identified,
046127793db6b7a8ede6feb2d97a63ec456346d212fc0fb1704c5e0ab518da0d,2024-10,Northumbria Police,Northumbria Police,-1.618604,54.972035,On or near Dispensary Lane,E01033543,Newcastle upon Tyne 036C,Violence and sexual offences,Investigation complete; no suspect identified,
14e7d4d7b205052921fcf0a28905d23420633f48c51e6eb43bdac4c33e538cde,2024-10,Northumbria Police,Northumbria Police,-1.618604,54.972035,On or near Dispensary Lane,E01033543,Newcastle upon Tyne 036C,Violence and sexual offences,Investigation complete; no suspect identified,
d09fcae0a6f32d8d9eb7ba8f16479dce812c217c9487162eb6573cb7863d128f,2024-10,Northumbria Police,Northumbria Police,-1.614818,54.971021,On or near Nightclub,E01033543,Newcastle upon Tyne 036C,Violence and sexual offences,Investigation complete; no suspect identified,
dc05f3d540a6dc27d16186730c771e2dae86de0d98231ed808ab29fe50cf3643,2024-10,Northumbria Police,Northumbria Police,-1.617762,54.970226,On or near Bus/Coach Station,E01033543,Newcastle upon Tyne 036C,Violence and sexual offences,Investigation complete; no suspect identified,
7489f500a3480e939c389f97b4605b0619251a9d0dba1e59882b9231dea0bd04,2024-10,Northumbria Police,Northumbria Police,-1.607891,54.974903,On or near Parking Area,E01033543,Newcastle upon Tyne 036C,Violence and sexual offences,Investigation complete; no suspect identified,
e6f5e03d1dde1c25b7715eb3297f2bbb1eef09bb0b6b709389a52d8013b52c8d,2024-10,Northumbria Police,Northumbria Police,-1.614818,54.971021,On or near Nightclub,E01033543,Newcastle upon Tyne 036C,Violence and sexual offences,Investigation complete; no suspect identified,
80144fc75ce350aebc756d1502b9736d52534e48b7da1a0d109ea10d325b7a0d,2024-10,Northumbria Police,Northumbria Police,-1.607891,54.974903,On or near Parking Area,E01033543,Newcastle upon Tyne 036C,Violence and sexual offences,Investigation complete; no suspect identified,
9a2b4b4ced0a7bfd6a66299225e400792936172808fcbd3e0d9fea6996aa08d9,2024-10,Northumbria Police,Northumbria Police,-1.612903,54.973652,On or near Monument,E01033543,Newcastle upon Tyne 036C,Violence and sexual offences,Investigation complete; no suspect identified,
76a07a930736267c38d2c35ac0fea4cd19e677f9afbbf929b4bcfc229b3f8797,2024-10,Northumbria Police,Northumbria Police,-1.611104,54.969046,On or near St Nicholas' Street,E01033543,Newcastle upon Tyne 036C,Violence and sexual offences,Investigation complete; no suspect identified,
08ef50c2e333a457b87f88de49a6a027fcb9a4af39b22934f01411e9cbae534c,2024-10,Northumbria Police,Northumbria Police,-1.618604,54.972035,On or near Dispensary Lane,E01033543,Newcastle upon Tyne 036C,Violence and sexual offences,Investigation complete; no suspect identified,
bfae544f9a8e79201f0bd50dde7c569c334b6c49210b1c07d80bfbb17c47b9a4,2024-10,Northumbria Police,Northumbria Police,-1.617265,54.970468,On or near Conference/Exhibition Centre,E01033543,Newcastle upon Tyne 036C,Violence and sexual offences,Investigation complete; no suspect identified,
8e0fabde753a2156a8646d76bcd720cb1d4571a4a1634cf4fd43fcb5a257979e,2024-10,Northumbria Police,Northumbria Police,-1.612554,54.970919,On or near Cloth Market,E01033543,Newcastle upon Tyne 036C,Violence and sexual offences,Status update unavailable,
e4b7f4e7284ef6497eb2b2b52df450b2c02759c8e9d28a7bbc12df2a8afa350b,2024-10,Northumbria Police,Northumbria Police,-1.613893,54.971400,On or near Nightclub,E01033543,Newcastle upon Tyne 036C,Violence and sexual offences,Offender given a caution,
679940f22b3994afccf696a0a4a2219dd65aade41256675f979c3b7f0ba4d954,2024-10,Northumbria Police,Northumbria Police,-1.618337,54.970587,On or near Fenkle Street,E01033543,Newcastle upon Tyne 036C,Violence and sexual offences,Investigation complete; no suspect identified,
593bd16f11f11648bbeba896ef3af922175794da1bfd4e36580a716d181ad78d,2024-10,Northumbria Police,Northumbria Police,-1.611521,54.971132,On or near Nightclub,E01033543,Newcastle upon Tyne 036C,Violence and sexual offences,Investigation complete; no suspect identified,
da8c4103cbc1a5d63cb30ad94a48a26ee495c8b2db8ca3eda3f25e3c71b068cb,2024-10,Northumbria Police,Northumbria Police,-1.612554,54.970919,On or near Cloth Market,E01033543,Newcastle upon Tyne 036C,Violence and sexual offences,Investigation complete; no suspect identified,
edc71662b3bbdb81c414b05b129a0ea99a187601bf411a680bf5408524fbf343,2024-10,Northumbria Police,Northumbria Police,-1.614075,54.971940,On or near Shopping Area,E01033543,Newcastle upon Tyne 036C,Violence and sexual offences,Investigation complete; no suspect identified,
ea17129e79ab7028b9693f4f77491d8821f18f1ba67761251c95051a2544a3b5,2024-10,Northumbria Police,Northumbria Police,-1.617762,54.970226,On or near Bus/Coach Station,E01033543,Newcastle upon Tyne 036C,Violence and sexual offences,Status update unavailable,
449e632aa0c3bbe4f741bcded453cc23e4a8fc8de3a176b7dc284acf2d8fc63d,2024-10,Northumbria Police,Northumbria Police,-1.612903,54.973652,On or near Monument,E01033543,Newcastle upon Tyne 036C,Violence and sexual offences,Investigation complete; no suspect identified,
b71b027207759684ca9b154204893f5bde163f174fc84433d12d3a50b04704b2,2024-10,Northumbria Police,Northumbria Police,-1.618337,54.970587,On or near Fenkle Street,E01033543,Newcastle upon Tyne 036C,Violence and sexual offences,Investigation complete; no suspect identified,
cbc5106f4a9942c5c26dc2a316fa20426aca68fad1ab111d6b525abac78653bb,2024-10,Northumbria Police,Northumbria Police,-1.607891,54.974903,On or near Parking Area,E01033543,Newcastle upon Tyne 036C,Violence and sexual offences,Investigation complete; no suspect identified,
1cc95dfbd0529ff8dea8f76fc27b80f8453c25adbcb5d84acc2d63c4fea53ebe,2024-10,Northumbria Police,Northumbria Police,-1.608454,54.968453,On or near Sandhill,E01033543,Newcastle upon Tyne 036C,Violence and sexual offences,Investigation complete; no suspect identified,
c5c2825acf0c63c0af80243de11de599fda96968b33440a1b40b9c2ed5262b43,2024-10,Northumbria Police,Northumbria Police,-1.609149,54.969309,On or near Nightclub,E01033543,Newcastle upon Tyne 036C,Violence and sexual offences,Investigation complete; no suspect identified,
3dbbaaf47aff30cd357ac4334be2396209149521bc4df1c6873099f780bcac1d,2024-10,Northumbria Police,Northumbria Police,-1.609149,54.969309,On or near Nightclub,E01033543,Newcastle upon Tyne 036C,Violence and sexual offences,Investigation complete; no suspect identified,
57c7e67faa9b54a9c73403b39cf65a4e3882b3ba4d03c841d4040c97eb219fe2,2024-10,Northumbria Police,Northumbria Police,-1.614075,54.971940,On or near Shopping Area,E01033543,Newcastle upon Tyne 036C,Violence and sexual offences,Court result unavailable,
7a8438082ac23913af318f6a566ccae4f5ff7bf03b3fdcf888b44d4756df2f0e,2024-10,Northumbria Police,Northumbria Police,-1.608454,54.968453,On or near Sandhill,E01033543,Newcastle upon Tyne 036C,Violence and sexual offences,Status update unavailable,
e1a77ca3ba62d508d159ccd0bf02bae6464800e18ac2e0fc00158523f1e4c27a,2024-10,Northumbria Police,Northumbria Police,-1.615322,54.972222,On or near Nun Street,E01033543,Newcastle upon Tyne 036C,Violence and sexual offences,Investigation complete; no suspect identified,
048da368313409df223182ec8b53057cd2545ca42c7846f312eba3f13f339155,2024-10,Northumbria Police,Northumbria Police,-1.614075,54.971940,On or near Shopping Area,E01033543,Newcastle upon Tyne 036C,Violence and sexual offences,Investigation complete; no suspect identified,
22a98d471c589afdcef7d60495b23aa9bd1138bdb66bbb92d33de9ed7385ed41,2024-10,Northumbria Police,Northumbria Police,-1.618344,54.971441,On or near Low Friar Street,E01033543,Newcastle upon Tyne 036C,Violence and sexual offences,Investigation complete; no suspect identified,
cb82bcd3d0d12a6d0c7336989f8ceba964640fae0bb92196fdba7f840d63627d,2024-10,Northumbria Police,Northumbria Police,-1.609149,54.969309,On or near Nightclub,E01033543,Newcastle upon Tyne 036C,Violence and sexual offences,Investigation complete; no suspect identified,
57a455ed89662c873db51d9e4e72823d645338d234cc6286f9783f0feccc521b,2024-10,Northumbria Police,Northumbria Police,-1.615321,54.973921,On or near Shopping Area,E01033543,Newcastle upon Tyne 036C,Violence and sexual offences,Investigation complete; no suspect identified,
a5c0e9bef0a4089ebdb6da4bb3239ae2be2d8d610b80fbdb8769ce2e0726b30e,2024-10,Northumbria Police,Northumbria Police,-1.617265,54.970468,On or near Conference/Exhibition Centre,E01033543,Newcastle upon Tyne 036C,Violence and sexual offences,Investigation complete; no suspect identified,
93d27384a3ffd5f0cb05ffe812c8d7f9f25574a36c1eed66fc03557e16472104,2024-10,Northumbria Police,Northumbria Police,-1.614238,54.971194,On or near Bigg Market,E01033543,Newcastle upon Tyne 036C,Violence and sexual offences,Investigation complete; no suspect identified,
5fb228966eeb811d81113d70aa2be386d8c9f3423d49d238ba532335ecc80c84,2024-10,Northumbria Police,Northumbria Police,-1.614818,54.971021,On or near Nightclub,E01033543,Newcastle upon Tyne 036C,Violence and sexual offences,Investigation complete; no suspect identified,
56a95c7b12bcb5931c7d1ec9c38b49aeddb20e2d792f972754f395b1a2303475,2024-10,Northumbria Police,Northumbria Police,-1.613893,54.971400,On or near Nightclub,E01033543,Newcastle upon Tyne 036C,Violence and sexual offences,Investigation complete; no suspect identified,
b176085a7cddecb65af5a7c0bd5c997883ca8a4cdf3546ebae38c64e3083bf37,2024-10,Northumbria Police,Northumbria Police,-1.617265,54.970468,On or near Conference/Exhibition Centre,E01033543,Newcastle upon Tyne 036C,Violence and sexual offences,Status update unavailable,
e81f7fcca75eb484882b53f0e587b03d53f3387e45bb6304e2b36d4e128aea6b,2024-10,Northumbria Police,Northumbria Police,-1.608078,54.974949,On or near Oxford Street,E01033543,Newcastle upon Tyne 036C,Violence and sexual offences,Status update unavailable,
614922a66331223b913a3810eef8d304cd72a46990c25fec927c29600b694edd,2024-10,Northumbria Police,Northumbria Police,-1.608078,54.974949,On or near Oxford Street,E01033543,Newcastle upon Tyne 036C,Violence and sexual offences,Status update unavailable,
845947c8a943b0401d3aa65024c01f605ebab6b68d1f63e2e23d0ab5afe2aed7,2024-10,Northumbria Police,Northumbria Police,-1.608707,54.972974,On or near Carliol Square,E01033543,Newcastle upon Tyne 036C,Violence and sexual offences,Awaiting court outcome,
85b988ae19e9ca370f05630684231ee8539873c5b54833ad278ca16e7c2d1934,2024-10,Northumbria Police,Northumbria Police,-1.610408,54.971569,On or near Market Lane,E01033543,Newcastle upon Tyne 036C,Violence and sexual offences,Status update unavailable,
f5bbe7522a21e9cb5861d539e0b54bb3b66a0d7b373c3dc71780394bc19ecc4d,2024-10,Northumbria Police,Northumbria Police,-1.607891,54.974903,On or near Parking Area,E01033543,Newcastle upon Tyne 036C,Violence and sexual offences,Investigation complete; no suspect identified,
08d06458fb8ebdbe31ca90def96b32a808d6cd70d1aa7a0e192cb2c80374aa89,2024-10,Northumbria Police,Northumbria Police,-1.608027,54.973790,On or near Croft Street,E01033543,Newcastle upon Tyne 036C,Violence and sexual offences,Investigation complete; no suspect identified,
daf306754f4bc2c3cc190bba9b91eee82222c2b06d95865cce44154dce886e4d,2024-10,Northumbria Police,Northumbria Police,-1.611086,54.970825,On or near Nightclub,E01033543,Newcastle upon Tyne 036C,Violence and sexual offences,Investigation complete; no suspect identified,
d3e539fbe521d5c6aff98fdc4f91de67cd9c0ca6126af2b89349f7d2c264416b,2024-10,Northumbria Police,Northumbria Police,-1.607891,54.974903,On or near Parking Area,E01033543,Newcastle upon Tyne 036C,Violence and sexual offences,Status update unavailable,
9682af9209eb563b9f73728898f7f34c2b8389e5655ba4dba252a01f69d0e32c,2024-10,Northumbria Police,Northumbria Police,-1.612903,54.973652,On or near Monument,E01033543,Newcastle upon Tyne 036C,Violence and sexual offences,Status update unavailable,
7d1382c09e1fa448f1060450e400b08d27e4444d5b9f6fbb9c142cde21ac4328,2024-10,Northumbria Police,Northumbria Police,-1.614818,54.971021,On or near Nightclub,E01033543,Newcastle upon Tyne 036C,Violence and sexual offences,Investigation complete; no suspect identified,
d6092596e4f898d7cfd3e352df03d746d5195789b28ad8f5e3731cab9125527b,2024-10,Northumbria Police,Northumbria Police,-1.612554,54.970919,On or near Cloth Market,E01033543,Newcastle upon Tyne 036C,Violence and sexual offences,Investigation complete; no suspect identified,
2ec3e1da1f4524f0195ab9a3c0343175b5bbef1c69a5362a55f3ac3a6a5c88ea,2024-10,Northumbria Police,Northumbria Police,-1.611234,54.968462,On or near Queens Lane,E01033543,Newcastle upon Tyne 036C,Violence and sexual offences,Status update unavailable,
38ef68421c0ebcd65aa09d108a805485baedc1490db64287b40cdcd9188a1b4e,2024-10,Northumbria Police,Northumbria Police,-1.611104,54.969046,On or near St Nicholas' Street,E01033543,Newcastle upon Tyne 036C,Violence and sexual offences,Status update unavailable,
a221d5eb24421f56641b1f167d4685378a0cb45a7c8070bdf8cf71e1fa9b4a9f,2024-10,Northumbria Police,Northumbria Police,-1.612554,54.970919,On or near Cloth Market,E01033543,Newcastle upon Tyne 036C,Violence and sexual offences,Investigation complete; no suspect identified,
3814a9ad507f9eed9b5c293f13243c0214b6461107d982e3448f45d39f0469b3,2024-10,Northumbria Police,Northumbria Police,-1.618337,54.970587,On or near Fenkle Street,E01033543,Newcastle upon Tyne 036C,Violence and sexual offences,Offender given a caution,
853add837d0495f16eb2aa8630b5ac6493df658893fd0af17fdd3392fee91071,2024-10,Northumbria Police,Northumbria Police,-1.614075,54.971940,On or near Shopping Area,E01033543,Newcastle upon Tyne 036C,Violence and sexual offences,Investigation complete; no suspect identified,
29366309ee85f7650b15c4113b1624dc102f3e1b9fefdcda6865950c0f45594f,2024-10,Northumbria Police,Northumbria Police,-1.620681,54.972140,On or near West Walls,E01033543,Newcastle upon Tyne 036C,Violence and sexual offences,Offender given a caution,
78d62606180c1be97d1b3aaaad5c06370de8f8668635d74cd57dddd12e8afc81,2024-10,Northumbria Police,Northumbria Police,-1.609801,54.974568,On or near New Bridge Street West,E01033543,Newcastle upon Tyne 036C,Violence and sexual offences,Court result unavailable,
7eddaedd6363e6f5673fe5bc9db4fb7fa623f3872dd057c137896b468dbd0cca,2024-10,Northumbria Police,Northumbria Police,-1.614592,54.973424,On or near Nelson Street,E01033543,Newcastle upon Tyne 036C,Violence and sexual offences,Investigation complete; no suspect identified,
bba2e3a51e69b079bec617479fbae1ac1ef0b64643d6d8fad75c068f46132c30,2024-10,Northumbria Police,Northumbria Police,-1.618604,54.972035,On or near Dispensary Lane,E01033543,Newcastle upon Tyne 036C,Violence and sexual offences,Status update unavailable,
6c196f9c8e8ba5694581e7d400ae64effa346473754f08c2477243955d6705e7,2024-10,Northumbria Police,Northumbria Police,-1.614238,54.971194,On or near Bigg Market,E01033543,Newcastle upon Tyne 036C,Violence and sexual offences,Status update unavailable,
de091dc1d4d827b3286fe9c1bf863b33ca5f66454ee2aa80069efffef9c68493,2024-10,Northumbria Police,Northumbria Police,-1.609149,54.969309,On or near Nightclub,E01033543,Newcastle upon Tyne 036C,Violence and sexual offences,Investigation complete; no suspect identified,
5636681202144e94add633e6b6c31d9212d4d9aad4c4add78d4d96af835d1ab8,2024-10,Northumbria Police,Northumbria Police,-1.612903,54.973652,On or near Monument,E01033543,Newcastle upon Tyne 036C,Violence and sexual offences,Investigation complete; no suspect identified,
17991a61da7118d4acf6cdb3f3079e5c0f684091052fbd6fd0e3fdd21a1b3945,2024-10,Northumbria Police,Northumbria Police,-1.615385,54.972133,On or near Nuns Lane,E01033543,Newcastle upon Tyne 036C,Violence and sexual offences,Investigation complete; no suspect identified,
638970bb38ebc9552aaff3970fdc7b80b5bafd15d6ccfdbf4b81d6ff2c1067d2,2024-10,Northumbria Police,Northumbria Police,-1.611604,54.970593,On or near Nightclub,E01033543,Newcastle upon Tyne 036C,Violence and sexual offences,Investigation complete; no suspect identified,
36b68b2bf75b91c285901dbcbfa3079fc196180f5c21d036053109708f9b9639,2024-10,Northumbria Police,Northumbria Police,-1.608707,54.972974,On or near Carliol Square,E01033543,Newcastle upon Tyne 036C,Violence and sexual offences,Investigation complete; no suspect identified,
1d3c3e79aac83b3eb17e1ab53fad6644032f5b13147b6f076206a428d7041d00,2024-10,Northumbria Police,Northumbria Police,-1.609566,54.970044,On or near Nightclub,E01033543,Newcastle upon Tyne 036C,Violence and sexual offences,Investigation complete; no suspect identified,
01e24a2edba4abd54c555c1fa303ec952b66339080bfd869890a5354f091b82f,2024-10,Northumbria Police,Northumbria Police,-1.614818,54.971021,On or near Nightclub,E01033543,Newcastle upon Tyne 036C,Violence and sexual offences,Status update unavailable,
b2298bad538c29e5d9e6500615d2992a4b6ce54484408171255c048793f20208,2024-10,Northumbria Police,Northumbria Police,-1.614922,54.971538,On or near Grainger Street,E01033543,Newcastle upon Tyne 036C,Other crime,Investigation complete; no suspect identified,
,2024-10,Northumbria Police,Northumbria Police,-1.618830,54.969645,On or near Pink Lane,E01033545,Newcastle upon Tyne 036D,Anti-social behaviour,,
,2024-10,Northumbria Police,Northumbria Police,-1.617160,54.966234,On or near Parking Area,E01033545,Newcastle upon Tyne 036D,Anti-social behaviour,,
,2024-10,Northumbria Police,Northumbria Police,-1.614776,54.968869,On or near Parking Area,E01033545,Newcastle upon Tyne 036D,Anti-social behaviour,,
,2024-10,Northumbria Police,Northumbria Police,-1.620899,54.968942,On or near Forth Place,E01033545,Newcastle upon Tyne 036D,Anti-social behaviour,,
,2024-10,Northumbria Police,Northumbria Police,-1.620790,54.967207,On or near Conference/Exhibition Centre,E01033545,Newcastle upon Tyne 036D,Anti-social behaviour,,
,2024-10,Northumbria Police,Northumbria Police,-1.620290,54.967357,On or near Nightclub,E01033545,Newcastle upon Tyne 036D,Anti-social behaviour,,
,2024-10,Northumbria Police,Northumbria Police,-1.621476,54.968971,On or near Sunderland Street,E01033545,Newcastle upon Tyne 036D,Anti-social behaviour,,
,2024-10,Northumbria Police,Northumbria Police,-1.617160,54.966234,On or near Parking Area,E01033545,Newcastle upon Tyne 036D,Anti-social behaviour,,
,2024-10,Northumbria Police,Northumbria Police,-1.616861,54.968138,On or near Newcastle,E01033545,Newcastle upon Tyne 036D,Anti-social behaviour,,
,2024-10,Northumbria Police,Northumbria Police,-1.616861,54.968138,On or near Newcastle,E01033545,Newcastle upon Tyne 036D,Anti-social behaviour,,
,2024-10,Northumbria Police,Northumbria Police,-1.613641,54.969960,On or near Nightclub,E01033545,Newcastle upon Tyne 036D,Anti-social behaviour,,
,2024-10,Northumbria Police,Northumbria Police,-1.612013,54.970280,On or near St Nicholas Square,E01033545,Newcastle upon Tyne 036D,Anti-social behaviour,,
,2024-10,Northumbria Police,Northumbria Police,-1.620790,54.967207,On or near Conference/Exhibition Centre,E01033545,Newcastle upon Tyne 036D,Anti-social behaviour,,
,2024-10,Northumbria Police,Northumbria Police,-1.620899,54.968942,On or near Forth Place,E01033545,Newcastle upon Tyne 036D,Anti-social behaviour,,
,2024-10,Northumbria Police,Northumbria Police,-1.614871,54.970397,On or near St John Street,E01033545,Newcastle upon Tyne 036D,Anti-social behaviour,,
,2024-10,Northumbria Police,Northumbria Police,-1.620899,54.968942,On or near Forth Place,E01033545,Newcastle upon Tyne 036D,Anti-social behaviour,,
,2024-10,Northumbria Police,Northumbria Police,-1.614776,54.968869,On or near Parking Area,E01033545,Newcastle upon Tyne 036D,Anti-social behaviour,,
,2024-10,Northumbria Police,Northumbria Police,-1.621851,54.965665,On or near Parking Area,E01033545,Newcastle upon Tyne 036D,Anti-social behaviour,,
,2024-10,Northumbria Police,Northumbria Police,-1.614871,54.970397,On or near St John Street,E01033545,Newcastle upon Tyne 036D,Anti-social behaviour,,
,2024-10,Northumbria Police,Northumbria Police,-1.620790,54.967207,On or near Conference/Exhibition Centre,E01033545,Newcastle upon Tyne 036D,Anti-social behaviour,,
,2024-10,Northumbria Police,Northumbria Police,-1.621851,54.965665,On or near Parking Area,E01033545,Newcastle upon Tyne 036D,Anti-social behaviour,,
,2024-10,Northumbria Police,Northumbria Police,-1.623349,54.967467,On or near Churchill Street,E01033545,Newcastle upon Tyne 036D,Anti-social behaviour,,
,2024-10,Northumbria Police,Northumbria Police,-1.612844,54.970004,On or near Collingwood Street,E01033545,Newcastle upon Tyne 036D,Anti-social behaviour,,
,2024-10,Northumbria Police,Northumbria Police,-1.623349,54.967467,On or near Churchill Street,E01033545,Newcastle upon Tyne 036D,Anti-social behaviour,,
,2024-10,Northumbria Police,Northumbria Police,-1.620899,54.968942,On or near Forth Place,E01033545,Newcastle upon Tyne 036D,Anti-social behaviour,,
,2024-10,Northumbria Police,Northumbria Police,-1.622597,54.967770,On or near Westmorland Lane,E01033545,Newcastle upon Tyne 036D,Anti-social behaviour,,
,2024-10,Northumbria Police,Northumbria Police,-1.614776,54.968869,On or near Parking Area,E01033545,Newcastle upon Tyne 036D,Anti-social behaviour,,
,2024-10,Northumbria Police,Northumbria Police,-1.614776,54.968869,On or near Parking Area,E01033545,Newcastle upon Tyne 036D,Anti-social behaviour,,
,2024-10,Northumbria Police,Northumbria Police,-1.612013,54.970280,On or near St Nicholas Square,E01033545,Newcastle upon Tyne 036D,Anti-social behaviour,,
,2024-10,Northumbria Police,Northumbria Police,-1.620899,54.968942,On or near Forth Place,E01033545,Newcastle upon Tyne 036D,Anti-social behaviour,,
,2024-10,Northumbria Police,Northumbria Police,-1.612142,54.969867,On or near Nightclub,E01033545,Newcastle upon Tyne 036D,Anti-social behaviour,,
,2024-10,Northumbria Police,Northumbria Police,-1.617160,54.966234,On or near Parking Area,E01033545,Newcastle upon Tyne 036D,Anti-social behaviour,,
,2024-10,Northumbria Police,Northumbria Police,-1.620899,54.968942,On or near Forth Place,E01033545,Newcastle upon Tyne 036D,Anti-social behaviour,,
,2024-10,Northumbria Police,Northumbria Police,-1.621851,54.965665,On or near Parking Area,E01033545,Newcastle upon Tyne 036D,Anti-social behaviour,,
,2024-10,Northumbria Police,Northumbria Police,-1.614776,54.968869,On or near Parking Area,E01033545,Newcastle upon Tyne 036D,Anti-social behaviour,,
,2024-10,Northumbria Police,Northumbria Police,-1.614776,54.968869,On or near Parking Area,E01033545,Newcastle upon Tyne 036D,Anti-social behaviour,,
,2024-10,Northumbria Police,Northumbria Police,-1.620790,54.967207,On or near Conference/Exhibition Centre,E01033545,Newcastle upon Tyne 036D,Anti-social behaviour,,
,2024-10,Northumbria Police,Northumbria Police,-1.621851,54.965665,On or near Parking Area,E01033545,Newcastle upon Tyne 036D,Anti-social behaviour,,
772d9ecd4d6aeed3e57be390242a489316700daeafede7a4afe11162f04944e0,2024-10,Northumbria Police,Northumbria Police,-1.614776,54.968869,On or near Parking Area,E01033545,Newcastle upon Tyne 036D,Burglary,Investigation complete; no suspect identified,
48e18687b011481c17c0a8d4e0b7946a268781c5b67a5ae15e4c2272500d4ee3,2024-10,Northumbria Police,Northumbria Police,-1.614776,54.968869,On or near Parking Area,E01033545,Newcastle upon Tyne 036D,Criminal damage and arson,Offender given a caution,
fa8ae38180c7f1835e92f9bc900a260c8cbc7e9e1fc018c3ecdb5cd0bc38f49e,2024-10,Northumbria Police,Northumbria Police,-1.617160,54.966234,On or near Parking Area,E01033545,Newcastle upon Tyne 036D,Criminal damage and arson,Court result unavailable,
da734b4525a186dfcbd37b5572c8b777b67add0571f57e7a4fd63084b2cf67b8,2024-10,Northumbria Police,Northumbria Police,-1.615202,54.965204,On or near Parking Area,E01033545,Newcastle upon Tyne 036D,Criminal damage and arson,Investigation complete; no suspect identified,
4db22086855980f167150d774315ba98fda95942010e74ab9438aa65782c6ec7,2024-10,Northumbria Police,Northumbria Police,-1.620899,54.968942,On or near Forth Place,E01033545,Newcastle upon Tyne 036D,Criminal damage and arson,Status update unavailable,
6f4dbc75caf58bc76118822326699dbb2697b778e3db0c05822b67532f78fbbc,2024-10,Northumbria Police,Northumbria Police,-1.614871,54.970397,On or near St John Street,E01033545,Newcastle upon Tyne 036D,Criminal damage and arson,Investigation complete; no suspect identified,
eb0a0e06441bd6ec6ad36c48a446c1de6d36ac150a21036d8808c88f5ebab79f,2024-10,Northumbria Police,Northumbria Police,-1.613256,54.966105,On or near Parking Area,E01033545,Newcastle upon Tyne 036D,Criminal damage and arson,Court result unavailable,
0a0c6c3f33116d45fbbdfbc2376cd2a851ed9159730100847e2533889ee95a48,2024-10,Northumbria Police,Northumbria Police,-1.618504,54.966167,On or near Police Station,E01033545,Newcastle upon Tyne 036D,Criminal damage and arson,Court result unavailable,
1477ea28cc7f05d54e171c0f04315904c7bc01aa31e43893a73001bb753a6aa2,2024-10,Northumbria Police,Northumbria Police,-1.620290,54.967357,On or near Nightclub,E01033545,Newcastle upon Tyne 036D,Criminal damage and arson,Offender given a caution,
4e3bbebad7d34ce22317714f9de075f292e5616696bb5ff5f3112f0a9bec5147,2024-10,Northumbria Police,Northumbria Police,-1.618504,54.966167,On or near Police Station,E01033545,Newcastle upon Tyne 036D,Criminal damage and arson,Status update unavailable,
77e17674d70f150829ef75d44fe45072466031eeb9e1b893d5c61da3ed316f3d,2024-10,Northumbria Police,Northumbria Police,-1.621224,54.969221,On or near Waterloo Street,E01033545,Newcastle upon Tyne 036D,Criminal damage and arson,Status update unavailable,
0b7242ea7b33c1a8fc80274f4412ea874cd072a9d87932004497fadcdc1df48a,2024-10,Northumbria Police,Northumbria Police,-1.617160,54.966234,On or near Parking Area,E01033545,Newcastle upon Tyne 036D,Drugs,Local resolution,
8213796ae221e2f8bfd6b3cf9d28a01f5b050939f21b29626a85ea7b5495622a,2024-10,Northumbria Police,Northumbria Police,-1.618504,54.966167,On or near Police Station,E01033545,Newcastle upon Tyne 036D,Drugs,Court result unavailable,
3aff7f62ba0cb538751cfd8007ed386597456c6a9d20bd9ecf7fdf9cb4d7f8ac,2024-10,Northumbria Police,Northumbria Police,-1.622607,54.968300,On or near Nightclub,E01033545,Newcastle upon Tyne 036D,Drugs,Offender given a caution,
13507e25deb0ea79b772cc0f564cab4185233d5d81036b49381ca05cf4f5ed9a,2024-10,Northumbria Police,Northumbria Police,-1.618771,54.969268,On or near Thomas Bewick Square,E01033545,Newcastle upon Tyne 036D,Drugs,Court result unavailable,
cd2eca439daaf1e522ac919f61d7ad049cf901d0f26fbdd5a15325bedc1078c0,2024-10,Northumbria Police,Northumbria Police,-1.621224,54.969221,On or near Waterloo Street,E01033545,Newcastle upon Tyne 036D,Drugs,Investigation complete; no suspect identified,
626f409e6e36aad192e4f25a43e919d8cc3b873033b0beb11c62bd2db221c951,2024-10,Northumbria Police,Northumbria Police,-1.618504,54.966167,On or near Police Station,E01033545,Newcastle upon Tyne 036D,Drugs,Investigation complete; no suspect identified,
463a385ff8365f31d957eedec7855136a4727ea766b4417b2ba61b7b80c97e7a,2024-10,Northumbria Police,Northumbria Police,-1.620290,54.967357,On or near Nightclub,E01033545,Newcastle upon Tyne 036D,Drugs,Court result unavailable,
5b99476ca2f4fdf3a591974b5a2210a0b6c0ce00ca4de03df8cf71fb48347bb1,2024-10,Northumbria Police,Northumbria Police,-1.622018,54.967795,On or near Marlborough Crescent,E01033545,Newcastle upon Tyne 036D,Drugs,Court result unavailable,
8c7349e753e0e4a3d071e37d0bbb3f2007f2d56a459b0c7cea1b73832905922e,2024-10,Northumbria Police,Northumbria Police,-1.610635,54.967427,On or near Parking Area,E01033545,Newcastle upon Tyne 036D,Drugs,Status update unavailable,
7a29b9c50ea553868046c0f76ebfe6e39308c471a3d8a71845f9f7e9e67c915d,2024-10,Northumbria Police,Northumbria Police,-1.620290,54.967357,On or near Nightclub,E01033545,Newcastle upon Tyne 036D,Drugs,Status update unavailable,
7d0d40c84381883c713035c9fba474fac97848cd400083f8d713ca6ebe6a39b9,2024-10,Northumbria Police,Northumbria Police,-1.610635,54.967427,On or near Parking Area,E01033545,Newcastle upon Tyne 036D,Drugs,Awaiting court outcome,
ac4df975e1ef9e1047467977b23630c8f55750bfbe7bc7e94260136a59bc2d85,2024-10,Northumbria Police,Northumbria Police,-1.620899,54.968942,On or near Forth Place,E01033545,Newcastle upon Tyne 036D,Drugs,Status update unavailable,
6369ff7176ed3522c25ea7f6d24ab80799f7ef7f1ad877b9783975c0ba74459e,2024-10,Northumbria Police,Northumbria Police,-1.622607,54.968300,On or near Nightclub,E01033545,Newcastle upon Tyne 036D,Other theft,Status update unavailable,
289eb1819550ae8081bd5fefbdaae957be64e29b9287c0c70a73865e174e9648,2024-10,Northumbria Police,Northumbria Police,-1.613641,54.969960,On or near Nightclub,E01033545,Newcastle upon Tyne 036D,Other theft,Investigation complete; no suspect identified,
0a75feb2bfd47e0132b2096c5cd93af8a313d1f463c94bbd979aef5475848721,2024-10,Northumbria Police,Northumbria Police,-1.620899,54.968942,On or near Forth Place,E01033545,Newcastle upon Tyne 036D,Other theft,Investigation complete; no suspect identified,
ac3c9df395defd3accd6cec3896b80ab2158f7279feb92d7501943a6936a50ba,2024-10,Northumbria Police,Northumbria Police,-1.612844,54.970004,On or near Collingwood Street,E01033545,Newcastle upon Tyne 036D,Other theft,Investigation complete; no suspect identified,
c62e6e3c0a14d997393ab61469141891e4713e341a75da956e83300c105d7338,2024-10,Northumbria Police,Northumbria Police,-1.622184,54.965109,On or near St James' Boulevard,E01033545,Newcastle upon Tyne 036D,Other theft,Investigation complete; no suspect identified,
381d30091c246659aab2494c4e724fd16125f5ea2d8ca6012985e49a81366509,2024-10,Northumbria Police,Northumbria Police,-1.620290,54.967357,On or near Nightclub,E01033545,Newcastle upon Tyne 036D,Other theft,Investigation complete; no suspect identified,
d64e6a6b14cc26dea275df30e2e0176789ce6381340a27c73da31ee31a6331c2,2024-10,Northumbria Police,Northumbria Police,-1.614776,54.968869,On or near Parking Area,E01033545,Newcastle upon Tyne 036D,Other theft,Investigation complete; no suspect identified,
d7a4ccce220dd251a519b05f5e0071acf65c2f50edb73ef96b9d0c34a75c01ae,2024-10,Northumbria Police,Northumbria Police,-1.612844,54.970004,On or near Collingwood Street,E01033545,Newcastle upon Tyne 036D,Other theft,Investigation complete; no suspect identified,
dd89ad119923c78da617bc438882dc63a015ac8941d76a8c1c51ff423624cbe8,2024-10,Northumbria Police,Northumbria Police,-1.613641,54.969960,On or near Nightclub,E01033545,Newcastle upon Tyne 036D,Other theft,Investigation complete; no suspect identified,
00ad11669b694759d52d00a099606640a3020b9d414a115532f6784c5eb3e0df,2024-10,Northumbria Police,Northumbria Police,-1.612142,54.969867,On or near Nightclub,E01033545,Newcastle upon Tyne 036D,Other theft,Investigation complete; no suspect identified,
061d1c0397eede81b3ddab77ea335714f32148f7efeccfb337cb2a5a1324a7b4,2024-10,Northumbria Police,Northumbria Police,-1.621224,54.969221,On or near Waterloo Street,E01033545,Newcastle upon Tyne 036D,Other theft,Status update unavailable,
f8d1fe4070453509081d9954661ae93b3f4dad914c7a9b1d83be6cc304fb2dd5,2024-10,Northumbria Police,Northumbria Police,-1.620290,54.967357,On or near Nightclub,E01033545,Newcastle upon Tyne 036D,Other theft,Investigation complete; no suspect identified,
7341d5ab377324c507bda20862386262b7e42b54b785b8af07797320bb878902,2024-10,Northumbria Police,Northumbria Police,-1.614776,54.968869,On or near Parking Area,E01033545,Newcastle upon Tyne 036D,Other theft,Investigation complete; no suspect identified,
d9cbfee7ba48028312211c2a9245c0db47ed3cdbbfacc7ae2faefea14bdee795,2024-10,Northumbria Police,Northumbria Police,-1.614871,54.970397,On or near St John Street,E01033545,Newcastle upon Tyne 036D,Other theft,Investigation complete; no suspect identified,
ad3979886723d8e8fc4bad505b3ad043052d51c66b6cb9c0bdc1673d5dbe16d3,2024-10,Northumbria Police,Northumbria Police,-1.618504,54.966167,On or near Police Station,E01033545,Newcastle upon Tyne 036D,Other theft,Investigation complete; no suspect identified,
e19149a40874aa6cf8eb8db6f90cf408528e0a40b0b9b9d33ab9edc28182df34,2024-10,Northumbria Police,Northumbria Police,-1.610635,54.967427,On or near Parking Area,E01033545,Newcastle upon Tyne 036D,Other theft,Status update unavailable,
fec5ab8ea9a0e6d3800dcd417e0b0c88edeaf48c2514915d1f56372f1b6205ff,2024-10,Northumbria Police,Northumbria Police,-1.622018,54.967795,On or near Marlborough Crescent,E01033545,Newcastle upon Tyne 036D,Other theft,Investigation complete; no suspect identified,
9b881894ef5558dee31521baf2f818fbeedce9e22d7c2397ee229563fd141d57,2024-10,Northumbria Police,Northumbria Police,-1.614871,54.970397,On or near St John Street,E01033545,Newcastle upon Tyne 036D,Other theft,Court result unavailable,
e98e4ebe98d0de52915bc7750009b6c485de42cda83ed6c2075884e3a95767a4,2024-10,Northumbria Police,Northumbria Police,-1.622018,54.967795,On or near Marlborough Crescent,E01033545,Newcastle upon Tyne 036D,Other theft,Investigation complete; no suspect identified,
fbcc1a98be8fb3fa243917ad1670cb246fb7fb0711316bdf32662fcc641d616c,2024-10,Northumbria Police,Northumbria Police,-1.613641,54.969960,On or near Nightclub,E01033545,Newcastle upon Tyne 036D,Other theft,Court result unavailable,
74c46bb51b40e0cce9014a1ae9564b41a702cf2d33aea0e16da2fc994114bf9b,2024-10,Northumbria Police,Northumbria Police,-1.620290,54.967357,On or near Nightclub,E01033545,Newcastle upon Tyne 036D,Possession of weapons,Court result unavailable,
2253f43e1e80518177f91b509222a039a515e37b90ae2a6134d267899592900a,2024-10,Northumbria Police,Northumbria Police,-1.620290,54.967357,On or near Nightclub,E01033545,Newcastle upon Tyne 036D,Possession of weapons,Court result unavailable,
826318699fb603bd1adec25a0d8aadbba48b66b93eac50d1e6d03787f36a64c2,2024-10,Northumbria Police,Northumbria Police,-1.612844,54.970004,On or near Collingwood Street,E01033545,Newcastle upon Tyne 036D,Public order,Status update unavailable,
0093d893464e2b921d2afec1ba5a45ca9346f3a6582f6113d853715444db7990,2024-10,Northumbria Police,Northumbria Police,-1.613256,54.966105,On or near Parking Area,E01033545,Newcastle upon Tyne 036D,Public order,Investigation complete; no suspect identified,
adae5265ad14c6de8ce69c6a49529b27bf75106cf4e175e02498cf9da8881644,2024-10,Northumbria Police,Northumbria Police,-1.618504,54.966167,On or near Police Station,E01033545,Newcastle upon Tyne 036D,Public order,Court result unavailable,
bf9fa068125bb892c26d3ff6c45d43bb166300f521de72feca6e1dcd16d0f4c2,2024-10,Northumbria Police,Northumbria Police,-1.618504,54.966167,On or near Police Station,E01033545,Newcastle upon Tyne 036D,Public order,Court result unavailable,
8b7abb40d15a703001fc6826f588b90d41c12ee28bc76f8b8ca6b1fadc47d79a,2024-10,Northumbria Police,Northumbria Police,-1.618504,54.966167,On or near Police Station,E01033545,Newcastle upon Tyne 036D,Public order,Status update unavailable,
a25f540ce26b73c92e85085cb1745222b03451956c2a2206d67f08193b075385,2024-10,Northumbria Police,Northumbria Police,-1.620290,54.967357,On or near Nightclub,E01033545,Newcastle upon Tyne 036D,Public order,Investigation complete; no suspect identified,
ab9f4ab976e7a43f1a034fb5e609a5fac0358b37b065d7bead5266db51d5768b,2024-10,Northumbria Police,Northumbria Police,-1.620899,54.968942,On or near Forth Place,E01033545,Newcastle upon Tyne 036D,Public order,Investigation complete; no suspect identified,
823f08f5977cf2dc383438dc0bc8e4421359896d3a1c3cacdbf4ccffeba6c017,2024-10,Northumbria Police,Northumbria Police,-1.620290,54.967357,On or near Nightclub,E01033545,Newcastle upon Tyne 036D,Public order,Status update unavailable,
a312ac6f87e3a09e2f587037c83ac6e7b0d853adbd357f4994ca2dd434c89b9b,2024-10,Northumbria Police,Northumbria Police,-1.621851,54.965665,On or near Parking Area,E01033545,Newcastle upon Tyne 036D,Public order,Status update unavailable,
cedb1c2ba3f38f882f2f638ec26014220c01955bb08446085a4330098abc9739,2024-10,Northumbria Police,Northumbria Police,-1.618504,54.966167,On or near Police Station,E01033545,Newcastle upon Tyne 036D,Public order,Status update unavailable,
96d5516514378346d01a090864b78c28392920b11eb4d7bfe380c81620f28ee5,2024-10,Northumbria Police,Northumbria Police,-1.617160,54.966234,On or near Parking Area,E01033545,Newcastle upon Tyne 036D,Public order,Status update unavailable,
07a92fcc26a2e48f1f440997488e90f0c35a69042d1557340c575c575e742e28,2024-10,Northumbria Police,Northumbria Police,-1.623584,54.969085,On or near Theatre/Concert Hall,E01033545,Newcastle upon Tyne 036D,Robbery,Investigation complete; no suspect identified,
960fa8d9529422ae2a2877a5aed72fd53a44a04cd0ca4d7f148a577db4bc698f,2024-10,Northumbria Police,Northumbria Police,-1.618771,54.969268,On or near Thomas Bewick Square,E01033545,Newcastle upon Tyne 036D,Robbery,Investigation complete; no suspect identified,
7cf01cf4bb54b66dea778da6465989e430ef230cebd92a0d121d048eb6755e0a,2024-10,Northumbria Police,Northumbria Police,-1.619421,54.969908,On or near Clayton Street West,E01033545,Newcastle upon Tyne 036D,Shoplifting,Investigation complete; no suspect identified,
a68f95079576dde4f9a3fad9b75605043e86d06aa878337a3415742fe654d96c,2024-10,Northumbria Police,Northumbria Police,-1.612442,54.967918,On or near Clavering Place,E01033545,Newcastle upon Tyne 036D,Shoplifting,Investigation complete; no suspect identified,
5180d5dfd0063b6b3141e39407c6868e043cd988d42f0d96d80330be58dd2565,2024-10,Northumbria Police,Northumbria Police,-1.614776,54.968869,On or near Parking Area,E01033545,Newcastle upon Tyne 036D,Shoplifting,Investigation complete; no suspect identified,
afc2faf517bbc06c29fb397785e6bb498553ef5fa38f67505dc2cb5f55ce7010,2024-10,Northumbria Police,Northumbria Police,-1.619421,54.969908,On or near Clayton Street West,E01033545,Newcastle upon Tyne 036D,Shoplifting,Investigation complete; no suspect identified,
460fe29b0d5825223f49dc40f574754a996567593a4a6cc463400344ac816bf2,2024-10,Northumbria Police,Northumbria Police,-1.619421,54.969908,On or near Clayton Street West,E01033545,Newcastle upon Tyne 036D,Shoplifting,Investigation complete; no suspect identified,
ff9f360792bc24392ea495fb4f51d45ca8fad065509498c67274d466e1c6cbaf,2024-10,Northumbria Police,Northumbria Police,-1.619421,54.969908,On or near Clayton Street West,E01033545,Newcastle upon Tyne 036D,Shoplifting,Investigation complete; no suspect identified,
55f2710cac5dec74db0c970fe28d0751f36a44d00c1fc3b06c7bf89a6c5f6183,2024-10,Northumbria Police,Northumbria Police,-1.614776,54.968869,On or near Parking Area,E01033545,Newcastle upon Tyne 036D,Shoplifting,Investigation complete; no suspect identified,
e4eb07f7e963f12563234324b903f1cb422a7b75773924c821a7cf8c3aa62a35,2024-10,Northumbria Police,Northumbria Police,-1.619421,54.969908,On or near Clayton Street West,E01033545,Newcastle upon Tyne 036D,Shoplifting,Investigation complete; no suspect identified,
12b4fa9deb9b4fd1916ef662570cbaf2ac4ed63a4911f101d0e1dc5693cc453d,2024-10,Northumbria Police,Northumbria Police,-1.614776,54.968869,On or near Parking Area,E01033545,Newcastle upon Tyne 036D,Shoplifting,Status update unavailable,
bc7b0d783a4edd7e4d0568b09413cd7920e22eb53f98d08bcc7d35dd30e61885,2024-10,Northumbria Police,Northumbria Police,-1.623349,54.967467,On or near Churchill Street,E01033545,Newcastle upon Tyne 036D,Theft from the person,Investigation complete; no suspect identified,
7298bafeb36ff301c669b6fbf67cc421bc723cde121982b2847a953644655997,2024-10,Northumbria Police,Northumbria Police,-1.614776,54.968869,On or near Parking Area,E01033545,Newcastle upon Tyne 036D,Theft from the person,Investigation complete; no suspect identified,
d02f701b77bd897c6ea1e31d67407997ebe4b07b652ab1c8f834b32acf963ea4,2024-10,Northumbria Police,Northumbria Police,-1.621851,54.965665,On or near Parking Area,E01033545,Newcastle upon Tyne 036D,Theft from the person,Status update unavailable,
87b18bd70d45bbfd649c81dfec5b7ca35bac9b2164c440bc5133e21d634a9a2e,2024-10,Northumbria Police,Northumbria Police,-1.622597,54.967770,On or near Westmorland Lane,E01033545,Newcastle upon Tyne 036D,Theft from the person,Investigation complete; no suspect identified,
8ad715db4102d1cb5dea9ec635a66dcd8f3a65551a0d27dfbb735ce6d83684eb,2024-10,Northumbria Police,Northumbria Police,-1.614776,54.968869,On or near Parking Area,E01033545,Newcastle upon Tyne 036D,Theft from the person,Investigation complete; no suspect identified,
f60d172ce6a9feaaa00730d17b8d733355a77201031e753907346f0c2982014d,2024-10,Northumbria Police,Northumbria Police,-1.620290,54.967357,On or near Nightclub,E01033545,Newcastle upon Tyne 036D,Theft from the person,Investigation complete; no suspect identified,
6e3a0fc73704140b8acb4eb9d403c194771a68d87a2630b2146ff54b33d34634,2024-10,Northumbria Police,Northumbria Police,-1.613641,54.969960,On or near Nightclub,E01033545,Newcastle upon Tyne 036D,Theft from the person,Investigation complete; no suspect identified,
5cc6ca9f2bbc68d9db92f327a09f57eb3263b5024840be1937d9f1b25f886554,2024-10,Northumbria Police,Northumbria Police,-1.623349,54.967467,On or near Churchill Street,E01033545,Newcastle upon Tyne 036D,Vehicle crime,Investigation complete; no suspect identified,
93e699e0cd99b449240e6444df6177c97d0c2c1871fef1f188e9de215dc5d2e8,2024-10,Northumbria Police,Northumbria Police,-1.622597,54.967770,On or near Westmorland Lane,E01033545,Newcastle upon Tyne 036D,Vehicle crime,Investigation complete; no suspect identified,
f63710198c2c2c22ae2d28388640446f397709f4d7c0842afd23c6b2770b933b,2024-10,Northumbria Police,Northumbria Police,-1.622597,54.967770,On or near Westmorland Lane,E01033545,Newcastle upon Tyne 036D,Vehicle crime,Investigation complete; no suspect identified,
0f50f3a7c409026d8061be302f804b039106b4dfb37f9e49b90eacdf4618dec4,2024-10,Northumbria Police,Northumbria Police,-1.623349,54.967467,On or near Churchill Street,E01033545,Newcastle upon Tyne 036D,Violence and sexual offences,Status update unavailable,
0233d4ab5c3055496b05753d81243081b56393b599bbf9875852e2eaa87b5b78,2024-10,Northumbria Police,Northumbria Police,-1.612844,54.970004,On or near Collingwood Street,E01033545,Newcastle upon Tyne 036D,Violence and sexual offences,Status update unavailable,
5e13351b334272a6a9a7cd2da661618409dc10d4548d6491d260f7119c19b937,2024-10,Northumbria Police,Northumbria Police,-1.618504,54.966167,On or near Police Station,E01033545,Newcastle upon Tyne 036D,Violence and sexual offences,Investigation complete; no suspect identified,
ebbe250fc6c8a8f823faddfa90c14d186ff21ff5cca8791328394aeea37bfc94,2024-10,Northumbria Police,Northumbria Police,-1.622018,54.967795,On or near Marlborough Crescent,E01033545,Newcastle upon Tyne 036D,Violence and sexual offences,Investigation complete; no suspect identified,
8f37aa07386c5cd0f5de33dc790e85359f9e98eb9e754abe9cf47b3ed448c3bc,2024-10,Northumbria Police,Northumbria Police,-1.618504,54.966167,On or near Police Station,E01033545,Newcastle upon Tyne 036D,Violence and sexual offences,Status update unavailable,
e4afd24feb4650621947577a13ab63985ed19a123850beec7543b9034ec38703,2024-10,Northumbria Police,Northumbria Police,-1.621224,54.969221,On or near Waterloo Street,E01033545,Newcastle upon Tyne 036D,Violence and sexual offences,Status update unavailable,
f9052efe6a8be71d96e5aa8f070d3976209da916bf7335c50874e6a19cb1f2e1,2024-10,Northumbria Police,Northumbria Police,-1.613641,54.969960,On or near Nightclub,E01033545,Newcastle upon Tyne 036D,Violence and sexual offences,Investigation complete; no suspect identified,
8673d20f72284cc3430fb9ac315cb429e0222cd356ee2e0a3bee01de3db57155,2024-10,Northumbria Police,Northumbria Police,-1.621851,54.965665,On or near Parking Area,E01033545,Newcastle upon Tyne 036D,Violence and sexual offences,Investigation complete; no suspect identified,
38c878a46353b972eea344ab5aa5f6ec6af26460a161845d476019c24c8f39e0,2024-10,Northumbria Police,Northumbria Police,-1.620290,54.967357,On or near Nightclub,E01033545,Newcastle upon Tyne 036D,Violence and sexual offences,Status update unavailable,
d62942b5ee8a0f6fef0a3d97b89f741490ad713aa39344e30135f5d8a5a7b329,2024-10,Northumbria Police,Northumbria Police,-1.620290,54.967357,On or near Nightclub,E01033545,Newcastle upon Tyne 036D,Violence and sexual offences,Investigation complete; no suspect identified,
2e133bca816db688330c8d964c34310a3ae6f6009c5206634aadaf21b5ffa150,2024-10,Northumbria Police,Northumbria Police,-1.621476,54.968971,On or near Sunderland Street,E01033545,Newcastle upon Tyne 036D,Violence and sexual offences,Status update unavailable,
64fa2514be12818296923b3f9919cb07b3533ca46dc47e8673801e3a91369d7c,2024-10,Northumbria Police,Northumbria Police,-1.620290,54.967357,On or near Nightclub,E01033545,Newcastle upon Tyne 036D,Violence and sexual offences,Status update unavailable,
515d868d26ea3dbb53d107955424c5f3d8361ab702a88100e2ba5b2d9117b34a,2024-10,Northumbria Police,Northumbria Police,-1.612442,54.967918,On or near Clavering Place,E01033545,Newcastle upon Tyne 036D,Violence and sexual offences,Investigation complete; no suspect identified,
f6f93da912e0c08b1d3763957286025363925240599b1a40706defe4ffb071c1,2024-10,Northumbria Police,Northumbria Police,-1.620290,54.967357,On or near Nightclub,E01033545,Newcastle upon Tyne 036D,Violence and sexual offences,Investigation complete; no suspect identified,
7822fd9baf98a6d52e43ca136c0ba04274bf4e87ea8465b88a6b12a8bd0b59e2,2024-10,Northumbria Police,Northumbria Police,-1.614776,54.968869,On or near Parking Area,E01033545,Newcastle upon Tyne 036D,Violence and sexual offences,Investigation complete; no suspect identified,
eaaa560946c2c1e4f7fab7d3268a9c7fee61a227562c46c602bf02d45f3db358,2024-10,Northumbria Police,Northumbria Police,-1.614776,54.968869,On or near Parking Area,E01033545,Newcastle upon Tyne 036D,Violence and sexual offences,Investigation complete; no suspect identified,
1e3000bdf74c59ebe6156a8e18d723fb68322a52e9fd099b96f36e0c28299232,2024-10,Northumbria Police,Northumbria Police,-1.618504,54.966167,On or near Police Station,E01033545,Newcastle upon Tyne 036D,Violence and sexual offences,Investigation complete; no suspect identified,
57053067fe4e1c879cd54fd50e29707d2ac2d966aa4974790c134fdfd06dad6d,2024-10,Northumbria Police,Northumbria Police,-1.622300,54.969377,On or near Parking Area,E01033545,Newcastle upon Tyne 036D,Violence and sexual offences,Investigation complete; no suspect identified,
76584d1979e99712c7ad42135ea746ba4d781940f00335f48559466c774690ce,2024-10,Northumbria Police,Northumbria Police,-1.613641,54.969960,On or near Nightclub,E01033545,Newcastle upon Tyne 036D,Violence and sexual offences,Investigation complete; no suspect identified,
d83145a8d92549f24cff2dc9eccfa6ade93efaf864997f400a5c50f726983a7b,2024-10,Northumbria Police,Northumbria Police,-1.620899,54.968942,On or near Forth Place,E01033545,Newcastle upon Tyne 036D,Violence and sexual offences,Status update unavailable,
f3226eb2ebf1547f6ca32dbbfc47af7600f32a5a26b1484f0048cf182d1998af,2024-10,Northumbria Police,Northumbria Police,-1.618504,54.966167,On or near Police Station,E01033545,Newcastle upon Tyne 036D,Violence and sexual offences,Court result unavailable,
627d73bae284a96eed0e031fd88ac4a48ece20028566c3a99aee854382f2b15b,2024-10,Northumbria Police,Northumbria Police,-1.614776,54.968869,On or near Parking Area,E01033545,Newcastle upon Tyne 036D,Violence and sexual offences,Investigation complete; no suspect identified,
59c9d7b3ddcd31466cfb1c5ee7f07e7bff553cb12df0ba2fb452c8d367b85fc3,2024-10,Northumbria Police,Northumbria Police,-1.618504,54.966167,On or near Police Station,E01033545,Newcastle upon Tyne 036D,Violence and sexual offences,Investigation complete; no suspect identified,
212c9ddb6b4d6f90387d7515e58ff3802855e269133cbfadbba3fc3832b7e292,2024-10,Northumbria Police,Northumbria Police,-1.618504,54.966167,On or near Police Station,E01033545,Newcastle upon Tyne 036D,Violence and sexual offences,Investigation complete; no suspect identified,
40e7c286abdd5906fa9456c38c65f03e3ba2d1c5f7b9778d202f84965d3f9173,2024-10,Northumbria Police,Northumbria Police,-1.618830,54.969645,On or near Pink Lane,E01033545,Newcastle upon Tyne 036D,Violence and sexual offences,Investigation complete; no suspect identified,
b9b076757f2debbcd9a66e0cce7f7d2588834032f621214cc6c8dfc2e69cc637,2024-10,Northumbria Police,Northumbria Police,-1.612142,54.969867,On or near Nightclub,E01033545,Newcastle upon Tyne 036D,Violence and sexual offences,Investigation complete; no suspect identified,
b3f0c1d66af8eddf524d8e441b116eb101a48bd9ae7339a8788ccdfb3b4cf437,2024-10,Northumbria Police,Northumbria Police,-1.620899,54.968942,On or near Forth Place,E01033545,Newcastle upon Tyne 036D,Violence and sexual offences,Status update unavailable,
c22127681a7572d6c5af83e82a66af286f5b185bf917e4b78bca943ffa4b8590,2024-10,Northumbria Police,Northumbria Police,-1.622300,54.969377,On or near Parking Area,E01033545,Newcastle upon Tyne 036D,Violence and sexual offences,Status update unavailable,
02b65389cec90390c8326a27bd874db599bb987c8d20163ffd8f8eabf663b2b6,2024-10,Northumbria Police,Northumbria Police,-1.612442,54.967918,On or near Clavering Place,E01033545,Newcastle upon Tyne 036D,Violence and sexual offences,Investigation complete; no suspect identified,
aa2c3f3a02fd01050e8118af7bd07ca0b358d091aaaa9b308d876e761a141998,2024-10,Northumbria Police,Northumbria Police,-1.612142,54.969867,On or near Nightclub,E01033545,Newcastle upon Tyne 036D,Violence and sexual offences,Status update unavailable,
c1a2c15822a3f7eb4d7af9e1c4e9da2f54ebe012b9b741ad05ae83a459ceb1fb,2024-10,Northumbria Police,Northumbria Police,-1.619421,54.969908,On or near Clayton Street West,E01033545,Newcastle upon Tyne 036D,Violence and sexual offences,Court result unavailable,
4408137e0876f27455d96d006e78e0db22c1767a1175ceac3809a66e57a55c82,2024-10,Northumbria Police,Northumbria Police,-1.620290,54.967357,On or near Nightclub,E01033545,Newcastle upon Tyne 036D,Violence and sexual offences,Status update unavailable,
805b583dc1df2dbaa2e60464c48922c77b4e10cc3a4866610fd091a426636366,2024-10,Northumbria Police,Northumbria Police,-1.619421,54.969908,On or near Clayton Street West,E01033545,Newcastle upon Tyne 036D,Violence and sexual offences,Investigation complete; no suspect identified,
71efc17164ab8dc0b156848f8032cd908018143a8085d67d0c3781ab3507731f,2024-10,Northumbria Police,Northumbria Police,-1.612844,54.970004,On or near Collingwood Street,E01033545,Newcastle upon Tyne 036D,Violence and sexual offences,Investigation complete; no suspect identified,
955cc80f4fedde77436a57cb8c6317cf5718e7d7503edd3f15168391c3bea7e1,2024-10,Northumbria Police,Northumbria Police,-1.620290,54.967357,On or near Nightclub,E01033545,Newcastle upon Tyne 036D,Violence and sexual offences,Investigation complete; no suspect identified,
ae3356f5dd814d68bc4b7abbc39092fefa06b2397c6e987d8d2d4f243e329a7e,2024-10,Northumbria Police,Northumbria Police,-1.618771,54.969268,On or near Thomas Bewick Square,E01033545,Newcastle upon Tyne 036D,Violence and sexual offences,Investigation complete; no suspect identified,
bb3ec872b818f36842278970fa89e3abdf39110c742161af415aff1b4674d808,2024-10,Northumbria Police,Northumbria Police,-1.618504,54.966167,On or near Police Station,E01033545,Newcastle upon Tyne 036D,Violence and sexual offences,Investigation complete; no suspect identified,
58e7270cb3279c95b4e63874447fbaae1f02a4ea19cf87843f45e94f5792ad1a,2024-10,Northumbria Police,Northumbria Police,-1.620290,54.967357,On or near Nightclub,E01033545,Newcastle upon Tyne 036D,Violence and sexual offences,Status update unavailable,
56d70c0a7604770fa7650ac2bd26c41310ec833ebbcbc7a3f4e9664f85abfd79,2024-10,Northumbria Police,Northumbria Police,-1.619421,54.969908,On or near Clayton Street West,E01033545,Newcastle upon Tyne 036D,Violence and sexual offences,Investigation complete; no suspect identified,
16ee03435cde8d5b9a92d349670868dd4417c57aff331e8d9253c0b8392dfafc,2024-10,Northumbria Police,Northumbria Police,-1.614871,54.970397,On or near St John Street,E01033545,Newcastle upon Tyne 036D,Violence and sexual offences,Investigation complete; no suspect identified,
28e2ee8340875c52d45896af661d4d9e0307a09a746c81d205d826d887b34a22,2024-10,Northumbria Police,Northumbria Police,-1.610635,54.967427,On or near Parking Area,E01033545,Newcastle upon Tyne 036D,Violence and sexual offences,Status update unavailable,
56d3fff9d4c371ebdeaa9c10b79fa8e6ea7e999d6d63882098d6fd374b14aab3,2024-10,Northumbria Police,Northumbria Police,-1.620899,54.968942,On or near Forth Place,E01033545,Newcastle upon Tyne 036D,Violence and sexual offences,Investigation complete; no suspect identified,
405756d9f0bcda222b327153ba64da0f5c312a281a6b0d730b623100a93158e7,2024-10,Northumbria Police,Northumbria Police,-1.621476,54.968971,On or near Sunderland Street,E01033545,Newcastle upon Tyne 036D,Violence and sexual offences,Investigation complete; no suspect identified,
d31ee7d4f8672a42358b93eff7e0aee4c0cb5768394a9ca79a3afcee0a74fac5,2024-10,Northumbria Police,Northumbria Police,-1.621476,54.968971,On or near Sunderland Street,E01033545,Newcastle upon Tyne 036D,Violence and sexual offences,Investigation complete; no suspect identified,
b242a5c469cf3e6ac6ea5bf90354f624990108fc53ca370d82ee0a40c94f03e7,2024-10,Northumbria Police,Northumbria Police,-1.617160,54.966234,On or near Parking Area,E01033545,Newcastle upon Tyne 036D,Violence and sexual offences,Investigation complete; no suspect identified,
89962ab0dc227b2ada1546baece3cd19bde03411b8fdf05452bee9e6b6838020,2024-10,Northumbria Police,Northumbria Police,-1.620899,54.968942,On or near Forth Place,E01033545,Newcastle upon Tyne 036D,Violence and sexual offences,Status update unavailable,
8ecc46d638c2832414213e7483bb9b9f3dc4e3359da31cca18efd475a6bb31cb,2024-10,Northumbria Police,Northumbria Police,-1.613641,54.969960,On or near Nightclub,E01033545,Newcastle upon Tyne 036D,Violence and sexual offences,Status update unavailable,
c76088594048d68e7b712452d5aa5be9bf5fb9478267a0c8370755a9f5a9b088,2024-10,Northumbria Police,Northumbria Police,-1.621851,54.965665,On or near Parking Area,E01033545,Newcastle upon Tyne 036D,Violence and sexual offences,Investigation complete; no suspect identified,
4d3accb41005409bbffdf42457d3bd4dc9b0f664b4575e71f3db0c35d6a3473e,2024-10,Northumbria Police,Northumbria Police,-1.618244,54.968799,On or near Parking Area,E01033545,Newcastle upon Tyne 036D,Violence and sexual offences,Investigation complete; no suspect identified,
50fcc98ad5302a0a05b66c56f3e9701218976445e4dbfb6aedb23dade40f8379,2024-10,Northumbria Police,Northumbria Police,-1.623349,54.967467,On or near Churchill Street,E01033545,Newcastle upon Tyne 036D,Violence and sexual offences,Court result unavailable,
af5e20dd319de8e381dce89b6c93fecda2fb25ccd24722fc40bec6558844372e,2024-10,Northumbria Police,Northumbria Police,-1.618504,54.966167,On or near Police Station,E01033545,Newcastle upon Tyne 036D,Violence and sexual offences,Investigation complete; no suspect identified,
d1a0bae8d284876c9c0db5c0ef808d447aee28bde43f7d9ea51b6198e75b505c,2024-10,Northumbria Police,Northumbria Police,-1.621224,54.969221,On or near Waterloo Street,E01033545,Newcastle upon Tyne 036D,Violence and sexual offences,Investigation complete; no suspect identified,
023296284401823369c5267ca7837804dc60cac96176c3d9f1e07592e3f5f7ce,2024-10,Northumbria Police,Northumbria Police,-1.620899,54.968942,On or near Forth Place,E01033545,Newcastle upon Tyne 036D,Violence and sexual offences,Investigation complete; no suspect identified,
ffe88228a410c29e40b275ece1eb77d239ac2140e15e474ee44ee2ebf0a999ea,2024-10,Northumbria Police,Northumbria Police,-1.622018,54.967795,On or near Marlborough Crescent,E01033545,Newcastle upon Tyne 036D,Violence and sexual offences,Investigation complete; no suspect identified,
3d5f5bc10e49f8dc9a136a2bf33a8ae38fc22fe6e046c41363cf89eaa43f13ba,2024-10,Northumbria Police,Northumbria Police,-1.612142,54.969867,On or near Nightclub,E01033545,Newcastle upon Tyne 036D,Violence and sexual offences,Investigation complete; no suspect identified,
dcfa2d38b5128ff4c3a1b2c00e36e52e5487bb7e4046983c1fbe814979cdd1e6,2024-10,Northumbria Police,Northumbria Police,-1.612844,54.970004,On or near Collingwood Street,E01033545,Newcastle upon Tyne 036D,Violence and sexual offences,Investigation complete; no suspect identified,
ed5dcba9090d74109a4ee97e2c8330453fe60bbd0d4bf55cd048e2940116aa68,2024-10,Northumbria Police,Northumbria Police,-1.618771,54.969268,On or near Thomas Bewick Square,E01033545,Newcastle upon Tyne 036D,Violence and sexual offences,Investigation complete; no suspect identified,
575df5d453249022ede791b865e69254965fbd4433dbf1bd7a7059e543a8225a,2024-10,Northumbria Police,Northumbria Police,-1.618504,54.966167,On or near Police Station,E01033545,Newcastle upon Tyne 036D,Violence and sexual offences,Court result unavailable,
1bce7fffd3399cc738d7a22c85c8cebd6b532aff9190488a2cd3845526412070,2024-10,Northumbria Police,Northumbria Police,-1.620899,54.968942,On or near Forth Place,E01033545,Newcastle upon Tyne 036D,Violence and sexual offences,Investigation complete; no suspect identified,
9407cfcaa31dda06423ae914eb52d9dfa4f0ee72bc8f97cf75dbe15f11e87a85,2024-10,Northumbria Police,Northumbria Police,-1.618504,54.966167,On or near Police Station,E01033545,Newcastle upon Tyne 036D,Violence and sexual offences,Court result unavailable,
f59a1569d1c414be8901f8e9e8bdcc8bcddea9d91ae4511f25cc97ae457902d4,2024-10,Northumbria Police,Northumbria Police,-1.620290,54.967357,On or near Nightclub,E01033545,Newcastle upon Tyne 036D,Violence and sexual offences,Investigation complete; no suspect identified,
c641d2b37d58e1c2f64b9620647f5a39b03f3ffeee25454e6c5f9a61d85bd038,2024-10,Northumbria Police,Northumbria Police,-1.621224,54.969221,On or near Waterloo Street,E01033545,Newcastle upon Tyne 036D,Violence and sexual offences,Investigation complete; no suspect identified,
b9a9c971eb1636cf75ed655fc66dc9280744ae6a699345fb31bf22894fbb8bc3,2024-10,Northumbria Police,Northumbria Police,-1.621851,54.965665,On or near Parking Area,E01033545,Newcastle upon Tyne 036D,Violence and sexual offences,Investigation complete; no suspect identified,
3debb02d1cdd7ebf30cf105ce627bb95eabf53c023acb20616c2c8158f11b183,2024-10,Northumbria Police,Northumbria Police,-1.622018,54.967795,On or near Marlborough Crescent,E01033545,Newcastle upon Tyne 036D,Violence and sexual offences,Offender given a caution,
bf0429950de8e350f1d6a06c497ea42ee5f89486bfc4c015adfd59ea9ce2a9d9,2024-10,Northumbria Police,Northumbria Police,-1.612844,54.970004,On or near Collingwood Street,E01033545,Newcastle upon Tyne 036D,Violence and sexual offences,Investigation complete; no suspect identified,
27d160596f5211aafc8c2ada33004a98a4646ebca35a5d945dc3db91529db681,2024-10,Northumbria Police,Northumbria Police,-1.618504,54.966167,On or near Police Station,E01033545,Newcastle upon Tyne 036D,Violence and sexual offences,Court result unavailable,
32e8f8fd3ab0644327aae318a6b01a081850028f1e93c180e215abe4bcadf4c7,2024-10,Northumbria Police,Northumbria Police,-1.613256,54.966105,On or near Parking Area,E01033545,Newcastle upon Tyne 036D,Violence and sexual offences,Investigation complete; no suspect identified,
bb4b894c6e3a98934236aff8fe83540c3ade890c7f95bf0b3cf53a8275c961eb,2024-10,Northumbria Police,Northumbria Police,-1.620899,54.968942,On or near Forth Place,E01033545,Newcastle upon Tyne 036D,Violence and sexual offences,Investigation complete; no suspect identified,
d50053e5a8fe3e5c79a6ea92ea2895b91b4bae5affc7f0796b93adacb2e9eb39,2024-10,Northumbria Police,Northumbria Police,-1.613641,54.969960,On or near Nightclub,E01033545,Newcastle upon Tyne 036D,Violence and sexual offences,Investigation complete; no suspect identified,
5feed5f8fe8e7778778fa23e02ab2f3f5a68b96960bd9e8ccc77fba72524a5e4,2024-10,Northumbria Police,Northumbria Police,-1.620899,54.968942,On or near Forth Place,E01033545,Newcastle upon Tyne 036D,Violence and sexual offences,Investigation complete; no suspect identified,
2717333f5e254e91c9891681aaa3293b9e8401b953fc23014b976f44b7667208,2024-10,Northumbria Police,Northumbria Police,-1.623349,54.967467,On or near Churchill Street,E01033545,Newcastle upon Tyne 036D,Violence and sexual offences,Investigation complete; no suspect identified,
0054aeeaaa3734bd1f3f355d1537fbeaef1060bdb1682c8fc24a64815f21d476,2024-10,Northumbria Police,Northumbria Police,-1.618771,54.969268,On or near Thomas Bewick Square,E01033545,Newcastle upon Tyne 036D,Violence and sexual offences,Investigation complete; no suspect identified,
a1a3edfd175363e843a6633400bdc262a324087d57dba442f0078f47e1a6b828,2024-10,Northumbria Police,Northumbria Police,-1.623349,54.967467,On or near Churchill Street,E01033545,Newcastle upon Tyne 036D,Violence and sexual offences,Status update unavailable,
0fae2c75da432a35d2a8c9f91d18bca911431e5d906c66f8caa88356246be39f,2024-10,Northumbria Police,Northumbria Police,-1.612844,54.970004,On or near Collingwood Street,E01033545,Newcastle upon Tyne 036D,Violence and sexual offences,Investigation complete; no suspect identified,
ad4c1204ef3bc41d64f98d88f91b1af69e7ca7969e4bac490c587e2283dc63c3,2024-10,Northumbria Police,Northumbria Police,-1.622018,54.967795,On or near Marlborough Crescent,E01033545,Newcastle upon Tyne 036D,Violence and sexual offences,Status update unavailable,
8f166de2b4ac692f87e390a0403cf9f7ebb8f4825716fd3bbeb42b4a01e69213,2024-10,Northumbria Police,Northumbria Police,-1.618504,54.966167,On or near Police Station,E01033545,Newcastle upon Tyne 036D,Violence and sexual offences,Investigation complete; no suspect identified,
c44f383b41810c92a709bfb1750d1b0b244cb8c100130c88bc03a6f2acea7ff7,2024-10,Northumbria Police,Northumbria Police,-1.620290,54.967357,On or near Nightclub,E01033545,Newcastle upon Tyne 036D,Violence and sexual offences,Awaiting court outcome,
f70f1a09341c7382115961169663fc2823ee540cc023cf8d0d38fcecb63ed0e8,2024-10,Northumbria Police,Northumbria Police,-1.623349,54.967467,On or near Churchill Street,E01033545,Newcastle upon Tyne 036D,Violence and sexual offences,Investigation complete; no suspect identified,
b2b81b7d5be8328af805bdd5c78e1d535d09ddc06cc833ccd449fae7e5ed3442,2024-10,Northumbria Police,Northumbria Police,-1.612142,54.969867,On or near Nightclub,E01033545,Newcastle upon Tyne 036D,Violence and sexual offences,Investigation complete; no suspect identified,
2f838e311a6f759a741d5c23fa94138f41bfb4f247d7ecb4ccc255c3f5b49e14,2024-10,Northumbria Police,Northumbria Police,-1.613641,54.969960,On or near Nightclub,E01033545,Newcastle upon Tyne 036D,Violence and sexual offences,Status update unavailable,
666c66ebe4eaa667c1a8ac9fb112c64f2783b9686f358b8e4fe39376310a6161,2024-10,Northumbria Police,Northumbria Police,-1.613641,54.969960,On or near Nightclub,E01033545,Newcastle upon Tyne 036D,Violence and sexual offences,Status update unavailable,
97310b6a43af3facdae07bec004f62e0a153f0570496cf9a03dd2fce2570a591,2024-10,Northumbria Police,Northumbria Police,-1.618504,54.966167,On or near Police Station,E01033545,Newcastle upon Tyne 036D,Violence and sexual offences,Investigation complete; no suspect identified,
400497a1d95d147f6e98e3dfe2ee29365cc61fcfbee93365bd4e0c9d78479075,2024-10,Northumbria Police,Northumbria Police,-1.623349,54.967467,On or near Churchill Street,E01033545,Newcastle upon Tyne 036D,Violence and sexual offences,Status update unavailable,
b81352b69a760991403d89148e6eed44eb7429dd2f7fe5b25dd8b5fecf68b39a,2024-10,Northumbria Police,Northumbria Police,-1.614776,54.968869,On or near Parking Area,E01033545,Newcastle upon Tyne 036D,Violence and sexual offences,Investigation complete; no suspect identified,
d137c4d9caa3ce2ca9a5269d52c7619c617f88b2e4b316da5543254d005579a9,2024-10,Northumbria Police,Northumbria Police,-1.623349,54.967467,On or near Churchill Street,E01033545,Newcastle upon Tyne 036D,Violence and sexual offences,Court result unavailable,
1c2b7d98c4613793a6247df25ef7501831825f431b9f37ddf6760933853a2bd3,2024-10,Northumbria Police,Northumbria Police,-1.621851,54.965665,On or near Parking Area,E01033545,Newcastle upon Tyne 036D,Violence and sexual offences,Investigation complete; no suspect identified,
2a162bcc910df088c98fc2dd17c931c257ab0d63e7b6932bc40e6dbe110eec24,2024-10,Northumbria Police,Northumbria Police,-1.620290,54.967357,On or near Nightclub,E01033545,Newcastle upon Tyne 036D,Violence and sexual offences,Status update unavailable,
294480401e8438d5d4afd9159e7dda77297d2585597faf15f9d52593b0ba5e52,2024-10,Northumbria Police,Northumbria Police,-1.610635,54.967427,On or near Parking Area,E01033545,Newcastle upon Tyne 036D,Other crime,Court result unavailable,
,2024-10,Northumbria Police,Northumbria Police,-1.597091,54.973853,On or near Red Barns,E01008406,Newcastle upon Tyne 037A,Anti-social behaviour,,
,2024-10,Northumbria Police,Northumbria Police,-1.602574,54.975497,On or near Prince Albert Terrace,E01008406,Newcastle upon Tyne 037A,Anti-social behaviour,,
,2024-10,Northumbria Police,Northumbria Police,-1.595959,54.976122,On or near Boyd Street,E01008406,Newcastle upon Tyne 037A,Anti-social behaviour,,
,2024-10,Northumbria Police,Northumbria Police,-1.600683,54.977118,On or near Wretham Place,E01008406,Newcastle upon Tyne 037A,Anti-social behaviour,,
,2024-10,Northumbria Police,Northumbria Police,-1.600683,54.977118,On or near Wretham Place,E01008406,Newcastle upon Tyne 037A,Anti-social behaviour,,
,2024-10,Northumbria Police,Northumbria Police,-1.597091,54.973853,On or near Red Barns,E01008406,Newcastle upon Tyne 037A,Anti-social behaviour,,
,2024-10,Northumbria Police,Northumbria Police,-1.600683,54.977118,On or near Wretham Place,E01008406,Newcastle upon Tyne 037A,Anti-social behaviour,,
,2024-10,Northumbria Police,Northumbria Police,-1.600683,54.977118,On or near Wretham Place,E01008406,Newcastle upon Tyne 037A,Anti-social behaviour,,
,2024-10,Northumbria Police,Northumbria Police,-1.600342,54.975265,On or near Russell Terrace,E01008406,Newcastle upon Tyne 037A,Anti-social behaviour,,
,2024-10,Northumbria Police,Northumbria Police,-1.600342,54.975265,On or near Russell Terrace,E01008406,Newcastle upon Tyne 037A,Anti-social behaviour,,
,2024-10,Northumbria Police,Northumbria Police,-1.591589,54.975641,On or near Ouseburn Road,E01008406,Newcastle upon Tyne 037A,Anti-social behaviour,,
,2024-10,Northumbria Police,Northumbria Police,-1.600683,54.977118,On or near Wretham Place,E01008406,Newcastle upon Tyne 037A,Anti-social behaviour,,
e9bce283657b7192d9f0cd4e3e9790913155c6ff1937105a66ff6b7c0f909d6a,2024-10,Northumbria Police,Northumbria Police,-1.597462,54.975759,On or near Union Street,E01008406,Newcastle upon Tyne 037A,Bicycle theft,Investigation complete; no suspect identified,
228123730432b8ae41b82b8cd9102c19aa77d6a1234495af56e06d535bd55ec7,2024-10,Northumbria Police,Northumbria Police,-1.598414,54.975879,On or near Field Close,E01008406,Newcastle upon Tyne 037A,Bicycle theft,Investigation complete; no suspect identified,
8c058ca2abeba0274d745c43451bc3cd0b961d4c47e33e60519b31bdf2454239,2024-10,Northumbria Police,Northumbria Police,-1.598808,54.977138,On or near Petrol Station,E01008406,Newcastle upon Tyne 037A,Bicycle theft,Investigation complete; no suspect identified,
97a2a1713d95e3208e4152152e1c9a5bac8eca4192b156224de67ac2e0e044a7,2024-10,Northumbria Police,Northumbria Police,-1.601737,54.974767,On or near Back New Bridge Street,E01008406,Newcastle upon Tyne 037A,Burglary,Investigation complete; no suspect identified,
84968756a178887958301772f79324d2289702da7af082dafbc03fb511411629,2024-10,Northumbria Police,Northumbria Police,-1.598808,54.977138,On or near Petrol Station,E01008406,Newcastle upon Tyne 037A,Other theft,Investigation complete; no suspect identified,
dee9e6d0d6dd35476f29607d6a3da393d92a84b87c30d4460483e816bd4f116c,2024-10,Northumbria Police,Northumbria Police,-1.600342,54.975265,On or near Russell Terrace,E01008406,Newcastle upon Tyne 037A,Other theft,Investigation complete; no suspect identified,
3b7f8af2b7e9bc26dac19282b77408becab884fe59430660d0b6a06026e56b4c,2024-10,Northumbria Police,Northumbria Police,-1.595959,54.976122,On or near Boyd Street,E01008406,Newcastle upon Tyne 037A,Other theft,Investigation complete; no suspect identified,
400a398603151b4feb7c9d4a2493f5bc28b67fe5d7480c0d8308e242b4e52b94,2024-10,Northumbria Police,Northumbria Police,-1.597462,54.975759,On or near Union Street,E01008406,Newcastle upon Tyne 037A,Other theft,Investigation complete; no suspect identified,
b65528d8f3f6af8ca5c8bf08cf6635e6cd874063ef92cbcaac3e4fb06eb2cd8d,2024-10,Northumbria Police,Northumbria Police,-1.597091,54.973853,On or near Red Barns,E01008406,Newcastle upon Tyne 037A,Public order,Court result unavailable,
0905bfc553b4d4357f8d5c3c03c5e436a9c51c75518e08395ad0f8ba8421e88d,2024-10,Northumbria Police,Northumbria Police,-1.597091,54.973853,On or near Red Barns,E01008406,Newcastle upon Tyne 037A,Public order,Status update unavailable,
558236934fd8fd68f1fde9228185fc23aa18c0d97492faa61e352c445962cf71,2024-10,Northumbria Police,Northumbria Police,-1.591940,54.974923,On or near Sports/Recreation Area,E01008406,Newcastle upon Tyne 037A,Public order,Awaiting court outcome,
bfb50027381eb104aed7b0180c0f08d7b456c54000425701a48b37c86b617768,2024-10,Northumbria Police,Northumbria Police,-1.602574,54.975497,On or near Prince Albert Terrace,E01008406,Newcastle upon Tyne 037A,Shoplifting,Investigation complete; no suspect identified,
e8d6371ee6c9a2cf7f9710d002ff88f48ec51b1cd03ee9d031d6e99052f6b643,2024-10,Northumbria Police,Northumbria Police,-1.602574,54.975497,On or near Prince Albert Terrace,E01008406,Newcastle upon Tyne 037A,Shoplifting,Status update unavailable,
7c76be1550852a363644c61fc5e4fa1edad453c6c00b4e57bc4ca3172fbee4d0,2024-10,Northumbria Police,Northumbria Police,-1.602574,54.975497,On or near Prince Albert Terrace,E01008406,Newcastle upon Tyne 037A,Shoplifting,Status update unavailable,
c345bb5d68db17b6b14859a1ef528a24738c406444cb2ab52c2eb7390d31f5b5,2024-10,Northumbria Police,Northumbria Police,-1.602574,54.975497,On or near Prince Albert Terrace,E01008406,Newcastle upon Tyne 037A,Shoplifting,Status update unavailable,
3885dbc0d18abd03fd0cba77ce0e30de2604e944cd4e9caa8d64865a83f6f9ce,2024-10,Northumbria Police,Northumbria Police,-1.602574,54.975497,On or near Prince Albert Terrace,E01008406,Newcastle upon Tyne 037A,Shoplifting,Investigation complete; no suspect identified,
a92b81cabdb0aa1bfa35ddc76e82450421a6a928dd0f15e0a4cc1d593cfc22e4,2024-10,Northumbria Police,Northumbria Police,-1.602574,54.975497,On or near Prince Albert Terrace,E01008406,Newcastle upon Tyne 037A,Shoplifting,Court result unavailable,
1bea6ddc4ad8593f77b6ef0fc9f02ca43972baf29e8c07c7a7d35527985752ba,2024-10,Northumbria Police,Northumbria Police,-1.602574,54.975497,On or near Prince Albert Terrace,E01008406,Newcastle upon Tyne 037A,Shoplifting,Status update unavailable,
d8a9c26c68967a4d35a229a2c9d4ed03dd1fb1a5dff4c6869d66586ad8a64326,2024-10,Northumbria Police,Northumbria Police,-1.602574,54.975497,On or near Prince Albert Terrace,E01008406,Newcastle upon Tyne 037A,Shoplifting,Status update unavailable,
cca36cfe7fa93836395d3758bff347c0e1eef05c66bf0a9261affcbafb68d3ba,2024-10,Northumbria Police,Northumbria Police,-1.601548,54.978091,On or near Shield Street,E01008406,Newcastle upon Tyne 037A,Violence and sexual offences,Status update unavailable,
66a1c184083b9dd6c4c93f51ccb02843bcc50556a1834c2371c227076d81c0de,2024-10,Northumbria Police,Northumbria Police,-1.600682,54.975662,On or near Henry Square,E01008406,Newcastle upon Tyne 037A,Violence and sexual offences,Status update unavailable,
9e9797dd96beffefec1cdd6a7d6365f9a0ea01513ead9061ea6060351f2d02fc,2024-10,Northumbria Police,Northumbria Police,-1.598266,54.976651,On or near Stoddart Street,E01008406,Newcastle upon Tyne 037A,Violence and sexual offences,Investigation complete; no suspect identified,
3f8dcb6f172e5d17fc25a9a080cc136f380b5e374e97d2a6df91bd3ff307480e,2024-10,Northumbria Police,Northumbria Police,-1.598266,54.976651,On or near Stoddart Street,E01008406,Newcastle upon Tyne 037A,Violence and sexual offences,Status update unavailable,
b1da01b7341ca6639db73f482127da12c2806b3113a826266aa95f15c2bb6c86,2024-10,Northumbria Police,Northumbria Police,-1.601737,54.974767,On or near Back New Bridge Street,E01008406,Newcastle upon Tyne 037A,Violence and sexual offences,Status update unavailable,
fc79491714ae4c8f96a670d6e737004ea2e5f198e52ba158f2dc94b45238afbb,2024-10,Northumbria Police,Northumbria Police,-1.594932,54.974205,On or near Coquet Street,E01008406,Newcastle upon Tyne 037A,Violence and sexual offences,Investigation complete; no suspect identified,
fca74f38385488cf6d2aa3469e599060456af64f68b6768bab47d72b42de6e25,2024-10,Northumbria Police,Northumbria Police,-1.591940,54.974923,On or near Sports/Recreation Area,E01008406,Newcastle upon Tyne 037A,Violence and sexual offences,Investigation complete; no suspect identified,
1a7789747b4d37f175d86ef96cbbb7332a202bdeb0bdbf3f47403b72dd0df7eb,2024-10,Northumbria Police,Northumbria Police,-1.602574,54.975497,On or near Prince Albert Terrace,E01008406,Newcastle upon Tyne 037A,Violence and sexual offences,Status update unavailable,
0d2692603b0170ddaacbb4f418928623fa7441815298d8a326be36db5c35cac7,2024-10,Northumbria Police,Northumbria Police,-1.594157,54.975119,On or near Stepney Bank,E01008406,Newcastle upon Tyne 037A,Violence and sexual offences,Status update unavailable,
52731a833c87f19466c1b6b7650c2ab979254ac2a9fe82695d3f6f5947da4e7c,2024-10,Northumbria Police,Northumbria Police,-1.597462,54.975759,On or near Union Street,E01008406,Newcastle upon Tyne 037A,Violence and sexual offences,Investigation complete; no suspect identified,
334d7eed494dea3c36b3dca2e3d8cded09c3af225eed6f2afb706a8428be2760,2024-10,Northumbria Police,Northumbria Police,-1.600683,54.977118,On or near Wretham Place,E01008406,Newcastle upon Tyne 037A,Violence and sexual offences,Investigation complete; no suspect identified,
7d93b197cc4df4eca0d0837a3aaa87fcc4c0858cad0e6c01632466abc328ff61,2024-10,Northumbria Police,Northumbria Police,-1.600683,54.977118,On or near Wretham Place,E01008406,Newcastle upon Tyne 037A,Violence and sexual offences,Status update unavailable,
0bdca413d61d1e40dd47aa0fec39b3cf57ea3e50a2abf97c8501c3b2379ff316,2024-10,Northumbria Police,Northumbria Police,-1.591940,54.974923,On or near Sports/Recreation Area,E01008406,Newcastle upon Tyne 037A,Other crime,Court result unavailable,
1289b14dee0ff889efa7808e7ecb4b41661e21bb4bd1c174d1a88f3fcca5fdab,2024-10,Northumbria Police,Northumbria Police,-1.601499,54.975161,On or near Albert Street,E01008406,Newcastle upon Tyne 037A,Other crime,Status update unavailable,
,2024-10,Northumbria Police,Northumbria Police,-1.604467,54.970426,On or near Pandon,E01033553,Newcastle upon Tyne 037B,Anti-social behaviour,,
,2024-10,Northumbria Police,Northumbria Police,-1.603169,54.970584,On or near Parking Area,E01033553,Newcastle upon Tyne 037B,Anti-social behaviour,,
,2024-10,Northumbria Police,Northumbria Police,-1.607069,54.969527,On or near Parking Area,E01033553,Newcastle upon Tyne 037B,Anti-social behaviour,,
,2024-10,Northumbria Police,Northumbria Police,-1.605956,54.969937,On or near Dog Bank,E01033553,Newcastle upon Tyne 037B,Anti-social behaviour,,
,2024-10,Northumbria Police,Northumbria Police,-1.607326,54.971963,On or near Parking Area,E01033553,Newcastle upon Tyne 037B,Anti-social behaviour,,
,2024-10,Northumbria Police,Northumbria Police,-1.607069,54.969527,On or near Parking Area,E01033553,Newcastle upon Tyne 037B,Anti-social behaviour,,
,2024-10,Northumbria Police,Northumbria Police,-1.606602,54.970972,On or near Manor Chare,E01033553,Newcastle upon Tyne 037B,Anti-social behaviour,,
,2024-10,Northumbria Police,Northumbria Police,-1.607069,54.969527,On or near Parking Area,E01033553,Newcastle upon Tyne 037B,Anti-social behaviour,,
b0a1ebddf278694d96841afc9a17f1d3572a5c93f47c31b9d98acf5bbd454ece,2024-10,Northumbria Police,Northumbria Police,-1.604467,54.970426,On or near Pandon,E01033553,Newcastle upon Tyne 037B,Bicycle theft,Investigation complete; no suspect identified,
022d58954e45b9e0d682276979971473107bbe01171ce9e432439db805427c72,2024-10,Northumbria Police,Northumbria Police,-1.605803,54.971203,On or near Parking Area,E01033553,Newcastle upon Tyne 037B,Criminal damage and arson,Investigation complete; no suspect identified,
2aff743b2c83325876d78ca8cfcb7fabc7216db2acb7aa629a1bb5ccf43c55c5,2024-10,Northumbria Police,Northumbria Police,-1.603580,54.973227,On or near Argyle Street,E01033553,Newcastle upon Tyne 037B,Criminal damage and arson,Investigation complete; no suspect identified,
2277d3d066e7994983cd3fb150a4a265fd69e78dbd6a662ff751974f885d26f3,2024-10,Northumbria Police,Northumbria Police,-1.602824,54.973916,On or near Parking Area,E01033553,Newcastle upon Tyne 037B,Criminal damage and arson,Investigation complete; no suspect identified,
8b4b7388ecafcb5ff8dd416607bff08f35fd83faed39af18c1e5cc36f1faaa6e,2024-10,Northumbria Police,Northumbria Police,-1.603580,54.973227,On or near Argyle Street,E01033553,Newcastle upon Tyne 037B,Criminal damage and arson,Investigation complete; no suspect identified,
2ac37b12f813f51efea9a29014e2e56d5a59caa989434d8c60f4d83e512c2e3e,2024-10,Northumbria Police,Northumbria Police,-1.604467,54.970426,On or near Pandon,E01033553,Newcastle upon Tyne 037B,Other theft,Investigation complete; no suspect identified,
41081d2fb9eaae1f76b2ddc2b2de0023958169c92e0780795213e815474fef4a,2024-10,Northumbria Police,Northumbria Police,-1.603580,54.973227,On or near Argyle Street,E01033553,Newcastle upon Tyne 037B,Other theft,Investigation complete; no suspect identified,
bcf95b785f33cd9bdd7d6e6697f2648a8d72e46382ced89ee5bdfa5db74d8c13,2024-10,Northumbria Police,Northumbria Police,-1.599755,54.972972,On or near Buxton Street,E01033553,Newcastle upon Tyne 037B,Other theft,Status update unavailable,
e5ec3286aaa16695302231a40e3463933382a4a717f00c3e448a45665f2cbea2,2024-10,Northumbria Police,Northumbria Police,-1.607496,54.970616,On or near Heath Court,E01033553,Newcastle upon Tyne 037B,Public order,Investigation complete; no suspect identified,
564ac876258f0ebc4c5cb67888cfe1fdcf7819d7bf2f48085ef2cf9d850b87b9,2024-10,Northumbria Police,Northumbria Police,-1.604467,54.970426,On or near Pandon,E01033553,Newcastle upon Tyne 037B,Public order,Investigation complete; no suspect identified,
bf717154d6ec988b3f403bb4a9b4d0caa878aa190e514595750c4ee23e62c5fd,2024-10,Northumbria Police,Northumbria Police,-1.605803,54.971203,On or near Parking Area,E01033553,Newcastle upon Tyne 037B,Public order,Investigation complete; no suspect identified,
ecf05b4583740165272d9b02c0204f515c13713b2aebc5e917ca07fe0e1d0765,2024-10,Northumbria Police,Northumbria Police,-1.607060,54.972034,On or near Parking Area,E01033553,Newcastle upon Tyne 037B,Robbery,Investigation complete; no suspect identified,
ffdf2e6e195e274163e1d786516cf14d3287ddc7b8bc4e5b9f560a3dd9fa2c9d,2024-10,Northumbria Police,Northumbria Police,-1.604467,54.970426,On or near Pandon,E01033553,Newcastle upon Tyne 037B,Shoplifting,Status update unavailable,
450ef5806a862d2ca0d55e5df076a2fa2d8960a5c13829a1d5bf0edf62bd6b63,2024-10,Northumbria Police,Northumbria Police,-1.604467,54.970426,On or near Pandon,E01033553,Newcastle upon Tyne 037B,Shoplifting,Investigation complete; no suspect identified,
96d22fc650c992ffd31adf07bf55a70f1e038ab42ce9c7b3877e04f17b4ac93e,2024-10,Northumbria Police,Northumbria Police,-1.604467,54.970426,On or near Pandon,E01033553,Newcastle upon Tyne 037B,Shoplifting,Investigation complete; no suspect identified,
4930ebe469bf35e9a5bc8dd24f37041c12ee99bfacbb57e6c91b2d99051ef001,2024-10,Northumbria Police,Northumbria Police,-1.604467,54.970426,On or near Pandon,E01033553,Newcastle upon Tyne 037B,Shoplifting,Investigation complete; no suspect identified,
1933ee4b3dbf29661ae2e333dfc28c2d45483c7a185fb0de6c423a66f10d998c,2024-10,Northumbria Police,Northumbria Police,-1.604467,54.970426,On or near Pandon,E01033553,Newcastle upon Tyne 037B,Shoplifting,Investigation complete; no suspect identified,
2c895b8f48d4f0e90e59c3d31a720152bfd86d278c2d0ed6ccec3ca28a6bd002,2024-10,Northumbria Police,Northumbria Police,-1.604467,54.970426,On or near Pandon,E01033553,Newcastle upon Tyne 037B,Shoplifting,Investigation complete; no suspect identified,
d3288f67c2ef334e1025a6cf7bf0487237f71ccbcd0f6953a530c2a58ebfcde0,2024-10,Northumbria Police,Northumbria Police,-1.604467,54.970426,On or near Pandon,E01033553,Newcastle upon Tyne 037B,Shoplifting,Investigation complete; no suspect identified,
c9ca5558d3d0db10b30457934d7ccbbb881211f9d877f9325e06c1cb13802f9b,2024-10,Northumbria Police,Northumbria Police,-1.604467,54.970426,On or near Pandon,E01033553,Newcastle upon Tyne 037B,Shoplifting,Investigation complete; no suspect identified,
3620492688fb64aa437fc4de8538b8604f9a41b389359499151b26c3fdd570cd,2024-10,Northumbria Police,Northumbria Police,-1.604467,54.970426,On or near Pandon,E01033553,Newcastle upon Tyne 037B,Shoplifting,Status update unavailable,
e0425e4134ed525a4d911dd6df1d4af9a541660846ed2452850331cd5de012ef,2024-10,Northumbria Police,Northumbria Police,-1.604467,54.970426,On or near Pandon,E01033553,Newcastle upon Tyne 037B,Shoplifting,Investigation complete; no suspect identified,
616b64a8f849a799f86e8fe6df729e45b33e442be2da77e02bde339968a98721,2024-10,Northumbria Police,Northumbria Police,-1.604467,54.970426,On or near Pandon,E01033553,Newcastle upon Tyne 037B,Shoplifting,Investigation complete; no suspect identified,
6b2531d49d671276d0a00debf1502fa01f5a2beb84fee124cd4876831eca908b,2024-10,Northumbria Police,Northumbria Police,-1.604467,54.970426,On or near Pandon,E01033553,Newcastle upon Tyne 037B,Shoplifting,Investigation complete; no suspect identified,
5a9d6b06241e590e9789188150054177571064018a290a2a2e8a87a6b00f1531,2024-10,Northumbria Police,Northumbria Police,-1.604467,54.970426,On or near Pandon,E01033553,Newcastle upon Tyne 037B,Shoplifting,Investigation complete; no suspect identified,
3f60ab2a61a9b934d79a6ed31c8c68bb3baf1598e2c18d370b111e012a096841,2024-10,Northumbria Police,Northumbria Police,-1.604467,54.970426,On or near Pandon,E01033553,Newcastle upon Tyne 037B,Shoplifting,Investigation complete; no suspect identified,
e85eb86da5aafc628deea672582541a00194ad193a91d5f859be3daf68890050,2024-10,Northumbria Police,Northumbria Police,-1.604467,54.970426,On or near Pandon,E01033553,Newcastle upon Tyne 037B,Shoplifting,Investigation complete; no suspect identified,
e0794b285dd7870790288fd87e2bbb8a0363aa3072e544055482935ffe14b0b2,2024-10,Northumbria Police,Northumbria Police,-1.604467,54.970426,On or near Pandon,E01033553,Newcastle upon Tyne 037B,Shoplifting,Investigation complete; no suspect identified,
80cb0c1d2dd02e95607c0edfe3ea6018a5faa5a9ca5514c338db4ae6d674adef,2024-10,Northumbria Police,Northumbria Police,-1.604467,54.970426,On or near Pandon,E01033553,Newcastle upon Tyne 037B,Shoplifting,Status update unavailable,
4f5becc27184db2ef63fcaf09b89ab3c4eb2874f226e57248f8fe0b8188621b5,2024-10,Northumbria Police,Northumbria Police,-1.604467,54.970426,On or near Pandon,E01033553,Newcastle upon Tyne 037B,Shoplifting,Investigation complete; no suspect identified,
fa3742dd1c5a542e8d6cf03645751b6919363ae5a0f95b97e08af7d6897c9030,2024-10,Northumbria Police,Northumbria Police,-1.604467,54.970426,On or near Pandon,E01033553,Newcastle upon Tyne 037B,Shoplifting,Status update unavailable,
5805b0c96f6b145e40d084d397f86737b0e440088f949e793a6ee449fd3196a5,2024-10,Northumbria Police,Northumbria Police,-1.604467,54.970426,On or near Pandon,E01033553,Newcastle upon Tyne 037B,Shoplifting,Investigation complete; no suspect identified,
ef2c956c3e427ef96eaabfcc9bda87deffdcbf3e0b03e78224fc055bcc1e006e,2024-10,Northumbria Police,Northumbria Police,-1.604467,54.970426,On or near Pandon,E01033553,Newcastle upon Tyne 037B,Shoplifting,Status update unavailable,
45ca7516dac8d5c99f0963b8799b52805fd57d5fe6a6ab0be4496a5b6519b452,2024-10,Northumbria Police,Northumbria Police,-1.602824,54.973916,On or near Parking Area,E01033553,Newcastle upon Tyne 037B,Vehicle crime,Investigation complete; no suspect identified,
5bd3f5b8975d08d6912c00977c0b0d87eee23fe0ddc6e0fcf00134864275faf7,2024-10,Northumbria Police,Northumbria Police,-1.603169,54.970584,On or near Parking Area,E01033553,Newcastle upon Tyne 037B,Violence and sexual offences,Status update unavailable,
14b3fd52b6484beec1e37f00ba9f272a17a3076fc6b41433f2aebe870823dcad,2024-10,Northumbria Police,Northumbria Police,-1.603580,54.973227,On or near Argyle Street,E01033553,Newcastle upon Tyne 037B,Violence and sexual offences,Status update unavailable,
c36c456685e3cb443330a1afb21d689629ca3d4172e0ce2b039f300b7a253dcf,2024-10,Northumbria Police,Northumbria Police,-1.601703,54.973508,On or near Stepney Lane,E01033553,Newcastle upon Tyne 037B,Violence and sexual offences,Status update unavailable,
d2504597622a8cbaf20f82a385243a9f26daa31ccd5c7e9749d762495a8dc5a0,2024-10,Northumbria Police,Northumbria Police,-1.603169,54.970584,On or near Parking Area,E01033553,Newcastle upon Tyne 037B,Violence and sexual offences,Status update unavailable,
11beb127995e796725878a22791206f7c4287366d50fd02d1153f494c936d0b6,2024-10,Northumbria Police,Northumbria Police,-1.603580,54.973227,On or near Argyle Street,E01033553,Newcastle upon Tyne 037B,Violence and sexual offences,Status update unavailable,
72987fa1a0a6d3619101da1ea7109197dc3a06d7b9ae0a75e99f2f41b0fcfd18,2024-10,Northumbria Police,Northumbria Police,-1.604388,54.972070,On or near Pandon Bank,E01033553,Newcastle upon Tyne 037B,Violence and sexual offences,Status update unavailable,
5df5783a38e1bf570cba011d17012ca7b792b7abf06253ec2cd70bbe3415e735,2024-10,Northumbria Police,Northumbria Police,-1.607069,54.969527,On or near Parking Area,E01033553,Newcastle upon Tyne 037B,Violence and sexual offences,Investigation complete; no suspect identified,
f544a13856477c70c4d8bf86bb2bc1dc571034098ded0bb354db97bf1ea57461,2024-10,Northumbria Police,Northumbria Police,-1.607496,54.970616,On or near Heath Court,E01033553,Newcastle upon Tyne 037B,Violence and sexual offences,Investigation complete; no suspect identified,
48666488bf344408d67a90e5fa9e19d2423a7b123ab573400e149a345d8585c5,2024-10,Northumbria Police,Northumbria Police,-1.606602,54.970972,On or near Manor Chare,E01033553,Newcastle upon Tyne 037B,Violence and sexual offences,Investigation complete; no suspect identified,
5736b8221492fcee1d502fa803dd0fd8efce9be26e98bced4b9c3314094f9fd3,2024-10,Northumbria Police,Northumbria Police,-1.604388,54.972070,On or near Pandon Bank,E01033553,Newcastle upon Tyne 037B,Violence and sexual offences,Investigation complete; no suspect identified,
9eb24cfbfe591bdcb4d2a841eb0939bd0b8c9b9668d22900ac59e22f1ab0af47,2024-10,Northumbria Police,Northumbria Police,-1.601703,54.973508,On or near Stepney Lane,E01033553,Newcastle upon Tyne 037B,Violence and sexual offences,Investigation complete; no suspect identified,
e15753ea88c28869620d574ae05662962e11e04efd2c1bae927cce8459d02dca,2024-10,Northumbria Police,Northumbria Police,-1.603169,54.970584,On or near Parking Area,E01033553,Newcastle upon Tyne 037B,Violence and sexual offences,Status update unavailable,
fd6c57c28213ce80f7d184c77bdb8bcb36dcae3443c1b588925a2a4d75aef6db,2024-10,Northumbria Police,Northumbria Police,-1.602205,54.971722,On or near Garth Heads,E01033553,Newcastle upon Tyne 037B,Violence and sexual offences,Investigation complete; no suspect identified,
542ca09615a042fba219d1ab031c742827a5e240fd65270dccc7d94d65edc80f,2024-10,Northumbria Police,Northumbria Police,-1.603580,54.973227,On or near Argyle Street,E01033553,Newcastle upon Tyne 037B,Violence and sexual offences,Status update unavailable,
4f2c2728105e642928082c6a9bf0b9549481604362510984189b185e4ed603fc,2024-10,Northumbria Police,Northumbria Police,-1.603169,54.970584,On or near Parking Area,E01033553,Newcastle upon Tyne 037B,Violence and sexual offences,Investigation complete; no suspect identified,
68307370458c15ad708bbcd331042bb89bc5e534dd650c87fa33b178a9e2bf32,2024-10,Northumbria Police,Northumbria Police,-1.603580,54.973227,On or near Argyle Street,E01033553,Newcastle upon Tyne 037B,Violence and sexual offences,Status update unavailable,
b1a7c9adce9873968dc7d240ff1d1e4663232bbfed0a9d2a10cae6a0e08572be,2024-10,Northumbria Police,Northumbria Police,-1.601703,54.973508,On or near Stepney Lane,E01033553,Newcastle upon Tyne 037B,Other crime,Investigation complete; no suspect identified,
,2024-10,Northumbria Police,Northumbria Police,-1.606591,54.968851,On or near Lombard Street,E01033548,Newcastle upon Tyne 037C,Anti-social behaviour,,
,2024-10,Northumbria Police,Northumbria Police,-1.591448,54.972666,On or near Cut Bank,E01033548,Newcastle upon Tyne 037C,Anti-social behaviour,,
,2024-10,Northumbria Police,Northumbria Police,-1.602496,54.970662,On or near Milk Market,E01033548,Newcastle upon Tyne 037C,Anti-social behaviour,,
,2024-10,Northumbria Police,Northumbria Police,-1.604915,54.969313,On or near Theatre/Concert Hall,E01033548,Newcastle upon Tyne 037C,Anti-social behaviour,,
,2024-10,Northumbria Police,Northumbria Police,-1.606591,54.968851,On or near Lombard Street,E01033548,Newcastle upon Tyne 037C,Anti-social behaviour,,
94a65c0e5a9e5c2c0ab291fd0cb13e9fbff641919584d907df1191273705c381,2024-10,Northumbria Police,Northumbria Police,-1.607306,54.969195,On or near Queen Street,E01033548,Newcastle upon Tyne 037C,Bicycle theft,Investigation complete; no suspect identified,
b8ba8bb6bec67f9a6cea66f4d44cdf6be1e95b0df69c4c4cced87c40b293e9dd,2024-10,Northumbria Police,Northumbria Police,-1.600434,54.972255,On or near Grenville Terrace,E01033548,Newcastle upon Tyne 037C,Burglary,Status update unavailable,
31af4da9869badded835dc198f50f8403170aa75d71122378e5d2134789b57a2,2024-10,Northumbria Police,Northumbria Police,-1.600288,54.971266,On or near Parking Area,E01033548,Newcastle upon Tyne 037C,Criminal damage and arson,Investigation complete; no suspect identified,
7a74a1ae0dfe8fdff525f80a64857d2a030c659a90c70011d53e5149eae066e2,2024-10,Northumbria Police,Northumbria Police,-1.597708,54.971545,On or near St Ann'S Street,E01033548,Newcastle upon Tyne 037C,Criminal damage and arson,Investigation complete; no suspect identified,
17040f1666d8921ec60bdd8d3d81877cc7a0b639b5ad635ced066a1dcd0eac93,2024-10,Northumbria Police,Northumbria Police,-1.592273,54.971428,On or near Quayside,E01033548,Newcastle upon Tyne 037C,Criminal damage and arson,Investigation complete; no suspect identified,
e401e079fe77c616f05010e5d0bbf988b8362f4c4388633c24d3f08fc4ab0d8a,2024-10,Northumbria Police,Northumbria Police,-1.607306,54.969195,On or near Queen Street,E01033548,Newcastle upon Tyne 037C,Criminal damage and arson,Court result unavailable,
50e62195bebc6b3f1fc87c8e6c440b54447e462dd58d44060195719c4992199e,2024-10,Northumbria Police,Northumbria Police,-1.604457,54.969878,On or near Broad Chare,E01033548,Newcastle upon Tyne 037C,Drugs,Court result unavailable,
7ce9986220d87730ed43d74c61455a1b27a84c08329eaf00c779fbc7a58efc73,2024-10,Northumbria Police,Northumbria Police,-1.595368,54.972760,On or near Breamish Street,E01033548,Newcastle upon Tyne 037C,Drugs,Status update unavailable,
5eafec72d625c990cf3fedf4893d3fd9fd62ab54357b6325980bafedb39a1aae,2024-10,Northumbria Police,Northumbria Police,-1.606591,54.968851,On or near Lombard Street,E01033548,Newcastle upon Tyne 037C,Drugs,Local resolution,
40fa73c551d2b275c5a095c8a593899d13891eb994f82dbaad47e71104db24f9,2024-10,Northumbria Police,Northumbria Police,-1.607306,54.969195,On or near Queen Street,E01033548,Newcastle upon Tyne 037C,Drugs,Offender given a caution,
acdcb4da6d84c9613f1aed7cd18775b4a64d17b10ad685307841633124a110a6,2024-10,Northumbria Police,Northumbria Police,-1.600288,54.971266,On or near Parking Area,E01033548,Newcastle upon Tyne 037C,Other theft,Investigation complete; no suspect identified,
fa62be89a19b2d29952a2e933de85547fd9e7af6d49c06d1bed0e7ce21ce9226,2024-10,Northumbria Police,Northumbria Police,-1.600288,54.971266,On or near Parking Area,E01033548,Newcastle upon Tyne 037C,Other theft,Investigation complete; no suspect identified,
43ce24235e8e63b89389b97effad9ef3c421f36c7e0a3c58f6f5ae433b14592a,2024-10,Northumbria Police,Northumbria Police,-1.606591,54.968851,On or near Lombard Street,E01033548,Newcastle upon Tyne 037C,Possession of weapons,Court result unavailable,
07b2aae6e592c9a5800b0d500bace09d21ea6c7f4102fc7f455817ade9fcda0e,2024-10,Northumbria Police,Northumbria Police,-1.604915,54.969313,On or near Theatre/Concert Hall,E01033548,Newcastle upon Tyne 037C,Public order,Investigation complete; no suspect identified,
df29d8b9fa5de7fe0ca980b969610a606d3e10c8fb2c65a5cc59e5740ec30a2c,2024-10,Northumbria Police,Northumbria Police,-1.599163,54.971280,On or near The Swirle,E01033548,Newcastle upon Tyne 037C,Public order,Investigation complete; no suspect identified,
703dc23d72d518d79977f837e10e40b7d8ac1abe37c609565481f41b85332ec9,2024-10,Northumbria Police,Northumbria Police,-1.607306,54.969195,On or near Queen Street,E01033548,Newcastle upon Tyne 037C,Public order,Investigation complete; no suspect identified,
948a1c80af0c38f807eb600ae350c431b4c989da273df069e2322cfe42011718,2024-10,Northumbria Police,Northumbria Police,-1.600917,54.970828,On or near Sandgate,E01033548,Newcastle upon Tyne 037C,Public order,Investigation complete; no suspect identified,
9059dc51a06ab0ae82af79a4c98373efc5173eb37fdfd8666ebafab66e2bbbf3,2024-10,Northumbria Police,Northumbria Police,-1.592273,54.971428,On or near Quayside,E01033548,Newcastle upon Tyne 037C,Vehicle crime,Investigation complete; no suspect identified,
713d7654e44e9d06bb71aece8ccd65a90f13fd5338d771a30ac45ce20a5a082f,2024-10,Northumbria Police,Northumbria Police,-1.593142,54.973498,On or near St Ann'S Close,E01033548,Newcastle upon Tyne 037C,Violence and sexual offences,Investigation complete; no suspect identified,
4cde9b4f7f03030443ba90137fb666c4fc06e9268daacd21a8f6e6b207868c0b,2024-10,Northumbria Police,Northumbria Police,-1.604915,54.969313,On or near Theatre/Concert Hall,E01033548,Newcastle upon Tyne 037C,Violence and sexual offences,Investigation complete; no suspect identified,
e777ffe9ef2ba63ae68c43403dc218df55ac35df860f0a7a6a8bcbeedd1abecf,2024-10,Northumbria Police,Northumbria Police,-1.597788,54.972866,On or near Howard Street,E01033548,Newcastle upon Tyne 037C,Violence and sexual offences,Status update unavailable,
b382eb9da06ee54d7d923fc8ab0673427bd09b25f5b2756b3fbce6fd142a089b,2024-10,Northumbria Police,Northumbria Police,-1.604457,54.969878,On or near Broad Chare,E01033548,Newcastle upon Tyne 037C,Violence and sexual offences,Investigation complete; no suspect identified,
543c59982d0bd1a4a811852efaecb61be2dd2d4cdd5d8732c3ce95d8ed9a94a8,2024-10,Northumbria Police,Northumbria Police,-1.599799,54.971723,On or near City Road,E01033548,Newcastle upon Tyne 037C,Violence and sexual offences,Investigation complete; no suspect identified,
bc4dc44adeaafb69929b402402d10a0baa2ec8cf9d79bf1a66b2bc216d612f6d,2024-10,Northumbria Police,Northumbria Police,-1.597788,54.972866,On or near Howard Street,E01033548,Newcastle upon Tyne 037C,Violence and sexual offences,Status update unavailable,
145b8d5f82e7d7a2c75fc50833a52f7acb342523b552a7006dc795dcf1cdefc8,2024-10,Northumbria Police,Northumbria Police,-1.599318,54.972970,On or near Gibson Street,E01033548,Newcastle upon Tyne 037C,Violence and sexual offences,Status update unavailable,
d6b829cab6912a53ce6229c947bd50303c983a01959bb6cf522a3670dfbf6f41,2024-10,Northumbria Police,Northumbria Police,-1.604457,54.969878,On or near Broad Chare,E01033548,Newcastle upon Tyne 037C,Other crime,Investigation complete; no suspect identified,
cd502ab20436b48ed98c594da46bf53d94ea2bc2978e7ed54f9d5138033f3ee4,2024-10,Northumbria Police,Northumbria Police,-1.607306,54.969195,On or near Queen Street,E01033548,Newcastle upon Tyne 037C,Other crime,Offender given a caution,
,2024-10,Northumbria Police,Northumbria Police,-1.659660,54.973612,On or near Condercum Road,E01008334,Newcastle upon Tyne 038A,Anti-social behaviour,,
,2024-10,Northumbria Police,Northumbria Police,-1.655356,54.974553,On or near Parking Area,E01008334,Newcastle upon Tyne 038A,Anti-social behaviour,,
,2024-10,Northumbria Police,Northumbria Police,-1.660485,54.975744,On or near Springhill Gardens,E01008334,Newcastle upon Tyne 038A,Anti-social behaviour,,
,2024-10,Northumbria Police,Northumbria Police,-1.660485,54.975744,On or near Springhill Gardens,E01008334,Newcastle upon Tyne 038A,Anti-social behaviour,,
,2024-10,Northumbria Police,Northumbria Police,-1.659660,54.973612,On or near Condercum Road,E01008334,Newcastle upon Tyne 038A,Anti-social behaviour,,
88b4bd0674bc9df116f9eefe9e57cfdfe0ae0d8a60326df51e4df476c25c3efa,2024-10,Northumbria Police,Northumbria Police,-1.659660,54.973612,On or near Condercum Road,E01008334,Newcastle upon Tyne 038A,Burglary,Investigation complete; no suspect identified,
4b8db7838beda35392438f309a4f906862ccedbdcf7935d7ed307ea3a9622cea,2024-10,Northumbria Police,Northumbria Police,-1.659660,54.973612,On or near Condercum Road,E01008334,Newcastle upon Tyne 038A,Criminal damage and arson,Investigation complete; no suspect identified,
64b78cde95aba6a9a48b365a932be04b2eb0af6b2da4e31e899d9674b0b99cad,2024-10,Northumbria Police,Northumbria Police,-1.662416,54.976487,On or near Westholme Gardens,E01008334,Newcastle upon Tyne 038A,Criminal damage and arson,Investigation complete; no suspect identified,
8d31c5f76d547fd0ca492aab2b8ce2d1d3e6e1bd380c3997b0d711ac9890c145,2024-10,Northumbria Police,Northumbria Police,-1.665536,54.975210,On or near Lismore Place,E01008334,Newcastle upon Tyne 038A,Criminal damage and arson,Status update unavailable,
4c09d79ff4c0eb25ac652556e31f0d11f0f60a9ca2360f25a7e2f4d3bc3cdad9,2024-10,Northumbria Police,Northumbria Police,-1.662416,54.976487,On or near Westholme Gardens,E01008334,Newcastle upon Tyne 038A,Other theft,Investigation complete; no suspect identified,
4e10c5567625724c4cd5a47d1aa5ba2dd302c697b63538ba841755110a2e772a,2024-10,Northumbria Police,Northumbria Police,-1.655356,54.974553,On or near Parking Area,E01008334,Newcastle upon Tyne 038A,Other theft,Status update unavailable,
b66347978644e06de11dce0765754a816bbeba5cf864824eeecc1607dd00614d,2024-10,Northumbria Police,Northumbria Police,-1.662065,54.971831,On or near Supermarket,E01008334,Newcastle upon Tyne 038A,Other theft,Investigation complete; no suspect identified,
c0fffd4f14513fc7a460b545b3caeb19bc088ba9c2c955f61a1796d4e9e6cace,2024-10,Northumbria Police,Northumbria Police,-1.659740,54.971546,On or near Nichol Street,E01008334,Newcastle upon Tyne 038A,Possession of weapons,Status update unavailable,
2769cea361ad3b599b0e845d4b8c58de5920be8710385adafdbc0acaa4a2f3d5,2024-10,Northumbria Police,Northumbria Police,-1.660485,54.975744,On or near Springhill Gardens,E01008334,Newcastle upon Tyne 038A,Public order,Status update unavailable,
f2dffbfb71caaef6fb7f5ed854402d5063c66a4c2675bff94c6b315cd348a3a1,2024-10,Northumbria Police,Northumbria Police,-1.662416,54.976487,On or near Westholme Gardens,E01008334,Newcastle upon Tyne 038A,Public order,Status update unavailable,
bb206fed132a542881627a8ba32b8026d6143c7ace07d316109ed5b1b53b9660,2024-10,Northumbria Police,Northumbria Police,-1.655356,54.974553,On or near Parking Area,E01008334,Newcastle upon Tyne 038A,Public order,Investigation complete; no suspect identified,
d7fb60d3bf6e4017b6a7912982cac20e48e9f7340250ae12fdc76fad738fabac,2024-10,Northumbria Police,Northumbria Police,-1.659970,54.976278,On or near Petrol Station,E01008334,Newcastle upon Tyne 038A,Robbery,Investigation complete; no suspect identified,
7ccd204e433d0b103b84f084655b3dd4341c4e0e9f6fbde697bb9fb0be2bed2e,2024-10,Northumbria Police,Northumbria Police,-1.662416,54.976487,On or near Westholme Gardens,E01008334,Newcastle upon Tyne 038A,Robbery,Status update unavailable,
f251e305435411748e80103cdf982557ecad2a496251ba3ac93a12478e830003,2024-10,Northumbria Police,Northumbria Police,-1.659970,54.976278,On or near Petrol Station,E01008334,Newcastle upon Tyne 038A,Shoplifting,Investigation complete; no suspect identified,
c71cf4b536906421709a5a69418108c0ec935ce39545c4b1d5394de630dd43b0,2024-10,Northumbria Police,Northumbria Police,-1.662065,54.971831,On or near Supermarket,E01008334,Newcastle upon Tyne 038A,Shoplifting,Investigation complete; no suspect identified,
53648d9a105bcba269afa1791d8e26e843ea8bdaf317ad4437c2db581e1fccc8,2024-10,Northumbria Police,Northumbria Police,-1.662065,54.971831,On or near Supermarket,E01008334,Newcastle upon Tyne 038A,Shoplifting,Status update unavailable,
bddeaea2722f7437516128ea3897b871868e05a711a4262fec4e3cf45c2c4c7e,2024-10,Northumbria Police,Northumbria Police,-1.662416,54.976487,On or near Westholme Gardens,E01008334,Newcastle upon Tyne 038A,Violence and sexual offences,Status update unavailable,
f701b8dfe1daa35f6ec65b4a1674b2d48718753ae8b674d75116cfda8bd0fa19,2024-10,Northumbria Police,Northumbria Police,-1.662065,54.971831,On or near Supermarket,E01008334,Newcastle upon Tyne 038A,Violence and sexual offences,Status update unavailable,
,2024-10,Northumbria Police,Northumbria Police,-1.656683,54.974637,On or near Strathmore Crescent,E01035618,Newcastle upon Tyne 038B,Anti-social behaviour,,
,2024-10,Northumbria Police,Northumbria Police,-1.653059,54.972713,On or near Fairholm Road,E01035618,Newcastle upon Tyne 038B,Anti-social behaviour,,
,2024-10,Northumbria Police,Northumbria Police,-1.656190,54.973755,On or near Farndale Road,E01035618,Newcastle upon Tyne 038B,Anti-social behaviour,,
754fd864a13ce12d64dec958debee86212871924ff747747dc45be654ab90bf5,2024-10,Northumbria Police,Northumbria Police,-1.656683,54.974637,On or near Strathmore Crescent,E01035618,Newcastle upon Tyne 038B,Burglary,Investigation complete; no suspect identified,
3f4ae10391ca8c641c82b589030a3b09837b1aa72d292d783ebef78939944fc7,2024-10,Northumbria Police,Northumbria Police,-1.656683,54.974637,On or near Strathmore Crescent,E01035618,Newcastle upon Tyne 038B,Burglary,Investigation complete; no suspect identified,
a9b96236cfacd46d1c7364df1caa94675b7ec36ef70fd253e1a53ebca88cf60a,2024-10,Northumbria Police,Northumbria Police,-1.653059,54.972713,On or near Fairholm Road,E01035618,Newcastle upon Tyne 038B,Public order,Investigation complete; no suspect identified,
cb0d6397ae9376dd67e82e8d7693d848dcb6fe1e1a2bab690c1235ca1c73220e,2024-10,Northumbria Police,Northumbria Police,-1.655491,54.973322,On or near Ellesmere Road,E01035618,Newcastle upon Tyne 038B,Public order,Investigation complete; no suspect identified,
8e0244449a37e88529d6f6396293e17feab59653665a464a9f89a00fb0c5b444,2024-10,Northumbria Police,Northumbria Police,-1.654458,54.973625,On or near Hampstead Road,E01035618,Newcastle upon Tyne 038B,Vehicle crime,Investigation complete; no suspect identified,
972da89545675a585ed8fae2311d7f19322e30efc8ea66e80590f4b7a32d0e29,2024-10,Northumbria Police,Northumbria Police,-1.656683,54.974637,On or near Strathmore Crescent,E01035618,Newcastle upon Tyne 038B,Violence and sexual offences,Investigation complete; no suspect identified,
9cb8b9bbde7fa4308a3bc7a0d0f42e4ad331a21af41db0bc4d68a048a6e1f430,2024-10,Northumbria Police,Northumbria Police,-1.656683,54.974637,On or near Strathmore Crescent,E01035618,Newcastle upon Tyne 038B,Violence and sexual offences,Investigation complete; no suspect identified,
73f6ed6f9b4a2e9cef963168268cfbcaa69b36d4b6f4ac0d1140d68792b55f4e,2024-10,Northumbria Police,Northumbria Police,-1.653059,54.972713,On or near Fairholm Road,E01035618,Newcastle upon Tyne 038B,Violence and sexual offences,Status update unavailable,
,2024-10,Northumbria Police,Northumbria Police,-1.656953,54.970442,On or near Cochrane Street,E01035619,Newcastle upon Tyne 038C,Anti-social behaviour,,
,2024-10,Northumbria Police,Northumbria Police,-1.656953,54.970442,On or near Cochrane Street,E01035619,Newcastle upon Tyne 038C,Anti-social behaviour,,
,2024-10,Northumbria Police,Northumbria Police,-1.656953,54.970442,On or near Cochrane Street,E01035619,Newcastle upon Tyne 038C,Anti-social behaviour,,
,2024-10,Northumbria Police,Northumbria Police,-1.656953,54.970442,On or near Cochrane Street,E01035619,Newcastle upon Tyne 038C,Anti-social behaviour,,
,2024-10,Northumbria Police,Northumbria Police,-1.654834,54.969780,On or near B1311,E01035619,Newcastle upon Tyne 038C,Anti-social behaviour,,
,2024-10,Northumbria Police,Northumbria Police,-1.658322,54.974831,On or near Colston Street,E01035619,Newcastle upon Tyne 038C,Anti-social behaviour,,
,2024-10,Northumbria Police,Northumbria Police,-1.655398,54.971408,On or near Gill Street,E01035619,Newcastle upon Tyne 038C,Anti-social behaviour,,
,2024-10,Northumbria Police,Northumbria Police,-1.659243,54.971203,On or near Nichol Court,E01035619,Newcastle upon Tyne 038C,Anti-social behaviour,,
,2024-10,Northumbria Police,Northumbria Police,-1.655398,54.971408,On or near Gill Street,E01035619,Newcastle upon Tyne 038C,Anti-social behaviour,,
07ac55a93faf2507238c1d4cede406b02ff09c679e0c372e3d05bca111c95b22,2024-10,Northumbria Police,Northumbria Police,-1.657717,54.974227,On or near Canning Street,E01035619,Newcastle upon Tyne 038C,Burglary,Investigation complete; no suspect identified,
f9d8e23ae823fe59f0096d1d581dcbfe5ea921a8a4a3f82385ad7f71bede7d4d,2024-10,Northumbria Police,Northumbria Police,-1.657395,54.971692,On or near Bond Court,E01035619,Newcastle upon Tyne 038C,Burglary,Investigation complete; no suspect identified,
dca1646c2f16748acc706efb4d0baf6be98d5c49253a37a0d384169cae19e5ae,2024-10,Northumbria Police,Northumbria Police,-1.659243,54.971203,On or near Nichol Court,E01035619,Newcastle upon Tyne 038C,Criminal damage and arson,Investigation complete; no suspect identified,
50d4e67d0b371b9b5a46bc502a0a6b7cca2aa84662cb5a60959d2ec05b278a36,2024-10,Northumbria Police,Northumbria Police,-1.657395,54.971692,On or near Bond Court,E01035619,Newcastle upon Tyne 038C,Criminal damage and arson,Status update unavailable,
8518ef484e830dd928d4d982d6f2ea7b1a8993e44c20e00a96241bc5df0ca567,2024-10,Northumbria Police,Northumbria Police,-1.657924,54.970175,On or near Adelaide Terrace,E01035619,Newcastle upon Tyne 038C,Drugs,Status update unavailable,
b5dbc12d5ad3c9d4558c8aa3002aef91e1ba023496b005af67c4716b9c9f7a5e,2024-10,Northumbria Police,Northumbria Police,-1.656953,54.970442,On or near Cochrane Street,E01035619,Newcastle upon Tyne 038C,Other theft,Investigation complete; no suspect identified,
8d9d58041f66c932a41162f3babaa0b49fb8bb068952e12afe6f37b42ec9b411,2024-10,Northumbria Police,Northumbria Police,-1.658322,54.974831,On or near Colston Street,E01035619,Newcastle upon Tyne 038C,Public order,Status update unavailable,
270bc8344f03b508398ed9dc8f58652e12e5ac737d420541321e4861749eba5b,2024-10,Northumbria Police,Northumbria Police,-1.655661,54.971687,On or near Barnesbury Road,E01035619,Newcastle upon Tyne 038C,Public order,Investigation complete; no suspect identified,
bf5a4d71a26ba198c8dee4e5dd9b15d23d6335902a4cec067528498d81eaa4ea,2024-10,Northumbria Police,Northumbria Police,-1.659243,54.971203,On or near Nichol Court,E01035619,Newcastle upon Tyne 038C,Robbery,Investigation complete; no suspect identified,
0e95321f4bc7c38f38521338d91fc7c2329eab4e13e472f9587cf1985334223d,2024-10,Northumbria Police,Northumbria Police,-1.656953,54.970442,On or near Cochrane Street,E01035619,Newcastle upon Tyne 038C,Shoplifting,Status update unavailable,
80d73a3cdf4823deafbeb80c4c16e09ff6c8b112f3ef1a8321a47934341afdd8,2024-10,Northumbria Police,Northumbria Police,-1.654834,54.969780,On or near B1311,E01035619,Newcastle upon Tyne 038C,Shoplifting,Investigation complete; no suspect identified,
89dcd33c0e3d519caa28791b422521bb4621a165df908fc8e5b96b4a027cd046,2024-10,Northumbria Police,Northumbria Police,-1.655661,54.971687,On or near Barnesbury Road,E01035619,Newcastle upon Tyne 038C,Violence and sexual offences,Status update unavailable,
b3a650b28011ce8181ceff4a71662c6d8c234bae335310b50339a29f64a15a17,2024-10,Northumbria Police,Northumbria Police,-1.658322,54.974831,On or near Colston Street,E01035619,Newcastle upon Tyne 038C,Violence and sexual offences,Status update unavailable,
be57d8607155d14cdcf38134b17665bed3b226ef2da546d95b4311c79f8d3d44,2024-10,Northumbria Police,Northumbria Police,-1.656953,54.970442,On or near Cochrane Street,E01035619,Newcastle upon Tyne 038C,Violence and sexual offences,Status update unavailable,
8b746455a4e03014f7dfab6789432a982c5825ea5bdd370f89fbe81fdd123cef,2024-10,Northumbria Police,Northumbria Police,-1.657395,54.971692,On or near Bond Court,E01035619,Newcastle upon Tyne 038C,Violence and sexual offences,Investigation complete; no suspect identified,
8243fc4bff88a00a49f37e1c0db94f6e9754a2f0a9d61f1748038afc0fcd64b2,2024-10,Northumbria Police,Northumbria Police,-1.655398,54.971408,On or near Gill Street,E01035619,Newcastle upon Tyne 038C,Violence and sexual offences,Status update unavailable,
1d6b4aa4763dba74b09203396dd928dc6416512645cf758828766aa174b14e46,2024-10,Northumbria Police,Northumbria Police,-1.657395,54.971692,On or near Bond Court,E01035619,Newcastle upon Tyne 038C,Violence and sexual offences,Investigation complete; no suspect identified,
29304297583fe1e3acf2ca84d2007080124d0eb414143f564211ac6fe076cfe5,2024-10,Northumbria Police,Northumbria Police,-1.654834,54.969780,On or near B1311,E01035619,Newcastle upon Tyne 038C,Violence and sexual offences,Investigation complete; no suspect identified,
59680f21da5ef6ea415f443b4c6380cb961f67eb67f763ce7dfc426f7f31d56d,2024-10,Northumbria Police,Northumbria Police,-1.655398,54.971408,On or near Gill Street,E01035619,Newcastle upon Tyne 038C,Violence and sexual offences,Status update unavailable,
9d0da02c97a2639a9d6b02dbb9b231e674e24b74481192efc042af1fa2ec2936,2024-10,Northumbria Police,Northumbria Police,-1.657717,54.974227,On or near Canning Street,E01035619,Newcastle upon Tyne 038C,Violence and sexual offences,Court result unavailable,
d98093cd9dba34c3ec4ac2be3afebe32a8faa1f8b92d8a68e4570217932aeb70,2024-10,Northumbria Police,Northumbria Police,-1.654834,54.969780,On or near B1311,E01035619,Newcastle upon Tyne 038C,Violence and sexual offences,Status update unavailable,
103cfde3f68a991387f9f4e7f5ea1de2021a5f4c35fdf675dcf0d4f1fea731c1,2024-10,Northumbria Police,Northumbria Police,-1.657924,54.970175,On or near Adelaide Terrace,E01035619,Newcastle upon Tyne 038C,Violence and sexual offences,Status update unavailable,
b50a5dcd262c52a9181db11ac866894a3c26769183011fc7420188324644eee5,2024-10,Northumbria Police,Northumbria Police,-1.655661,54.971687,On or near Barnesbury Road,E01035619,Newcastle upon Tyne 038C,Violence and sexual offences,Status update unavailable,
ef79dd3d25a2777ebf42a747a5d8f8dcc74bdf54fc3e2470e3308b8789f303c4,2024-10,Northumbria Police,Northumbria Police,-1.657924,54.970175,On or near Adelaide Terrace,E01035619,Newcastle upon Tyne 038C,Violence and sexual offences,Status update unavailable,
,2024-10,Northumbria Police,Northumbria Police,-1.652032,54.974121,On or near Normount Avenue,E01008335,Newcastle upon Tyne 038D,Anti-social behaviour,,
,2024-10,Northumbria Police,Northumbria Police,-1.651902,54.974660,On or near Normount Gardens,E01008335,Newcastle upon Tyne 038D,Anti-social behaviour,,
,2024-10,Northumbria Police,Northumbria Police,-1.653583,54.973568,On or near Ladykirk Road,E01008335,Newcastle upon Tyne 038D,Anti-social behaviour,,
,2024-10,Northumbria Police,Northumbria Police,-1.652410,54.971992,On or near Normount Road,E01008335,Newcastle upon Tyne 038D,Anti-social behaviour,,
,2024-10,Northumbria Police,Northumbria Police,-1.652032,54.974121,On or near Normount Avenue,E01008335,Newcastle upon Tyne 038D,Anti-social behaviour,,
,2024-10,Northumbria Police,Northumbria Police,-1.652032,54.974121,On or near Normount Avenue,E01008335,Newcastle upon Tyne 038D,Anti-social behaviour,,
,2024-10,Northumbria Police,Northumbria Police,-1.651902,54.974660,On or near Normount Gardens,E01008335,Newcastle upon Tyne 038D,Anti-social behaviour,,
,2024-10,Northumbria Police,Northumbria Police,-1.651660,54.970121,On or near Coventry Gardens,E01008335,Newcastle upon Tyne 038D,Anti-social behaviour,,
aca3afb8eacd9821fa038ade782296e619e6758ab811d09343212af62bbacd16,2024-10,Northumbria Police,Northumbria Police,-1.648928,54.971740,On or near Ventnor Avenue,E01008335,Newcastle upon Tyne 038D,Burglary,Status update unavailable,
09105347d07008425f45e269694428e90dd92d1b51b03a1f18de4fb42d5133b4,2024-10,Northumbria Police,Northumbria Police,-1.649549,54.970420,On or near Clifton Road,E01008335,Newcastle upon Tyne 038D,Drugs,Status update unavailable,
c5da268b4e81e8810143d2f78f938647b32ec8c6bd1dcec7a7d328d6d6da8267,2024-10,Northumbria Police,Northumbria Police,-1.651902,54.974660,On or near Normount Gardens,E01008335,Newcastle upon Tyne 038D,Other theft,Investigation complete; no suspect identified,
2dc71f492fbe94d5eac58b50428ab621e2d331869fc30869ff96dacbde1051be,2024-10,Northumbria Police,Northumbria Police,-1.654406,54.970551,On or near Beech Street,E01008335,Newcastle upon Tyne 038D,Other theft,Status update unavailable,
f6a2fba8f5e31213168f2bcf04378b4945a5eaf470b548a225b74d5bfc6383e0,2024-10,Northumbria Police,Northumbria Police,-1.652215,54.974616,On or near Benwell Grove,E01008335,Newcastle upon Tyne 038D,Possession of weapons,Investigation complete; no suspect identified,
c0bc833f47562cc6638d030aaa302e7058cf0d8fc718d4502929af64d5a887fa,2024-10,Northumbria Police,Northumbria Police,-1.651902,54.974660,On or near Normount Gardens,E01008335,Newcastle upon Tyne 038D,Shoplifting,Investigation complete; no suspect identified,
8117e5b5e3fe9c6e3b7158fe213316ff3825a339f8ae6b9def512f964b7a00c1,2024-10,Northumbria Police,Northumbria Police,-1.652215,54.974616,On or near Benwell Grove,E01008335,Newcastle upon Tyne 038D,Vehicle crime,Investigation complete; no suspect identified,
7582dbd3150b54f7b107d8f3d8b9d8445be95104093d86fa30624bea283bb9eb,2024-10,Northumbria Police,Northumbria Police,-1.650261,54.971186,On or near Clovelly Avenue,E01008335,Newcastle upon Tyne 038D,Violence and sexual offences,Status update unavailable,
0bf929c1da816461a4f30de22c1709d647eeeb505e3a6f6a61fb0710d04ed02d,2024-10,Northumbria Police,Northumbria Police,-1.654406,54.970551,On or near Beech Street,E01008335,Newcastle upon Tyne 038D,Violence and sexual offences,Status update unavailable,
b9c602ca944a2c8ce353f3257ee45f60e5dc56a893ce6bd269d36b955a6bba94,2024-10,Northumbria Police,Northumbria Police,-1.651902,54.974660,On or near Normount Gardens,E01008335,Newcastle upon Tyne 038D,Violence and sexual offences,Investigation complete; no suspect identified,
,2024-10,Northumbria Police,Northumbria Police,-1.644224,54.973783,On or near Police Station,E01008333,Newcastle upon Tyne 038E,Anti-social behaviour,,
,2024-10,Northumbria Police,Northumbria Police,-1.644447,54.971439,On or near Bentinck Road,E01008333,Newcastle upon Tyne 038E,Anti-social behaviour,,
,2024-10,Northumbria Police,Northumbria Police,-1.648343,54.974335,On or near Conference/Exhibition Centre,E01008333,Newcastle upon Tyne 038E,Anti-social behaviour,,
,2024-10,Northumbria Police,Northumbria Police,-1.645181,54.973328,On or near Lynnwood Avenue,E01008333,Newcastle upon Tyne 038E,Anti-social behaviour,,
,2024-10,Northumbria Police,Northumbria Police,-1.645181,54.973328,On or near Lynnwood Avenue,E01008333,Newcastle upon Tyne 038E,Anti-social behaviour,,
,2024-10,Northumbria Police,Northumbria Police,-1.644224,54.973783,On or near Police Station,E01008333,Newcastle upon Tyne 038E,Anti-social behaviour,,
,2024-10,Northumbria Police,Northumbria Police,-1.643171,54.969189,On or near Bentinck Street,E01008333,Newcastle upon Tyne 038E,Anti-social behaviour,,
,2024-10,Northumbria Police,Northumbria Police,-1.645181,54.973328,On or near Lynnwood Avenue,E01008333,Newcastle upon Tyne 038E,Anti-social behaviour,,
,2024-10,Northumbria Police,Northumbria Police,-1.651185,54.972663,On or near Cliftonville Avenue,E01008333,Newcastle upon Tyne 038E,Anti-social behaviour,,
2edbbed4f1daf3795bbc14fb49624a9e7a5cb66a6414db3b2bd8f946a49c8a5f,2024-10,Northumbria Police,Northumbria Police,-1.644447,54.971439,On or near Bentinck Road,E01008333,Newcastle upon Tyne 038E,Burglary,Investigation complete; no suspect identified,
2679b11748b9f32e11e1d0424bb951cc9aff2a85c987f60698870b1f5780224f,2024-10,Northumbria Police,Northumbria Police,-1.646355,54.969477,On or near St. Michaels Close,E01008333,Newcastle upon Tyne 038E,Burglary,Investigation complete; no suspect identified,
a12ee139242489a855e512eb3e367cea6d815a8f781407f6cf9e160ef50220e9,2024-10,Northumbria Police,Northumbria Police,-1.644609,54.972626,On or near Eaton Place,E01008333,Newcastle upon Tyne 038E,Criminal damage and arson,Status update unavailable,
db7f896d0b0e3cc0dec3e5b572512ee324b1d459936964c1923879207824a809,2024-10,Northumbria Police,Northumbria Police,-1.650169,54.974610,On or near Keldane Gardens,E01008333,Newcastle upon Tyne 038E,Criminal damage and arson,Investigation complete; no suspect identified,
668954a3327f0c637e3e28e9fd395527b25924c516560414ddd2ce8dd476a38a,2024-10,Northumbria Police,Northumbria Police,-1.645181,54.973328,On or near Lynnwood Avenue,E01008333,Newcastle upon Tyne 038E,Criminal damage and arson,Investigation complete; no suspect identified,
34295981ae880090536f26c2b149890f8670fc80e4b6041f6e30296ee1cd56e0,2024-10,Northumbria Police,Northumbria Police,-1.644609,54.972626,On or near Eaton Place,E01008333,Newcastle upon Tyne 038E,Criminal damage and arson,Status update unavailable,
c155c6d05846928f320496626573b9baa0928948c9929c558ca7be229ec0cefb,2024-10,Northumbria Police,Northumbria Police,-1.643711,54.969954,On or near Durham Street,E01008333,Newcastle upon Tyne 038E,Criminal damage and arson,Investigation complete; no suspect identified,
a09ecd6823af2106e34947021c064b49ba08bac8f0d2f303ab716bee8f386ba7,2024-10,Northumbria Police,Northumbria Police,-1.644609,54.972626,On or near Eaton Place,E01008333,Newcastle upon Tyne 038E,Criminal damage and arson,Status update unavailable,
3837d10b96b76b8f8ac3bde6239fcd1df32adf57fc854b3ecaf053741769ac2e,2024-10,Northumbria Police,Northumbria Police,-1.644447,54.971439,On or near Bentinck Road,E01008333,Newcastle upon Tyne 038E,Other theft,Status update unavailable,
93321e4b3623f30429267da42be56d8d679547779a31deccad00343c7a8e8917,2024-10,Northumbria Police,Northumbria Police,-1.644224,54.973783,On or near Police Station,E01008333,Newcastle upon Tyne 038E,Public order,Local resolution,
3beb59e24e63d8daa7e0a4b9bd53975b03d9441984aac112134ee88bdd94b2c5,2024-10,Northumbria Police,Northumbria Police,-1.644447,54.971439,On or near Bentinck Road,E01008333,Newcastle upon Tyne 038E,Public order,Status update unavailable,
aa89b5309c0d2e96616cc5fb72d7e7a585fb6f252f93ffbd782684fc2b82a5ee,2024-10,Northumbria Police,Northumbria Police,-1.647488,54.972032,On or near Grainger Park Road,E01008333,Newcastle upon Tyne 038E,Public order,Status update unavailable,
17e9f1bd285a14873c7f9411898397e3d7a6a904e1856ed5c0bd9efecce6a490,2024-10,Northumbria Police,Northumbria Police,-1.644609,54.972626,On or near Eaton Place,E01008333,Newcastle upon Tyne 038E,Public order,Status update unavailable,
f1dd3ecf643481f41951c4e44f96fee2b0a13436c5c822be728538c1863d5a60,2024-10,Northumbria Police,Northumbria Police,-1.644224,54.973783,On or near Police Station,E01008333,Newcastle upon Tyne 038E,Robbery,Investigation complete; no suspect identified,
e7f6874e688f840b51003f6bcd674a31ab38c5ca6ea1209f956c02766045ba0f,2024-10,Northumbria Police,Northumbria Police,-1.648343,54.974335,On or near Conference/Exhibition Centre,E01008333,Newcastle upon Tyne 038E,Shoplifting,Investigation complete; no suspect identified,
37f3aee6ac925ada973f4fa67ccf13384ab7fe72e238d9eb46626f34292bb0dd,2024-10,Northumbria Police,Northumbria Police,-1.645181,54.973328,On or near Lynnwood Avenue,E01008333,Newcastle upon Tyne 038E,Vehicle crime,Investigation complete; no suspect identified,
cdad3f2e90a2520ec6daf9263e6e0c0856c5986d61eb79514f1cbecb5d6d0ea2,2024-10,Northumbria Police,Northumbria Police,-1.644609,54.972626,On or near Eaton Place,E01008333,Newcastle upon Tyne 038E,Vehicle crime,Investigation complete; no suspect identified,
292e125aab22f64601f28d97982bddc38f9627fa7cd330a4f2e0549997c77690,2024-10,Northumbria Police,Northumbria Police,-1.651185,54.972663,On or near Cliftonville Avenue,E01008333,Newcastle upon Tyne 038E,Violence and sexual offences,Status update unavailable,
082d62b634bbcadc5a208d0c1a49622975327f19d4ab6d9630c6e788674bc306,2024-10,Northumbria Police,Northumbria Police,-1.642837,54.969817,On or near Portland Street,E01008333,Newcastle upon Tyne 038E,Violence and sexual offences,Status update unavailable,
1ad86293de497b764bf8faa1a0544f4f61a4bd87d8b74fe757d7fa3b86d2ecef,2024-10,Northumbria Police,Northumbria Police,-1.644609,54.972626,On or near Eaton Place,E01008333,Newcastle upon Tyne 038E,Violence and sexual offences,Status update unavailable,
2a3e3faf0dca98804d8acbe59b474bb725544528a829b5fa7d34b215d87ec6da,2024-10,Northumbria Police,Northumbria Police,-1.648343,54.974335,On or near Conference/Exhibition Centre,E01008333,Newcastle upon Tyne 038E,Violence and sexual offences,Investigation complete; no suspect identified,
9841011ae2bd05f849c63cd444223f985a03028d25e2eab0215e6747950964b8,2024-10,Northumbria Police,Northumbria Police,-1.644609,54.972626,On or near Eaton Place,E01008333,Newcastle upon Tyne 038E,Violence and sexual offences,Status update unavailable,
39384cd095a41ec3f8e87e71988157fead12015a34beb9951f0baeb3571e2f4b,2024-10,Northumbria Police,Northumbria Police,-1.646355,54.969477,On or near St. Michaels Close,E01008333,Newcastle upon Tyne 038E,Violence and sexual offences,Investigation complete; no suspect identified,
6f4b8f8fac5d1879cb3c42d69f8b4edb62fedf4a70f08418eaac8087fa18d264,2024-10,Northumbria Police,Northumbria Police,-1.644224,54.973783,On or near Police Station,E01008333,Newcastle upon Tyne 038E,Other crime,Status update unavailable,
,2024-10,Northumbria Police,Northumbria Police,-1.630026,54.975188,On or near Avolon Place,E01008399,Newcastle upon Tyne 039A,Anti-social behaviour,,
,2024-10,Northumbria Police,Northumbria Police,-1.632916,54.975251,On or near Cottingwood Court,E01008399,Newcastle upon Tyne 039A,Anti-social behaviour,,
,2024-10,Northumbria Police,Northumbria Police,-1.633307,54.975099,On or near Cottingwood Gardens,E01008399,Newcastle upon Tyne 039A,Anti-social behaviour,,
,2024-10,Northumbria Police,Northumbria Police,-1.630743,54.973600,On or near Edward Place,E01008399,Newcastle upon Tyne 039A,Anti-social behaviour,,
,2024-10,Northumbria Police,Northumbria Police,-1.630026,54.975188,On or near Avolon Place,E01008399,Newcastle upon Tyne 039A,Anti-social behaviour,,
,2024-10,Northumbria Police,Northumbria Police,-1.632472,54.975960,On or near Hamilton Crescent,E01008399,Newcastle upon Tyne 039A,Anti-social behaviour,,
,2024-10,Northumbria Police,Northumbria Police,-1.630026,54.975188,On or near Avolon Place,E01008399,Newcastle upon Tyne 039A,Anti-social behaviour,,
,2024-10,Northumbria Police,Northumbria Police,-1.633307,54.975099,On or near Cottingwood Gardens,E01008399,Newcastle upon Tyne 039A,Anti-social behaviour,,
,2024-10,Northumbria Police,Northumbria Police,-1.633307,54.975099,On or near Cottingwood Gardens,E01008399,Newcastle upon Tyne 039A,Anti-social behaviour,,
,2024-10,Northumbria Police,Northumbria Police,-1.630130,54.974110,On or near Douglas Terrace,E01008399,Newcastle upon Tyne 039A,Anti-social behaviour,,
,2024-10,Northumbria Police,Northumbria Police,-1.631408,54.974384,On or near Douglas Place,E01008399,Newcastle upon Tyne 039A,Anti-social behaviour,,
,2024-10,Northumbria Police,Northumbria Police,-1.636064,54.977741,On or near Philip Place,E01008399,Newcastle upon Tyne 039A,Anti-social behaviour,,
,2024-10,Northumbria Police,Northumbria Police,-1.634399,54.975318,On or near Clarewood Court,E01008399,Newcastle upon Tyne 039A,Anti-social behaviour,,
,2024-10,Northumbria Police,Northumbria Police,-1.636064,54.977741,On or near Philip Place,E01008399,Newcastle upon Tyne 039A,Anti-social behaviour,,
,2024-10,Northumbria Police,Northumbria Police,-1.630026,54.975188,On or near Avolon Place,E01008399,Newcastle upon Tyne 039A,Anti-social behaviour,,
,2024-10,Northumbria Police,Northumbria Police,-1.630026,54.975188,On or near Avolon Place,E01008399,Newcastle upon Tyne 039A,Anti-social behaviour,,
,2024-10,Northumbria Police,Northumbria Police,-1.630942,54.977519,On or near Monday Place,E01008399,Newcastle upon Tyne 039A,Anti-social behaviour,,
,2024-10,Northumbria Police,Northumbria Police,-1.632933,54.973319,On or near Vallum Way,E01008399,Newcastle upon Tyne 039A,Anti-social behaviour,,
,2024-10,Northumbria Police,Northumbria Police,-1.632031,54.974619,On or near Avison Street,E01008399,Newcastle upon Tyne 039A,Anti-social behaviour,,
,2024-10,Northumbria Police,Northumbria Police,-1.633235,54.977934,On or near Sports/Recreation Area,E01008399,Newcastle upon Tyne 039A,Anti-social behaviour,,
,2024-10,Northumbria Police,Northumbria Police,-1.636064,54.977741,On or near Philip Place,E01008399,Newcastle upon Tyne 039A,Anti-social behaviour,,
,2024-10,Northumbria Police,Northumbria Police,-1.632031,54.974619,On or near Avison Street,E01008399,Newcastle upon Tyne 039A,Anti-social behaviour,,
83d9469049c09f5040292ca2e31bbc1d9d644be788a297bca9f9a174e5e10526,2024-10,Northumbria Police,Northumbria Police,-1.631313,54.977942,On or near New Mills,E01008399,Newcastle upon Tyne 039A,Criminal damage and arson,Investigation complete; no suspect identified,
e8d0cb3390e9bcc4425d23423fd28c68c45b535e519e4a16ef4550a82ff3bfd2,2024-10,Northumbria Police,Northumbria Police,-1.632916,54.975251,On or near Cottingwood Court,E01008399,Newcastle upon Tyne 039A,Criminal damage and arson,Investigation complete; no suspect identified,
374768e8e74196dd4a5c47a34141f2c97b15503f2954793b5e41ce797b1cfee0,2024-10,Northumbria Police,Northumbria Police,-1.631408,54.974384,On or near Douglas Place,E01008399,Newcastle upon Tyne 039A,Criminal damage and arson,Investigation complete; no suspect identified,
3037c5830ddb20428d8e92e4494dbe9b5a42e694e7f4c7116c56a35b6478dff8,2024-10,Northumbria Police,Northumbria Police,-1.632472,54.975960,On or near Hamilton Crescent,E01008399,Newcastle upon Tyne 039A,Criminal damage and arson,Status update unavailable,
e20efbc660d33ac025d6dc2943a4a72d787b18599615bcf2aa2e94f3d888287e,2024-10,Northumbria Police,Northumbria Police,-1.632933,54.973319,On or near Vallum Way,E01008399,Newcastle upon Tyne 039A,Criminal damage and arson,Investigation complete; no suspect identified,
35a56418331e68a993b811438a4087df9f9af34e05c303c64dd125ddef9ae1d5,2024-10,Northumbria Police,Northumbria Police,-1.629060,54.973199,On or near Cottenham Chare,E01008399,Newcastle upon Tyne 039A,Drugs,Status update unavailable,
97fa52292cc029f30f25599e0d345519ee466f2b9bb6eb5a98e5c0cf501eb0f0,2024-10,Northumbria Police,Northumbria Police,-1.632910,54.977542,On or near Monday Crescent,E01008399,Newcastle upon Tyne 039A,Other theft,Investigation complete; no suspect identified,
e880c05106cbf5023c1da24bd859a9c6227494f8ffce98845484a28742d5e409,2024-10,Northumbria Police,Northumbria Police,-1.636064,54.977741,On or near Philip Place,E01008399,Newcastle upon Tyne 039A,Other theft,Status update unavailable,
47ce00676df146c813a00b4392aa932afabb8357bcdaa98c40d3dd3bde643462,2024-10,Northumbria Police,Northumbria Police,-1.630607,54.973105,On or near Tindal Close,E01008399,Newcastle upon Tyne 039A,Other theft,Status update unavailable,
1e8e9b4a21ffa91f6b3c9aa1ad57458f292b00604bb7451dfff110e089a06a6a,2024-10,Northumbria Police,Northumbria Police,-1.634399,54.975318,On or near Clarewood Court,E01008399,Newcastle upon Tyne 039A,Other theft,Investigation complete; no suspect identified,
853cc7ad518f34ae36f11965787263136011ad84a453e9d80f95bac631098643,2024-10,Northumbria Police,Northumbria Police,-1.634269,54.975920,On or near Frosterley Place,E01008399,Newcastle upon Tyne 039A,Other theft,Status update unavailable,
83f1fbd93198cdc71296d97907c59ff26b60f8ee0183de482f5d87854a4807e7,2024-10,Northumbria Police,Northumbria Police,-1.632933,54.973319,On or near Vallum Way,E01008399,Newcastle upon Tyne 039A,Other theft,Status update unavailable,
b0e9e5f7e9f0503261f1777248630dca604f1284b3b9d62aac93319193229a67,2024-10,Northumbria Police,Northumbria Police,-1.630130,54.974110,On or near Douglas Terrace,E01008399,Newcastle upon Tyne 039A,Possession of weapons,Investigation complete; no suspect identified,
25a64fb78e84666f7faa6440ab5913510ccd6e89ba710ee05988695ca092ad62,2024-10,Northumbria Police,Northumbria Police,-1.632933,54.973319,On or near Vallum Way,E01008399,Newcastle upon Tyne 039A,Public order,Investigation complete; no suspect identified,
c587e2ae091d4f78c2c0095343fc5606e9441a7abb3041338b31eb60ec066a39,2024-10,Northumbria Police,Northumbria Police,-1.632031,54.974619,On or near Avison Street,E01008399,Newcastle upon Tyne 039A,Public order,Investigation complete; no suspect identified,
caf2d256c77ff88e8d8d250f7fdabbe1e4be9a5157a7c78e0750075763982216,2024-10,Northumbria Police,Northumbria Police,-1.636064,54.977741,On or near Philip Place,E01008399,Newcastle upon Tyne 039A,Public order,Investigation complete; no suspect identified,
b47d73b1f99e6a8d70a2303928f6853527d0a67f38ce43d511c433a0c29e3707,2024-10,Northumbria Police,Northumbria Police,-1.632031,54.974619,On or near Avison Street,E01008399,Newcastle upon Tyne 039A,Public order,Status update unavailable,
d4329880a56f5eea5033950cbe48c536627cc4d72b30dd18c4711968813a64eb,2024-10,Northumbria Police,Northumbria Police,-1.632031,54.974619,On or near Avison Street,E01008399,Newcastle upon Tyne 039A,Public order,Status update unavailable,
c8d1d1bcff5362f39bbbf275fbb97e1c4f3b60d1491ea36ae1fc1b65769091fe,2024-10,Northumbria Police,Northumbria Police,-1.632031,54.974619,On or near Avison Street,E01008399,Newcastle upon Tyne 039A,Public order,Investigation complete; no suspect identified,
ff263691550b918b317d0b8ecd96ea0581e2530681335e04365bce743e80c538,2024-10,Northumbria Police,Northumbria Police,-1.628899,54.973729,On or near Mansfield Place,E01008399,Newcastle upon Tyne 039A,Vehicle crime,Investigation complete; no suspect identified,
57418629c59d370b8f098cd90a89e3c43ba503502819f2dd276e131cb4d82228,2024-10,Northumbria Police,Northumbria Police,-1.628899,54.973729,On or near Mansfield Place,E01008399,Newcastle upon Tyne 039A,Vehicle crime,Status update unavailable,
aefb67c71bd2bfe13228699d98895fef734d6d01d54113c64ad215cee0ab800d,2024-10,Northumbria Police,Northumbria Police,-1.632933,54.973319,On or near Vallum Way,E01008399,Newcastle upon Tyne 039A,Vehicle crime,Investigation complete; no suspect identified,
00fe82c6aaf6575fc0cb470440c17273477c30f6702139316fa817d58b894d60,2024-10,Northumbria Police,Northumbria Police,-1.633235,54.977934,On or near Sports/Recreation Area,E01008399,Newcastle upon Tyne 039A,Vehicle crime,Investigation complete; no suspect identified,
c21989db81e7ac8aca77fde9454cee26817bff603683fdde6995f314d636a91e,2024-10,Northumbria Police,Northumbria Police,-1.636064,54.977741,On or near Philip Place,E01008399,Newcastle upon Tyne 039A,Violence and sexual offences,Investigation complete; no suspect identified,
f9b66b89bbb64d504fa34c18b5c3f3fc3c2330f2167f11e237fb489fd629481e,2024-10,Northumbria Police,Northumbria Police,-1.632933,54.973319,On or near Vallum Way,E01008399,Newcastle upon Tyne 039A,Violence and sexual offences,Investigation complete; no suspect identified,
7d040e8701408e9f8ff5da5fcd15edffecd62a1af325fd2f8b008f96f446b267,2024-10,Northumbria Police,Northumbria Police,-1.630607,54.973105,On or near Tindal Close,E01008399,Newcastle upon Tyne 039A,Violence and sexual offences,Status update unavailable,
a7a5f6382cbcb333483b6a866728661c91c5852318ce184b9fd9af009a365f11,2024-10,Northumbria Police,Northumbria Police,-1.634269,54.975920,On or near Frosterley Place,E01008399,Newcastle upon Tyne 039A,Violence and sexual offences,Investigation complete; no suspect identified,
f58c0f63533d67c52e8369c55505c628bd14f0f284a4c065944fb350fa35e246,2024-10,Northumbria Police,Northumbria Police,-1.633307,54.975099,On or near Cottingwood Gardens,E01008399,Newcastle upon Tyne 039A,Violence and sexual offences,Investigation complete; no suspect identified,
6528e89b478ce66549ea765a1a4cabbce1d6c14544e4db1d6d8306bf38e22fe3,2024-10,Northumbria Police,Northumbria Police,-1.632933,54.973319,On or near Vallum Way,E01008399,Newcastle upon Tyne 039A,Violence and sexual offences,Status update unavailable,
ae7b08425ab08b40939b3d6589e6111f3eaf5e6090132f9509e2cd8fca91baf6,2024-10,Northumbria Police,Northumbria Police,-1.636064,54.977741,On or near Philip Place,E01008399,Newcastle upon Tyne 039A,Violence and sexual offences,Court result unavailable,
d61df2462a5f37e0353f35674bc5665059643f7016bab152a488c99d682c6d8c,2024-10,Northumbria Police,Northumbria Police,-1.632031,54.974619,On or near Avison Street,E01008399,Newcastle upon Tyne 039A,Violence and sexual offences,Status update unavailable,
fcbbb10d29a216aaa8c2d751426139a6bdb376f4dc2d530bb09a77e100ec766f,2024-10,Northumbria Police,Northumbria Police,-1.632933,54.973319,On or near Vallum Way,E01008399,Newcastle upon Tyne 039A,Violence and sexual offences,Investigation complete; no suspect identified,
0eb54bed32dc1489116bfffc455f3decada06426f13f3c56071ac0fa55e8ba97,2024-10,Northumbria Police,Northumbria Police,-1.636064,54.977741,On or near Philip Place,E01008399,Newcastle upon Tyne 039A,Violence and sexual offences,Court result unavailable,
18e8cdfe736f95be406a83c47d162c4000ea597df36c8513d2756409f39ae5dc,2024-10,Northumbria Police,Northumbria Police,-1.630607,54.973105,On or near Tindal Close,E01008399,Newcastle upon Tyne 039A,Violence and sexual offences,Investigation complete; no suspect identified,
0b55d4d4df9c597128f4a3cb3b1b8609ffdebc50fcd3e6d5791a3f6b0a19d942,2024-10,Northumbria Police,Northumbria Police,-1.636064,54.977741,On or near Philip Place,E01008399,Newcastle upon Tyne 039A,Violence and sexual offences,Status update unavailable,
eb8f314421ead91e1507fddcabe326bc9c0d5fb6e8f44a5b64fa33c1d84b600b,2024-10,Northumbria Police,Northumbria Police,-1.630026,54.975188,On or near Avolon Place,E01008399,Newcastle upon Tyne 039A,Violence and sexual offences,Status update unavailable,
3502769f7b04676823ce982950dc34e054a434802301ad3eed3a176857e99c56,2024-10,Northumbria Police,Northumbria Police,-1.630026,54.975188,On or near Avolon Place,E01008399,Newcastle upon Tyne 039A,Violence and sexual offences,Status update unavailable,
a925745fbf09661c58887161476a70eab71b1075fa285f7179c795bee0dc8617,2024-10,Northumbria Police,Northumbria Police,-1.632933,54.973319,On or near Vallum Way,E01008399,Newcastle upon Tyne 039A,Violence and sexual offences,Investigation complete; no suspect identified,
,2024-10,Northumbria Police,Northumbria Police,-1.620046,54.971608,On or near Friars Street,E01035620,Newcastle upon Tyne 039B,Anti-social behaviour,,
,2024-10,Northumbria Police,Northumbria Police,-1.619768,54.971230,On or near Charlotte Square,E01035620,Newcastle upon Tyne 039B,Anti-social behaviour,,
,2024-10,Northumbria Police,Northumbria Police,-1.622907,54.971257,On or near Cross Villa Place No 1,E01035620,Newcastle upon Tyne 039B,Anti-social behaviour,,
,2024-10,Northumbria Police,Northumbria Police,-1.620369,54.970441,On or near Thornton Street,E01035620,Newcastle upon Tyne 039B,Anti-social behaviour,,
,2024-10,Northumbria Police,Northumbria Police,-1.622234,54.971399,On or near Rutherford Street,E01035620,Newcastle upon Tyne 039B,Anti-social behaviour,,
,2024-10,Northumbria Police,Northumbria Police,-1.622234,54.971399,On or near Rutherford Street,E01035620,Newcastle upon Tyne 039B,Anti-social behaviour,,
bdbab254de8c749c135b5746524d1b64068e97e4896d578ddaf0d829d9fbeb1f,2024-10,Northumbria Police,Northumbria Police,-1.619768,54.971230,On or near Charlotte Square,E01035620,Newcastle upon Tyne 039B,Burglary,Investigation complete; no suspect identified,
1150e0c26e0566e55dbaab3542f185ecb8659fb2ccc7b3318c147287144b34b9,2024-10,Northumbria Police,Northumbria Police,-1.620369,54.970441,On or near Thornton Street,E01035620,Newcastle upon Tyne 039B,Burglary,Court result unavailable,
455bda600f9a6518e67f049efd07b14696548dd3ad95e2700887d9269d5651c1,2024-10,Northumbria Police,Northumbria Police,-1.620369,54.970441,On or near Thornton Street,E01035620,Newcastle upon Tyne 039B,Burglary,Investigation complete; no suspect identified,
1502f38bd4943c8b6c69831df0858d5f9d3ca02ac701bd9a57151a807e48dcfb,2024-10,Northumbria Police,Northumbria Police,-1.619768,54.971230,On or near Charlotte Square,E01035620,Newcastle upon Tyne 039B,Burglary,Court result unavailable,
427872aa524877bee41048ad4102f95a97afbeb0eb2f4748f2ba26478029e597,2024-10,Northumbria Police,Northumbria Police,-1.620369,54.970441,On or near Thornton Street,E01035620,Newcastle upon Tyne 039B,Burglary,Investigation complete; no suspect identified,
0cb9fafd85bb1168160834b330c8995509ccd5eee8fb9bc3c3c0ca9ea5fd90ee,2024-10,Northumbria Police,Northumbria Police,-1.622907,54.971257,On or near Cross Villa Place No 1,E01035620,Newcastle upon Tyne 039B,Criminal damage and arson,Investigation complete; no suspect identified,
086b46e055c150b41ac50bd924eb3b2b396e6001f9157d15cbbef93da9319f77,2024-10,Northumbria Police,Northumbria Police,-1.620046,54.971608,On or near Friars Street,E01035620,Newcastle upon Tyne 039B,Criminal damage and arson,Investigation complete; no suspect identified,
e6c8e82533fd4af62f5012e4bb5061508abb86fbaa5d89ef2382f26bf47e2265,2024-10,Northumbria Police,Northumbria Police,-1.620369,54.970441,On or near Thornton Street,E01035620,Newcastle upon Tyne 039B,Criminal damage and arson,Status update unavailable,
2bb019572f04287563b3e36a05c2cf5a941c85df00912ada15f57148d4ceb2dd,2024-10,Northumbria Police,Northumbria Police,-1.623840,54.973462,On or near Heber Street,E01035620,Newcastle upon Tyne 039B,Other theft,Status update unavailable,
3c7e517e0a87416a9dc4f9dca5d9b114f6422d19b70cbd18077fd57ebfb73c4b,2024-10,Northumbria Police,Northumbria Police,-1.620369,54.970441,On or near Thornton Street,E01035620,Newcastle upon Tyne 039B,Other theft,Investigation complete; no suspect identified,
8b14a6036e256190f8394b9657216d38fd0830c650d154dacb2f476f3a2d14d9,2024-10,Northumbria Police,Northumbria Police,-1.620046,54.971608,On or near Friars Street,E01035620,Newcastle upon Tyne 039B,Other theft,Investigation complete; no suspect identified,
a91a0d98a89bb7a0dba969a9acfce96f5a9fee5a15caf1c4e9fb152401febd85,2024-10,Northumbria Police,Northumbria Police,-1.620369,54.970441,On or near Thornton Street,E01035620,Newcastle upon Tyne 039B,Public order,Investigation complete; no suspect identified,
7b28ca92098e7b99b48fa76ef265f9b56abd709677ef93b9f5f5a158d852ce6a,2024-10,Northumbria Police,Northumbria Police,-1.621824,54.971811,On or near Bath Lane,E01035620,Newcastle upon Tyne 039B,Violence and sexual offences,Status update unavailable,
542ea91ddf41e962b54fea11c582745430d690d42812354df0a7f588f9ebb44c,2024-10,Northumbria Police,Northumbria Police,-1.620369,54.970441,On or near Thornton Street,E01035620,Newcastle upon Tyne 039B,Violence and sexual offences,Investigation complete; no suspect identified,
927b32e67de8c07563da347b4ed650914eaf5324b6690135ba6fc7e621900426,2024-10,Northumbria Police,Northumbria Police,-1.620369,54.970441,On or near Thornton Street,E01035620,Newcastle upon Tyne 039B,Violence and sexual offences,Investigation complete; no suspect identified,
ce1a66ed342d4ad54009416dacc7aca1af77f1522529ba4584229b7be687ef36,2024-10,Northumbria Police,Northumbria Police,-1.620369,54.970441,On or near Thornton Street,E01035620,Newcastle upon Tyne 039B,Violence and sexual offences,Investigation complete; no suspect identified,
,2024-10,Northumbria Police,Northumbria Police,-1.621419,54.970031,On or near Peel Street,E01035621,Newcastle upon Tyne 039C,Anti-social behaviour,,
,2024-10,Northumbria Police,Northumbria Police,-1.627137,54.975027,On or near Spring Garden Lane,E01035621,Newcastle upon Tyne 039C,Anti-social behaviour,,
,2024-10,Northumbria Police,Northumbria Police,-1.623866,54.972303,On or near Firebrick Avenue,E01035621,Newcastle upon Tyne 039C,Anti-social behaviour,,
,2024-10,Northumbria Police,Northumbria Police,-1.623866,54.972303,On or near Firebrick Avenue,E01035621,Newcastle upon Tyne 039C,Anti-social behaviour,,
,2024-10,Northumbria Police,Northumbria Police,-1.623866,54.972303,On or near Firebrick Avenue,E01035621,Newcastle upon Tyne 039C,Anti-social behaviour,,
,2024-10,Northumbria Police,Northumbria Police,-1.625470,54.974554,On or near Pitt Street,E01035621,Newcastle upon Tyne 039C,Anti-social behaviour,,
,2024-10,Northumbria Police,Northumbria Police,-1.620963,54.970416,On or near Theatre/Concert Hall,E01035621,Newcastle upon Tyne 039C,Anti-social behaviour,,
,2024-10,Northumbria Police,Northumbria Police,-1.623866,54.972303,On or near Firebrick Avenue,E01035621,Newcastle upon Tyne 039C,Anti-social behaviour,,
,2024-10,Northumbria Police,Northumbria Police,-1.621419,54.970031,On or near Peel Street,E01035621,Newcastle upon Tyne 039C,Anti-social behaviour,,
,2024-10,Northumbria Police,Northumbria Police,-1.624362,54.971046,On or near Cross Villa Place No 2,E01035621,Newcastle upon Tyne 039C,Anti-social behaviour,,
,2024-10,Northumbria Police,Northumbria Police,-1.620963,54.970416,On or near Theatre/Concert Hall,E01035621,Newcastle upon Tyne 039C,Anti-social behaviour,,
98bbbfcb9188914de1e1fa484da520210800aa4e1d5a5311f0d2ab8c55fc2ddf,2024-10,Northumbria Police,Northumbria Police,-1.624617,54.973878,On or near Wellington Street,E01035621,Newcastle upon Tyne 039C,Bicycle theft,Investigation complete; no suspect identified,
6f7a5a9d353a8fde5278a6b4655a51a67a0ced436443757a4098089f00bf2909,2024-10,Northumbria Police,Northumbria Police,-1.623875,54.969706,On or near Parking Area,E01035621,Newcastle upon Tyne 039C,Burglary,Investigation complete; no suspect identified,
021458e414a6d7d476dd69516a75bd8a8316577a948c6a90711d944845ed6527,2024-10,Northumbria Police,Northumbria Police,-1.623875,54.969706,On or near Parking Area,E01035621,Newcastle upon Tyne 039C,Burglary,Investigation complete; no suspect identified,
441ba41278ae9f592121b93aa629e99135ab3c0e48bf768f06ce41a6aac5fed1,2024-10,Northumbria Police,Northumbria Police,-1.628154,54.971543,On or near Cross Villa Place No 5,E01035621,Newcastle upon Tyne 039C,Criminal damage and arson,Investigation complete; no suspect identified,
bbbb72db91ccba3f0afe273e4a4c72f886e961c019fd5e81d1cc89ec9ec8c990,2024-10,Northumbria Police,Northumbria Police,-1.620963,54.970416,On or near Theatre/Concert Hall,E01035621,Newcastle upon Tyne 039C,Drugs,Status update unavailable,
4b1c4d99f81f83d29a1ee3b79f6c13b9b25caad15e0895c01ef28a8f4ed89748,2024-10,Northumbria Police,Northumbria Police,-1.624290,54.968719,On or near Parking Area,E01035621,Newcastle upon Tyne 039C,Other theft,Investigation complete; no suspect identified,
00d135f6172604b23ae464029db47a3dd25c25fafb0a2782818c423b7ad32bd9,2024-10,Northumbria Police,Northumbria Police,-1.627137,54.975027,On or near Spring Garden Lane,E01035621,Newcastle upon Tyne 039C,Other theft,Status update unavailable,
ce337c029e383dbdf42eaffc1e24a4f45cd017632eef2796332a702d6af714f9,2024-10,Northumbria Police,Northumbria Police,-1.620963,54.970416,On or near Theatre/Concert Hall,E01035621,Newcastle upon Tyne 039C,Other theft,Investigation complete; no suspect identified,
d4f657f32433eb802e881e2a6dcfe664cd4d27a211c8252ffebd3621c82cb272,2024-10,Northumbria Police,Northumbria Police,-1.624617,54.973878,On or near Wellington Street,E01035621,Newcastle upon Tyne 039C,Public order,Investigation complete; no suspect identified,
39f340085b697d3190a842bb225d4c7e38486281b5c729cea41dd894d3b53a8e,2024-10,Northumbria Police,Northumbria Police,-1.623866,54.972303,On or near Firebrick Avenue,E01035621,Newcastle upon Tyne 039C,Public order,Status update unavailable,
777460b780f495a65bab66df276a308718dbf819380627a466f5ba58c30ed4f7,2024-10,Northumbria Police,Northumbria Police,-1.624617,54.973878,On or near Wellington Street,E01035621,Newcastle upon Tyne 039C,Public order,Investigation complete; no suspect identified,
45356cb84894ba8969b0fb12f109f89db1239e674ed806b0257039ad6bcbf283,2024-10,Northumbria Police,Northumbria Police,-1.626514,54.974827,On or near Spring Street,E01035621,Newcastle upon Tyne 039C,Shoplifting,Status update unavailable,
eb749f7d02b2fd3b18bb5a0b99bfb30974b76bab3c52a3da76d861cbfe4acf2d,2024-10,Northumbria Police,Northumbria Police,-1.626514,54.974827,On or near Spring Street,E01035621,Newcastle upon Tyne 039C,Shoplifting,Court result unavailable,
c542bd07ed382307399e567d656251af0806780a9f4ccf88353541a1287c8aec,2024-10,Northumbria Police,Northumbria Police,-1.626514,54.974827,On or near Spring Street,E01035621,Newcastle upon Tyne 039C,Shoplifting,Investigation complete; no suspect identified,
d0b31da670146158d21e9fcb6c34ce8f1de0b6d65c02ee2c185a5e5c3ee6006f,2024-10,Northumbria Police,Northumbria Police,-1.626514,54.974827,On or near Spring Street,E01035621,Newcastle upon Tyne 039C,Shoplifting,Status update unavailable,
931bcc71ba141d23f04c4d7fcde7e42771bfcad368722c55f17dfbf9a8a5390b,2024-10,Northumbria Police,Northumbria Police,-1.626514,54.974827,On or near Spring Street,E01035621,Newcastle upon Tyne 039C,Shoplifting,Status update unavailable,
ba04433e2e10acdafe6d3fe028a4263feaa73a56acdcc772315e3ee9e74fe29c,2024-10,Northumbria Police,Northumbria Police,-1.627137,54.975027,On or near Spring Garden Lane,E01035621,Newcastle upon Tyne 039C,Vehicle crime,Investigation complete; no suspect identified,
8038694be08efead706a3e253605b7590e0b674efb9260dff6d973d398ace5be,2024-10,Northumbria Police,Northumbria Police,-1.623875,54.969706,On or near Parking Area,E01035621,Newcastle upon Tyne 039C,Vehicle crime,Investigation complete; no suspect identified,
e5d6581a3b90c0df42996d2e3202bffb3f584605b0c8549b50328c455c182783,2024-10,Northumbria Police,Northumbria Police,-1.624085,54.970264,On or near Further/Higher Educational Building,E01035621,Newcastle upon Tyne 039C,Vehicle crime,Investigation complete; no suspect identified,
4ff276679bd640d617382399776d0dce24e5ea6b415ff4de2fbd790467c1ced7,2024-10,Northumbria Police,Northumbria Police,-1.624290,54.968719,On or near Parking Area,E01035621,Newcastle upon Tyne 039C,Violence and sexual offences,Investigation complete; no suspect identified,
5d00bd416a55473e8e9b2e8cf99bdccf8f413ec5232dcfd8d46f30c83a09700b,2024-10,Northumbria Police,Northumbria Police,-1.624362,54.971046,On or near Cross Villa Place No 2,E01035621,Newcastle upon Tyne 039C,Violence and sexual offences,Investigation complete; no suspect identified,
80c39a64b63ca9de69005fdf2415f370fe06b4711a12ec93ed962bd22efb616f,2024-10,Northumbria Police,Northumbria Police,-1.624085,54.970264,On or near Further/Higher Educational Building,E01035621,Newcastle upon Tyne 039C,Violence and sexual offences,Investigation complete; no suspect identified,
b5f47b6b7dca40d6271a55ff41be1c4f0ad25c149b94144cd7a6dfa9f42291c5,2024-10,Northumbria Police,Northumbria Police,-1.627137,54.975027,On or near Spring Garden Lane,E01035621,Newcastle upon Tyne 039C,Violence and sexual offences,Investigation complete; no suspect identified,
0216e7e1453c0ecbe0d21bdd8fb24d93c567e060b33336cfc2c3a8e9ab8d442f,2024-10,Northumbria Police,Northumbria Police,-1.623866,54.972303,On or near Firebrick Avenue,E01035621,Newcastle upon Tyne 039C,Violence and sexual offences,Investigation complete; no suspect identified,
2a26dc6c2ad059b1122ba846de9342b089f29d3e40d632b6c9ff9113e303acea,2024-10,Northumbria Police,Northumbria Police,-1.623866,54.972303,On or near Firebrick Avenue,E01035621,Newcastle upon Tyne 039C,Violence and sexual offences,Investigation complete; no suspect identified,
d623bc7795894a3abef6ccb40dab253165a90220ac52113ddc14e8dba05954f4,2024-10,Northumbria Police,Northumbria Police,-1.627137,54.975027,On or near Spring Garden Lane,E01035621,Newcastle upon Tyne 039C,Violence and sexual offences,Court result unavailable,
afee7a835ff24856b306e81b01ca68b5e86314eb609e4f3b38bfdc149c3d2e8e,2024-10,Northumbria Police,Northumbria Police,-1.623866,54.972303,On or near Firebrick Avenue,E01035621,Newcastle upon Tyne 039C,Violence and sexual offences,Status update unavailable,
769b7eeb75e0c4ed604326cf26cdf55c82d213a08fa6ae89f4396f163392b547,2024-10,Northumbria Police,Northumbria Police,-1.620963,54.970416,On or near Theatre/Concert Hall,E01035621,Newcastle upon Tyne 039C,Other crime,Status update unavailable,
17efb991e780a67e1dbd99aceed9ff8a20f6ec78e858e4dc480164d46a6a3435,2024-10,Northumbria Police,Northumbria Police,-1.624617,54.973878,On or near Wellington Street,E01035621,Newcastle upon Tyne 039C,Other crime,Status update unavailable,
,2024-10,Northumbria Police,Northumbria Police,-1.630837,54.970248,On or near Drybeck Court,E01008439,Newcastle upon Tyne 039D,Anti-social behaviour,,
,2024-10,Northumbria Police,Northumbria Police,-1.629489,54.970694,On or near Summerhill Street,E01008439,Newcastle upon Tyne 039D,Anti-social behaviour,,
,2024-10,Northumbria Police,Northumbria Police,-1.634722,54.968993,On or near Gloucester Terrace,E01008439,Newcastle upon Tyne 039D,Anti-social behaviour,,
8753be837b5d6d63295cbdf22bc7599747d216198c1a4750adb2a8a3c4165f42,2024-10,Northumbria Police,Northumbria Police,-1.628920,54.969757,On or near Houston Street,E01008439,Newcastle upon Tyne 039D,Burglary,Court result unavailable,
4c789f495369df52bd27b6174cbd37dd5724c48c32e61a66dd0e4bf5eeb39090,2024-10,Northumbria Police,Northumbria Police,-1.636851,54.968532,On or near Park Close,E01008439,Newcastle upon Tyne 039D,Burglary,Offender given a caution,
1246bb3bef940db7a8eb982bdecfd9fe9aff39fd9cb71be7766dc1270a89ac03,2024-10,Northumbria Police,Northumbria Police,-1.632726,54.968574,On or near Cross Parade,E01008439,Newcastle upon Tyne 039D,Burglary,Investigation complete; no suspect identified,
e4827958a12cc495e0374933986949434bb99fa4c6be6546389c45bdb9c47c51,2024-10,Northumbria Police,Northumbria Police,-1.633707,54.970688,On or near St Paul'S Place,E01008439,Newcastle upon Tyne 039D,Criminal damage and arson,Investigation complete; no suspect identified,
b4150177187f59437f3acad21673a129f3f55977930173aa47771e1e4adc29f7,2024-10,Northumbria Police,Northumbria Police,-1.636034,54.967254,On or near Ashfield Close,E01008439,Newcastle upon Tyne 039D,Drugs,Status update unavailable,
9b736afd8624e907963f238af76447a65a22f896cd327e72fac8e731c28f5fd3,2024-10,Northumbria Police,Northumbria Police,-1.634736,54.967501,On or near Hawthorn Terrace,E01008439,Newcastle upon Tyne 039D,Drugs,Court result unavailable,
6ca566cff438bd50046af52f679da333fd82dbb49d52c5e8fcc7b62377a0b7c0,2024-10,Northumbria Police,Northumbria Police,-1.633601,54.972027,On or near Quarry Bank Court,E01008439,Newcastle upon Tyne 039D,Other theft,Investigation complete; no suspect identified,
4bdd7320a2617c2781280624dba455665f33957a7dd85fa555419a67c5365964,2024-10,Northumbria Police,Northumbria Police,-1.630837,54.970248,On or near Drybeck Court,E01008439,Newcastle upon Tyne 039D,Other theft,Status update unavailable,
599296849e4baf51f0054a173c21f9834875e5728cb5aa7f69383dd6aecdf2e0,2024-10,Northumbria Police,Northumbria Police,-1.631830,54.970979,On or near Elswick Street,E01008439,Newcastle upon Tyne 039D,Theft from the person,Investigation complete; no suspect identified,
670324be3ba3338a6a467724ed796eaaf2c36c559f0963e476e8e087bf9b6183,2024-10,Northumbria Police,Northumbria Police,-1.633466,54.971407,On or near Anglesey Place,E01008439,Newcastle upon Tyne 039D,Vehicle crime,Investigation complete; no suspect identified,
e7ba55acd3f43b2bb19d08b3d316182c6f8f57f94c58458cd58fa33f52b73b20,2024-10,Northumbria Police,Northumbria Police,-1.633601,54.972027,On or near Quarry Bank Court,E01008439,Newcastle upon Tyne 039D,Violence and sexual offences,Status update unavailable,
d255b9bb284e715e0ae7012e185bdbb6a77604fb0d9ab172343b12255d162e38,2024-10,Northumbria Police,Northumbria Police,-1.634736,54.967501,On or near Hawthorn Terrace,E01008439,Newcastle upon Tyne 039D,Violence and sexual offences,Investigation complete; no suspect identified,
54f8c519c38559d9f59012bf68eca6c1dd0abee50946daf7719d2e1916867145,2024-10,Northumbria Police,Northumbria Police,-1.629688,54.969436,On or near Houston Court,E01008439,Newcastle upon Tyne 039D,Violence and sexual offences,Investigation complete; no suspect identified,
c12fcc4a49fa3e34b95de95301cbe10392979cdd45a6dd03ae6d868ab0ce9492,2024-10,Northumbria Police,Northumbria Police,-1.633092,54.967865,On or near Belgrave Parade,E01008439,Newcastle upon Tyne 039D,Violence and sexual offences,Investigation complete; no suspect identified,
fec9849dc9f36d38859c422469121f32389d8acd5e8ef954f55490ec6fcf625d,2024-10,Northumbria Police,Northumbria Police,-1.636034,54.967254,On or near Ashfield Close,E01008439,Newcastle upon Tyne 039D,Violence and sexual offences,Status update unavailable,
5dee082977cfefc3aa0d49a5080ee40e154375ac288fd47d3a1055f1b78767e5,2024-10,Northumbria Police,Northumbria Police,-1.633601,54.972027,On or near Quarry Bank Court,E01008439,Newcastle upon Tyne 039D,Violence and sexual offences,Status update unavailable,
532c95d76e4c6a0f0ea97941d2df47e2d9f6a4afe3053c5267f4b195a102990c,2024-10,Northumbria Police,Northumbria Police,-1.636034,54.967254,On or near Ashfield Close,E01008439,Newcastle upon Tyne 039D,Violence and sexual offences,Status update unavailable,
bf41badbe4ac6008d00742b96c841301ac05c84c01eea66030f6107283b1b713,2024-10,Northumbria Police,Northumbria Police,-1.631830,54.970979,On or near Elswick Street,E01008439,Newcastle upon Tyne 039D,Violence and sexual offences,Status update unavailable,
18005f5ce9d795bb61358bfb7b21d1529a04019f0c7eff6729804cab4a5bc1c9,2024-10,Northumbria Police,Northumbria Police,-1.629489,54.970694,On or near Summerhill Street,E01008439,Newcastle upon Tyne 039D,Violence and sexual offences,Investigation complete; no suspect identified,
cf61566851a67fc18a363da467bec0df2610617ff9009adf384691584b973efb,2024-10,Northumbria Police,Northumbria Police,-1.634447,54.970071,On or near Somerset Place,E01008439,Newcastle upon Tyne 039D,Violence and sexual offences,Status update unavailable,
dfd4e18e67d3fd5bbe8307d54922dcbec2b1e0866cd5f616fe55c6415e5480cb,2024-10,Northumbria Police,Northumbria Police,-1.630837,54.970248,On or near Drybeck Court,E01008439,Newcastle upon Tyne 039D,Violence and sexual offences,Status update unavailable,
ec7392926c56198ea05e31ad9bb5af0a791659ce32e738a98654ae8c03f2205b,2024-10,Northumbria Police,Northumbria Police,-1.636034,54.967254,On or near Ashfield Close,E01008439,Newcastle upon Tyne 039D,Violence and sexual offences,Status update unavailable,
63cc15a1a3f8a9d445f79285e0c67c6d981143b7503b6774521b275556d6a661,2024-10,Northumbria Police,Northumbria Police,-1.635699,54.971485,On or near Surrey Place,E01008439,Newcastle upon Tyne 039D,Violence and sexual offences,Status update unavailable,
b3469283d5a008a3686bc086e639c1e90891596f13a77a3d39e7941c2fd1f484,2024-10,Northumbria Police,Northumbria Police,-1.635699,54.971485,On or near Surrey Place,E01008439,Newcastle upon Tyne 039D,Violence and sexual offences,Status update unavailable,
,2024-10,Northumbria Police,Northumbria Police,-1.585890,54.976888,On or near Supermarket,E01035622,Newcastle upon Tyne 040A,Anti-social behaviour,,
,2024-10,Northumbria Police,Northumbria Police,-1.579852,54.976041,On or near Byker,E01035622,Newcastle upon Tyne 040A,Anti-social behaviour,,
,2024-10,Northumbria Police,Northumbria Police,-1.585890,54.976888,On or near Supermarket,E01035622,Newcastle upon Tyne 040A,Anti-social behaviour,,
,2024-10,Northumbria Police,Northumbria Police,-1.585890,54.976888,On or near Supermarket,E01035622,Newcastle upon Tyne 040A,Anti-social behaviour,,
,2024-10,Northumbria Police,Northumbria Police,-1.586077,54.976171,On or near Parking Area,E01035622,Newcastle upon Tyne 040A,Anti-social behaviour,,
,2024-10,Northumbria Police,Northumbria Police,-1.582602,54.979070,On or near Langhorn Close,E01035622,Newcastle upon Tyne 040A,Anti-social behaviour,,
,2024-10,Northumbria Police,Northumbria Police,-1.585890,54.976888,On or near Supermarket,E01035622,Newcastle upon Tyne 040A,Anti-social behaviour,,
,2024-10,Northumbria Police,Northumbria Police,-1.580273,54.974632,On or near Brinkburn Street,E01035622,Newcastle upon Tyne 040A,Anti-social behaviour,,
,2024-10,Northumbria Police,Northumbria Police,-1.585890,54.976888,On or near Supermarket,E01035622,Newcastle upon Tyne 040A,Anti-social behaviour,,
,2024-10,Northumbria Police,Northumbria Police,-1.585890,54.976888,On or near Supermarket,E01035622,Newcastle upon Tyne 040A,Anti-social behaviour,,
,2024-10,Northumbria Police,Northumbria Police,-1.585890,54.976888,On or near Supermarket,E01035622,Newcastle upon Tyne 040A,Anti-social behaviour,,
,2024-10,Northumbria Police,Northumbria Police,-1.580273,54.974632,On or near Brinkburn Street,E01035622,Newcastle upon Tyne 040A,Anti-social behaviour,,
,2024-10,Northumbria Police,Northumbria Police,-1.586077,54.976171,On or near Parking Area,E01035622,Newcastle upon Tyne 040A,Anti-social behaviour,,
77ef1b1e96332c36f104652c3b3340cc984833a112567b52fb5cdc3557d14298,2024-10,Northumbria Police,Northumbria Police,-1.585890,54.976888,On or near Supermarket,E01035622,Newcastle upon Tyne 040A,Bicycle theft,Investigation complete; no suspect identified,
674f3e9ccf9590fe8ee02a930f383db74449581e31ff72e5fb4f4b3700118d75,2024-10,Northumbria Police,Northumbria Police,-1.584429,54.976147,On or near Clifford Street,E01035622,Newcastle upon Tyne 040A,Burglary,Court result unavailable,
69b8ee12978122d1f86904b7631243887faace4137241fad94ebde73f044f25f,2024-10,Northumbria Police,Northumbria Police,-1.584429,54.976147,On or near Clifford Street,E01035622,Newcastle upon Tyne 040A,Burglary,Investigation complete; no suspect identified,
76f5a38be81296e9faed40c3bfed42d0a127e0664a5b762aa0fa5cc2f49bb05b,2024-10,Northumbria Police,Northumbria Police,-1.586077,54.976171,On or near Parking Area,E01035622,Newcastle upon Tyne 040A,Burglary,Court result unavailable,
aa434027fca520419c485115e9cecc0f72314ebbaa9bc3f59aa703469b0b9c4a,2024-10,Northumbria Police,Northumbria Police,-1.584429,54.976147,On or near Clifford Street,E01035622,Newcastle upon Tyne 040A,Burglary,Investigation complete; no suspect identified,
acf4f403ab774ca970bb9c153c50220b5ae9ea8eb5974b05d33e8add34dc47f7,2024-10,Northumbria Police,Northumbria Police,-1.579852,54.976041,On or near Byker,E01035622,Newcastle upon Tyne 040A,Criminal damage and arson,Court result unavailable,
a12479c445c30cb28c34cdfa05c6efee0df6536e7c873c545602f2ed1dd566dd,2024-10,Northumbria Police,Northumbria Police,-1.579709,54.976310,On or near Brinkburn Street,E01035622,Newcastle upon Tyne 040A,Criminal damage and arson,Investigation complete; no suspect identified,
097f23981bc6498fd8e8997b658e37e4a017ad04791bc4e48c112abeee78fb49,2024-10,Northumbria Police,Northumbria Police,-1.580862,54.975083,On or near Brinkburn Close,E01035622,Newcastle upon Tyne 040A,Criminal damage and arson,Investigation complete; no suspect identified,
c37d63072ff0928decd84a7375769813061afb3ff866c97e96423304220d3754,2024-10,Northumbria Police,Northumbria Police,-1.580862,54.975083,On or near Brinkburn Close,E01035622,Newcastle upon Tyne 040A,Criminal damage and arson,Investigation complete; no suspect identified,
0c295ffc4cd5298242c619d2a1c9e923078e4e699055c1332b1d7f4d807fa13a,2024-10,Northumbria Police,Northumbria Police,-1.579709,54.976310,On or near Brinkburn Street,E01035622,Newcastle upon Tyne 040A,Criminal damage and arson,Investigation complete; no suspect identified,
13347b6c537cd6f8735ffdd50cd76dc664aef03206e1d3cbf6f55cc52c25b549,2024-10,Northumbria Police,Northumbria Police,-1.580273,54.974632,On or near Brinkburn Street,E01035622,Newcastle upon Tyne 040A,Criminal damage and arson,Investigation complete; no suspect identified,
9ec61126731f885368f1dddd98315e5d43118541af9b36021719039c8c2d1b3d,2024-10,Northumbria Police,Northumbria Police,-1.580862,54.975083,On or near Brinkburn Close,E01035622,Newcastle upon Tyne 040A,Criminal damage and arson,Investigation complete; no suspect identified,
df81387c2128a9daf8e41dfb26db7afc47284c55a2b39ac74a2006be7ffa4e2a,2024-10,Northumbria Police,Northumbria Police,-1.580862,54.975083,On or near Brinkburn Close,E01035622,Newcastle upon Tyne 040A,Criminal damage and arson,Investigation complete; no suspect identified,
758789e06659ea9b61aaf0a25a91f34393c79b5eb89157897fc7e9edd17095e0,2024-10,Northumbria Police,Northumbria Police,-1.582535,54.973480,On or near Gordon Square,E01035622,Newcastle upon Tyne 040A,Drugs,Status update unavailable,
59088e22809d9112166e382ed9e0c4d3fad84dc92c9c0c5babc453a6eb68f2e4,2024-10,Northumbria Police,Northumbria Police,-1.579709,54.976310,On or near Brinkburn Street,E01035622,Newcastle upon Tyne 040A,Other theft,Investigation complete; no suspect identified,
487bfb2b32610b89a75d7f373fb0535025bed4654b6b2fed7e500813ac73bb10,2024-10,Northumbria Police,Northumbria Police,-1.585890,54.976888,On or near Supermarket,E01035622,Newcastle upon Tyne 040A,Other theft,Investigation complete; no suspect identified,
8049bdafe10181c5426d320bb74d4c7a9de1ffe514e3d4a4c06700148e46b2ce,2024-10,Northumbria Police,Northumbria Police,-1.583260,54.974399,On or near Dalton Street,E01035622,Newcastle upon Tyne 040A,Other theft,Investigation complete; no suspect identified,
dc9db7e397329f10bd900956d6d86458e2349e5df39624e286bba9a9a0be1a27,2024-10,Northumbria Police,Northumbria Police,-1.585890,54.976888,On or near Supermarket,E01035622,Newcastle upon Tyne 040A,Other theft,Investigation complete; no suspect identified,
3708a211e092401ef19f4fbdcb93e681bc2753afe6da1586247d45dd292cd7fa,2024-10,Northumbria Police,Northumbria Police,-1.585890,54.976888,On or near Supermarket,E01035622,Newcastle upon Tyne 040A,Other theft,Investigation complete; no suspect identified,
622e553a234b5823b37e5824ed8fd6ee64743597c391a33d8c73f6f62be4aa8c,2024-10,Northumbria Police,Northumbria Police,-1.585890,54.976888,On or near Supermarket,E01035622,Newcastle upon Tyne 040A,Other theft,Investigation complete; no suspect identified,
262dc00b7585c9aa54ee65c4e89e5c710814eb7af08faf51988d73c3a39e0792,2024-10,Northumbria Police,Northumbria Police,-1.580934,54.974158,On or near Kendal Street,E01035622,Newcastle upon Tyne 040A,Other theft,Investigation complete; no suspect identified,
9ad2fa2021a8d99ca990b043987a5fbed62509d939e170ff03c44b63fe174d87,2024-10,Northumbria Police,Northumbria Police,-1.585890,54.976888,On or near Supermarket,E01035622,Newcastle upon Tyne 040A,Other theft,Investigation complete; no suspect identified,
b9c38c89e03a37e0547ef0f746fda6d94392fb91a38b4f5971e543b6dd4b0a78,2024-10,Northumbria Police,Northumbria Police,-1.585890,54.976888,On or near Supermarket,E01035622,Newcastle upon Tyne 040A,Other theft,Investigation complete; no suspect identified,
3e9d5d2591671a55b2d3bdef2bade449e1268a0ac8037d9ad5d41190499a0eb4,2024-10,Northumbria Police,Northumbria Police,-1.586077,54.976171,On or near Parking Area,E01035622,Newcastle upon Tyne 040A,Public order,Investigation complete; no suspect identified,
1956d7a338b48aa5d58bc0f48a941e586952d533ed966be8177b6b9488f4cec4,2024-10,Northumbria Police,Northumbria Police,-1.585890,54.976888,On or near Supermarket,E01035622,Newcastle upon Tyne 040A,Public order,Investigation complete; no suspect identified,
904d80c898bf4bed4d803c66476c0847f1c9111c9ced8fbcae6100424de2604c,2024-10,Northumbria Police,Northumbria Police,-1.585890,54.976888,On or near Supermarket,E01035622,Newcastle upon Tyne 040A,Public order,Court result unavailable,
cd6fd9e75eb0d2275e64cfd68f93e5ed96d1c38699a11b5b0b5db6702b448f5c,2024-10,Northumbria Police,Northumbria Police,-1.585890,54.976888,On or near Supermarket,E01035622,Newcastle upon Tyne 040A,Public order,Investigation complete; no suspect identified,
109d559dc790256f4110b087d71639f49e15a672bed29e616ec1a9dc474c236a,2024-10,Northumbria Police,Northumbria Police,-1.585890,54.976888,On or near Supermarket,E01035622,Newcastle upon Tyne 040A,Public order,Court result unavailable,
688dd58fc09b42b60031de4b32774360b07cc13a32e337ebb18110fd93261188,2024-10,Northumbria Police,Northumbria Police,-1.582602,54.979070,On or near Langhorn Close,E01035622,Newcastle upon Tyne 040A,Public order,Status update unavailable,
b9434f485bd4637a0ed6e9eeb9f0b90bf430f5a5c8f4a171628dab6283d268de,2024-10,Northumbria Police,Northumbria Police,-1.585890,54.976888,On or near Supermarket,E01035622,Newcastle upon Tyne 040A,Public order,Investigation complete; no suspect identified,
c480c3bf5bcc513c5545bf9b671d19ccf47da1974fea2ef95dbc6b5c7af4e87a,2024-10,Northumbria Police,Northumbria Police,-1.579852,54.976041,On or near Byker,E01035622,Newcastle upon Tyne 040A,Public order,Status update unavailable,
99abc4434712f15beb312d2b32262a850a2fb90813728ff810b713ee97dd2fbb,2024-10,Northumbria Police,Northumbria Police,-1.580862,54.975083,On or near Brinkburn Close,E01035622,Newcastle upon Tyne 040A,Public order,Investigation complete; no suspect identified,
3cb1e42cf0f4e77315951345cccfad9adc0ec041a686f7d216059d15dde32671,2024-10,Northumbria Police,Northumbria Police,-1.585890,54.976888,On or near Supermarket,E01035622,Newcastle upon Tyne 040A,Public order,Investigation complete; no suspect identified,
789dfdb8827fa62e9b1682741bc3d08e6eb0d0f6b8d230d1f53337ba26d86a91,2024-10,Northumbria Police,Northumbria Police,-1.580862,54.975083,On or near Brinkburn Close,E01035622,Newcastle upon Tyne 040A,Public order,Status update unavailable,
9593cf95bf5fab4baa02ce00afbd55c7400eff360beefd678ef7ca28de389e91,2024-10,Northumbria Police,Northumbria Police,-1.585890,54.976888,On or near Supermarket,E01035622,Newcastle upon Tyne 040A,Public order,Investigation complete; no suspect identified,
2e848162fccfd27b7364e5ca68508463c8c7d0029ddfd2758efe42f15bf82666,2024-10,Northumbria Police,Northumbria Police,-1.585890,54.976888,On or near Supermarket,E01035622,Newcastle upon Tyne 040A,Public order,Court result unavailable,
2df280358aa2e83d2f4173e73b6c10f706157899b868b72de48b37c9ec5fe032,2024-10,Northumbria Police,Northumbria Police,-1.585890,54.976888,On or near Supermarket,E01035622,Newcastle upon Tyne 040A,Shoplifting,Court result unavailable,
ac80c6a9cab01e71b3546bd479e83d054f8621a7d56ff6e08af7a07c86d4e422,2024-10,Northumbria Police,Northumbria Police,-1.585890,54.976888,On or near Supermarket,E01035622,Newcastle upon Tyne 040A,Shoplifting,Investigation complete; no suspect identified,
d8eb50f5e0af30fc8d2850db2425d9fc9a3445767fe97b7307c397ba2eb180bb,2024-10,Northumbria Police,Northumbria Police,-1.585890,54.976888,On or near Supermarket,E01035622,Newcastle upon Tyne 040A,Shoplifting,Investigation complete; no suspect identified,
e72d788ddeed67d1a7f7d5b2dc419d481f263e4dd5a5245d88e77a52004407dc,2024-10,Northumbria Police,Northumbria Police,-1.585890,54.976888,On or near Supermarket,E01035622,Newcastle upon Tyne 040A,Shoplifting,Investigation complete; no suspect identified,
73f6df1c0d14c1c25bdc469a5badf64edd196a5173d86257299f83ba2cbbb6a4,2024-10,Northumbria Police,Northumbria Police,-1.585890,54.976888,On or near Supermarket,E01035622,Newcastle upon Tyne 040A,Shoplifting,Investigation complete; no suspect identified,
e865ff462db44a0932810b75f2ead8477aa2c2b1df9dd76c36ead04cafd44a42,2024-10,Northumbria Police,Northumbria Police,-1.585890,54.976888,On or near Supermarket,E01035622,Newcastle upon Tyne 040A,Shoplifting,Investigation complete; no suspect identified,
355c908110122df2f0db07548caceb2aff5b105efd7b5a3dbabac6ee054e2810,2024-10,Northumbria Police,Northumbria Police,-1.585890,54.976888,On or near Supermarket,E01035622,Newcastle upon Tyne 040A,Shoplifting,Investigation complete; no suspect identified,
71b0bda9c8641be67d83846ddbbbbaeb9a9aa94a9905fdc2ec8d8dc09bf44ba0,2024-10,Northumbria Police,Northumbria Police,-1.585890,54.976888,On or near Supermarket,E01035622,Newcastle upon Tyne 040A,Shoplifting,Investigation complete; no suspect identified,
07f55052dea4263fc4376cf50a7a32c7b92a1a63e7af5f0562089b1116a91690,2024-10,Northumbria Police,Northumbria Police,-1.586077,54.976171,On or near Parking Area,E01035622,Newcastle upon Tyne 040A,Shoplifting,Court result unavailable,
a6c76bc676f1e40f5e462ffb074ae8271969ba6e2ba1f5858aa372286e9b6174,2024-10,Northumbria Police,Northumbria Police,-1.585890,54.976888,On or near Supermarket,E01035622,Newcastle upon Tyne 040A,Shoplifting,Investigation complete; no suspect identified,
f8d3a01980be73464345e725e5d05eac4857a4a90ecabebe91d0a51ea8eaf499,2024-10,Northumbria Police,Northumbria Police,-1.585890,54.976888,On or near Supermarket,E01035622,Newcastle upon Tyne 040A,Shoplifting,Investigation complete; no suspect identified,
552608decaabd30bdcc9bcb4fc6cdfe9e89ef38fc61f098bada84686f20f05a3,2024-10,Northumbria Police,Northumbria Police,-1.585890,54.976888,On or near Supermarket,E01035622,Newcastle upon Tyne 040A,Shoplifting,Investigation complete; no suspect identified,
60c6fb9907048136e5302a400f74cacc7d1f269c2710e272f367b4bd29a1d30d,2024-10,Northumbria Police,Northumbria Police,-1.585890,54.976888,On or near Supermarket,E01035622,Newcastle upon Tyne 040A,Shoplifting,Investigation complete; no suspect identified,
5e3774172d4484762cd746e649cdb50c7d73e4a0c5aa79bcaaee016cc716018a,2024-10,Northumbria Police,Northumbria Police,-1.585890,54.976888,On or near Supermarket,E01035622,Newcastle upon Tyne 040A,Shoplifting,Investigation complete; no suspect identified,
cdeedc0a11708a3fbfbdc60f426956f00c72a0656568cce0a8a368a0fc7dd13b,2024-10,Northumbria Police,Northumbria Police,-1.585890,54.976888,On or near Supermarket,E01035622,Newcastle upon Tyne 040A,Shoplifting,Investigation complete; no suspect identified,
091f57710fdcb125a0989c828914db126cbf5c8467882d141afbe1d9b56129fc,2024-10,Northumbria Police,Northumbria Police,-1.585890,54.976888,On or near Supermarket,E01035622,Newcastle upon Tyne 040A,Shoplifting,Investigation complete; no suspect identified,
de504233e0830a58465b5ba8f65a5e29c24a3731d1d273fcfa8f9cb4c66cfc54,2024-10,Northumbria Police,Northumbria Police,-1.585890,54.976888,On or near Supermarket,E01035622,Newcastle upon Tyne 040A,Shoplifting,Status update unavailable,
8740262492cfd6e3fc3165406c94c46be0be885610878fa08afe0ce3ba322312,2024-10,Northumbria Police,Northumbria Police,-1.585890,54.976888,On or near Supermarket,E01035622,Newcastle upon Tyne 040A,Shoplifting,Investigation complete; no suspect identified,
12b0658f5e350aebf80a5662dca1395a0a57377392a2eba01d8f87f63025fc7f,2024-10,Northumbria Police,Northumbria Police,-1.585890,54.976888,On or near Supermarket,E01035622,Newcastle upon Tyne 040A,Shoplifting,Investigation complete; no suspect identified,
ed3af0f0cfd210d5eb1ba6f378e585187cf3f34cb41cd5159d77bf50636882a6,2024-10,Northumbria Police,Northumbria Police,-1.585890,54.976888,On or near Supermarket,E01035622,Newcastle upon Tyne 040A,Shoplifting,Investigation complete; no suspect identified,
efbce5daee48f9e179f14f39b70c62eb63c855bae20d23a1f09cd3661e961870,2024-10,Northumbria Police,Northumbria Police,-1.585890,54.976888,On or near Supermarket,E01035622,Newcastle upon Tyne 040A,Shoplifting,Investigation complete; no suspect identified,
69a92a9c77539e2d7ecf7e6d7addbffd0b159e1cb73a4f6b337cd0bb9e7b5384,2024-10,Northumbria Police,Northumbria Police,-1.585890,54.976888,On or near Supermarket,E01035622,Newcastle upon Tyne 040A,Shoplifting,Court result unavailable,
2a4923758c2cdc9737cee982d409da4a906f31b414a34351da270e6746a05731,2024-10,Northumbria Police,Northumbria Police,-1.585890,54.976888,On or near Supermarket,E01035622,Newcastle upon Tyne 040A,Shoplifting,Investigation complete; no suspect identified,
922d1bd3c9bb1a679bac4e467117f275674d6c9aa4a9037d0c2e3ebea436f5b0,2024-10,Northumbria Police,Northumbria Police,-1.585890,54.976888,On or near Supermarket,E01035622,Newcastle upon Tyne 040A,Shoplifting,Investigation complete; no suspect identified,
9fe060688ab7bc70d15be9179ccbdd0f80366f65cd98e9ed442b14eefe738645,2024-10,Northumbria Police,Northumbria Police,-1.585890,54.976888,On or near Supermarket,E01035622,Newcastle upon Tyne 040A,Shoplifting,Investigation complete; no suspect identified,
76e379afd0c6074878470d0e28bdc32e3c69cdb21653e84ebd2e8ef62cdade20,2024-10,Northumbria Police,Northumbria Police,-1.585890,54.976888,On or near Supermarket,E01035622,Newcastle upon Tyne 040A,Shoplifting,Investigation complete; no suspect identified,
06fd0aef0c592db845c9e13f44476eeb095cb5d95030a2ef585157353893ec97,2024-10,Northumbria Police,Northumbria Police,-1.585890,54.976888,On or near Supermarket,E01035622,Newcastle upon Tyne 040A,Shoplifting,Investigation complete; no suspect identified,
c02f3ed498c25659de6b31ae168c6a7db06e4922abfefc64652b9e9bce666690,2024-10,Northumbria Police,Northumbria Police,-1.586077,54.976171,On or near Parking Area,E01035622,Newcastle upon Tyne 040A,Shoplifting,Investigation complete; no suspect identified,
74c09ed36c1bd4fbea1442d7c3eada4f6e0c81b55fbd85a795d5b5ffc03ac9ab,2024-10,Northumbria Police,Northumbria Police,-1.585890,54.976888,On or near Supermarket,E01035622,Newcastle upon Tyne 040A,Shoplifting,Investigation complete; no suspect identified,
454e7f164cc14269aa9dfc3ae4613b4c3698b4a2d66a4cc18fae0b05a6c8e2ef,2024-10,Northumbria Police,Northumbria Police,-1.585890,54.976888,On or near Supermarket,E01035622,Newcastle upon Tyne 040A,Shoplifting,Investigation complete; no suspect identified,
ac54dc1f7f9682f220752546ffe20b7573641ebdabb58ab5155f7bfcc6161219,2024-10,Northumbria Police,Northumbria Police,-1.585890,54.976888,On or near Supermarket,E01035622,Newcastle upon Tyne 040A,Shoplifting,Investigation complete; no suspect identified,
98e767efb23dd67730c4ecb54dafbaae3194bb0665e04e5a5838f6ea48ac7c79,2024-10,Northumbria Police,Northumbria Police,-1.586077,54.976171,On or near Parking Area,E01035622,Newcastle upon Tyne 040A,Shoplifting,Status update unavailable,
022142f7bc56b323a27e34060bfa524bd5413d8914d8f456c8651a1a7f5a26c7,2024-10,Northumbria Police,Northumbria Police,-1.585890,54.976888,On or near Supermarket,E01035622,Newcastle upon Tyne 040A,Shoplifting,Investigation complete; no suspect identified,
68ad81e6ea375748a5b866927948a36459df8c24ae826edb15385209dd9bb271,2024-10,Northumbria Police,Northumbria Police,-1.585890,54.976888,On or near Supermarket,E01035622,Newcastle upon Tyne 040A,Shoplifting,Investigation complete; no suspect identified,
c5a4cc7bfe947073bfef6f255b04c33e845d0fb45463bef2a8ed87444b58b766,2024-10,Northumbria Police,Northumbria Police,-1.585890,54.976888,On or near Supermarket,E01035622,Newcastle upon Tyne 040A,Shoplifting,Investigation complete; no suspect identified,
934b0eec747eb9bc829ff7770b06c3d5159f14e7151c6d198e50238e8bc4ae2c,2024-10,Northumbria Police,Northumbria Police,-1.585890,54.976888,On or near Supermarket,E01035622,Newcastle upon Tyne 040A,Shoplifting,Investigation complete; no suspect identified,
ea6cfc0f8b8a7f8629121f0dc8e189604ac97d9882b1131836d3f4e9c8f61f89,2024-10,Northumbria Police,Northumbria Police,-1.586077,54.976171,On or near Parking Area,E01035622,Newcastle upon Tyne 040A,Shoplifting,Investigation complete; no suspect identified,
df005711e47411734d7315b7ea9d0f66ef982c63b146746777d3a9d0e34d2ffb,2024-10,Northumbria Police,Northumbria Police,-1.585890,54.976888,On or near Supermarket,E01035622,Newcastle upon Tyne 040A,Shoplifting,Investigation complete; no suspect identified,
703aaba9e82144d1478d3e1922d0e27f1730ccc9208c3bc73c579fd1398ab76d,2024-10,Northumbria Police,Northumbria Police,-1.585890,54.976888,On or near Supermarket,E01035622,Newcastle upon Tyne 040A,Shoplifting,Investigation complete; no suspect identified,
8c6fcaa2a706982b72f6c1aef6c66ce174f84b6968c24abc010ac562aede3f62,2024-10,Northumbria Police,Northumbria Police,-1.585890,54.976888,On or near Supermarket,E01035622,Newcastle upon Tyne 040A,Shoplifting,Investigation complete; no suspect identified,
3679090f7a04483171d5b9f16de3b355dff6f0fef8d3822e7c21dc88d01966cf,2024-10,Northumbria Police,Northumbria Police,-1.585890,54.976888,On or near Supermarket,E01035622,Newcastle upon Tyne 040A,Shoplifting,Investigation complete; no suspect identified,
1518af8d1a0503f3e0854d210d15756f5aecdf1f1d1633ad095a171e50c55c74,2024-10,Northumbria Police,Northumbria Police,-1.585890,54.976888,On or near Supermarket,E01035622,Newcastle upon Tyne 040A,Shoplifting,Investigation complete; no suspect identified,
662389edaff1d4751dc7a5927f2a20ad406fcc117ca75472c5d6ef7a94318be3,2024-10,Northumbria Police,Northumbria Police,-1.585890,54.976888,On or near Supermarket,E01035622,Newcastle upon Tyne 040A,Shoplifting,Investigation complete; no suspect identified,
528b2be4fef983b19835a2b868d80572f45b3ead4bf7e869a7c901f01bbc3fa0,2024-10,Northumbria Police,Northumbria Police,-1.585890,54.976888,On or near Supermarket,E01035622,Newcastle upon Tyne 040A,Shoplifting,Investigation complete; no suspect identified,
67d290dea0cacb55dafb51c98ec92b7c865808544e2908ccbe976612fd184e53,2024-10,Northumbria Police,Northumbria Police,-1.583260,54.974399,On or near Dalton Street,E01035622,Newcastle upon Tyne 040A,Theft from the person,Investigation complete; no suspect identified,
fec34a7c0dee376f23659dfb5da96a625bf746f81359a84c53c24efd2b021b53,2024-10,Northumbria Police,Northumbria Police,-1.583260,54.974399,On or near Dalton Street,E01035622,Newcastle upon Tyne 040A,Theft from the person,Investigation complete; no suspect identified,
fc53c322bfae99b066606882134f55cf893975278e504579f3f857abe5d3f5ec,2024-10,Northumbria Police,Northumbria Police,-1.586077,54.976171,On or near Parking Area,E01035622,Newcastle upon Tyne 040A,Theft from the person,Investigation complete; no suspect identified,
69f70c58f27635e84c3696213a57e9803290d549f24e5940bca7a8f1e8c1db04,2024-10,Northumbria Police,Northumbria Police,-1.580862,54.975083,On or near Brinkburn Close,E01035622,Newcastle upon Tyne 040A,Violence and sexual offences,Investigation complete; no suspect identified,
38e6e41fd6e167700b7b961ebd0f1cbed949c5f7a1f241c50c48751414785ba5,2024-10,Northumbria Police,Northumbria Police,-1.579709,54.976310,On or near Brinkburn Street,E01035622,Newcastle upon Tyne 040A,Violence and sexual offences,Investigation complete; no suspect identified,
cf370660cf381c659825a4c5d51148f1bf43aeb5585cd9eb7d1cea858657467a,2024-10,Northumbria Police,Northumbria Police,-1.579709,54.976310,On or near Brinkburn Street,E01035622,Newcastle upon Tyne 040A,Violence and sexual offences,Investigation complete; no suspect identified,
0bf87d65c0f66c02a5c90e332b9393cbc2563e930bf93e7175942d588ff8957f,2024-10,Northumbria Police,Northumbria Police,-1.585890,54.976888,On or near Supermarket,E01035622,Newcastle upon Tyne 040A,Violence and sexual offences,Status update unavailable,
2d995c31156d00d0ed8c170c3ec2ff3ad85b66664382c09c04fbe29f7929b689,2024-10,Northumbria Police,Northumbria Police,-1.585890,54.976888,On or near Supermarket,E01035622,Newcastle upon Tyne 040A,Violence and sexual offences,Status update unavailable,
fe26ab6516d31a9ab001dd2df1eb7804d3abdf274bf745505f77c1a23df4cb6e,2024-10,Northumbria Police,Northumbria Police,-1.583260,54.974399,On or near Dalton Street,E01035622,Newcastle upon Tyne 040A,Violence and sexual offences,Status update unavailable,
323fd2d02ef822dfeec15e460447e28ff033265747b20d16cdccbeaadd457f6a,2024-10,Northumbria Police,Northumbria Police,-1.586077,54.976171,On or near Parking Area,E01035622,Newcastle upon Tyne 040A,Violence and sexual offences,Investigation complete; no suspect identified,
d3c1608ec1fbb61c63452c35db03e6940f3905da75be00c0d6af0fba91b4ed75,2024-10,Northumbria Police,Northumbria Police,-1.586077,54.976171,On or near Parking Area,E01035622,Newcastle upon Tyne 040A,Violence and sexual offences,Status update unavailable,
d4b5f0a594a1feb30dd152aa18384c14fce812c4c1cca1c15293e3e856642b0f,2024-10,Northumbria Police,Northumbria Police,-1.580273,54.974632,On or near Brinkburn Street,E01035622,Newcastle upon Tyne 040A,Violence and sexual offences,Status update unavailable,
e265a07dd310e8824dd07b28177f34a310f0fe7afe48129ee1f6899ebcb61b04,2024-10,Northumbria Police,Northumbria Police,-1.579709,54.976310,On or near Brinkburn Street,E01035622,Newcastle upon Tyne 040A,Violence and sexual offences,Investigation complete; no suspect identified,
8e4f37ba1b68884df85021c5117a9fc7e3035f1a5f3f45e375b7ea7684733831,2024-10,Northumbria Police,Northumbria Police,-1.586077,54.976171,On or near Parking Area,E01035622,Newcastle upon Tyne 040A,Violence and sexual offences,Investigation complete; no suspect identified,
e9dcf80220f2720ddb951362f6ec82173cd48356121dcaa0434afbe30116830a,2024-10,Northumbria Police,Northumbria Police,-1.586077,54.976171,On or near Parking Area,E01035622,Newcastle upon Tyne 040A,Violence and sexual offences,Investigation complete; no suspect identified,
9d0cc42a94f5cf3bbd5dafe302d22067906bb5fdd850ec6de37275ff0199e0ca,2024-10,Northumbria Police,Northumbria Police,-1.585890,54.976888,On or near Supermarket,E01035622,Newcastle upon Tyne 040A,Violence and sexual offences,Investigation complete; no suspect identified,
03be0c6849f4478f225329c3e53f2b4161e3fa55377fd4429d238283bdeb1a8e,2024-10,Northumbria Police,Northumbria Police,-1.580862,54.975083,On or near Brinkburn Close,E01035622,Newcastle upon Tyne 040A,Violence and sexual offences,Investigation complete; no suspect identified,
8cc9b695b71fee470e414fee218ff9d53c4ead8c59795f1699aaf38b0a1139b5,2024-10,Northumbria Police,Northumbria Police,-1.585890,54.976888,On or near Supermarket,E01035622,Newcastle upon Tyne 040A,Violence and sexual offences,Investigation complete; no suspect identified,
47637a4778593ac45501fd88d10a89c8d449941ee5d29afc74cc310148f9fb78,2024-10,Northumbria Police,Northumbria Police,-1.585890,54.976888,On or near Supermarket,E01035622,Newcastle upon Tyne 040A,Violence and sexual offences,Court result unavailable,
6896ec66ba31c02a79d7ee72cb369e923057ed29bf46df1f67b57b568aafcb20,2024-10,Northumbria Police,Northumbria Police,-1.582535,54.973480,On or near Gordon Square,E01035622,Newcastle upon Tyne 040A,Violence and sexual offences,Investigation complete; no suspect identified,
ba61199d0ca2e9585a58baf91f938f87091226d2b895f68b0c2a1c92b61b1fe6,2024-10,Northumbria Police,Northumbria Police,-1.586077,54.976171,On or near Parking Area,E01035622,Newcastle upon Tyne 040A,Violence and sexual offences,Investigation complete; no suspect identified,
754287ca67fbc0ef647a8ddaffb6463a636233f5afa893422c2df105084f0e9b,2024-10,Northumbria Police,Northumbria Police,-1.585890,54.976888,On or near Supermarket,E01035622,Newcastle upon Tyne 040A,Violence and sexual offences,Investigation complete; no suspect identified,
8332addf80d94debe35fea0943e1465859ba85fc68784e23a252ee3585c4cb03,2024-10,Northumbria Police,Northumbria Police,-1.586077,54.976171,On or near Parking Area,E01035622,Newcastle upon Tyne 040A,Violence and sexual offences,Investigation complete; no suspect identified,
394c427b0514c72108225d72de00cfef140e830d5cafcf5364b111b3f93b9241,2024-10,Northumbria Police,Northumbria Police,-1.585890,54.976888,On or near Supermarket,E01035622,Newcastle upon Tyne 040A,Violence and sexual offences,Investigation complete; no suspect identified,
cdaaddce3673ac5c38c7bb837f468a23562e19a90477ac0689cd0bbd5030a6f8,2024-10,Northumbria Police,Northumbria Police,-1.586077,54.976171,On or near Parking Area,E01035622,Newcastle upon Tyne 040A,Violence and sexual offences,Status update unavailable,
9916379a414d888cc9cb0e75787a7b08dd3b6300a8ebafdd45f11d11300db91d,2024-10,Northumbria Police,Northumbria Police,-1.586077,54.976171,On or near Parking Area,E01035622,Newcastle upon Tyne 040A,Other crime,Investigation complete; no suspect identified,
,2024-10,Northumbria Police,Northumbria Police,-1.588438,54.975199,On or near Back Stephen Street,E01035623,Newcastle upon Tyne 040B,Anti-social behaviour,,
,2024-10,Northumbria Police,Northumbria Police,-1.584593,54.970845,On or near St Lawrence Square,E01035623,Newcastle upon Tyne 040B,Anti-social behaviour,,
,2024-10,Northumbria Police,Northumbria Police,-1.585639,54.973958,On or near Albion Row,E01035623,Newcastle upon Tyne 040B,Anti-social behaviour,,
8e92befceb928619b2b956ed55b3f61a22bc1becbb21629b1f259597e2b196a6,2024-10,Northumbria Police,Northumbria Police,-1.589965,54.974104,On or near Shopping Area,E01035623,Newcastle upon Tyne 040B,Other theft,Investigation complete; no suspect identified,
5a9ceb14b69271385bb64e503009854d4d621a42c21d2788dccbe00bf4694b07,2024-10,Northumbria Police,Northumbria Police,-1.588438,54.975199,On or near Back Stephen Street,E01035623,Newcastle upon Tyne 040B,Vehicle crime,Investigation complete; no suspect identified,
a0d26631b17ed3be84320ec3d5566b624e138ecc36b46f3e74adce32de0c90e1,2024-10,Northumbria Police,Northumbria Police,-1.581304,54.973206,On or near Dibley Street,E01035623,Newcastle upon Tyne 040B,Violence and sexual offences,Status update unavailable,
9b2952bab03ae79cc0ffcdaaeaf350e6d6b93e255a29be90188e3243dd31b2c8,2024-10,Northumbria Police,Northumbria Police,-1.581304,54.973206,On or near Dibley Street,E01035623,Newcastle upon Tyne 040B,Violence and sexual offences,Status update unavailable,
369989811972fb667a8a91c7e79f6e9709008ec551607852ec3f4fa879899b9e,2024-10,Northumbria Police,Northumbria Police,-1.583393,54.970598,On or near Rodney Street,E01035623,Newcastle upon Tyne 040B,Violence and sexual offences,Status update unavailable,
37bcfb255b0469500015a53efedd7b6fdb92bf991283620ac12d58b896453722,2024-10,Northumbria Police,Northumbria Police,-1.581602,54.973090,On or near Brock Street,E01035623,Newcastle upon Tyne 040B,Violence and sexual offences,Investigation complete; no suspect identified,
92bda3d2b69f74799b5f43896c31ac9ed429e139a61ef95a188e3bbd8612b2ff,2024-10,Northumbria Police,Northumbria Police,-1.585639,54.973958,On or near Albion Row,E01035623,Newcastle upon Tyne 040B,Violence and sexual offences,Investigation complete; no suspect identified,
70ab8bb5f5fd0bbef988ad07c0e05a67b1cbdd2e9fbde20e1da8b7e9a227052e,2024-10,Northumbria Police,Northumbria Police,-1.585639,54.973958,On or near Albion Row,E01035623,Newcastle upon Tyne 040B,Violence and sexual offences,Status update unavailable,
86d46ddc0f95e0e074ed47bf40a08b29ae4aa6d8dcf89e06d9f579eab0c9d936,2024-10,Northumbria Police,Northumbria Police,-1.585639,54.973958,On or near Albion Row,E01035623,Newcastle upon Tyne 040B,Violence and sexual offences,Status update unavailable,
2b24f3b71f771f73e2aa1247e677b213c061f4948d01f1e0533ce779dd287508,2024-10,Northumbria Police,Northumbria Police,-1.581602,54.973090,On or near Brock Street,E01035623,Newcastle upon Tyne 040B,Violence and sexual offences,Investigation complete; no suspect identified,
,2024-10,Northumbria Police,Northumbria Police,-1.578942,54.973504,On or near Priory Place,E01008305,Newcastle upon Tyne 040C,Anti-social behaviour,,
,2024-10,Northumbria Police,Northumbria Police,-1.574411,54.973506,On or near Avondale Road,E01008305,Newcastle upon Tyne 040C,Anti-social behaviour,,
,2024-10,Northumbria Police,Northumbria Police,-1.575211,54.974677,On or near Michaelgate,E01008305,Newcastle upon Tyne 040C,Anti-social behaviour,,
,2024-10,Northumbria Police,Northumbria Police,-1.574411,54.973506,On or near Avondale Road,E01008305,Newcastle upon Tyne 040C,Anti-social behaviour,,
,2024-10,Northumbria Police,Northumbria Police,-1.574411,54.973506,On or near Avondale Road,E01008305,Newcastle upon Tyne 040C,Anti-social behaviour,,
,2024-10,Northumbria Police,Northumbria Police,-1.574125,54.975464,On or near Spires Lane,E01008305,Newcastle upon Tyne 040C,Anti-social behaviour,,
,2024-10,Northumbria Police,Northumbria Police,-1.575211,54.974677,On or near Michaelgate,E01008305,Newcastle upon Tyne 040C,Anti-social behaviour,,
,2024-10,Northumbria Police,Northumbria Police,-1.575211,54.974677,On or near Michaelgate,E01008305,Newcastle upon Tyne 040C,Anti-social behaviour,,
,2024-10,Northumbria Police,Northumbria Police,-1.574125,54.975464,On or near Spires Lane,E01008305,Newcastle upon Tyne 040C,Anti-social behaviour,,
,2024-10,Northumbria Police,Northumbria Police,-1.575736,54.975281,On or near Jane Street,E01008305,Newcastle upon Tyne 040C,Anti-social behaviour,,
,2024-10,Northumbria Police,Northumbria Police,-1.575211,54.974677,On or near Michaelgate,E01008305,Newcastle upon Tyne 040C,Anti-social behaviour,,
,2024-10,Northumbria Police,Northumbria Police,-1.574411,54.973506,On or near Avondale Road,E01008305,Newcastle upon Tyne 040C,Anti-social behaviour,,
0b7ad0b8bc5c1f087d4a63393678997f6bb874e30b3ad12162a336ab823a7f3d,2024-10,Northumbria Police,Northumbria Police,-1.572318,54.970506,On or near Bolam Street,E01008305,Newcastle upon Tyne 040C,Criminal damage and arson,Investigation complete; no suspect identified,
ac9f10b0c3e6c747bf4bc21158ff8673cc4a07b6810de2e84cf07098dfa9465a,2024-10,Northumbria Police,Northumbria Police,-1.575736,54.975281,On or near Jane Street,E01008305,Newcastle upon Tyne 040C,Criminal damage and arson,Investigation complete; no suspect identified,
4ca2f2834046f9c9c8a69dea6955fe399766741d6893ebf2f4fb2d5cf1d815a9,2024-10,Northumbria Police,Northumbria Police,-1.575736,54.975281,On or near Jane Street,E01008305,Newcastle upon Tyne 040C,Criminal damage and arson,Status update unavailable,
aa62a192b6d83dc39c0db3b407128235e3c2751828b0ef838fba6ac02087bae8,2024-10,Northumbria Police,Northumbria Police,-1.575211,54.974677,On or near Michaelgate,E01008305,Newcastle upon Tyne 040C,Criminal damage and arson,Investigation complete; no suspect identified,
32c1415f9fadde71b0437313bf3726bbc897f14d7e227d059a61afbdd96a46cb,2024-10,Northumbria Police,Northumbria Police,-1.577829,54.973832,On or near Raby Way,E01008305,Newcastle upon Tyne 040C,Criminal damage and arson,Investigation complete; no suspect identified,
ca3c2ea4cefa7d131f13675d389b7ee162d661a797c8db502dca4eb9339d8faf,2024-10,Northumbria Police,Northumbria Police,-1.575736,54.975281,On or near Jane Street,E01008305,Newcastle upon Tyne 040C,Criminal damage and arson,Investigation complete; no suspect identified,
e599bdd65956518744cd36854a05d12b9fda9183c3f04294f386de233efcdac5,2024-10,Northumbria Police,Northumbria Police,-1.575736,54.975281,On or near Jane Street,E01008305,Newcastle upon Tyne 040C,Criminal damage and arson,Investigation complete; no suspect identified,
5076dacd831fdb8cf4fd3e026eb4fdcb0d0aa7d289862cf26a2d8151faa1c854,2024-10,Northumbria Police,Northumbria Police,-1.572431,54.970246,On or near Kirk Street,E01008305,Newcastle upon Tyne 040C,Criminal damage and arson,Investigation complete; no suspect identified,
d13c06fba2dcc61702dc15df322669b24f75dfe668a1e8bf249f47e24904fc39,2024-10,Northumbria Police,Northumbria Police,-1.587878,54.971935,On or near Parking Area,E01008305,Newcastle upon Tyne 040C,Other theft,Status update unavailable,
1c39c9f0591d6357bb082bba6712ef0412946361d9959bf9c06c58a8f196ee37,2024-10,Northumbria Police,Northumbria Police,-1.574125,54.975464,On or near Spires Lane,E01008305,Newcastle upon Tyne 040C,Other theft,Status update unavailable,
f4b50d82e36d3880f46a4ba58bf12633fc6fd6d78eb32a22075b571246ffc313,2024-10,Northumbria Police,Northumbria Police,-1.576655,54.971114,On or near Parking Area,E01008305,Newcastle upon Tyne 040C,Public order,Investigation complete; no suspect identified,
d835504894e4774e9308980ab3c4c56fab4413ad4deea8c18bed98fa512151d7,2024-10,Northumbria Police,Northumbria Police,-1.575736,54.975281,On or near Jane Street,E01008305,Newcastle upon Tyne 040C,Public order,Status update unavailable,
6620d08c9a89685717988ca5664dfae8f4a554ad4ed42cae5afecea5b1ec20b6,2024-10,Northumbria Police,Northumbria Police,-1.574411,54.973506,On or near Avondale Road,E01008305,Newcastle upon Tyne 040C,Public order,Status update unavailable,
9ce7fa29a3f1224fb6ac7953e9bbff2b882a5c28f15305a4a87d17cf5fa5d92a,2024-10,Northumbria Police,Northumbria Police,-1.575736,54.975281,On or near Jane Street,E01008305,Newcastle upon Tyne 040C,Public order,Status update unavailable,
e29b347f4acea7172a7c011a1e8d1beab66f7ee112932c1dc02bd7500c9006d3,2024-10,Northumbria Police,Northumbria Police,-1.579120,54.969892,On or near Brinkburn Street South,E01008305,Newcastle upon Tyne 040C,Shoplifting,Status update unavailable,
eb85e73ac3b171970a60de2922b56a329fb96f67039a1900fc5de69fbec113ad,2024-10,Northumbria Police,Northumbria Police,-1.579120,54.969892,On or near Brinkburn Street South,E01008305,Newcastle upon Tyne 040C,Shoplifting,Court result unavailable,
a626027f25cee910aee66ad8137875deda8e6a5a9f585093f64fade8869c1197,2024-10,Northumbria Police,Northumbria Police,-1.579120,54.969892,On or near Brinkburn Street South,E01008305,Newcastle upon Tyne 040C,Shoplifting,Investigation complete; no suspect identified,
283356e615c41b5d0a851f4f10e2913c8ed434636442dc7e123162234669a9d3,2024-10,Northumbria Police,Northumbria Police,-1.579120,54.969892,On or near Brinkburn Street South,E01008305,Newcastle upon Tyne 040C,Shoplifting,Investigation complete; no suspect identified,
6d2debef527d9682303fc68e45775ea60389aa8d18465fe2fbcd0682d71e11c7,2024-10,Northumbria Police,Northumbria Police,-1.584291,54.969874,On or near Parking Area,E01008305,Newcastle upon Tyne 040C,Vehicle crime,Investigation complete; no suspect identified,
15ccbcb09a15800d5de8ea9f206703a6ff53821af8541b49ba396b1a293fad33,2024-10,Northumbria Police,Northumbria Police,-1.573578,54.971077,On or near St Peter'S Road,E01008305,Newcastle upon Tyne 040C,Violence and sexual offences,Status update unavailable,
ac39e77359d04e67b3ef2dfc479ef9bf310eea7ed852590759ab8332c8c5c60a,2024-10,Northumbria Police,Northumbria Police,-1.578474,54.973367,On or near Raby Street,E01008305,Newcastle upon Tyne 040C,Violence and sexual offences,Status update unavailable,
01e340ad360942ef8f4f15d0e965f851336c4f1988406ae45fdab64063ca0c5e,2024-10,Northumbria Police,Northumbria Police,-1.573578,54.971077,On or near St Peter'S Road,E01008305,Newcastle upon Tyne 040C,Violence and sexual offences,Status update unavailable,
409e9e2b8a5f28c2a122b7cbad77bd80c54a7c5ae95c8abc9193982aed620e63,2024-10,Northumbria Police,Northumbria Police,-1.573578,54.971077,On or near St Peter'S Road,E01008305,Newcastle upon Tyne 040C,Violence and sexual offences,Status update unavailable,
b1168f20cd2f5d27710980da11047a640e35bac857b7d764023ee47fce20c2fc,2024-10,Northumbria Police,Northumbria Police,-1.584291,54.969874,On or near Parking Area,E01008305,Newcastle upon Tyne 040C,Violence and sexual offences,Status update unavailable,
26185ad51117c600c1209fa38c131bae74eccc41ceb3c784f7ed050948a70803,2024-10,Northumbria Police,Northumbria Police,-1.574125,54.975464,On or near Spires Lane,E01008305,Newcastle upon Tyne 040C,Violence and sexual offences,Investigation complete; no suspect identified,
721c0628f3ae4e0d3a80f272e711838790f8d2045cf3b4840d8da2c8aba53bff,2024-10,Northumbria Police,Northumbria Police,-1.572431,54.970246,On or near Kirk Street,E01008305,Newcastle upon Tyne 040C,Violence and sexual offences,Investigation complete; no suspect identified,
e4b68d238159b6d68b82acdb9ee25841d10052045a822832c9083e9252f95093,2024-10,Northumbria Police,Northumbria Police,-1.577829,54.973832,On or near Raby Way,E01008305,Newcastle upon Tyne 040C,Violence and sexual offences,Investigation complete; no suspect identified,
90595637d7552b236834c036d96f31e6a2e29d63d1453bc669bcef1f1a06c0b8,2024-10,Northumbria Police,Northumbria Police,-1.573578,54.971077,On or near St Peter'S Road,E01008305,Newcastle upon Tyne 040C,Violence and sexual offences,Investigation complete; no suspect identified,
df4fac42caf376a299d3766ae2b1ba9e3b1792c08532addb1d65ac32bff4be5a,2024-10,Northumbria Police,Northumbria Police,-1.577829,54.973832,On or near Raby Way,E01008305,Newcastle upon Tyne 040C,Violence and sexual offences,Status update unavailable,
8e9989a327df3ea03153116997efd8d2c9ce7b7b87b9dd3f7af6e450381916a7,2024-10,Northumbria Police,Northumbria Police,-1.575211,54.974677,On or near Michaelgate,E01008305,Newcastle upon Tyne 040C,Violence and sexual offences,Investigation complete; no suspect identified,
1c1cd560934a4162d7eb83d7b317fb9e7a035f09bce16d9b58d105db03136b26,2024-10,Northumbria Police,Northumbria Police,-1.575211,54.974677,On or near Michaelgate,E01008305,Newcastle upon Tyne 040C,Violence and sexual offences,Investigation complete; no suspect identified,
c8e1448b03e082b1b845153bd46b49aabaf1635b978b3a164299dcf200fd57d6,2024-10,Northumbria Police,Northumbria Police,-1.572431,54.970246,On or near Kirk Street,E01008305,Newcastle upon Tyne 040C,Violence and sexual offences,Court result unavailable,
6658b2d700070015d1f6fd19b0cd9a14c7bf345b08792973e7d30173a181e77e,2024-10,Northumbria Police,Northumbria Police,-1.579120,54.969892,On or near Brinkburn Street South,E01008305,Newcastle upon Tyne 040C,Violence and sexual offences,Status update unavailable,
7b15f30c7bd89401e0b59c0b67037c5b98284e20090487382361b31fc24364e9,2024-10,Northumbria Police,Northumbria Police,-1.574411,54.973506,On or near Avondale Road,E01008305,Newcastle upon Tyne 040C,Violence and sexual offences,Status update unavailable,
a6300b12764ce845902e0194f87a32b6f1c6cbed0ae7dd4537f6ff4952953123,2024-10,Northumbria Police,Northumbria Police,-1.574411,54.973506,On or near Avondale Road,E01008305,Newcastle upon Tyne 040C,Violence and sexual offences,Investigation complete; no suspect identified,
040f459ec74e99dd39575fe78581fcefca5c7d91e432d6550a6b79188bcaa981,2024-10,Northumbria Police,Northumbria Police,-1.573578,54.971077,On or near St Peter'S Road,E01008305,Newcastle upon Tyne 040C,Violence and sexual offences,Status update unavailable,
9be22c0f3c1f599cce62c7b757171284721f21676f1a710d0a5b0d3217b39789,2024-10,Northumbria Police,Northumbria Police,-1.577829,54.973832,On or near Raby Way,E01008305,Newcastle upon Tyne 040C,Violence and sexual offences,Investigation complete; no suspect identified,
85c06cd3b11da3bba99cf9438f557f9c105e98e4e207bcc5d36eea41c2fc0101,2024-10,Northumbria Police,Northumbria Police,-1.573578,54.971077,On or near St Peter'S Road,E01008305,Newcastle upon Tyne 040C,Violence and sexual offences,Status update unavailable,
b69b4f9880c764868789d9f7388c1488185cb63ba3f02bbb5ea5f453a9299211,2024-10,Northumbria Police,Northumbria Police,-1.578942,54.973504,On or near Priory Place,E01008305,Newcastle upon Tyne 040C,Violence and sexual offences,Investigation complete; no suspect identified,
697963f06a4a3b3eff24661debd36ec5e8736fde190f01fc8a081a0df26cf3f3,2024-10,Northumbria Police,Northumbria Police,-1.574411,54.973506,On or near Avondale Road,E01008305,Newcastle upon Tyne 040C,Violence and sexual offences,Status update unavailable,
46d8022e92257b994a3c2d3ef66240ca1f6f4e86ab46d0636cad278ff23a512d,2024-10,Northumbria Police,Northumbria Police,-1.573578,54.971077,On or near St Peter'S Road,E01008305,Newcastle upon Tyne 040C,Violence and sexual offences,Status update unavailable,
bd498d9e88d65edc4b86bf4e367c405cb06de5ec3d84da5f9698a105123148cf,2024-10,Northumbria Police,Northumbria Police,-1.575736,54.975281,On or near Jane Street,E01008305,Newcastle upon Tyne 040C,Violence and sexual offences,Status update unavailable,
cfd630b71d19654e301375b71acd9115fce15147aff8b879017637c82c404771,2024-10,Northumbria Police,Northumbria Police,-1.575736,54.975281,On or near Jane Street,E01008305,Newcastle upon Tyne 040C,Violence and sexual offences,Status update unavailable,
65468981c0e5e77ed0e011ced7c6d782782af1028c91e68343295a497e59788b,2024-10,Northumbria Police,Northumbria Police,-1.577829,54.973832,On or near Raby Way,E01008305,Newcastle upon Tyne 040C,Other crime,Investigation complete; no suspect identified,
31320b025e3149c195a8a24b7099ae0950baea14d8799bc5fc8aec0eff9169da,2024-10,Northumbria Police,Northumbria Police,-1.577829,54.973832,On or near Raby Way,E01008305,Newcastle upon Tyne 040C,Other crime,Status update unavailable,
085b275cb5ac1a985f33a426c0b11c740c57f6beb2d148ced244ab4ee95e9475,2024-10,Northumbria Police,Northumbria Police,-1.574125,54.975464,On or near Spires Lane,E01008305,Newcastle upon Tyne 040C,Other crime,Investigation complete; no suspect identified,
,2024-10,Northumbria Police,Northumbria Police,-1.570664,54.965998,On or near Trinity Courtyard,E01008301,Newcastle upon Tyne 040D,Anti-social behaviour,,
,2024-10,Northumbria Police,Northumbria Police,-1.573806,54.968687,On or near Fenning Place,E01008301,Newcastle upon Tyne 040D,Anti-social behaviour,,
,2024-10,Northumbria Police,Northumbria Police,-1.573806,54.968687,On or near Fenning Place,E01008301,Newcastle upon Tyne 040D,Anti-social behaviour,,
,2024-10,Northumbria Police,Northumbria Police,-1.571970,54.969489,On or near Janet Street,E01008301,Newcastle upon Tyne 040D,Anti-social behaviour,,
,2024-10,Northumbria Police,Northumbria Police,-1.573806,54.968687,On or near Fenning Place,E01008301,Newcastle upon Tyne 040D,Anti-social behaviour,,
,2024-10,Northumbria Police,Northumbria Police,-1.577120,54.965482,On or near Churchill Mews,E01008301,Newcastle upon Tyne 040D,Anti-social behaviour,,
259b45cda6ced1baff01999259056db41fedcd9a1a8074250298220d37c3dc3d,2024-10,Northumbria Police,Northumbria Police,-1.577432,54.966992,On or near Glasshouse Street,E01008301,Newcastle upon Tyne 040D,Burglary,Court result unavailable,
cbca5947225abedc8415a2c93bb75a4a253f0b185426cd9d9af48f58f5c387d0,2024-10,Northumbria Police,Northumbria Police,-1.574376,54.966461,On or near St Peter'S Wharf,E01008301,Newcastle upon Tyne 040D,Criminal damage and arson,Local resolution,
06a1f29b737a26d6acfe6c2a128160a33437c585e4a7d7efa5b4bd1c6af55e16,2024-10,Northumbria Police,Northumbria Police,-1.565404,54.967076,On or near Staines Road,E01008301,Newcastle upon Tyne 040D,Criminal damage and arson,Investigation complete; no suspect identified,
b119475e0ff4db4755fd38b6d50057ee896a3995dc5e5beb32cd838c55a131f8,2024-10,Northumbria Police,Northumbria Police,-1.571329,54.970970,On or near Ayton Street,E01008301,Newcastle upon Tyne 040D,Other theft,Investigation complete; no suspect identified,
cd1a354e0e1318ec3d9d1912fc77fb166be08b186f86820f73a32be90e7b5bfa,2024-10,Northumbria Police,Northumbria Police,-1.571329,54.970970,On or near Ayton Street,E01008301,Newcastle upon Tyne 040D,Public order,Investigation complete; no suspect identified,
4764850ff610a5f8cb140910328a58fff6bba84c137fdc6dd8ca5f35d8c1724a,2024-10,Northumbria Police,Northumbria Police,-1.572724,54.969043,On or near Harbottle Court,E01008301,Newcastle upon Tyne 040D,Vehicle crime,Investigation complete; no suspect identified,
5e593dddbf00e8579a746f6622b9f07df32040c0505b89958d78e78fc0b74958,2024-10,Northumbria Police,Northumbria Police,-1.571329,54.970970,On or near Ayton Street,E01008301,Newcastle upon Tyne 040D,Violence and sexual offences,Status update unavailable,
bba67d6eeb99781af90dc10464a1a9f289b8a43a97d2beb3cb189214be8135a3,2024-10,Northumbria Police,Northumbria Police,-1.574376,54.966461,On or near St Peter'S Wharf,E01008301,Newcastle upon Tyne 040D,Violence and sexual offences,Investigation complete; no suspect identified,
76ae04163d238ce5c13b3454256528c263d0487d64a298a028951fbba0fba7a5,2024-10,Northumbria Police,Northumbria Police,-1.574376,54.966461,On or near St Peter'S Wharf,E01008301,Newcastle upon Tyne 040D,Violence and sexual offences,Investigation complete; no suspect identified,
6a6417bc465ad50940482ccc905657046ac592337a37c36cbfe0fde0d48eccf8,2024-10,Northumbria Police,Northumbria Police,-1.574376,54.966461,On or near St Peter'S Wharf,E01008301,Newcastle upon Tyne 040D,Violence and sexual offences,Investigation complete; no suspect identified,
8ccd7d1b2bae04bee33558558cff636f6db4d90c57a64a38c0a4c332cebbd747,2024-10,Northumbria Police,Northumbria Police,-1.568620,54.970205,On or near Allendale Road,E01008301,Newcastle upon Tyne 040D,Violence and sexual offences,Status update unavailable,
838208b8d74a6a791f56e3a9c82b20ef4928c22b856d80ac00e0e7ecc6c640a0,2024-10,Northumbria Police,Northumbria Police,-1.571970,54.969489,On or near Janet Street,E01008301,Newcastle upon Tyne 040D,Violence and sexual offences,Status update unavailable,
63e0b72abae14d919f0aa8829f3e7e7d2a2de2b97a02613d9e5628e565272316,2024-10,Northumbria Police,Northumbria Police,-1.567040,54.967450,On or near Chatsworth Gardens,E01008301,Newcastle upon Tyne 040D,Violence and sexual offences,Status update unavailable,
0d0c04e9f52b3c1854840454c383c6071b37dcc5536b2240813c20a1cd2256a8,2024-10,Northumbria Police,Northumbria Police,-1.574376,54.966461,On or near St Peter'S Wharf,E01008301,Newcastle upon Tyne 040D,Violence and sexual offences,Status update unavailable,
4c2a5713ba0a535c30d645741bd8f978282ef499217464f31750b56b52713d51,2024-10,Northumbria Police,Northumbria Police,-1.574376,54.966461,On or near St Peter'S Wharf,E01008301,Newcastle upon Tyne 040D,Violence and sexual offences,Investigation complete; no suspect identified,
32220e62594d204c13962ed25cfd5c7c41ebc523745f594b1e4497c4b795e75f,2024-10,Northumbria Police,Northumbria Police,-1.567040,54.967450,On or near Chatsworth Gardens,E01008301,Newcastle upon Tyne 040D,Violence and sexual offences,Status update unavailable,
,2024-10,Northumbria Police,Northumbria Police,-1.637603,54.969999,On or near Sovereign Court,E01008331,Newcastle upon Tyne 041A,Anti-social behaviour,,
,2024-10,Northumbria Police,Northumbria Police,-1.638713,54.969895,On or near Britannia Court,E01008331,Newcastle upon Tyne 041A,Anti-social behaviour,,
,2024-10,Northumbria Police,Northumbria Police,-1.637603,54.969999,On or near Sovereign Court,E01008331,Newcastle upon Tyne 041A,Anti-social behaviour,,
,2024-10,Northumbria Police,Northumbria Police,-1.641154,54.972930,On or near Supermarket,E01008331,Newcastle upon Tyne 041A,Anti-social behaviour,,
,2024-10,Northumbria Police,Northumbria Police,-1.637603,54.969999,On or near Sovereign Court,E01008331,Newcastle upon Tyne 041A,Anti-social behaviour,,
2d4b585773567308e5f59419d5e2d2207159af57f55bf67dc19e1956ccc1b9e7,2024-10,Northumbria Police,Northumbria Police,-1.641154,54.972930,On or near Supermarket,E01008331,Newcastle upon Tyne 041A,Bicycle theft,Status update unavailable,
4201d394578670b0201bb08c700bc67421d5ad9780507a660d7c60f03c292c99,2024-10,Northumbria Police,Northumbria Police,-1.638815,54.972402,On or near Kingsley Terrace,E01008331,Newcastle upon Tyne 041A,Burglary,Investigation complete; no suspect identified,
bd2e89628d47bc75c363e2b47df248e6e444724dfd673296ada629ef40ba9f32,2024-10,Northumbria Police,Northumbria Police,-1.638815,54.972402,On or near Kingsley Terrace,E01008331,Newcastle upon Tyne 041A,Burglary,Investigation complete; no suspect identified,
06b23970edd58392c5186281640ea4cc794c73a8db2f91585e03fe2098de7042,2024-10,Northumbria Police,Northumbria Police,-1.638713,54.969895,On or near Britannia Court,E01008331,Newcastle upon Tyne 041A,Drugs,Status update unavailable,
b6e33f2d4d9d130dc547170e6ce8b7951eb1802c55d32f145c9aede89efdf919,2024-10,Northumbria Police,Northumbria Police,-1.637882,54.971905,On or near Normanton Terrace,E01008331,Newcastle upon Tyne 041A,Drugs,Status update unavailable,
5372dd61ff9ecd880354e010721499865cf11d2d3b3afc25f6bfedc8b06cc28b,2024-10,Northumbria Police,Northumbria Police,-1.637882,54.971905,On or near Normanton Terrace,E01008331,Newcastle upon Tyne 041A,Drugs,Status update unavailable,
aef0c2a85f34627f5bfac76886e94b170ca23f543a0639fbb5fb532c92c94990,2024-10,Northumbria Police,Northumbria Police,-1.638815,54.972402,On or near Kingsley Terrace,E01008331,Newcastle upon Tyne 041A,Public order,Investigation complete; no suspect identified,
9f3018c9a56bbdf8a6b9853d617ce36d054b1761b41875222830b06ea493678d,2024-10,Northumbria Police,Northumbria Police,-1.643153,54.971229,On or near Tweed Street,E01008331,Newcastle upon Tyne 041A,Public order,Status update unavailable,
dddf7d8d9f785f11b62179ee2f8ccc08bd98867bce1e077ad2ea4b1bf06cd28d,2024-10,Northumbria Police,Northumbria Police,-1.643153,54.971229,On or near Tweed Street,E01008331,Newcastle upon Tyne 041A,Public order,Status update unavailable,
422384259581661f0595a86ad1785ca8cc25b5fd3771f8cb859517dc99c46291,2024-10,Northumbria Police,Northumbria Police,-1.641154,54.972930,On or near Supermarket,E01008331,Newcastle upon Tyne 041A,Shoplifting,Status update unavailable,
925267eff10ab6d165592f6a8a19ad93a43ee3c883d1e14d783178c81fe630ed,2024-10,Northumbria Police,Northumbria Police,-1.639972,54.972316,On or near Hartington Street,E01008331,Newcastle upon Tyne 041A,Vehicle crime,Investigation complete; no suspect identified,
0f12a069382360da451dd3e85ddd14058133091cf53c581ee29559b79aa208d1,2024-10,Northumbria Police,Northumbria Police,-1.642551,54.970445,On or near Hull Street,E01008331,Newcastle upon Tyne 041A,Vehicle crime,Investigation complete; no suspect identified,
bd4d6f5e08c12cc4551b4aaa61c2ad4a05ca2aed8c1b3153a622b3e0ab3302bc,2024-10,Northumbria Police,Northumbria Police,-1.640100,54.970186,On or near Sceptre Place,E01008331,Newcastle upon Tyne 041A,Vehicle crime,Investigation complete; no suspect identified,
edc439a905f76cb4914e287acb19105c5639916b118c74d0ba80282f6bea62f6,2024-10,Northumbria Police,Northumbria Police,-1.641154,54.972930,On or near Supermarket,E01008331,Newcastle upon Tyne 041A,Violence and sexual offences,Investigation complete; no suspect identified,
9a8793c2a58b747b7f168b6df64e0e2941036bba7b8bb2acc466fb07ab759e81,2024-10,Northumbria Police,Northumbria Police,-1.637882,54.971905,On or near Normanton Terrace,E01008331,Newcastle upon Tyne 041A,Violence and sexual offences,Investigation complete; no suspect identified,
f29e8d0ef00a50a6ce9507981aa9d1d965c5b7c738649e6e7587bfe76900ed38,2024-10,Northumbria Police,Northumbria Police,-1.641154,54.972930,On or near Supermarket,E01008331,Newcastle upon Tyne 041A,Violence and sexual offences,Status update unavailable,
78188c2bfd63a1baf6a40fb54522bb0089dc701ae98d20760536be1128937eca,2024-10,Northumbria Police,Northumbria Police,-1.641154,54.972930,On or near Supermarket,E01008331,Newcastle upon Tyne 041A,Violence and sexual offences,Investigation complete; no suspect identified,
a7b8c0cc214c345001bcd8a342a288429a9a7eda4f6e7577ded2192532591889,2024-10,Northumbria Police,Northumbria Police,-1.638815,54.972402,On or near Kingsley Terrace,E01008331,Newcastle upon Tyne 041A,Violence and sexual offences,Status update unavailable,
4ed5d029b521acbe718e5ce12579b6075597e4b07bd4106268f72ff057b8c66a,2024-10,Northumbria Police,Northumbria Police,-1.639972,54.972316,On or near Hartington Street,E01008331,Newcastle upon Tyne 041A,Violence and sexual offences,Status update unavailable,
03def6447b5898dd401836e953a28b4198dad93f10d1a40995e9281297956053,2024-10,Northumbria Police,Northumbria Police,-1.641154,54.972930,On or near Supermarket,E01008331,Newcastle upon Tyne 041A,Other crime,Investigation complete; no suspect identified,
,2024-10,Northumbria Police,Northumbria Police,-1.631301,54.967266,On or near Waverley Road,E01008438,Newcastle upon Tyne 041B,Anti-social behaviour,,
,2024-10,Northumbria Police,Northumbria Police,-1.628789,54.965264,On or near Ivy Close,E01008438,Newcastle upon Tyne 041B,Anti-social behaviour,,
8a30ee464c29ac4a2d3f0acd90978d2dd0d60f346281ad970f3c609f84da1464,2024-10,Northumbria Police,Northumbria Police,-1.620874,54.963262,On or near Shot Factory Lane,E01008438,Newcastle upon Tyne 041B,Criminal damage and arson,Investigation complete; no suspect identified,
42231d1d513b0ab9e280d920ea2c217b434de10b1de8e7e0790a55f0e87dbf87,2024-10,Northumbria Police,Northumbria Police,-1.634711,54.965066,On or near Park Road,E01008438,Newcastle upon Tyne 041B,Drugs,Investigation complete; no suspect identified,
f0466c6d40ca481a26e97f9b479a2d4b462124acd0aaebe696b8ad03000fd56e,2024-10,Northumbria Police,Northumbria Police,-1.634502,54.963987,On or near Hornbeam Place,E01008438,Newcastle upon Tyne 041B,Other theft,Investigation complete; no suspect identified,
8b4f4ce453bc687cb730031402834ebc1c27545030ad98e1d134f0d863fea475,2024-10,Northumbria Police,Northumbria Police,-1.628768,54.965875,On or near Maple Street,E01008438,Newcastle upon Tyne 041B,Other theft,Investigation complete; no suspect identified,
ea68b921ccdce24ac0d86cb8faf84ba30292f7b78144aa7c15964cac42466202,2024-10,Northumbria Police,Northumbria Police,-1.631301,54.967266,On or near Waverley Road,E01008438,Newcastle upon Tyne 041B,Other theft,Investigation complete; no suspect identified,
e52be596a0b1124356c90fb4678645835c8fb943cf2638a96d3b836917d1dc9a,2024-10,Northumbria Police,Northumbria Police,-1.628768,54.965875,On or near Maple Street,E01008438,Newcastle upon Tyne 041B,Other theft,Investigation complete; no suspect identified,
de63895e0671495eb4f8a4c4f40b96d0bfd9bba56a52ac1e68a22b67a42c5154,2024-10,Northumbria Police,Northumbria Police,-1.630651,54.966680,On or near Mather Road,E01008438,Newcastle upon Tyne 041B,Other theft,Investigation complete; no suspect identified,
eb08d3b04c8ba1092ceb7af45e066820aa6f84602cb62b57095665e5f1833d23,2024-10,Northumbria Police,Northumbria Police,-1.620874,54.963262,On or near Shot Factory Lane,E01008438,Newcastle upon Tyne 041B,Public order,Investigation complete; no suspect identified,
d02424657d0fb9781a85a7f4b47b967d86ea05504932ec94d3be8581d409b8e6,2024-10,Northumbria Police,Northumbria Police,-1.631301,54.967266,On or near Waverley Road,E01008438,Newcastle upon Tyne 041B,Public order,Court result unavailable,
c2264346a3ed01026d3a9101b194031a2d20842236af08caf02fa37bd8a54098,2024-10,Northumbria Police,Northumbria Police,-1.634502,54.963987,On or near Hornbeam Place,E01008438,Newcastle upon Tyne 041B,Public order,Investigation complete; no suspect identified,
88c535016ca23ddb53bd9dbd0131dc5290ffe18fdda4b3f162e8723a6d120cb4,2024-10,Northumbria Police,Northumbria Police,-1.631301,54.967266,On or near Waverley Road,E01008438,Newcastle upon Tyne 041B,Public order,Status update unavailable,
b622131c87f0cf91f0282b92ca740b2cf550c007460b0372506434a565c0a50e,2024-10,Northumbria Police,Northumbria Police,-1.628768,54.965875,On or near Maple Street,E01008438,Newcastle upon Tyne 041B,Vehicle crime,Investigation complete; no suspect identified,
8b5d949c31324ccd24199b86b2d7e1092227613003233e23a2f4122678a06c8c,2024-10,Northumbria Police,Northumbria Police,-1.628789,54.965264,On or near Ivy Close,E01008438,Newcastle upon Tyne 041B,Vehicle crime,Investigation complete; no suspect identified,
4c17ca68790c2ab9a8c512001eed9965c40186f5762c6aa0f6c3770eaf54bbd7,2024-10,Northumbria Police,Northumbria Police,-1.631301,54.967266,On or near Waverley Road,E01008438,Newcastle upon Tyne 041B,Violence and sexual offences,Status update unavailable,
245248605a6ca4cc4debf12eb1aa765acac7713f0ea7967b8a6140a7bdf91364,2024-10,Northumbria Police,Northumbria Police,-1.632930,54.965115,On or near Charlotte Close,E01008438,Newcastle upon Tyne 041B,Violence and sexual offences,Investigation complete; no suspect identified,
97845493055102ce60965d86d84e2f24fd4828fd20cfec960aff7c9c0fef58f3,2024-10,Northumbria Police,Northumbria Police,-1.628768,54.965875,On or near Maple Street,E01008438,Newcastle upon Tyne 041B,Violence and sexual offences,Offender given a caution,
0b7cc505eb85ccdcd7a955861de990da916f84d63d0d5c425504b7b9f089e09d,2024-10,Northumbria Police,Northumbria Police,-1.634459,54.966970,On or near Westmorland Road,E01008438,Newcastle upon Tyne 041B,Violence and sexual offences,Investigation complete; no suspect identified,
aede4a100341f12bfd7980d7fd34b27aa9cb5fb30fe33c06037b3138ef2290b7,2024-10,Northumbria Police,Northumbria Police,-1.638372,54.967827,On or near Kenilworth Road,E01008438,Newcastle upon Tyne 041B,Violence and sexual offences,Status update unavailable,
9b67d0f4aa0f17bf64d6bc14b228fac5208612e2e0a37fc499555d127b3e9269,2024-10,Northumbria Police,Northumbria Police,-1.638372,54.967827,On or near Kenilworth Road,E01008438,Newcastle upon Tyne 041B,Violence and sexual offences,Status update unavailable,
5c4427c5f8ca8a177367ec126c38014d8cf95e1100d55b16493debdc32d19b7a,2024-10,Northumbria Police,Northumbria Police,-1.634502,54.963987,On or near Hornbeam Place,E01008438,Newcastle upon Tyne 041B,Violence and sexual offences,Status update unavailable,
de396de520fa959d55d9dda28ac25eaaf383ad6a54b1166bf1d4549bf42d7f7d,2024-10,Northumbria Police,Northumbria Police,-1.628768,54.965875,On or near Maple Street,E01008438,Newcastle upon Tyne 041B,Violence and sexual offences,Status update unavailable,
5c37f74f2b41fe326374f8ca54f9ffbf87cc572d9047a3c6df4484ed991d1472,2024-10,Northumbria Police,Northumbria Police,-1.628789,54.965264,On or near Ivy Close,E01008438,Newcastle upon Tyne 041B,Violence and sexual offences,Status update unavailable,
0bd9b5fb1a59706acce4e2afa1e4f8229cff1f65881a0f898a7f6a9e55abbbfe,2024-10,Northumbria Police,Northumbria Police,-1.647890,54.965446,On or near Goldfinch Close,E01008437,Newcastle upon Tyne 041C,Criminal damage and arson,Investigation complete; no suspect identified,
b7f7c5cf46f73c3a787fd879b9ad9bbe3b6a12696749c05023f8033141eac74c,2024-10,Northumbria Police,Northumbria Police,-1.642305,54.964675,On or near Wolsingham Street,E01008437,Newcastle upon Tyne 041C,Criminal damage and arson,Court result unavailable,
f763642fa6018d208a5ba05fb0a0658f3ae3305c781c8a3eb399f638df06ac33,2024-10,Northumbria Police,Northumbria Police,-1.650777,54.965688,On or near Joseph Close,E01008437,Newcastle upon Tyne 041C,Drugs,Investigation complete; no suspect identified,
b657b3f4864427f23cb5bd6d444f46ab5c9886d02688fb66214617320d857a31,2024-10,Northumbria Police,Northumbria Police,-1.638378,54.965454,On or near Nesham Street,E01008437,Newcastle upon Tyne 041C,Other theft,Investigation complete; no suspect identified,
e39a703d17101b62ec93fdec48584af0a455f65c1be8a454eccbb05dd76f1e60,2024-10,Northumbria Police,Northumbria Police,-1.647103,54.966127,On or near James Street,E01008437,Newcastle upon Tyne 041C,Other theft,Investigation complete; no suspect identified,
f9cb0cbdf201f59ec3490d33756ee17c2b853deaacd9116fa41b601791de2c84,2024-10,Northumbria Police,Northumbria Police,-1.642305,54.964675,On or near Wolsingham Street,E01008437,Newcastle upon Tyne 041C,Other theft,Status update unavailable,
961bbf94d4a584fdaf8aeb608c1ea5d1d3b41f89aca948347e5a4c1ca2fbb119,2024-10,Northumbria Police,Northumbria Police,-1.647103,54.966127,On or near James Street,E01008437,Newcastle upon Tyne 041C,Public order,Court result unavailable,
1f3c1d6067150c5b72d5ef063501c7a78e80b1ff7c51199a665aa65f16ea7f96,2024-10,Northumbria Police,Northumbria Police,-1.632214,54.963108,On or near Penn Street,E01008437,Newcastle upon Tyne 041C,Public order,Investigation complete; no suspect identified,
b6ee536fd84685ae96e477c6992439881a0adcc04bc4b106d349bb74e6bac8c9,2024-10,Northumbria Police,Northumbria Police,-1.647103,54.966127,On or near James Street,E01008437,Newcastle upon Tyne 041C,Public order,Status update unavailable,
d7bcf666f08b1e908ae3e977c96faad34c4c4de9b7431a1c6a8aa0351e47b454,2024-10,Northumbria Police,Northumbria Police,-1.638378,54.965454,On or near Nesham Street,E01008437,Newcastle upon Tyne 041C,Robbery,Investigation complete; no suspect identified,
9c3f8269ff9d00756e2f94e5ff72e162a2f93783f2007e78e7b528691d92be0d,2024-10,Northumbria Police,Northumbria Police,-1.640695,54.962523,On or near Petrol Station,E01008437,Newcastle upon Tyne 041C,Shoplifting,Investigation complete; no suspect identified,
28453c6c2eb8be56645fc21c8be3330ef281867a0caad0548123b84f3b41fd58,2024-10,Northumbria Police,Northumbria Police,-1.651490,54.964513,On or near Amelia Walk,E01008437,Newcastle upon Tyne 041C,Vehicle crime,Investigation complete; no suspect identified,
9c198e10aa3cc72f534d32cf4e9011dd5270dbc96883813ada4b227c2f31535a,2024-10,Northumbria Police,Northumbria Police,-1.651490,54.964513,On or near Amelia Walk,E01008437,Newcastle upon Tyne 041C,Violence and sexual offences,Investigation complete; no suspect identified,
3b1f9564196d4b45e143d4f310cb0351b58101058cc0724e8acf43b6fbce261a,2024-10,Northumbria Police,Northumbria Police,-1.639113,54.963578,On or near Clumber Street,E01008437,Newcastle upon Tyne 041C,Violence and sexual offences,Status update unavailable,
4230809784615214f17fdd42430e4eea5bfd2b13d6f1eb1432a3ae75bdebe6aa,2024-10,Northumbria Police,Northumbria Police,-1.644321,54.968060,On or near Ashtree Close,E01008437,Newcastle upon Tyne 041C,Violence and sexual offences,Investigation complete; no suspect identified,
cf35a9a4ed79fe0a224387609cf61c97cf25ccba1fb20f5267d5c6e050794a6f,2024-10,Northumbria Police,Northumbria Police,-1.647103,54.966127,On or near James Street,E01008437,Newcastle upon Tyne 041C,Violence and sexual offences,Status update unavailable,
1d308910c905c361126b921c1d04032adfad3e9248ca180bc4b7838d8ba63a0c,2024-10,Northumbria Police,Northumbria Police,-1.642305,54.964675,On or near Wolsingham Street,E01008437,Newcastle upon Tyne 041C,Violence and sexual offences,Investigation complete; no suspect identified,
aeafbe226aaac7a21eb746dc8cd098d1edf4d7465ada2c883334e807cbaa23d6,2024-10,Northumbria Police,Northumbria Police,-1.650031,54.965255,On or near Edgeware Walk,E01008437,Newcastle upon Tyne 041C,Violence and sexual offences,Investigation complete; no suspect identified,
a22182034e58a1e5f4447f4a6fc93e4f777835b35398a04837f79b005399f615,2024-10,Northumbria Police,Northumbria Police,-1.651490,54.964513,On or near Amelia Walk,E01008437,Newcastle upon Tyne 041C,Violence and sexual offences,Status update unavailable,
b62aadb4d68b049b1458e9771b8b0836cdd09ca24dfdb7fd98487848ee847080,2024-10,Northumbria Police,Northumbria Police,-1.643867,54.968148,On or near Marie Curie Drive,E01008437,Newcastle upon Tyne 041C,Violence and sexual offences,Status update unavailable,
9eebc1fbaa16e59eecea33467ca029e60542b99c7e2ae78d872f95e343d12408,2024-10,Northumbria Police,Northumbria Police,-1.643867,54.968148,On or near Marie Curie Drive,E01008437,Newcastle upon Tyne 041C,Violence and sexual offences,Status update unavailable,
6853bb3f89e46185b6e41c804331321774384d507a458818a5cb1a23354a62e5,2024-10,Northumbria Police,Northumbria Police,-1.643867,54.968148,On or near Marie Curie Drive,E01008437,Newcastle upon Tyne 041C,Other crime,Investigation complete; no suspect identified,
9f0df33019e8a740b8d8cdda29ee23b31d6b40bd03b3ec28493d15f6c91e9ab1,2024-10,Northumbria Police,Northumbria Police,-1.638378,54.965454,On or near Nesham Street,E01008437,Newcastle upon Tyne 041C,Other crime,Court result unavailable,
,2024-10,Northumbria Police,Northumbria Police,-1.469213,55.053987,On or near Freeman Way,E01008547,North Tyneside 001A,Anti-social behaviour,,
a3140e61674050faab5c5456719351d357892d23e943ea7bd36bef90af4ef19a,2024-10,Northumbria Police,Northumbria Police,-1.469934,55.049155,On or near The Chesters,E01008547,North Tyneside 001A,Criminal damage and arson,Investigation complete; no suspect identified,
,2024-10,Northumbria Police,Northumbria Police,-1.478395,55.047242,On or near Ashbury,E01008548,North Tyneside 001B,Anti-social behaviour,,
6e65bcec8971e8328d088bab298c9d06298e077b91b42ad32c3cf4a0e83e0fdb,2024-10,Northumbria Police,Northumbria Police,-1.484532,55.045866,On or near Ayle Grove,E01008548,North Tyneside 001B,Other theft,Investigation complete; no suspect identified,
8c8979b575122e3fc7188af34cf5e84563e3da5d6dea003946c97c2963289d76,2024-10,Northumbria Police,Northumbria Police,-1.484532,55.045866,On or near Ayle Grove,E01008548,North Tyneside 001B,Violence and sexual offences,Status update unavailable,
7b99204fe46c75a13c6def44759e9d393a216353267145960c6658508e6d1cc3,2024-10,Northumbria Police,Northumbria Police,-1.484078,55.047104,On or near Saltwick Gardens,E01008548,North Tyneside 001B,Violence and sexual offences,Status update unavailable,
03c92ec506253bc564e869e485b1ecfe3f5f92a9ba206c51629d06449b6a7f69,2024-10,Northumbria Police,Northumbria Police,-1.484078,55.047104,On or near Saltwick Gardens,E01008548,North Tyneside 001B,Violence and sexual offences,Status update unavailable,
,2024-10,Northumbria Police,Northumbria Police,-1.462317,55.054577,On or near Parking Area,E01008549,North Tyneside 001C,Anti-social behaviour,,
ee977b661978e7932a65f66befac999bc71bf6bdf7e783cceda40f271fed3f33,2024-10,Northumbria Police,Northumbria Police,-1.462317,55.054577,On or near Parking Area,E01008549,North Tyneside 001C,Public order,Investigation complete; no suspect identified,
92d52e8063dd0068293b148565763666ba5419b2f2f84f6bdb44c5094f2a9e8a,2024-10,Northumbria Police,Northumbria Police,-1.462317,55.054577,On or near Parking Area,E01008549,North Tyneside 001C,Shoplifting,Investigation complete; no suspect identified,
08fdc5bbf7607ab01d858f13991284bfb9c599e9e19c22fd2a4b79bb284625e3,2024-10,Northumbria Police,Northumbria Police,-1.462317,55.054577,On or near Parking Area,E01008549,North Tyneside 001C,Shoplifting,Investigation complete; no suspect identified,
432d3847dcd4c508a0dbf12e828385431eae3e1d6cb056bc5e8fa5f95f106958,2024-10,Northumbria Police,Northumbria Police,-1.462317,55.054577,On or near Parking Area,E01008549,North Tyneside 001C,Shoplifting,Investigation complete; no suspect identified,
aa5e7ed9051b5b1719d21f2641ef6bf9231e4dddf269e04b65c23c4f16cdbe6c,2024-10,Northumbria Police,Northumbria Police,-1.462317,55.054577,On or near Parking Area,E01008549,North Tyneside 001C,Shoplifting,Investigation complete; no suspect identified,
4a8671ae89dfa400b834d214e54b05e453a419ad0ad755fc5946556ecb25a281,2024-10,Northumbria Police,Northumbria Police,-1.462317,55.054577,On or near Parking Area,E01008549,North Tyneside 001C,Shoplifting,Investigation complete; no suspect identified,
b5e435bc4fad83c130cf7e58d9b41a1ad4218cef4436d1124d7e163e53ac3ac3,2024-10,Northumbria Police,Northumbria Police,-1.467282,55.055542,On or near St Lucia Close,E01008549,North Tyneside 001C,Vehicle crime,Investigation complete; no suspect identified,
,2024-10,Northumbria Police,Northumbria Police,-1.457298,55.058787,On or near Brierdene Close,E01008551,North Tyneside 001D,Anti-social behaviour,,
c34e46cbe7c5e1b21285b1a9a0bc3fa82a2b256578bbafe7cb8763d97beb5bf9,2024-10,Northumbria Police,Northumbria Police,-1.464615,55.064193,On or near A193,E01008551,North Tyneside 001D,Violence and sexual offences,Status update unavailable,
775def48a990084ae85c3fe37b678eb58d91b5e3b52b23a7cefade8855cf6a31,2024-10,Northumbria Police,Northumbria Police,-1.464615,55.064193,On or near A193,E01008551,North Tyneside 001D,Violence and sexual offences,Status update unavailable,
8f7d304ac2e0c126f3e650f0cad1ec75a212467d847849905ce83ea496db4593,2024-10,Northumbria Police,Northumbria Police,-1.464615,55.064193,On or near A193,E01008551,North Tyneside 001D,Violence and sexual offences,Status update unavailable,
df883e09f8df0121842e663163ec13a654880311c0eceeb5049d06ff6340681c,2024-10,Northumbria Police,Northumbria Police,-1.461671,55.064270,On or near Blyth Road,E01008551,North Tyneside 001D,Violence and sexual offences,Investigation complete; no suspect identified,
,2024-10,Northumbria Police,Northumbria Police,-1.581532,55.054973,On or near Patrick Terrace,E01008478,North Tyneside 002A,Anti-social behaviour,,
,2024-10,Northumbria Police,Northumbria Police,-1.587509,55.056754,On or near Craig Crescent,E01008478,North Tyneside 002A,Anti-social behaviour,,
,2024-10,Northumbria Police,Northumbria Police,-1.587509,55.056754,On or near Craig Crescent,E01008478,North Tyneside 002A,Anti-social behaviour,,
0733053e6e322d651ebdd2026ec9a896f110452ca0fd870dbb7b02fcad9025be,2024-10,Northumbria Police,Northumbria Police,-1.577092,55.051390,On or near Burradon Road,E01008478,North Tyneside 002A,Drugs,Court result unavailable,
f60cef1e7598e05e71508a2cec5fb9c019398cc98b3bf2f04b3fd8854e32f448,2024-10,Northumbria Police,Northumbria Police,-1.577092,55.051390,On or near Burradon Road,E01008478,North Tyneside 002A,Vehicle crime,Investigation complete; no suspect identified,
9d502f65f4834675654fe6cda0350e2994388fcb884ff2954109c906a16198c9,2024-10,Northumbria Police,Northumbria Police,-1.577092,55.051390,On or near Burradon Road,E01008478,North Tyneside 002A,Violence and sexual offences,Status update unavailable,
213a4c2157f76b4d8ddc4b099751ee5d9fbe1acd525f6ee6a7c1c1bced3f6b0b,2024-10,Northumbria Police,Northumbria Police,-1.577092,55.051390,On or near Burradon Road,E01008478,North Tyneside 002A,Violence and sexual offences,Court result unavailable,
c2b6bef8cee1159fbc211025a471884a0a02d4c8b5c5bf485511bd1073f3e564,2024-10,Northumbria Police,Northumbria Police,-1.585730,55.056209,On or near Fern Drive,E01008478,North Tyneside 002A,Violence and sexual offences,Investigation complete; no suspect identified,
,2024-10,Northumbria Police,Northumbria Police,-1.581184,55.056814,On or near Briarwood,E01008480,North Tyneside 002B,Anti-social behaviour,,
,2024-10,Northumbria Police,Northumbria Police,-1.579612,55.058920,On or near Burnside Avenue,E01008480,North Tyneside 002B,Anti-social behaviour,,
,2024-10,Northumbria Police,Northumbria Police,-1.579095,55.057390,On or near Bridge Cottages,E01008480,North Tyneside 002B,Anti-social behaviour,,
,2024-10,Northumbria Police,Northumbria Police,-1.581804,55.060347,On or near Lee Street,E01008480,North Tyneside 002B,Anti-social behaviour,,
18613f9b662d66b5ecefe463253850bdcfe4f536d61b16d6a5fec9908188f703,2024-10,Northumbria Police,Northumbria Police,-1.581044,55.061153,On or near Seaton Avenue,E01008480,North Tyneside 002B,Drugs,Status update unavailable,
e3eee9d0e25e1d0bb4b59b37d9b6d8c46f61cb77856d1fd33cc8f53ba9e98d0b,2024-10,Northumbria Police,Northumbria Police,-1.579612,55.058920,On or near Burnside Avenue,E01008480,North Tyneside 002B,Drugs,Offender given a caution,
952df2ab6c5b9c428b0ae868427210a7bc5019784a64cdbd9a46b69a129b74f2,2024-10,Northumbria Police,Northumbria Police,-1.581804,55.060347,On or near Lee Street,E01008480,North Tyneside 002B,Violence and sexual offences,Status update unavailable,
8ab4a37b48e293be9c4d93a7496eafbe7668d86ad88805430189b14fdd9c573a,2024-10,Northumbria Police,Northumbria Police,-1.580297,55.060755,On or near Coronation Street,E01008480,North Tyneside 002B,Violence and sexual offences,Status update unavailable,
dbb1551d8a4e77fc5af01594a0e400b751dd6654f31227334fd49e5955ee8241,2024-10,Northumbria Police,Northumbria Police,-1.581804,55.060347,On or near Lee Street,E01008480,North Tyneside 002B,Violence and sexual offences,Status update unavailable,
db4224b2ea0f2a4d254066fa0268a4ca6966cade2400fb5b5efba8c47d7713e0,2024-10,Northumbria Police,Northumbria Police,-1.579612,55.058920,On or near Burnside Avenue,E01008480,North Tyneside 002B,Violence and sexual offences,Status update unavailable,
a373ce38cd9f0c5b270929351ad7e430926d394699b54e26e892e405f4da63ac,2024-10,Northumbria Police,Northumbria Police,-1.579373,55.056340,On or near Burn View,E01008480,North Tyneside 002B,Violence and sexual offences,Status update unavailable,
4689cf4fc5d5461cbea3571ad984005401e2ae43b2f6918ae100bed478959457,2024-10,Northumbria Police,Northumbria Police,-1.579373,55.056340,On or near Burn View,E01008480,North Tyneside 002B,Violence and sexual offences,Status update unavailable,
fd69ba6e3351485d61ec1944f19b71e914e6e2cf53af7780c27936483d31ff2a,2024-10,Northumbria Police,Northumbria Police,-1.578024,55.056596,On or near Petrol Station,E01008480,North Tyneside 002B,Violence and sexual offences,Investigation complete; no suspect identified,
,2024-10,Northumbria Police,Northumbria Police,-1.566485,55.036453,On or near Shopping Area,E01008504,North Tyneside 002C,Anti-social behaviour,,
ce786c50ef77eccc527080e0c8f9775ad5949dba68b2401fc7b7c00b35542c4f,2024-10,Northumbria Police,Northumbria Police,-1.563054,55.041123,On or near Edge Mount,E01008504,North Tyneside 002C,Criminal damage and arson,Investigation complete; no suspect identified,
fd073c89ebf74f60f61535407594d8cd87dfa48d160487e9e81f9c6cc7b4488f,2024-10,Northumbria Police,Northumbria Police,-1.566485,55.036453,On or near Shopping Area,E01008504,North Tyneside 002C,Criminal damage and arson,Status update unavailable,
adb9cf2209d8a50557f596441615781a9a04729a377fa5471ed2a73a4e8ac1ff,2024-10,Northumbria Police,Northumbria Police,-1.566485,55.036453,On or near Shopping Area,E01008504,North Tyneside 002C,Other theft,Investigation complete; no suspect identified,
1327c5a31e06cfb661f90c54cef223ebe2aba5bcdf8bc359959ebbf7456f3818,2024-10,Northumbria Police,Northumbria Police,-1.566485,55.036453,On or near Shopping Area,E01008504,North Tyneside 002C,Public order,Status update unavailable,
c7bd13ea4659bebc4827af3ee2862cfa6b5897cfb38da3331ef7bdd8a91bb274,2024-10,Northumbria Police,Northumbria Police,-1.566485,55.036453,On or near Shopping Area,E01008504,North Tyneside 002C,Shoplifting,Investigation complete; no suspect identified,
0f2e5a88609473d1991635eb6bbc6662fb34d48fa5f0ecf1794283abe299f03e,2024-10,Northumbria Police,Northumbria Police,-1.566485,55.036453,On or near Shopping Area,E01008504,North Tyneside 002C,Shoplifting,Investigation complete; no suspect identified,
b77efecbfaae95cc7cdfe90bb707c2826a6d43597f1ad016463f114595f2bd6f,2024-10,Northumbria Police,Northumbria Police,-1.566485,55.036453,On or near Shopping Area,E01008504,North Tyneside 002C,Shoplifting,Investigation complete; no suspect identified,
bb2557500da33e18503653e2e2b390c31cccd4f1b7676de99862c68c411eaabb,2024-10,Northumbria Police,Northumbria Police,-1.566485,55.036453,On or near Shopping Area,E01008504,North Tyneside 002C,Shoplifting,Investigation complete; no suspect identified,
74afeaf8d8b26375e63d93187016d007471f98f64d05d352f0251bba6ffa105a,2024-10,Northumbria Police,Northumbria Police,-1.566485,55.036453,On or near Shopping Area,E01008504,North Tyneside 002C,Shoplifting,Investigation complete; no suspect identified,
455da7a6b05392873d3705696c55099ad1f821b14d6bee412b6217a60decc363,2024-10,Northumbria Police,Northumbria Police,-1.566485,55.036453,On or near Shopping Area,E01008504,North Tyneside 002C,Shoplifting,Investigation complete; no suspect identified,
,2024-10,Northumbria Police,Northumbria Police,-1.594156,55.055743,On or near Tantallon Court,E01008578,North Tyneside 002D,Anti-social behaviour,,
9d958b90f394c98c2476a37cbaf6e1cc553ce9cf9a9cafa7c04449c59f449e30,2024-10,Northumbria Police,Northumbria Police,-1.592285,55.053445,On or near Weetslade Road,E01008578,North Tyneside 002D,Criminal damage and arson,Investigation complete; no suspect identified,
b554d9c2f90b09f73222fe2aeea2db2571560503562df0230c31f3c76460c839,2024-10,Northumbria Police,Northumbria Police,-1.593428,55.051868,On or near Weetslade Crescent,E01008578,North Tyneside 002D,Public order,Status update unavailable,
fdaf201d8935d79e2377a5365dddb5089df5842d94908cf003c0b848d653bd58,2024-10,Northumbria Police,Northumbria Police,-1.594328,55.055816,On or near Parking Area,E01008578,North Tyneside 002D,Violence and sexual offences,Status update unavailable,
,2024-10,Northumbria Police,Northumbria Police,-1.592178,55.063986,On or near Dudley Lane,E01008583,North Tyneside 002E,Anti-social behaviour,,
,2024-10,Northumbria Police,Northumbria Police,-1.592062,55.063150,On or near Hedgefield View,E01008583,North Tyneside 002E,Anti-social behaviour,,
62b0132e6792775e23da9e3a37500e43948045d90db855d94e539b8c9d59bb47,2024-10,Northumbria Police,Northumbria Police,-1.599551,55.056336,On or near Coquet Terrace,E01008583,North Tyneside 002E,Other theft,Status update unavailable,
696a29d6f4bc246620993a29cbccc47bf59aae719eab40affb79d4c76d14ff8e,2024-10,Northumbria Police,Northumbria Police,-1.593004,55.059801,On or near Ford View,E01008583,North Tyneside 002E,Other theft,Investigation complete; no suspect identified,
2e4cb427292e13091ae62cf43ebb5422d3c1454fa17b69287927fe2bcfdd19b8,2024-10,Northumbria Police,Northumbria Police,-1.599551,55.056336,On or near Coquet Terrace,E01008583,North Tyneside 002E,Vehicle crime,Investigation complete; no suspect identified,
66a27c03d2a84a591d89131946e0937d8033486939a04010b1b86a8cd87b2803,2024-10,Northumbria Police,Northumbria Police,-1.599637,55.057100,On or near Western Terrace,E01008583,North Tyneside 002E,Violence and sexual offences,Status update unavailable,
794553efe8f8ecffd63612d2bfc017e9b1248a86f55798dd1ba22dc7d3212a3e,2024-10,Northumbria Police,Northumbria Police,-1.599637,55.057100,On or near Western Terrace,E01008583,North Tyneside 002E,Violence and sexual offences,Status update unavailable,
4cfafcc6d890a0af61dcdc2414148e4edd2e0163fe99f8f2c35efc226707fb33,2024-10,Northumbria Police,Northumbria Police,-1.602351,55.056570,On or near Green Crescent,E01008583,North Tyneside 002E,Violence and sexual offences,Status update unavailable,
cc1162a2d278ee49bd6684bb732f77f1f635b41eede51cb88062f994f1861bbd,2024-10,Northumbria Police,Northumbria Police,-1.599551,55.056336,On or near Coquet Terrace,E01008583,North Tyneside 002E,Violence and sexual offences,Investigation complete; no suspect identified,
3a35f1ca002ff583dbba1984c53c20769bf0de4a5cac2f3f1e671ad629397f52,2024-10,Northumbria Police,Northumbria Police,-1.602351,55.056570,On or near Green Crescent,E01008583,North Tyneside 002E,Violence and sexual offences,Status update unavailable,
f948445304b60a8e0c55c9d450f3bab29a3c8eff4ce3a3c268f52fafde7678c6,2024-10,Northumbria Police,Northumbria Police,-1.602351,55.056570,On or near Green Crescent,E01008583,North Tyneside 002E,Other crime,Status update unavailable,
,2024-10,Northumbria Police,Northumbria Police,-1.461091,55.045657,On or near Parking Area,E01008520,North Tyneside 003A,Anti-social behaviour,,
,2024-10,Northumbria Police,Northumbria Police,-1.461091,55.045657,On or near Parking Area,E01008520,North Tyneside 003A,Anti-social behaviour,,
,2024-10,Northumbria Police,Northumbria Police,-1.461091,55.045657,On or near Parking Area,E01008520,North Tyneside 003A,Anti-social behaviour,,
,2024-10,Northumbria Police,Northumbria Police,-1.453833,55.045346,On or near Marine Avenue,E01008520,North Tyneside 003A,Anti-social behaviour,,
,2024-10,Northumbria Police,Northumbria Police,-1.461377,55.044122,On or near Hartley Avenue,E01008520,North Tyneside 003A,Anti-social behaviour,,
,2024-10,Northumbria Police,Northumbria Police,-1.461377,55.044122,On or near Hartley Avenue,E01008520,North Tyneside 003A,Anti-social behaviour,,
7df0b279d97007045ed9846f1e22892ef6406fe42a3c7ea9e02017c2d2410e07,2024-10,Northumbria Police,Northumbria Police,-1.462849,55.041738,On or near Percy Terrace,E01008520,North Tyneside 003A,Criminal damage and arson,Investigation complete; no suspect identified,
1fffe4a45fb2302719d183338fd4101431dd2cd307d7748fbd1108bb86f74fed,2024-10,Northumbria Police,Northumbria Police,-1.461091,55.045657,On or near Parking Area,E01008520,North Tyneside 003A,Drugs,Investigation complete; no suspect identified,
6ed616ddfd4b5d268bc043f96318e161e4bab1cb8e541927365fa6cdb19ed043,2024-10,Northumbria Police,Northumbria Police,-1.462849,55.041738,On or near Percy Terrace,E01008520,North Tyneside 003A,Violence and sexual offences,Investigation complete; no suspect identified,
56441f7ae176288cdecd58c69b5b344caabfe9ea951dfe4edff2a72c89cf0bbe,2024-10,Northumbria Police,Northumbria Police,-1.462849,55.041738,On or near Percy Terrace,E01008520,North Tyneside 003A,Violence and sexual offences,Investigation complete; no suspect identified,
50f3189973c6241dba4ca115a99dcc0b6f2fe69b8938ab90aca17158b47029e5,2024-10,Northumbria Police,Northumbria Police,-1.458541,55.049024,On or near Swinbourne Gardens,E01008523,North Tyneside 003B,Other theft,Offender given a caution,
4dc7b88f48baf4a1944fc26325c5455d31629548db0e1e64b97ea69042d24f8d,2024-10,Northumbria Police,Northumbria Police,-1.460262,55.050299,On or near Shaftesbury Avenue,E01008523,North Tyneside 003B,Violence and sexual offences,Status update unavailable,
,2024-10,Northumbria Police,Northumbria Police,-1.462514,55.051558,On or near Rothley Way,E01008546,North Tyneside 003C,Anti-social behaviour,,
,2024-10,Northumbria Police,Northumbria Police,-1.455817,55.050279,On or near Evesham Avenue,E01008550,North Tyneside 003D,Anti-social behaviour,,
9be43fc46e3e0cfcacf37105ac1997dd084d5c9e5501343c6bbe30e04d8b5749,2024-10,Northumbria Police,Northumbria Police,-1.456110,55.049427,On or near Claremont Gardens,E01008550,North Tyneside 003D,Other theft,Investigation complete; no suspect identified,
,2024-10,Northumbria Police,Northumbria Police,-1.626145,55.054911,On or near Bridge Court,E01008577,North Tyneside 004A,Anti-social behaviour,,
,2024-10,Northumbria Police,Northumbria Police,-1.624517,55.048256,On or near Supermarket,E01008577,North Tyneside 004A,Anti-social behaviour,,
,2024-10,Northumbria Police,Northumbria Police,-1.624517,55.048256,On or near Supermarket,E01008577,North Tyneside 004A,Anti-social behaviour,,
,2024-10,Northumbria Police,Northumbria Police,-1.624517,55.048256,On or near Supermarket,E01008577,North Tyneside 004A,Anti-social behaviour,,
d3bc6f86d1790f3dc01e9a32262e1333c89c4703595b2e1264766c822bd29161,2024-10,Northumbria Police,Northumbria Police,-1.623027,55.051873,On or near Morpeth Avenue,E01008577,North Tyneside 004A,Burglary,Investigation complete; no suspect identified,
942fcf02247caeaf39a5f6a959e34eccb30bd0e9c810c03275d325d18627bd19,2024-10,Northumbria Police,Northumbria Police,-1.616270,55.046478,On or near Nuthatch Close,E01008577,North Tyneside 004A,Drugs,Court result unavailable,
cecada2b1c200e132df5df2eba565b4517cb3d98d64b802b2edc4b83bb69e9a4,2024-10,Northumbria Police,Northumbria Police,-1.595795,55.040184,On or near Petrol Station,E01008577,North Tyneside 004A,Other theft,Status update unavailable,
19459320458ba4df961501eec06661e27b2b137fedf019472afc960d37d248e4,2024-10,Northumbria Police,Northumbria Police,-1.595795,55.040184,On or near Petrol Station,E01008577,North Tyneside 004A,Other theft,Investigation complete; no suspect identified,
c08ae62c8d817a5638228ec9865dbae123920b3c7d3ca3bdb90d1de6784fe657,2024-10,Northumbria Police,Northumbria Police,-1.616270,55.046478,On or near Nuthatch Close,E01008577,North Tyneside 004A,Public order,Investigation complete; no suspect identified,
29a4783e22bc6dcf910e988963952148c66b189a35a8e0c44d674525b43090cf,2024-10,Northumbria Police,Northumbria Police,-1.622071,55.050333,On or near Taylor Avenue,E01008577,North Tyneside 004A,Violence and sexual offences,Investigation complete; no suspect identified,
cfbb87f2651c8d7c3473c727df53c788415adaeabace1f1b48ecf9711b6aa51f,2024-10,Northumbria Police,Northumbria Police,-1.622071,55.050333,On or near Taylor Avenue,E01008577,North Tyneside 004A,Violence and sexual offences,Investigation complete; no suspect identified,
53fdd870ecf6b0c1ab888287301225efd2282c7a0e18a4af1de3869d7fb7be0f,2024-10,Northumbria Police,Northumbria Police,-1.622071,55.050333,On or near Taylor Avenue,E01008577,North Tyneside 004A,Violence and sexual offences,Status update unavailable,
477bc396832cc1c51ef4cfe7e6777696c31f0236647940e25691d105ba7e4bd8,2024-10,Northumbria Police,Northumbria Police,-1.623718,55.050015,On or near Warkworth Drive,E01008577,North Tyneside 004A,Violence and sexual offences,Status update unavailable,
8a6939df2a4d3008f0902b3e8d9e35843d98b10f88d3673972c7822299b10e65,2024-10,Northumbria Police,Northumbria Police,-1.626636,55.050905,On or near Chantry Drive,E01008577,North Tyneside 004A,Violence and sexual offences,Investigation complete; no suspect identified,
e517450267f6a88a002c95cc824bf538fa766387dd2ca226804f2f9c79b8d4e8,2024-10,Northumbria Police,Northumbria Police,-1.616270,55.046478,On or near Nuthatch Close,E01008577,North Tyneside 004A,Violence and sexual offences,Court result unavailable,
bd77a8ba57980093f5daf9be6db71faf15be405da1fb38321ad9c7b931f84fcc,2024-10,Northumbria Police,Northumbria Police,-1.623027,55.051873,On or near Morpeth Avenue,E01008577,North Tyneside 004A,Violence and sexual offences,Status update unavailable,
894225ea06f2bd17164c61fd718dcccf3dae66506411c18566300ef4f774bd05,2024-10,Northumbria Police,Northumbria Police,-1.624517,55.048256,On or near Supermarket,E01008577,North Tyneside 004A,Other crime,Investigation complete; no suspect identified,
,2024-10,Northumbria Police,Northumbria Police,-1.623278,55.045170,On or near Harrow Gardens,E01008579,North Tyneside 004B,Anti-social behaviour,,
f246aa84224aa16fc9c42383d701e5cc70708b657a6f9d424167f5884db89271,2024-10,Northumbria Police,Northumbria Police,-1.633776,55.042093,On or near Pader Close,E01008580,North Tyneside 004C,Criminal damage and arson,Investigation complete; no suspect identified,
132cf9c9a9fe72ea84a5e3d1a4407aa47850521e963e830cf6ddc61054afdb0a,2024-10,Northumbria Police,Northumbria Police,-1.633173,55.044697,On or near Remus Close,E01008580,North Tyneside 004C,Violence and sexual offences,Investigation complete; no suspect identified,
,2024-10,Northumbria Police,Northumbria Police,-1.629763,55.061491,On or near Front Street,E01008582,North Tyneside 004E,Anti-social behaviour,,
,2024-10,Northumbria Police,Northumbria Police,-1.626767,55.058732,On or near Peel Court,E01008582,North Tyneside 004E,Anti-social behaviour,,
b628bfdf37e236926e48a63726272d8e25bcc66d1e92051c255a9c01a5372c76,2024-10,Northumbria Police,Northumbria Police,-1.628339,55.058081,On or near Railway Close,E01008582,North Tyneside 004E,Burglary,Investigation complete; no suspect identified,
1d3698a77b190d2cfd3a71e04553976f93dc655c51a4834e3f5da705da1bf5d7,2024-10,Northumbria Police,Northumbria Police,-1.622909,55.057831,On or near Ivy And Elm Street,E01008582,North Tyneside 004E,Burglary,Investigation complete; no suspect identified,
b1b9c38f51f90f90b10783205ee733f3b355095a75ad7b5a3884c7f62902d5e1,2024-10,Northumbria Police,Northumbria Police,-1.628710,55.058603,On or near Brenkley Court,E01008582,North Tyneside 004E,Other theft,Investigation complete; no suspect identified,
78dbd50af5228628b21c80896d254c721bdc66d92442ba88e5a2588390368de5,2024-10,Northumbria Police,Northumbria Police,-1.625824,55.057444,On or near Russell Square,E01008582,North Tyneside 004E,Shoplifting,Investigation complete; no suspect identified,
1f7f3ff74bd2612786dca04ec64d99c8cfc4a20a6e9fb661e0a44e057e40e1a0,2024-10,Northumbria Police,Northumbria Police,-1.619536,55.056975,On or near Nearlane Close,E01008582,North Tyneside 004E,Theft from the person,Status update unavailable,
8a639adc8f1b0201520738deb5b8b22ae231176f63e3f22e778ca766c81a3542,2024-10,Northumbria Police,Northumbria Police,-1.624459,55.057835,On or near Oak And Pine Street,E01008582,North Tyneside 004E,Violence and sexual offences,Status update unavailable,
9e658bca8339a4a007c0072d5ebd7ff21913b2e86e4802ea3221781e58fa685b,2024-10,Northumbria Police,Northumbria Police,-1.619536,55.056975,On or near Nearlane Close,E01008582,North Tyneside 004E,Violence and sexual offences,Status update unavailable,
9a3c95a1fe53608314f12e98882efac3800c6c53ef4183bc759622f8920ae99a,2024-10,Northumbria Police,Northumbria Police,-1.619536,55.056975,On or near Nearlane Close,E01008582,North Tyneside 004E,Violence and sexual offences,Status update unavailable,
c84cfd4eb3bdecb23f777d5c5e133a4556a271df462c1224ab557e1c22f6773f,2024-10,Northumbria Police,Northumbria Police,-1.624459,55.057835,On or near Oak And Pine Street,E01008582,North Tyneside 004E,Violence and sexual offences,Investigation complete; no suspect identified,
f4dde441c8b1215c693ac166b3fc153b82aa97958d208bf98533f94d8902576c,2024-10,Northumbria Police,Northumbria Police,-1.467748,55.046423,On or near The Green,E01008517,North Tyneside 005A,Drugs,Status update unavailable,
2dfd2cd47465523612cc2557dda81792e06612cac985166cc6794ba4d75bce22,2024-10,Northumbria Police,Northumbria Police,-1.467748,55.046423,On or near The Green,E01008517,North Tyneside 005A,Drugs,Investigation complete; no suspect identified,
98ab4faceae2e23afec1e95a8b47ffd868f5426e8efc5a24066e2fb369668a6f,2024-10,Northumbria Police,Northumbria Police,-1.470073,55.044528,On or near Hillfield,E01008517,North Tyneside 005A,Possession of weapons,Investigation complete; no suspect identified,
01b84581749d53602da0333824e80d631ccc5f982560c394835471a0fab2e8ac,2024-10,Northumbria Police,Northumbria Police,-1.464677,55.044334,On or near The Dene,E01008517,North Tyneside 005A,Violence and sexual offences,Investigation complete; no suspect identified,
1a7521cb4dabcfd5911a9d60c0a6ab0aa37b38fae9ba896dac44bef5e67694f2,2024-10,Northumbria Police,Northumbria Police,-1.469442,55.044957,On or near Hazeldene,E01008517,North Tyneside 005A,Violence and sexual offences,Status update unavailable,
,2024-10,Northumbria Police,Northumbria Police,-1.476399,55.041869,On or near Sandown,E01008519,North Tyneside 005B,Anti-social behaviour,,
12cd856e67abd31842754f486180e548f7f7fb28edae75afd4614020e738599e,2024-10,Northumbria Police,Northumbria Police,-1.476399,55.041869,On or near Sandown,E01008519,North Tyneside 005B,Criminal damage and arson,Status update unavailable,
f1e606d044d286bfe1c7622a947e22d6d07d1620c9733562a09db02ec3029bce,2024-10,Northumbria Police,Northumbria Police,-1.476399,55.041869,On or near Sandown,E01008519,North Tyneside 005B,Other theft,Investigation complete; no suspect identified,
a52b986d4889a0849b3709f6fcb445f3375913b55b15c7d3540f48342022dcee,2024-10,Northumbria Police,Northumbria Police,-1.478213,55.044402,On or near Newsteads Drive,E01008519,North Tyneside 005B,Vehicle crime,Investigation complete; no suspect identified,
3829b3fef7c2b0b1af332fd7afec0961783d0badbac4b165a4333687fb8edd67,2024-10,Northumbria Police,Northumbria Police,-1.476370,55.040476,On or near West Monkseaton,E01008521,North Tyneside 005C,Bicycle theft,Investigation complete; no suspect identified,
32f27f2166eb233c34546dc601c264d150d242e051340f79da29b4a368a3ef13,2024-10,Northumbria Police,Northumbria Police,-1.472991,55.038074,On or near Supermarket,E01008521,North Tyneside 005C,Shoplifting,Status update unavailable,
c78b18c6ef5258b124268ce784cbac2c7ff77c839bc6941d2ddef0a471f1a397,2024-10,Northumbria Police,Northumbria Police,-1.479062,55.040496,On or near Melville Gardens,E01008521,North Tyneside 005C,Vehicle crime,Investigation complete; no suspect identified,
734c12c00b1b9d38f08fc863a044e3fb8bf311a04462057015137dbaff040da8,2024-10,Northumbria Police,Northumbria Police,-1.478786,55.038851,On or near Fairfield Green,E01008521,North Tyneside 005C,Violence and sexual offences,Status update unavailable,
d341eb55d696bc8e34e448e38015ea784db041da7d5ac127f4e8c39ec1cec157,2024-10,Northumbria Police,Northumbria Police,-1.481279,55.040883,On or near Church Close,E01008521,North Tyneside 005C,Violence and sexual offences,Status update unavailable,
e65169e3d08555fa9f8ebfd4073f73ee611a66828b15420bca206899d8f6852e,2024-10,Northumbria Police,Northumbria Police,-1.478587,55.040916,On or near Earsdon Road,E01008521,North Tyneside 005C,Violence and sexual offences,Status update unavailable,
3d5e4d6bfdf4977ca3325156d40756fae64166e2ced932d6bcd452bcc6c2c5f1,2024-10,Northumbria Police,Northumbria Police,-1.468345,55.039102,On or near Cauldwell Lane,E01008522,North Tyneside 005D,Shoplifting,Investigation complete; no suspect identified,
15c9a1f5535302fda1462454f9b110a4e93e6cf9a4bbab81228993662b6e6d77,2024-10,Northumbria Police,Northumbria Police,-1.468345,55.039102,On or near Cauldwell Lane,E01008522,North Tyneside 005D,Violence and sexual offences,Court result unavailable,
,2024-10,Northumbria Police,Northumbria Police,-1.443729,55.043782,On or near North Parade,E01008584,North Tyneside 006A,Anti-social behaviour,,
,2024-10,Northumbria Police,Northumbria Police,-1.445642,55.041292,On or near Fern Avenue,E01008584,North Tyneside 006A,Anti-social behaviour,,
,2024-10,Northumbria Police,Northumbria Police,-1.444200,55.044808,On or near Ocean View,E01008584,North Tyneside 006A,Anti-social behaviour,,
,2024-10,Northumbria Police,Northumbria Police,-1.445408,55.045739,On or near Brook Street,E01008584,North Tyneside 006A,Anti-social behaviour,,
,2024-10,Northumbria Police,Northumbria Police,-1.446237,55.041250,On or near Laburnum Avenue,E01008584,North Tyneside 006A,Anti-social behaviour,,
,2024-10,Northumbria Police,Northumbria Police,-1.446844,55.042646,On or near Parking Area,E01008584,North Tyneside 006A,Anti-social behaviour,,
804b4553bf9702d25f3fba397598851236b3bbbca73c2633f866c1669f1cde90,2024-10,Northumbria Police,Northumbria Police,-1.442576,55.043435,On or near South Parade,E01008584,North Tyneside 006A,Criminal damage and arson,Investigation complete; no suspect identified,
ed116580c2c1fd0a4b7f5e86382000de3f06674b1b7e049b5149c05d0a107aa7,2024-10,Northumbria Police,Northumbria Police,-1.441129,55.042862,On or near Esplanade,E01008584,North Tyneside 006A,Criminal damage and arson,Status update unavailable,
50b1ae9a75418f4e88b9d19561142c02de1e480e7af8a5f19ca777a188855a3e,2024-10,Northumbria Police,Northumbria Police,-1.445572,55.046934,On or near Parking Area,E01008584,North Tyneside 006A,Drugs,Status update unavailable,
447deed341eb5a78b316037ddf3152210cff3db57d34a2bf85b00ef60adb4fb5,2024-10,Northumbria Police,Northumbria Police,-1.442576,55.043435,On or near South Parade,E01008584,North Tyneside 006A,Drugs,Investigation complete; no suspect identified,
a5eeb7e0f414a9ce18c9f0468c4120cc4d7d59f5047d09fbc1f12fcc500ab1fa,2024-10,Northumbria Police,Northumbria Police,-1.441129,55.042862,On or near Esplanade,E01008584,North Tyneside 006A,Other theft,Investigation complete; no suspect identified,
1d607631147e6728e483bafb6d4a7466608838420ac2dd063e7ddbbb39a8bfe5,2024-10,Northumbria Police,Northumbria Police,-1.442576,55.043435,On or near South Parade,E01008584,North Tyneside 006A,Other theft,Investigation complete; no suspect identified,
a4ccbd64bc4ea60d7690deadba5441b37dc7190115f470a8faa22db83ad19aaa,2024-10,Northumbria Police,Northumbria Police,-1.446844,55.042646,On or near Parking Area,E01008584,North Tyneside 006A,Possession of weapons,Court result unavailable,
aa3f0fad96622cf6ecc0c193e866c3226655a18b2dac9b2745fe38d201a2a6b8,2024-10,Northumbria Police,Northumbria Police,-1.441129,55.042862,On or near Esplanade,E01008584,North Tyneside 006A,Public order,Investigation complete; no suspect identified,
ade95356e03f5e48b5840d3d4e7c1e7af2b29343476ae8d64ea7692a3bc4eedc,2024-10,Northumbria Police,Northumbria Police,-1.446844,55.042646,On or near Parking Area,E01008584,North Tyneside 006A,Public order,Investigation complete; no suspect identified,
80e29d4d125bce3aee268191aea3d46c6bd51740b0759cff29d8afab2a1e3d11,2024-10,Northumbria Police,Northumbria Police,-1.442576,55.043435,On or near South Parade,E01008584,North Tyneside 006A,Public order,Investigation complete; no suspect identified,
81f6eeb55ad0b457aad9f0163af4cd0694dbec89063e91f66432983b43992643,2024-10,Northumbria Police,Northumbria Police,-1.444740,55.042552,On or near Shopping Area,E01008584,North Tyneside 006A,Public order,Status update unavailable,
3c8d3a2c20ede1a6458ba4ea6fdf9b91b58913a48146400d8719283c1353b792,2024-10,Northumbria Police,Northumbria Police,-1.446844,55.042646,On or near Parking Area,E01008584,North Tyneside 006A,Shoplifting,Investigation complete; no suspect identified,
f90533a8e81dfbfc570d9897d8105c10d1740d3a47b537924a9e6141723208f4,2024-10,Northumbria Police,Northumbria Police,-1.444740,55.042552,On or near Shopping Area,E01008584,North Tyneside 006A,Shoplifting,Investigation complete; no suspect identified,
5ba597231cbd0b3b3e784ad6c4006f9d9b6241c5ea3f608acbd7cc184e1a3d2a,2024-10,Northumbria Police,Northumbria Police,-1.446844,55.042646,On or near Parking Area,E01008584,North Tyneside 006A,Shoplifting,Status update unavailable,
21492aa46fef299c578d8d6934ad5662c88ab91becf99d84d76f354463a89713,2024-10,Northumbria Police,Northumbria Police,-1.443729,55.043782,On or near North Parade,E01008584,North Tyneside 006A,Theft from the person,Status update unavailable,
bcd90b28637e2ca20a2df07a9ef4247b8cd2aa4e3602b5c2b47e947854ad2037,2024-10,Northumbria Police,Northumbria Police,-1.445258,55.044130,On or near Oxford Street,E01008584,North Tyneside 006A,Vehicle crime,Investigation complete; no suspect identified,
a6092558e0fb3580ca54d588140a5e24243bcd4c355c7649b729fa0bca242571,2024-10,Northumbria Police,Northumbria Police,-1.445093,55.041389,On or near Clifton Terrace,E01008584,North Tyneside 006A,Violence and sexual offences,Investigation complete; no suspect identified,
2a81616261071e9b789d383537d18fdfea4c17e8c1a64422baa216e7c48df0a7,2024-10,Northumbria Police,Northumbria Police,-1.444200,55.044808,On or near Ocean View,E01008584,North Tyneside 006A,Violence and sexual offences,Status update unavailable,
4b94f2033f774435fa72221546a1da313243c67584bb8efb4bab520f509052ae,2024-10,Northumbria Police,Northumbria Police,-1.444200,55.044808,On or near Ocean View,E01008584,North Tyneside 006A,Violence and sexual offences,Status update unavailable,
bf6426338916804034f12ba0269ceeabfdc5469b4c0bd998c2270c843a8f62d7,2024-10,Northumbria Police,Northumbria Police,-1.441129,55.042862,On or near Esplanade,E01008584,North Tyneside 006A,Violence and sexual offences,Investigation complete; no suspect identified,
bdf58a567173034cb7af23dd80fb0721cb60f3193b1fbf6dc840dd95dbb2f35f,2024-10,Northumbria Police,Northumbria Police,-1.444740,55.042552,On or near Shopping Area,E01008584,North Tyneside 006A,Violence and sexual offences,Investigation complete; no suspect identified,
3c07006464331431e626b4189f29e0419f67d1a931b936db7a933fdf5b754f57,2024-10,Northumbria Police,Northumbria Police,-1.446844,55.042646,On or near Parking Area,E01008584,North Tyneside 006A,Violence and sexual offences,Investigation complete; no suspect identified,
f32f898211c494f3204a887a72cf63851b6919dba9bae3ae4c701c954172ebde,2024-10,Northumbria Police,Northumbria Police,-1.441129,55.042862,On or near Esplanade,E01008584,North Tyneside 006A,Violence and sexual offences,Status update unavailable,
91a95f4468e7f6670397725ac4912ad33643dc5a9a4d66f097897e581e291c0f,2024-10,Northumbria Police,Northumbria Police,-1.446844,55.042646,On or near Parking Area,E01008584,North Tyneside 006A,Violence and sexual offences,Awaiting court outcome,
a8f6ce7224634537a971a045afc689b5d28f31590eb85725127d39cce2b47456,2024-10,Northumbria Police,Northumbria Police,-1.441129,55.042862,On or near Esplanade,E01008584,North Tyneside 006A,Violence and sexual offences,Status update unavailable,
6705461be63e659b7a948988fd71b997c18df22bdde770287361460336957266,2024-10,Northumbria Police,Northumbria Police,-1.441129,55.042862,On or near Esplanade,E01008584,North Tyneside 006A,Violence and sexual offences,Status update unavailable,
aef41d6e4579774cc7f466143e1225b30c9da13bebe9dd806acecd4797d2ff66,2024-10,Northumbria Police,Northumbria Police,-1.444200,55.044808,On or near Ocean View,E01008584,North Tyneside 006A,Violence and sexual offences,Status update unavailable,
671db77530f6309dbada2cbdb284fc9447171db515d5d70bb701be38f929df04,2024-10,Northumbria Police,Northumbria Police,-1.443729,55.043782,On or near North Parade,E01008584,North Tyneside 006A,Violence and sexual offences,Status update unavailable,
,2024-10,Northumbria Police,Northumbria Police,-1.452686,55.039931,On or near Supermarket,E01008585,North Tyneside 006B,Anti-social behaviour,,
,2024-10,Northumbria Police,Northumbria Police,-1.449596,55.041616,On or near Park Gardens,E01008585,North Tyneside 006B,Anti-social behaviour,,
,2024-10,Northumbria Police,Northumbria Police,-1.451260,55.041273,On or near Queen'S Drive,E01008585,North Tyneside 006B,Anti-social behaviour,,
,2024-10,Northumbria Police,Northumbria Police,-1.447278,55.044040,On or near Park Avenue,E01008585,North Tyneside 006B,Anti-social behaviour,,
9fb1b97bd53f4682098780d100de1d5542a53c26583922f8457292bcb791a91b,2024-10,Northumbria Police,Northumbria Police,-1.448899,55.042233,On or near Parking Area,E01008585,North Tyneside 006B,Criminal damage and arson,Investigation complete; no suspect identified,
809094fe0e8fe99a7a452748e2738ac87bc5c471055703a15084901f6a293d39,2024-10,Northumbria Police,Northumbria Police,-1.447278,55.044040,On or near Park Avenue,E01008585,North Tyneside 006B,Criminal damage and arson,Court result unavailable,
828495d0a062ee5258ae5403148b3378cc17a88871730fad0bcca65ca5072683,2024-10,Northumbria Police,Northumbria Police,-1.447278,55.044040,On or near Park Avenue,E01008585,North Tyneside 006B,Other theft,Investigation complete; no suspect identified,
f0e2229976b86e0d4750dab4044bd6e0487b93b1bd9dd22418bfb7e665ed1071,2024-10,Northumbria Police,Northumbria Police,-1.449596,55.041616,On or near Park Gardens,E01008585,North Tyneside 006B,Public order,Investigation complete; no suspect identified,
e77aa086605caf91b48db7f2b5592a077067ad46c0a5ec25513980c67fe6d335,2024-10,Northumbria Police,Northumbria Police,-1.449218,55.041794,On or near Shopping Area,E01008585,North Tyneside 006B,Public order,Investigation complete; no suspect identified,
a3d26bd35b32b52a21d68e88b1b1ba308590fd78272b74342f2fa0a6601255ba,2024-10,Northumbria Police,Northumbria Police,-1.452686,55.039931,On or near Supermarket,E01008585,North Tyneside 006B,Public order,Investigation complete; no suspect identified,
9ab5002d2f62e0680e9384ff35c48d5a9f853638e668aca478cb01647c94c0a0,2024-10,Northumbria Police,Northumbria Police,-1.452686,55.039931,On or near Supermarket,E01008585,North Tyneside 006B,Public order,Investigation complete; no suspect identified,
07c2f912324a018c96f1cabff52fa39f9963c8b9a97593f39707b0ca76253a4e,2024-10,Northumbria Police,Northumbria Police,-1.452686,55.039931,On or near Supermarket,E01008585,North Tyneside 006B,Shoplifting,Investigation complete; no suspect identified,
baa3db6caf5c3ad4b15df048af3d151ba47f3e08e9c7dec6f215d28652303e0d,2024-10,Northumbria Police,Northumbria Police,-1.452686,55.039931,On or near Supermarket,E01008585,North Tyneside 006B,Shoplifting,Investigation complete; no suspect identified,
c2c1b179ff01656bdcf3ea7f7c32b769b3f8f4adcd380d6cd6845ee9f2ac9936,2024-10,Northumbria Police,Northumbria Police,-1.448899,55.042233,On or near Parking Area,E01008585,North Tyneside 006B,Shoplifting,Awaiting court outcome,
c909c0809a98d9059f0c1bbfd8afd727c47916f0e3797fc40cc49ecb2433861f,2024-10,Northumbria Police,Northumbria Police,-1.452686,55.039931,On or near Supermarket,E01008585,North Tyneside 006B,Shoplifting,Investigation complete; no suspect identified,
073093c9696f0c2dfa7b46af2eeaf849ff61686ea0b6d82ff143ae7306cc746b,2024-10,Northumbria Police,Northumbria Police,-1.452686,55.039931,On or near Supermarket,E01008585,North Tyneside 006B,Shoplifting,Investigation complete; no suspect identified,
0cd18c47cb47b6de70f7bafc02a50b64db750087fe199a243604e361670df73f,2024-10,Northumbria Police,Northumbria Police,-1.452686,55.039931,On or near Supermarket,E01008585,North Tyneside 006B,Shoplifting,Investigation complete; no suspect identified,
76112f9332259427b4c5fb201be331c0de09c6d8cf8e79fd6efa1c6eea3d4485,2024-10,Northumbria Police,Northumbria Police,-1.452686,55.039931,On or near Supermarket,E01008585,North Tyneside 006B,Shoplifting,Investigation complete; no suspect identified,
8daa08b6fda2c213b5f1aff1754f6859bcd08b3dc20a87f5bc196ab9a3427d18,2024-10,Northumbria Police,Northumbria Police,-1.452686,55.039931,On or near Supermarket,E01008585,North Tyneside 006B,Shoplifting,Investigation complete; no suspect identified,
180f79a6bc8f3dc94fa7812a367cc62124c5da7af751d93ec64ced7a1da14766,2024-10,Northumbria Police,Northumbria Police,-1.452686,55.039931,On or near Supermarket,E01008585,North Tyneside 006B,Shoplifting,Investigation complete; no suspect identified,
fd957699de6ff6dde951eab90c2effe58c9c8d623f830e3002e3afbd6221ce29,2024-10,Northumbria Police,Northumbria Police,-1.452686,55.039931,On or near Supermarket,E01008585,North Tyneside 006B,Shoplifting,Investigation complete; no suspect identified,
c52c3bb5925347ec142a29436f09fbf6a125267c2c37b3d425296f533ab5f1b7,2024-10,Northumbria Police,Northumbria Police,-1.452686,55.039931,On or near Supermarket,E01008585,North Tyneside 006B,Shoplifting,Investigation complete; no suspect identified,
0ed5e7f3f2c43e21e8a620afbb5307376041d40dc38ffb3ae99f4d75bd651a79,2024-10,Northumbria Police,Northumbria Police,-1.452686,55.039931,On or near Supermarket,E01008585,North Tyneside 006B,Shoplifting,Investigation complete; no suspect identified,
8bb4d0c0c4ad22a41fd3b2ef65873a58a680b3cc62389eb8a26d2eb733622cc7,2024-10,Northumbria Police,Northumbria Police,-1.452686,55.039931,On or near Supermarket,E01008585,North Tyneside 006B,Shoplifting,Investigation complete; no suspect identified,
8ceaa547ed2860c3f0dd43536c610cb2cf256bc352dea880651849c4ad6c6273,2024-10,Northumbria Police,Northumbria Police,-1.452686,55.039931,On or near Supermarket,E01008585,North Tyneside 006B,Violence and sexual offences,Investigation complete; no suspect identified,
,2024-10,Northumbria Police,Northumbria Police,-1.433606,55.040302,On or near Windsor Terrace,E01008587,North Tyneside 006C,Anti-social behaviour,,
f31dbeb6deb7066fa125595104978d0ca795e9278258c8036487f75d5cc21af3,2024-10,Northumbria Police,Northumbria Police,-1.434627,55.038941,On or near Margaret Road,E01008587,North Tyneside 006C,Burglary,Investigation complete; no suspect identified,
8cdd3160df929ccf21391f722d694a126d863954e35ead3f6ec495ddfbc0da0a,2024-10,Northumbria Police,Northumbria Police,-1.435468,55.039233,On or near Grafton Road,E01008587,North Tyneside 006C,Vehicle crime,Investigation complete; no suspect identified,
8c72bb7ec455a7c61dc869820f95cd1eec92e7e1c121569a0863261a8af28168,2024-10,Northumbria Police,Northumbria Police,-1.434627,55.038941,On or near Margaret Road,E01008587,North Tyneside 006C,Violence and sexual offences,Status update unavailable,
95dd333527cc9cd3111a361b2ca4f54a846e1429b158baac4c3612f5915268e5,2024-10,Northumbria Police,Northumbria Police,-1.438182,55.042058,On or near Helena Avenue,E01008587,North Tyneside 006C,Violence and sexual offences,Investigation complete; no suspect identified,
db60080eb2212f4b07a91285616d22aa4cca551b8988f24240ee6a6c47181058,2024-10,Northumbria Police,Northumbria Police,-1.438818,55.043570,On or near Promenade,E01008587,North Tyneside 006C,Violence and sexual offences,Status update unavailable,
352b18caf7747304f912c739e987bd8fcb2ad7360b88f8b4be398b2598a7cbe6,2024-10,Northumbria Police,Northumbria Police,-1.434627,55.038941,On or near Margaret Road,E01008587,North Tyneside 006C,Violence and sexual offences,Investigation complete; no suspect identified,
a528cd9c3070110b6061b0121dfd16970cb789ca71b3f2de276fd3296b0d2024,2024-10,Northumbria Police,Northumbria Police,-1.434627,55.038941,On or near Margaret Road,E01008587,North Tyneside 006C,Violence and sexual offences,Investigation complete; no suspect identified,
,2024-10,Northumbria Police,Northumbria Police,-1.438457,55.040316,On or near Parking Area,E01008588,North Tyneside 006D,Anti-social behaviour,,
,2024-10,Northumbria Police,Northumbria Police,-1.442456,55.040783,On or near Station Road,E01008588,North Tyneside 006D,Anti-social behaviour,,
86de67cbec7a04abf63d7704d12465828032da6bd9de1320e8f486f35527d643,2024-10,Northumbria Police,Northumbria Police,-1.438761,55.039823,On or near Egremont Place,E01008588,North Tyneside 006D,Burglary,Local resolution,
cae619a6705dc919f83bd21ca73eac22a17a0e13dc032c63e51cdcbc3be4f337,2024-10,Northumbria Police,Northumbria Police,-1.443153,55.040229,On or near Station Square,E01008588,North Tyneside 006D,Criminal damage and arson,Investigation complete; no suspect identified,
df8e168088fdd61cb3124a28da010bec55b572db3e1b0793ec387080ec094fe5,2024-10,Northumbria Police,Northumbria Police,-1.442456,55.040783,On or near Station Road,E01008588,North Tyneside 006D,Criminal damage and arson,Investigation complete; no suspect identified,
1597703da15e20faf65d26ddd9e980cffded410cb1dce06850434339a2580af7,2024-10,Northumbria Police,Northumbria Police,-1.442456,55.040783,On or near Station Road,E01008588,North Tyneside 006D,Criminal damage and arson,Investigation complete; no suspect identified,
a5ef98d7a30f76f2df4064be805f099111208d1c78d45114064ac94c44378624,2024-10,Northumbria Police,Northumbria Police,-1.442563,55.039849,On or near Whitley Bay,E01008588,North Tyneside 006D,Possession of weapons,Status update unavailable,
2cc7b26a9df969c83b71f106192f0e85a2736905ff8223fb712d81563633690b,2024-10,Northumbria Police,Northumbria Police,-1.442563,55.039849,On or near Whitley Bay,E01008588,North Tyneside 006D,Theft from the person,Investigation complete; no suspect identified,
f879d7e552d585e46b2c33d92560435d08853d2620d062ce54ce2cae3523bb3e,2024-10,Northumbria Police,Northumbria Police,-1.440427,55.040442,On or near Algernon Place,E01008588,North Tyneside 006D,Vehicle crime,Investigation complete; no suspect identified,
446a7843c48fafead1e6274c8c09e10734c8b4088315e0945c54976e08e03c99,2024-10,Northumbria Police,Northumbria Police,-1.439949,55.041041,On or near Whitley Road,E01008588,North Tyneside 006D,Vehicle crime,Investigation complete; no suspect identified,
62e68981d4a8c18dd9c667b4e576992d60621bfa3f7c0a1c03de771fbfb579b0,2024-10,Northumbria Police,Northumbria Police,-1.440427,55.040442,On or near Algernon Place,E01008588,North Tyneside 006D,Violence and sexual offences,Investigation complete; no suspect identified,
04d4ac285e4815b38c5fe16bfd0f53cb3a32acc714e8f40d047c18835119a6ac,2024-10,Northumbria Police,Northumbria Police,-1.442563,55.039849,On or near Whitley Bay,E01008588,North Tyneside 006D,Violence and sexual offences,Court result unavailable,
e9a32fefe92364346b1653b21e21e767960f485533a6095c6d37e0e7a94cb6b1,2024-10,Northumbria Police,Northumbria Police,-1.438865,55.041369,On or near Styan Avenue,E01008588,North Tyneside 006D,Violence and sexual offences,Investigation complete; no suspect identified,
c6e0b70fee5bf9d6bfac044369592aa1684328a6fb63923b84066b0325b13496,2024-10,Northumbria Police,Northumbria Police,-1.440241,55.042579,On or near Percy Road,E01008588,North Tyneside 006D,Violence and sexual offences,Investigation complete; no suspect identified,
1a14249425ceb7cfaf7c499f6cf54317cb5655281cf43fa1f1f0014487f46135,2024-10,Northumbria Police,Northumbria Police,-1.442456,55.040783,On or near Station Road,E01008588,North Tyneside 006D,Violence and sexual offences,Investigation complete; no suspect identified,
9f531488c6b5a4ed14d8b439ef04596b5a6bc7573a60bcccc41d9ce0f3f300ae,2024-10,Northumbria Police,Northumbria Police,-1.438457,55.040316,On or near Parking Area,E01008588,North Tyneside 006D,Violence and sexual offences,Status update unavailable,
cdb999408a0286a17ddf7ec1af7008069fb1fe1f1e88f9267b20732a24a4c9dc,2024-10,Northumbria Police,Northumbria Police,-1.442563,55.039849,On or near Whitley Bay,E01008588,North Tyneside 006D,Violence and sexual offences,Investigation complete; no suspect identified,
4451eab74a77c20f95d8ffea5b3bb4160ac5a38dccf1ba1e6c8f337a0a34a53a,2024-10,Northumbria Police,Northumbria Police,-1.440241,55.042579,On or near Percy Road,E01008588,North Tyneside 006D,Violence and sexual offences,Status update unavailable,
,2024-10,Northumbria Police,Northumbria Police,-1.442430,55.035895,On or near Burnside Road,E01008589,North Tyneside 006E,Anti-social behaviour,,
,2024-10,Northumbria Police,Northumbria Police,-1.444452,55.040181,On or near Parking Area,E01008589,North Tyneside 006E,Anti-social behaviour,,
6a91d1e42fbdd46d1b395d3a6641e8ffc2d1ca168a55386743afc5bf1b18c940,2024-10,Northumbria Police,Northumbria Police,-1.446415,55.037414,On or near Studley Gardens,E01008589,North Tyneside 006E,Drugs,Status update unavailable,
a504d0ceceaa9d3fe09b86fabc9e2e2ea331c3d09dfc8cd8d3c06f45916e7ce1,2024-10,Northumbria Police,Northumbria Police,-1.441715,55.036736,On or near Amble Avenue,E01008589,North Tyneside 006E,Other theft,Investigation complete; no suspect identified,
2fcd32ef74b656a23447b80088d4aaf8178a6f0e03bd66d272589635560b30ab,2024-10,Northumbria Police,Northumbria Police,-1.444452,55.040181,On or near Parking Area,E01008589,North Tyneside 006E,Other theft,Status update unavailable,
0d749b5467a60c69197a8b40ad90632a53427eeb0773559a3614cfad038fb4e4,2024-10,Northumbria Police,Northumbria Police,-1.446415,55.037414,On or near Studley Gardens,E01008589,North Tyneside 006E,Vehicle crime,Investigation complete; no suspect identified,
a31ce496decbe92016d313b4a300ddbb4b8ebc87e0a9a9d97523f24f05ba4d0a,2024-10,Northumbria Police,Northumbria Police,-1.441545,55.038829,On or near Dilston Avenue,E01008589,North Tyneside 006E,Violence and sexual offences,Status update unavailable,
bc3087266d06564dfbf79c465c4b5797d76d901a75936199d6736bd0f0b0b238,2024-10,Northumbria Police,Northumbria Police,-1.444452,55.040181,On or near Parking Area,E01008589,North Tyneside 006E,Violence and sexual offences,Investigation complete; no suspect identified,
77d8dac598bf56c06b259643a32cca92fe21b819826b1b2244c67eaaecce65e5,2024-10,Northumbria Police,Northumbria Police,-1.484637,55.042587,On or near Wilton Close,E01008518,North Tyneside 007A,Other theft,Status update unavailable,
5a89a74bf4701fa52aaa9d336f85a044598f92fdc647ea58c10741865bfa60f8,2024-10,Northumbria Police,Northumbria Police,-1.480256,55.043709,On or near Supermarket,E01008518,North Tyneside 007A,Shoplifting,Court result unavailable,
981f07a008355cce2d241651216393974cb5138b4c6b8c35d964caf2ee5cec84,2024-10,Northumbria Police,Northumbria Police,-1.480256,55.043709,On or near Supermarket,E01008518,North Tyneside 007A,Shoplifting,Court result unavailable,
e119de4c483abea3965630ac45573b0f118cb9d05757e0ada52c15ca9c0eb4b9,2024-10,Northumbria Police,Northumbria Police,-1.480256,55.043709,On or near Supermarket,E01008518,North Tyneside 007A,Violence and sexual offences,Court result unavailable,
24b54c499df04087ce535d5eb0bb9f1d68838ceac55aa35b1b3ab8bef567fc19,2024-10,Northumbria Police,Northumbria Police,-1.486906,55.038876,On or near Thorntree Close,E01008518,North Tyneside 007A,Violence and sexual offences,Status update unavailable,
cbdb168c457c9921b1654c3f5c485d20aca657e7274e4fbcbcbda528924b2c0d,2024-10,Northumbria Police,Northumbria Police,-1.483942,55.040643,On or near Arundel Drive,E01008518,North Tyneside 007A,Violence and sexual offences,Status update unavailable,
69ba58248da5b92206b0b52b772cdf2424018ac3a78f3181bab346dd043d44cb,2024-10,Northumbria Police,Northumbria Police,-1.484637,55.042587,On or near Wilton Close,E01008518,North Tyneside 007A,Violence and sexual offences,Investigation complete; no suspect identified,
b1facb1f419e370347c6156f951a0269e01ba31afec9ebf08304b6b55ee02798,2024-10,Northumbria Police,Northumbria Police,-1.483650,55.041414,On or near Wentworth Gardens,E01008518,North Tyneside 007A,Other crime,Status update unavailable,
,2024-10,Northumbria Police,Northumbria Police,-1.489843,55.040524,On or near Otterburn Avenue,E01008564,North Tyneside 007B,Anti-social behaviour,,
ae724ec0de7ea0e0455e5bba8c7f6226a89c0ce61d5b181796040befff524969,2024-10,Northumbria Police,Northumbria Police,-1.498617,55.044676,On or near Garden Terrace,E01008564,North Tyneside 007B,Burglary,Court result unavailable,
1e7b0255e7ca92bd101a748fb8c25b053cf81ec3188c52ec01803fd192ffca1b,2024-10,Northumbria Police,Northumbria Police,-1.495372,55.045121,On or near A186,E01008564,North Tyneside 007B,Possession of weapons,Status update unavailable,
dba019df8dfe00ef91687a6006579cc48565e170b3eddef6cca807883211ab2c,2024-10,Northumbria Police,Northumbria Police,-1.491777,55.044755,On or near Monkseaton Road,E01008564,North Tyneside 007B,Violence and sexual offences,Status update unavailable,
8d3d39e1a291155979c1a745104ef4813c32bbe778b32c8bb3bd35cf75eb656f,2024-10,Northumbria Police,Northumbria Police,-1.498617,55.044676,On or near Garden Terrace,E01008564,North Tyneside 007B,Violence and sexual offences,Status update unavailable,
,2024-10,Northumbria Police,Northumbria Police,-1.507582,55.037155,On or near James Avenue,E01008567,North Tyneside 007D,Anti-social behaviour,,
,2024-10,Northumbria Police,Northumbria Police,-1.504424,55.036954,On or near Shiremoor,E01008567,North Tyneside 007D,Anti-social behaviour,,
,2024-10,Northumbria Police,Northumbria Police,-1.500551,55.037630,On or near Seaton Road,E01008567,North Tyneside 007D,Anti-social behaviour,,
,2024-10,Northumbria Police,Northumbria Police,-1.504424,55.036954,On or near Shiremoor,E01008567,North Tyneside 007D,Anti-social behaviour,,
,2024-10,Northumbria Police,Northumbria Police,-1.504424,55.036954,On or near Shiremoor,E01008567,North Tyneside 007D,Anti-social behaviour,,
,2024-10,Northumbria Police,Northumbria Police,-1.504424,55.036954,On or near Shiremoor,E01008567,North Tyneside 007D,Anti-social behaviour,,
,2024-10,Northumbria Police,Northumbria Police,-1.507582,55.037155,On or near James Avenue,E01008567,North Tyneside 007D,Anti-social behaviour,,
,2024-10,Northumbria Police,Northumbria Police,-1.504424,55.036954,On or near Shiremoor,E01008567,North Tyneside 007D,Anti-social behaviour,,
b9de2b7fcf5da650370ec6dae758d1a8d8d033744de53236fb2ed453e9879bb0,2024-10,Northumbria Police,Northumbria Police,-1.508652,55.038004,On or near Morley Place,E01008567,North Tyneside 007D,Burglary,Investigation complete; no suspect identified,
3b7b6e6b08a679ff9d92bdc6d55e7af0fe5a3c8ca44a04d6368334b6692c73f2,2024-10,Northumbria Police,Northumbria Police,-1.504424,55.036954,On or near Shiremoor,E01008567,North Tyneside 007D,Vehicle crime,Status update unavailable,
589ae22b0f36f8ed4f62ea224b537b03af8355a03d6a36840264072fc2752831,2024-10,Northumbria Police,Northumbria Police,-1.505430,55.036580,On or near Etal Crescent,E01008567,North Tyneside 007D,Violence and sexual offences,Investigation complete; no suspect identified,
2da7826c4462fdf410bbd5914aa6e457e76fe99da4b80e430a7594287d9ba09c,2024-10,Northumbria Police,Northumbria Police,-1.504424,55.036954,On or near Shiremoor,E01008567,North Tyneside 007D,Violence and sexual offences,Status update unavailable,
7f73b2e22d489c3dbcacab373382215d871868a977070beb5020ed684d8028f7,2024-10,Northumbria Police,Northumbria Police,-1.505430,55.036580,On or near Etal Crescent,E01008567,North Tyneside 007D,Violence and sexual offences,Investigation complete; no suspect identified,
,2024-10,Northumbria Police,Northumbria Police,-1.533247,55.042719,On or near Sports/Recreation Area,E01035625,North Tyneside 007E,Anti-social behaviour,,
a8a43b18a0c75bfd1290d99deb3039abb245cf12a1c009a51a2e05f406489e3f,2024-10,Northumbria Police,Northumbria Police,-1.523175,55.043049,On or near Sharnford Close,E01035625,North Tyneside 007E,Burglary,Status update unavailable,
cd9491aacfa6e0f8ab85570a02a902b51c5387de53997f52d157d18f9f42cfad,2024-10,Northumbria Police,Northumbria Police,-1.523175,55.043049,On or near Sharnford Close,E01035625,North Tyneside 007E,Burglary,Court result unavailable,
728b95860d5e3f4f3215524d49882cb303417fa28a5148a43a1d415d9e13d548,2024-10,Northumbria Police,Northumbria Police,-1.524751,55.043433,On or near Stretton Way,E01035625,North Tyneside 007E,Other theft,Investigation complete; no suspect identified,
fad0ec2af9b6a880095185f9b727b436f7166abc5bf66f017a4e1ccb4341b7bb,2024-10,Northumbria Police,Northumbria Police,-1.537520,55.039420,On or near Bluebell Wynd,E01035625,North Tyneside 007E,Public order,Status update unavailable,
83e2afdcac12a212768bb5d4246a798ec9e3c54514e37d9721979cbd3625f0a7,2024-10,Northumbria Police,Northumbria Police,-1.530448,55.043365,On or near The Willows,E01035625,North Tyneside 007E,Violence and sexual offences,Status update unavailable,
4eb1fcbdec23e3dd72fdde292d829457436a1845b848c4ce66e72ef1c89a8d8c,2024-10,Northumbria Police,Northumbria Police,-1.530448,55.043365,On or near The Willows,E01035625,North Tyneside 007E,Violence and sexual offences,Investigation complete; no suspect identified,
,2024-10,Northumbria Police,Northumbria Police,-1.516044,55.038744,On or near Deleval Crescent,E01035626,North Tyneside 007F,Anti-social behaviour,,
e0965879bfd83a23988954927372868ed656345acdf038e260a62f23e6009fdd,2024-10,Northumbria Police,Northumbria Police,-1.525495,55.042726,On or near Shrewsbury Drive,E01035626,North Tyneside 007F,Burglary,Investigation complete; no suspect identified,
ac678580bc0427734fa96cbf70b35a8d67e9844623e9a3d5084fce3c7d2126e1,2024-10,Northumbria Police,Northumbria Police,-1.526058,55.044040,On or near Church Road,E01035626,North Tyneside 007F,Other theft,Status update unavailable,
6fb490e96466091b23f17a7ad4f940e8eb62cdec400d2909ad4d8ae4bb853136,2024-10,Northumbria Police,Northumbria Police,-1.508333,55.038497,On or near Petrol Station,E01035626,North Tyneside 007F,Public order,Status update unavailable,
bc8d1427da1de2c4668bc222c8a2918b4e378571a4a7bbf09ce11d63f9d171ec,2024-10,Northumbria Police,Northumbria Police,-1.525240,55.044405,On or near Melrose Avenue,E01035626,North Tyneside 007F,Public order,Status update unavailable,
cb93fc7cf7efce46e0a543c5b85be44d380655dbce6517c5b060cb9d156582c4,2024-10,Northumbria Police,Northumbria Police,-1.525495,55.042726,On or near Shrewsbury Drive,E01035626,North Tyneside 007F,Violence and sexual offences,Status update unavailable,
fbe6ffe71e6c777e394df5efe2e6cef3a0c88a73f1cb8fa168092cc1c9579b65,2024-10,Northumbria Police,Northumbria Police,-1.526058,55.044040,On or near Church Road,E01035626,North Tyneside 007F,Violence and sexual offences,Status update unavailable,
0c0c6a4571b0436ab4c71f6dfb9285d1721338063cf347240f2b2b0a643e673b,2024-10,Northumbria Police,Northumbria Police,-1.569276,55.040247,On or near Culloden Walk,E01008475,North Tyneside 008A,Other theft,Investigation complete; no suspect identified,
6251be265acc048d1f33705b1d75a59704ee5701e3c9ce5788edaad1a803342e,2024-10,Northumbria Police,Northumbria Police,-1.569913,55.037742,On or near Mount Close,E01008475,North Tyneside 008A,Other theft,Investigation complete; no suspect identified,
2926fea2010204576d5665fcca55c0dd1ae140e3689e7d5c21f0231f5e836e74,2024-10,Northumbria Police,Northumbria Police,-1.569276,55.040247,On or near Culloden Walk,E01008475,North Tyneside 008A,Possession of weapons,Status update unavailable,
ebe528aa16a0bb1b31c0b490228f2d0d6c90d9bee20e542227fe13dc50b314ec,2024-10,Northumbria Police,Northumbria Police,-1.569276,55.040247,On or near Culloden Walk,E01008475,North Tyneside 008A,Possession of weapons,Investigation complete; no suspect identified,
7538659944e648bda0dd6818d70af9d16feac60b1f6930e7c71556dbe035ec09,2024-10,Northumbria Police,Northumbria Police,-1.569276,55.040247,On or near Culloden Walk,E01008475,North Tyneside 008A,Possession of weapons,Status update unavailable,
8d0d772203e46bc77116b09091a16493859bb3db578a39349ef38a383264ec4c,2024-10,Northumbria Police,Northumbria Police,-1.569278,55.040067,On or near Glencoe,E01008475,North Tyneside 008A,Public order,Offender given a caution,
bec49659c2e9bfc85906b17952644fe31e3ea7bfe274a92225827b5f5c72c0f3,2024-10,Northumbria Police,Northumbria Police,-1.569276,55.040247,On or near Culloden Walk,E01008475,North Tyneside 008A,Public order,Investigation complete; no suspect identified,
1d7882bb0c394fa0bc0e49b97afc805af5a0b0e0d192d33d83e2c6cee5ca3af3,2024-10,Northumbria Police,Northumbria Police,-1.574707,55.044606,On or near Eastwood Close,E01008475,North Tyneside 008A,Violence and sexual offences,Investigation complete; no suspect identified,
,2024-10,Northumbria Police,Northumbria Police,-1.580496,55.046226,On or near Shillaw Place,E01008476,North Tyneside 008B,Anti-social behaviour,,
,2024-10,Northumbria Police,Northumbria Police,-1.579570,55.043428,On or near Front Street,E01008476,North Tyneside 008B,Anti-social behaviour,,
76cccd0d88e788ad98141ba5d2ab625416e967c5d7f45fdd9634e0c84fddd2c5,2024-10,Northumbria Police,Northumbria Police,-1.585866,55.041472,On or near Mylord Crescent,E01008476,North Tyneside 008B,Burglary,Investigation complete; no suspect identified,
fb98ea6e532d73fbdbc166607813f0e15c9692468cd1f736251d861e0ed76213,2024-10,Northumbria Police,Northumbria Police,-1.581581,55.041251,On or near Atkin Street,E01008476,North Tyneside 008B,Other theft,Investigation complete; no suspect identified,
055cd569b1b847dc887640e6f567fdae1225ae802f6e66eb750755fd8161b830,2024-10,Northumbria Police,Northumbria Police,-1.579570,55.043428,On or near Front Street,E01008476,North Tyneside 008B,Shoplifting,Investigation complete; no suspect identified,
999942a025f4a67f159e39876b3319712dcde669751f94aaa05c68bfce27964e,2024-10,Northumbria Police,Northumbria Police,-1.579570,55.043428,On or near Front Street,E01008476,North Tyneside 008B,Violence and sexual offences,Status update unavailable,
07ad5307e4b953f8c485af2e06bafa55d075976e5fef9ed789a7635faf57104b,2024-10,Northumbria Police,Northumbria Police,-1.578252,55.042300,On or near Allanville,E01008476,North Tyneside 008B,Violence and sexual offences,Status update unavailable,
741587f5cf182426a5f41a5ed0ede146791187cace7f761f70a65a545ada837b,2024-10,Northumbria Police,Northumbria Police,-1.577657,55.045272,On or near The Colliers,E01008476,North Tyneside 008B,Other crime,Court result unavailable,
,2024-10,Northumbria Police,Northumbria Police,-1.576656,55.034854,On or near Windermere Drive,E01008477,North Tyneside 008C,Anti-social behaviour,,
,2024-10,Northumbria Police,Northumbria Police,-1.576339,55.036704,On or near Parking Area,E01008477,North Tyneside 008C,Anti-social behaviour,,
,2024-10,Northumbria Police,Northumbria Police,-1.574210,55.027962,On or near Southgate,E01008477,North Tyneside 008C,Anti-social behaviour,,
2a6a9659629c7d8a81be2cb49f78feac4dc4fe55a8f889bcb00caf75ca3a86ea,2024-10,Northumbria Police,Northumbria Police,-1.574649,55.039726,On or near Willow Gardens,E01008477,North Tyneside 008C,Bicycle theft,Investigation complete; no suspect identified,
4fea85aa833135a63365aa78ad55f344c35af4615f06f0c4a06c60068d52cafc,2024-10,Northumbria Police,Northumbria Police,-1.574578,55.030174,On or near Parking Area,E01008477,North Tyneside 008C,Drugs,Court result unavailable,
c9c2a25b943a44578dff26165f11b24de20b524253c16e16c55dd5e81815028b,2024-10,Northumbria Police,Northumbria Police,-1.574790,55.029330,On or near Parking Area,E01008477,North Tyneside 008C,Shoplifting,Investigation complete; no suspect identified,
5d903f5d86834466407d470de935ff244b0fffebe39af4a17634f58e82e16f5b,2024-10,Northumbria Police,Northumbria Police,-1.574374,55.030191,On or near Yates Close,E01008477,North Tyneside 008C,Violence and sexual offences,Status update unavailable,
e2d8443d20eaffe5b06a09e55d53472df521f4f774fd5bf63cbc2f14d1a81012,2024-10,Northumbria Police,Northumbria Police,-1.574578,55.030174,On or near Parking Area,E01008477,North Tyneside 008C,Violence and sexual offences,Court result unavailable,
fba36871b62cfb2a44513bc8452de6a7a7e7e2bc96a03d241e44b4e0fc82a090,2024-10,Northumbria Police,Northumbria Police,-1.577816,55.039090,On or near Laburnum Court,E01008477,North Tyneside 008C,Violence and sexual offences,Status update unavailable,
f305cfe974318af2213706474f04fb753978a252516b1b8cd652506b816d01ef,2024-10,Northumbria Police,Northumbria Police,-1.579095,55.035015,On or near Coniston Close,E01008477,North Tyneside 008C,Violence and sexual offences,Status update unavailable,
04c3570083f80de9707cd37060341aeced1c959e2efaa9d402d7aaf04d8fa796,2024-10,Northumbria Police,Northumbria Police,-1.577294,55.036725,On or near Angus Close,E01008477,North Tyneside 008C,Violence and sexual offences,Status update unavailable,
d57ecb16a30f1c17314def503ed5d52f29b14fba3dee4e11fd90107aee4a8bc5,2024-10,Northumbria Police,Northumbria Police,-1.576891,55.039285,On or near Beech Way,E01008477,North Tyneside 008C,Violence and sexual offences,Court result unavailable,
438da9bbc3f0c0253484727271efd08e41650b3e5c9878dcd7e94d0e29f027ff,2024-10,Northumbria Police,Northumbria Police,-1.576891,55.039285,On or near Beech Way,E01008477,North Tyneside 008C,Violence and sexual offences,Status update unavailable,
a54e7008c3c3289270e83d0e6677c02a6f431ff2b30c0fa8c9ddf24d27096a23,2024-10,Northumbria Police,Northumbria Police,-1.575439,55.037527,On or near Dove Close,E01008477,North Tyneside 008C,Violence and sexual offences,Investigation complete; no suspect identified,
270578721f2cce2850d8af71916bd5a6ed2bfafcc109ce82c0de4b8e866dbef1,2024-10,Northumbria Police,Northumbria Police,-1.574210,55.027962,On or near Southgate,E01008477,North Tyneside 008C,Violence and sexual offences,Status update unavailable,
955e1100f186a2eca0f797a44b193312d08ed6bd5f830be3a9f2b3f0e5217b04,2024-10,Northumbria Police,Northumbria Police,-1.573970,55.040317,On or near Killingworth Way,E01008477,North Tyneside 008C,Violence and sexual offences,Status update unavailable,
167184732806b8b1f5084a793e7c2d41340b7d7b5655edb65136666c93879374,2024-10,Northumbria Police,Northumbria Police,-1.580231,55.031101,On or near Arrow Close,E01008477,North Tyneside 008C,Violence and sexual offences,Investigation complete; no suspect identified,
,2024-10,Northumbria Police,Northumbria Police,-1.569126,55.036759,On or near Citadel West,E01008479,North Tyneside 008D,Anti-social behaviour,,
,2024-10,Northumbria Police,Northumbria Police,-1.569126,55.036759,On or near Citadel West,E01008479,North Tyneside 008D,Anti-social behaviour,,
,2024-10,Northumbria Police,Northumbria Police,-1.566735,55.037883,On or near Petrol Station,E01008479,North Tyneside 008D,Anti-social behaviour,,
553d964cbe4e0ff4c3ae1e19dfd9d18ffccf529b2fbe8b51781622a845e59043,2024-10,Northumbria Police,Northumbria Police,-1.572765,55.034391,On or near Bolam Road,E01008479,North Tyneside 008D,Criminal damage and arson,Investigation complete; no suspect identified,
e3e1f0002004bb1f95dfdc0a6aa8ba5e0c67c16601d7e902186ea70878d9a2d7,2024-10,Northumbria Police,Northumbria Police,-1.566735,55.037883,On or near Petrol Station,E01008479,North Tyneside 008D,Other theft,Investigation complete; no suspect identified,
805d904d9fe134cbd1616abdaecf00e97b15045ccb40b4aaf1943089259af402,2024-10,Northumbria Police,Northumbria Police,-1.566735,55.037883,On or near Petrol Station,E01008479,North Tyneside 008D,Other theft,Investigation complete; no suspect identified,
f2009f18463f738889053bf7d88db53ef1ae48c8244907bcea73acbb95bcbdfd,2024-10,Northumbria Police,Northumbria Police,-1.566735,55.037883,On or near Petrol Station,E01008479,North Tyneside 008D,Other theft,Investigation complete; no suspect identified,
9ed7fdc95a6b1c5fd2a4f6da3548d7094d237e9d87268b4b165ae8f3cbaa84e9,2024-10,Northumbria Police,Northumbria Police,-1.569126,55.036759,On or near Citadel West,E01008479,North Tyneside 008D,Public order,Investigation complete; no suspect identified,
7a853ca12d1975c6fd9340eff758ee29c4d2ae0ab90ed3981bf79b2b4e20cfd2,2024-10,Northumbria Police,Northumbria Police,-1.569126,55.036759,On or near Citadel West,E01008479,North Tyneside 008D,Shoplifting,Investigation complete; no suspect identified,
7160e84b97bdf5efa6b5fea8b5951344b54ada9e611cb1c2f493d2d753506dd1,2024-10,Northumbria Police,Northumbria Police,-1.569126,55.036759,On or near Citadel West,E01008479,North Tyneside 008D,Shoplifting,Investigation complete; no suspect identified,
b06a47ced89569cf9e253dbb5e635e704bd3157d212be869ff80eb28f9b8866a,2024-10,Northumbria Police,Northumbria Police,-1.569126,55.036759,On or near Citadel West,E01008479,North Tyneside 008D,Shoplifting,Investigation complete; no suspect identified,
8e85ea24bce2b849d374fb7946be4fa312aac0f778f337ca2e112f2f04ee8be1,2024-10,Northumbria Police,Northumbria Police,-1.569126,55.036759,On or near Citadel West,E01008479,North Tyneside 008D,Shoplifting,Investigation complete; no suspect identified,
b9102ddb28b7ecf99858f65bef58aa9c69458bf5c6fe7fa58c206b38adee7945,2024-10,Northumbria Police,Northumbria Police,-1.569126,55.036759,On or near Citadel West,E01008479,North Tyneside 008D,Shoplifting,Investigation complete; no suspect identified,
a6bb6b41c899aea38ee061b6de0c8ac43af683ae186d583dd9054aee3cb35a35,2024-10,Northumbria Police,Northumbria Police,-1.569126,55.036759,On or near Citadel West,E01008479,North Tyneside 008D,Violence and sexual offences,Status update unavailable,
,2024-10,Northumbria Police,Northumbria Police,-1.490391,55.025726,On or near Warenton Place,E01008552,North Tyneside 009A,Anti-social behaviour,,
,2024-10,Northumbria Police,Northumbria Police,-1.490391,55.025726,On or near Warenton Place,E01008552,North Tyneside 009A,Anti-social behaviour,,
,2024-10,Northumbria Police,Northumbria Police,-1.473842,55.034447,On or near Sports/Recreation Area,E01008552,North Tyneside 009A,Anti-social behaviour,,
941a9adc7e05c07ded6741fb8630b2ddacd8060053c1b482bce4fe1b34650185,2024-10,Northumbria Police,Northumbria Police,-1.486129,55.025052,On or near Murton Lane,E01008552,North Tyneside 009A,Public order,Status update unavailable,
c6e1529824d12df79b6c30a911b25ab98c954d3cbc222f72ebeb2946ae33bb3f,2024-10,Northumbria Police,Northumbria Police,-1.490391,55.025726,On or near Warenton Place,E01008552,North Tyneside 009A,Violence and sexual offences,Status update unavailable,
b45eb5989b0eeeea2d37b912c3ff19b276d9c15bc3681dd8759168ea4088a013,2024-10,Northumbria Police,Northumbria Police,-1.471718,55.034875,On or near Cambo Avenue,E01008552,North Tyneside 009A,Violence and sexual offences,Investigation complete; no suspect identified,
,2024-10,Northumbria Police,Northumbria Police,-1.458691,55.041432,On or near Kensington Gardens,E01008553,North Tyneside 009B,Anti-social behaviour,,
,2024-10,Northumbria Police,Northumbria Police,-1.471924,55.037105,On or near Parking Area,E01008553,North Tyneside 009B,Anti-social behaviour,,
32def275e8f84c6f8f1759ad52b9203d134c9371bc34dcd8c564587875c177a9,2024-10,Northumbria Police,Northumbria Police,-1.458664,55.042276,On or near Monkseaton,E01008553,North Tyneside 009B,Bicycle theft,Investigation complete; no suspect identified,
186c2e08ddd0b8d1132f2dffb769f21a43a8cdc399d55e1ff7ea02792ad33d74,2024-10,Northumbria Police,Northumbria Police,-1.458664,55.042276,On or near Monkseaton,E01008553,North Tyneside 009B,Bicycle theft,Investigation complete; no suspect identified,
9c854ed234fc915e26e4ba2326aa8164a86c85f1cbc31e956c8ac0a149e665b3,2024-10,Northumbria Police,Northumbria Police,-1.459085,55.041191,On or near St Ronan'S Road,E01008553,North Tyneside 009B,Burglary,Investigation complete; no suspect identified,
17d066e8e34764ee78b1fdc1444636e81d434130efa936964f9533145462f27a,2024-10,Northumbria Police,Northumbria Police,-1.463007,55.040489,On or near Churchill Court,E01008553,North Tyneside 009B,Public order,Investigation complete; no suspect identified,
77f14dd777662d54e28a7d676b1db0ae3481d5641b6b57e42107bb678b91b8fd,2024-10,Northumbria Police,Northumbria Police,-1.466069,55.037277,On or near Bromley Avenue,E01008553,North Tyneside 009B,Public order,Status update unavailable,
523c3c853bd48a3aa05f43acffde7c7121dd465e4e654b26fe43cde3ffbf8cc0,2024-10,Northumbria Police,Northumbria Police,-1.463007,55.040489,On or near Churchill Court,E01008553,North Tyneside 009B,Shoplifting,Status update unavailable,
,2024-10,Northumbria Police,Northumbria Police,-1.457250,55.039179,On or near The Nook,E01008554,North Tyneside 009C,Anti-social behaviour,,
a152f8785f18da7ffe2956eeadc78e3d8d8adf9c3911f778405ee697d1a979ad,2024-10,Northumbria Police,Northumbria Police,-1.456080,55.037763,On or near Chestnut Avenue,E01008554,North Tyneside 009C,Other theft,Investigation complete; no suspect identified,
874c7b7d2b7c24cbf0c13388b98f8384b9c2b2993eecda58eb44d599edc8f211,2024-10,Northumbria Police,Northumbria Police,-1.456080,55.037763,On or near Chestnut Avenue,E01008554,North Tyneside 009C,Public order,Investigation complete; no suspect identified,
cbc7321d5584d686f4dce268b061616dc2ff9865c347cab1935c25bf900375cc,2024-10,Northumbria Police,Northumbria Police,-1.456761,55.040668,On or near Waverley Avenue,E01008554,North Tyneside 009C,Violence and sexual offences,Status update unavailable,
d13df43eabea496f888498fdb31a69cb5009f99cb484271d38b98b3b354e9935,2024-10,Northumbria Police,Northumbria Police,-1.455756,55.039729,On or near Belvedere Avenue,E01008554,North Tyneside 009C,Violence and sexual offences,Status update unavailable,
c12d2d75135b69297ebe663cbefa0efb525caf2bc2c636825d63b9fc83502d84,2024-10,Northumbria Police,Northumbria Police,-1.455756,55.039729,On or near Belvedere Avenue,E01008554,North Tyneside 009C,Violence and sexual offences,Status update unavailable,
9b61237fc02b948fb87a6e4e31dff77c8f1814545baae77d62d99703a24ec2d9,2024-10,Northumbria Police,Northumbria Police,-1.461701,55.038686,On or near Beverley Park,E01008554,North Tyneside 009C,Violence and sexual offences,Investigation complete; no suspect identified,
29b60d3cb355c5e538038f6ad68053a946c2dd8facc9baf583555d507bb61665,2024-10,Northumbria Police,Northumbria Police,-1.455756,55.039729,On or near Belvedere Avenue,E01008554,North Tyneside 009C,Violence and sexual offences,Investigation complete; no suspect identified,
d72976c16d2f236327cbd691026760cfe65ff5626a38b15414c9c02b8b24c245,2024-10,Northumbria Police,Northumbria Police,-1.453486,55.037553,On or near Hillheads Road,E01008554,North Tyneside 009C,Violence and sexual offences,Investigation complete; no suspect identified,
ba5f587015dd98cb5a310cae4dd9b4a10ba99690cefbf4cb3be4cea17d909863,2024-10,Northumbria Police,Northumbria Police,-1.461701,55.038686,On or near Beverley Park,E01008554,North Tyneside 009C,Violence and sexual offences,Status update unavailable,
,2024-10,Northumbria Police,Northumbria Police,-1.460380,55.030970,On or near Rake Lane,E01008555,North Tyneside 009D,Anti-social behaviour,,
,2024-10,Northumbria Police,Northumbria Police,-1.455855,55.034715,On or near Parking Area,E01008555,North Tyneside 009D,Anti-social behaviour,,
620c59c3b8aa3c8742784ee485c0171189deffa53734a13080d5c206b072c4be,2024-10,Northumbria Police,Northumbria Police,-1.456090,55.035885,On or near A191,E01008555,North Tyneside 009D,Criminal damage and arson,Status update unavailable,
e3f781d193bce393d3d3192f89dd5f7201d8591300f5c929d71eb7728c3d93ed,2024-10,Northumbria Police,Northumbria Police,-1.456370,55.033656,On or near Supermarket,E01008555,North Tyneside 009D,Shoplifting,Investigation complete; no suspect identified,
0cd3ed2c05c32296585d9080fca81ce80117a6e6a93700b61d46b9a3e4861cb6,2024-10,Northumbria Police,Northumbria Police,-1.456370,55.033656,On or near Supermarket,E01008555,North Tyneside 009D,Shoplifting,Investigation complete; no suspect identified,
2e46122c733f4a5d0665ba793db599382ce0ce4fd1d904d40f74f983657c9c9a,2024-10,Northumbria Police,Northumbria Police,-1.462545,55.035239,On or near Cedartree Gardens,E01008555,North Tyneside 009D,Violence and sexual offences,Status update unavailable,
,2024-10,Northumbria Police,Northumbria Police,-1.448765,55.047453,On or near Elmwood Grove,E01008586,North Tyneside 009E,Anti-social behaviour,,
,2024-10,Northumbria Police,Northumbria Police,-1.448765,55.047453,On or near Elmwood Grove,E01008586,North Tyneside 009E,Anti-social behaviour,,
,2024-10,Northumbria Police,Northumbria Police,-1.451794,55.043387,On or near Duke Street,E01008586,North Tyneside 009E,Anti-social behaviour,,
,2024-10,Northumbria Police,Northumbria Police,-1.448765,55.047453,On or near Elmwood Grove,E01008586,North Tyneside 009E,Anti-social behaviour,,
,2024-10,Northumbria Police,Northumbria Police,-1.448765,55.047453,On or near Elmwood Grove,E01008586,North Tyneside 009E,Anti-social behaviour,,
18ffe02be6c210d8e5db056dcd879c164f0ab0e7754f15faffb25f24997757d9,2024-10,Northumbria Police,Northumbria Police,-1.451133,55.044840,On or near Coquet Avenue,E01008586,North Tyneside 009E,Criminal damage and arson,Investigation complete; no suspect identified,
3bec9f1d03095a3d838835b884d784331b3a402eeae057c8e4920d851feccf4e,2024-10,Northumbria Police,Northumbria Police,-1.456750,55.043769,On or near Sanderson Road,E01008586,North Tyneside 009E,Shoplifting,Investigation complete; no suspect identified,
157e323f6a2429719de69fbb8e518049bbf8ce0956ebfc5b917ce1ff5b7135aa,2024-10,Northumbria Police,Northumbria Police,-1.456750,55.043769,On or near Sanderson Road,E01008586,North Tyneside 009E,Shoplifting,Status update unavailable,
42fe4f102c10066e89a3b4f05b2c1f78dfbd740f8b32aa828284cc82323c5044,2024-10,Northumbria Police,Northumbria Police,-1.456750,55.043769,On or near Sanderson Road,E01008586,North Tyneside 009E,Shoplifting,Investigation complete; no suspect identified,
36b2f18d71725a4effcfe3e5668cef66de87ae8f9893b5ede42900a8c05c408c,2024-10,Northumbria Police,Northumbria Police,-1.456750,55.043769,On or near Sanderson Road,E01008586,North Tyneside 009E,Shoplifting,Investigation complete; no suspect identified,
b8c07c7b681dd008ca0190ebca645490027c3b9f62603fb59ccbaa3dedf5a500,2024-10,Northumbria Police,Northumbria Police,-1.456750,55.043769,On or near Sanderson Road,E01008586,North Tyneside 009E,Shoplifting,Investigation complete; no suspect identified,
ecca2079400096be0be7244702242561d1fd6fb30918753ef20dc2f74d2af7fa,2024-10,Northumbria Police,Northumbria Police,-1.448765,55.047453,On or near Elmwood Grove,E01008586,North Tyneside 009E,Violence and sexual offences,Investigation complete; no suspect identified,
0e5f60147897cb6a1d43d7ed2c0c5ce94a8faa02993f57b587498b187ac8f098,2024-10,Northumbria Police,Northumbria Police,-1.448765,55.047453,On or near Elmwood Grove,E01008586,North Tyneside 009E,Violence and sexual offences,Status update unavailable,
a52658530beee45bb52b5cd5fe53a35af499ee30e226cc3ebc883e6f0b80aa03,2024-10,Northumbria Police,Northumbria Police,-1.453913,55.044070,On or near Beech Grove,E01008586,North Tyneside 009E,Violence and sexual offences,Status update unavailable,
d4ec5b39fc5526a3e8abf028564c573281258ea3476c78f4df5cce8d8c0df0a2,2024-10,Northumbria Police,Northumbria Police,-1.456750,55.043769,On or near Sanderson Road,E01008586,North Tyneside 009E,Violence and sexual offences,Investigation complete; no suspect identified,
bd6e98042016b75b03f4b30ff896618bc4294a34f0bf78e60802aea2354527ad,2024-10,Northumbria Police,Northumbria Police,-1.448765,55.047453,On or near Elmwood Grove,E01008586,North Tyneside 009E,Violence and sexual offences,Court result unavailable,
3b292a5e631f8d72daff78ea23e2948a3793992b982a7a64637ba059042ba79f,2024-10,Northumbria Police,Northumbria Police,-1.456750,55.043769,On or near Sanderson Road,E01008586,North Tyneside 009E,Violence and sexual offences,Investigation complete; no suspect identified,
e27041676a04730306e2a0b831fb19d440b783ccd027097235b7aa17fba71e5a,2024-10,Northumbria Police,Northumbria Police,-1.448765,55.047453,On or near Elmwood Grove,E01008586,North Tyneside 009E,Violence and sexual offences,Investigation complete; no suspect identified,
e34dabd7c148ef89fadec086d4c051d2022db122c9feb27cd19d7e62d00db0d2,2024-10,Northumbria Police,Northumbria Police,-1.438134,55.030960,On or near Seacrest Avenue,E01008495,North Tyneside 010A,Public order,Investigation complete; no suspect identified,
4760c4de7ba2a916b3b68e1d546ba758848e15a6206adbf8779af6571fc5816a,2024-10,Northumbria Police,Northumbria Police,-1.438134,55.030960,On or near Seacrest Avenue,E01008495,North Tyneside 010A,Violence and sexual offences,Investigation complete; no suspect identified,
187776d02670d19c0320abe309db21c06d5050abfacfaf378e9f0552809b12f0,2024-10,Northumbria Police,Northumbria Police,-1.438134,55.030960,On or near Seacrest Avenue,E01008495,North Tyneside 010A,Violence and sexual offences,Status update unavailable,
,2024-10,Northumbria Police,Northumbria Police,-1.433517,55.035548,On or near Belle Vue Street,E01008496,North Tyneside 010B,Anti-social behaviour,,
6d4fcc0c47676a3da0f6275fa93a093753eb447d90cb3c3a811dd44a6a3fc474,2024-10,Northumbria Police,Northumbria Police,-1.433517,55.035548,On or near Belle Vue Street,E01008496,North Tyneside 010B,Bicycle theft,Investigation complete; no suspect identified,
02f6ab0777eb687156716be9eba3038aaabbc0a39dbe736ce4a5e55cc3b33401,2024-10,Northumbria Police,Northumbria Police,-1.431742,55.032709,On or near Beverley Terrace,E01008496,North Tyneside 010B,Bicycle theft,Investigation complete; no suspect identified,
d64d15976b97f4ebf4a52f3a57427a7be8cef2f36942f9f558c5eaad0990a429,2024-10,Northumbria Police,Northumbria Police,-1.436260,55.035165,On or near Cullercoats,E01008496,North Tyneside 010B,Burglary,Investigation complete; no suspect identified,
2cf5322400801986e91a2ee6582c8d13093be9e38a12114f243cbeb1f5e8b779,2024-10,Northumbria Police,Northumbria Police,-1.431742,55.032709,On or near Beverley Terrace,E01008496,North Tyneside 010B,Burglary,Investigation complete; no suspect identified,
dce3acdbc24211bc16fdd399ca2b7706907029368aad7a71d4b11969d7be7b96,2024-10,Northumbria Police,Northumbria Police,-1.432524,55.034950,On or near Further/Higher Educational Building,E01008496,North Tyneside 010B,Criminal damage and arson,Investigation complete; no suspect identified,
399f9a5cd942c07906b1e2cdcfe1fb8b6526555121c7d7ffb28b5925828b198e,2024-10,Northumbria Police,Northumbria Police,-1.431553,55.037237,On or near Cliff Row,E01008496,North Tyneside 010B,Other theft,Status update unavailable,
7daff0d02864a6d1c0f8d8d82b5394278a0b56765ba92cde1698f6ae24931b04,2024-10,Northumbria Police,Northumbria Police,-1.431553,55.037237,On or near Cliff Row,E01008496,North Tyneside 010B,Other theft,Status update unavailable,
853858a2df0e01d47934b70bac471d437540d28ad9d72843f5f0ab9f3dfcadd2,2024-10,Northumbria Police,Northumbria Police,-1.435553,55.034282,On or near Marden Terrace,E01008496,North Tyneside 010B,Other theft,Status update unavailable,
320f12138c9cef02d33e348109f92f590cf83b8a1b242157c30f346ddadde847,2024-10,Northumbria Police,Northumbria Police,-1.436260,55.035165,On or near Cullercoats,E01008496,North Tyneside 010B,Public order,Status update unavailable,
d60bcab02a7088ba8d7abcf10f4c53aab8e029e09d6e30b20a57fefef6fa011f,2024-10,Northumbria Police,Northumbria Police,-1.431626,55.030938,On or near Beverley Gardens,E01008496,North Tyneside 010B,Public order,Investigation complete; no suspect identified,
409d73ce3475d869fdb4c4df0338fe6578ff6c48b0b49d4de98b127ebbae365a,2024-10,Northumbria Police,Northumbria Police,-1.435553,55.034282,On or near Marden Terrace,E01008496,North Tyneside 010B,Shoplifting,Investigation complete; no suspect identified,
4838f33835ade037f4d3679b1e3281db4e5470718c5c2e0529f46beccbe4155a,2024-10,Northumbria Police,Northumbria Police,-1.433517,55.035548,On or near Belle Vue Street,E01008496,North Tyneside 010B,Violence and sexual offences,Status update unavailable,
ce974943757775b288f27020853329300a9b2b549f56b657e979dd63d9776a11,2024-10,Northumbria Police,Northumbria Police,-1.432695,55.036146,On or near Parking Area,E01008496,North Tyneside 010B,Violence and sexual offences,Court result unavailable,
44253ad2baccc996b1069d2c1a76f570654f533de05a8fc9f885def80a98a530,2024-10,Northumbria Police,Northumbria Police,-1.432695,55.036146,On or near Parking Area,E01008496,North Tyneside 010B,Violence and sexual offences,Investigation complete; no suspect identified,
b77f1996bbd459f23a8b5657098c0e07f53a19f643b51f7fdecfa58457e92c86,2024-10,Northumbria Police,Northumbria Police,-1.436260,55.035165,On or near Cullercoats,E01008496,North Tyneside 010B,Violence and sexual offences,Investigation complete; no suspect identified,
38c67dfa7b47259ea65bf1cc61b0920ed1e32347630d7e02120fdba9ef89bf69,2024-10,Northumbria Police,Northumbria Police,-1.431553,55.037237,On or near Cliff Row,E01008496,North Tyneside 010B,Violence and sexual offences,Status update unavailable,
,2024-10,Northumbria Police,Northumbria Police,-1.438406,55.033881,On or near Longston Avenue,E01008497,North Tyneside 010C,Anti-social behaviour,,
,2024-10,Northumbria Police,Northumbria Police,-1.454007,55.029109,On or near Newlands,E01008498,North Tyneside 010D,Anti-social behaviour,,
,2024-10,Northumbria Police,Northumbria Police,-1.447139,55.030309,On or near Kirkstone Avenue,E01008498,North Tyneside 010D,Anti-social behaviour,,
22d1fa9a5b6d2460d6356871b3851b1126c7795d01d91c1891021a197b636519,2024-10,Northumbria Police,Northumbria Police,-1.446003,55.032101,On or near Ellersmere Gardens,E01008498,North Tyneside 010D,Public order,Status update unavailable,
a36abc2d52af2ae83ba171995c9b1ad5ed176482204671ba819c079c688b997b,2024-10,Northumbria Police,Northumbria Police,-1.448119,55.031859,On or near Farringdon Road,E01008498,North Tyneside 010D,Violence and sexual offences,Status update unavailable,
35f14563d534bf0b3c4e7d8ccf07c96c1874b59eab62006531b0b29929bc5bce,2024-10,Northumbria Police,Northumbria Police,-1.448119,55.031859,On or near Farringdon Road,E01008498,North Tyneside 010D,Violence and sexual offences,Status update unavailable,
,2024-10,Northumbria Police,Northumbria Police,-1.501647,55.031227,On or near Angerton Avenue,E01008568,North Tyneside 011B,Anti-social behaviour,,
2395ead96eac89e0a12d1c170eaa9b2229b2b2abbb10401f14e811b444bedc9a,2024-10,Northumbria Police,Northumbria Police,-1.500880,55.033812,On or near Park Avenue,E01008568,North Tyneside 011B,Criminal damage and arson,Investigation complete; no suspect identified,
a5f80bae4eecf5a047fac1f5f566f8d671464228338599cccb978d0b45f654e6,2024-10,Northumbria Police,Northumbria Police,-1.498223,55.033576,On or near Glendale Road,E01008568,North Tyneside 011B,Drugs,Investigation complete; no suspect identified,
c3446f6c9c4acd9ecef1da53071272d8ba26ee173b625f567542ffb19b959efd,2024-10,Northumbria Police,Northumbria Police,-1.502229,55.034779,On or near Park Grove,E01008568,North Tyneside 011B,Other theft,Investigation complete; no suspect identified,
93f5b069d5eac89ed3e254ff415b09f51c7827af0897f9cdff491530dd4eb056,2024-10,Northumbria Police,Northumbria Police,-1.502796,55.033245,On or near Park Road,E01008568,North Tyneside 011B,Other theft,Investigation complete; no suspect identified,
abf4355a3b8c9a1064c7dfa6465f939d372522d537c7c13e44caca78dd27a92e,2024-10,Northumbria Police,Northumbria Police,-1.505195,55.035321,On or near Beadnell Gardens,E01008568,North Tyneside 011B,Shoplifting,Status update unavailable,
aac395cc028ebaadea0c7ef5ff2dfab6e0d1ec49ad828808dcac5867a9f16267,2024-10,Northumbria Police,Northumbria Police,-1.503214,55.034864,On or near Park Crescent,E01008568,North Tyneside 011B,Violence and sexual offences,Status update unavailable,
ec0d9fb5c73ea20f2833787248607eab9f56604fbe4025e4ade2ff796e727718,2024-10,Northumbria Police,Northumbria Police,-1.503214,55.034864,On or near Park Crescent,E01008568,North Tyneside 011B,Violence and sexual offences,Status update unavailable,
1a16e44fb9992f77287118786474b51471b42e21773cbdfd0e3c95f579e3c519,2024-10,Northumbria Police,Northumbria Police,-1.498088,55.034394,On or near Allendale Crescent,E01008568,North Tyneside 011B,Violence and sexual offences,Status update unavailable,
56c67bf9c89af6e2117c639aa7ee2bdc86334987a27fe281817ceddab9de4aee,2024-10,Northumbria Police,Northumbria Police,-1.500880,55.033812,On or near Park Avenue,E01008568,North Tyneside 011B,Violence and sexual offences,Status update unavailable,
439f21ae51403892bdc7d4caa6264ee715271e115b1d49bffbc2c5424995011b,2024-10,Northumbria Police,Northumbria Police,-1.500095,55.026494,On or near New York Road,E01008568,North Tyneside 011B,Violence and sexual offences,Status update unavailable,
9f0636d3c346594b1a8b51f8d0b29ed6a28541ff8e38f77c3b2810c95dbfd4e0,2024-10,Northumbria Police,Northumbria Police,-1.502796,55.033245,On or near Park Road,E01008568,North Tyneside 011B,Violence and sexual offences,Investigation complete; no suspect identified,
90e52d733d011554cdc5e6d949478e05e8f377d7c0142189ff9d7d851dcb4f80,2024-10,Northumbria Police,Northumbria Police,-1.502796,55.033245,On or near Park Road,E01008568,North Tyneside 011B,Violence and sexual offences,Status update unavailable,
e03eb2b76b539064c61f1b39a90c27c2f16c61babcd22ffaf96c9639063bc137,2024-10,Northumbria Police,Northumbria Police,-1.500865,55.032500,On or near Matfen Avenue,E01008568,North Tyneside 011B,Violence and sexual offences,Investigation complete; no suspect identified,
,2024-10,Northumbria Police,Northumbria Police,-1.506181,55.031524,On or near Kirkley Road,E01008569,North Tyneside 011C,Anti-social behaviour,,
,2024-10,Northumbria Police,Northumbria Police,-1.504792,55.027448,On or near Park Lane,E01008569,North Tyneside 011C,Anti-social behaviour,,
,2024-10,Northumbria Police,Northumbria Police,-1.510269,55.028512,On or near New York Road,E01008569,North Tyneside 011C,Anti-social behaviour,,
,2024-10,Northumbria Police,Northumbria Police,-1.504792,55.027448,On or near Park Lane,E01008569,North Tyneside 011C,Anti-social behaviour,,
e7a200d47a9f632a33c877090426f9e484ae1a518eec4a23b9c67bd0829335fe,2024-10,Northumbria Police,Northumbria Police,-1.509785,55.033579,On or near Stanton Road,E01008569,North Tyneside 011C,Burglary,Status update unavailable,
a068e05eae13a0bf4e377c0a790e3975af61484242f756aa570503734e7f21f8,2024-10,Northumbria Police,Northumbria Police,-1.505604,55.027559,On or near New York Road,E01008569,North Tyneside 011C,Public order,Investigation complete; no suspect identified,
60af67abb0dea80626778109fa03f8a3dbee2d217a69978b4c5042cfc1e1c284,2024-10,Northumbria Police,Northumbria Police,-1.506528,55.028731,On or near Brunswick Square,E01008569,North Tyneside 011C,Public order,Investigation complete; no suspect identified,
d0719c363361156b0dec6552c560afc63a06afe251e0362649bef876f2efe57e,2024-10,Northumbria Police,Northumbria Police,-1.504792,55.027448,On or near Park Lane,E01008569,North Tyneside 011C,Vehicle crime,Investigation complete; no suspect identified,
c0a0e8f21cf3b74b2a77772aad6dbf39630490e8dd189404e4eed92872c5e9bd,2024-10,Northumbria Police,Northumbria Police,-1.506096,55.034633,On or near Belford Avenue,E01008569,North Tyneside 011C,Vehicle crime,Investigation complete; no suspect identified,
000c3f50a87abaf67a02a6f4e8561b9e066f3fe8cefdf1b62e3a6ce718040aa8,2024-10,Northumbria Police,Northumbria Police,-1.508179,55.034408,On or near Felton Close,E01008569,North Tyneside 011C,Violence and sexual offences,Investigation complete; no suspect identified,
66b88ca9dd51ca55987f9bee26a45e40e45f517d81594704a59c2f94861132ce,2024-10,Northumbria Police,Northumbria Police,-1.505604,55.027559,On or near New York Road,E01008569,North Tyneside 011C,Violence and sexual offences,Investigation complete; no suspect identified,
7142e81cd7e21296c7fe5a13e1e19a3bcfe50469072d0ce1ac26391602ede505,2024-10,Northumbria Police,Northumbria Police,-1.506096,55.034633,On or near Belford Avenue,E01008569,North Tyneside 011C,Violence and sexual offences,Investigation complete; no suspect identified,
44867914e0c22232a55cfcbe2cc56cd03c9d60068b0dcc0d6abf12ee7436d6f4,2024-10,Northumbria Police,Northumbria Police,-1.505604,55.027559,On or near New York Road,E01008569,North Tyneside 011C,Violence and sexual offences,Investigation complete; no suspect identified,
53857c902d6149561e8dfb4f7670fc3e72d75dc48fc4b1d35b0e4dad83588577,2024-10,Northumbria Police,Northumbria Police,-1.507303,55.030558,On or near Cartington Avenue,E01008569,North Tyneside 011C,Violence and sexual offences,Status update unavailable,
ba7e8acfcffdef01786bd9814a76345297b448f54851f2bb8383224b8fd25891,2024-10,Northumbria Police,Northumbria Police,-1.508738,55.030914,On or near Lilburn Road,E01008569,North Tyneside 011C,Violence and sexual offences,Investigation complete; no suspect identified,
ad6b0a747af2cf7b15d97edd925a1629d627c271fec1dd59d41f219d340ffdf3,2024-10,Northumbria Police,Northumbria Police,-1.506757,55.029208,On or near Brunswick Road,E01008569,North Tyneside 011C,Violence and sexual offences,Status update unavailable,
20e9220cfd1506da59a6805a8ea5238f2b41f5f86a407dd1d8f665b2653578ed,2024-10,Northumbria Police,Northumbria Police,-1.515441,55.029027,On or near Holyfields,E01008570,North Tyneside 011D,Criminal damage and arson,Investigation complete; no suspect identified,
89007a4d41a7651c6635ff251df72f428db6fd54307fc57f0ed5c06efcb74bef,2024-10,Northumbria Police,Northumbria Police,-1.514292,55.027028,On or near Turner Street,E01008570,North Tyneside 011D,Violence and sexual offences,Investigation complete; no suspect identified,
c5b446f24628082139b97e4e3388ff73862c1fa2318db5c2ea2d6eeebc33a9aa,2024-10,Northumbria Police,Northumbria Police,-1.514292,55.027028,On or near Turner Street,E01008570,North Tyneside 011D,Violence and sexual offences,Investigation complete; no suspect identified,
d63c505355d1c80a57c38062ab3a2570978bd20459c3d968c903b3a96e9469b0,2024-10,Northumbria Police,Northumbria Police,-1.517118,55.027452,On or near West Street,E01008570,North Tyneside 011D,Violence and sexual offences,Status update unavailable,
,2024-10,Northumbria Police,Northumbria Police,-1.517677,55.033279,On or near Shopping Area,E01032647,North Tyneside 011E,Anti-social behaviour,,
,2024-10,Northumbria Police,Northumbria Police,-1.522822,55.031292,On or near Supermarket,E01032647,North Tyneside 011E,Anti-social behaviour,,
c182e06dc996ecfd36f706bb7e940726a29963846b2bb44ab1d62dd566fdce78,2024-10,Northumbria Police,Northumbria Police,-1.532552,55.036049,On or near Rosebay Close,E01032647,North Tyneside 011E,Bicycle theft,Investigation complete; no suspect identified,
5cd60a4af9cf524b0f2ca0fcfba7b486c28ad3e80d5bdf2521a80c7521a714b4,2024-10,Northumbria Police,Northumbria Police,-1.522093,55.035353,On or near Meadow Vale,E01032647,North Tyneside 011E,Burglary,Investigation complete; no suspect identified,
8869fee9027d3669101e1845a71d6f53bd0005db5bbe9ba4983fcc0c1907687f,2024-10,Northumbria Police,Northumbria Police,-1.526255,55.032655,On or near Brownsman Court,E01032647,North Tyneside 011E,Burglary,Status update unavailable,
a542e69aad069b774e78be2bbda3e1678e33dc17288caad88d0bc9767b9a9cad,2024-10,Northumbria Police,Northumbria Police,-1.516323,55.033775,On or near Station Road,E01032647,North Tyneside 011E,Drugs,Status update unavailable,
27dcaf232b8d8d7e2ee3bdc1111e004df52d8757734866a99da71c9aeb5e4a3c,2024-10,Northumbria Police,Northumbria Police,-1.516323,55.033775,On or near Station Road,E01032647,North Tyneside 011E,Other theft,Investigation complete; no suspect identified,
7dd3eb9d4f376717b63d5025c7e1a172f77552455a7e673921500294f61d53b6,2024-10,Northumbria Police,Northumbria Police,-1.522822,55.031292,On or near Supermarket,E01032647,North Tyneside 011E,Other theft,Investigation complete; no suspect identified,
008aa9c1936497605dd6a6f6d4ba84faff1e812e7da5a31993b6c00f7d1282ae,2024-10,Northumbria Police,Northumbria Police,-1.522093,55.035353,On or near Meadow Vale,E01032647,North Tyneside 011E,Other theft,Investigation complete; no suspect identified,
e3e7796ee008311acc0ba880bc89b5305b5b42b8225b2ba0d3df679d339a465d,2024-10,Northumbria Police,Northumbria Police,-1.516323,55.033775,On or near Station Road,E01032647,North Tyneside 011E,Public order,Investigation complete; no suspect identified,
eaed4b0a3294457820da50bbc43230ad80768b99e02bcce483195cc83c3ac503,2024-10,Northumbria Police,Northumbria Police,-1.522822,55.031292,On or near Supermarket,E01032647,North Tyneside 011E,Shoplifting,Status update unavailable,
925134b1a46dd350a2a43191c3b353307b67101955a768d9f55f6d777b58b6c6,2024-10,Northumbria Police,Northumbria Police,-1.522822,55.031292,On or near Supermarket,E01032647,North Tyneside 011E,Shoplifting,Investigation complete; no suspect identified,
256d71817dc574c68a12ab110ce84254b9f067c45e9e56cfa30c55b6f73a6e8a,2024-10,Northumbria Police,Northumbria Police,-1.522822,55.031292,On or near Supermarket,E01032647,North Tyneside 011E,Shoplifting,Court result unavailable,
17cb77314cb04df8c173a0331e6dc659da236bd67bb2102ec1d5f9bc0348bfac,2024-10,Northumbria Police,Northumbria Police,-1.522822,55.031292,On or near Supermarket,E01032647,North Tyneside 011E,Shoplifting,Investigation complete; no suspect identified,
ecf419184f5719c7d5629efab30ca10148a55d8c3baf97f1ab7ce6040ebb74a2,2024-10,Northumbria Police,Northumbria Police,-1.530244,55.034019,On or near Parking Area,E01032647,North Tyneside 011E,Violence and sexual offences,Status update unavailable,
9b7fb3bf48c68f8373ee2919eea2629bf2a37bbbca9d31ad60caae6c0deacb5e,2024-10,Northumbria Police,Northumbria Police,-1.516323,55.033775,On or near Station Road,E01032647,North Tyneside 011E,Violence and sexual offences,Status update unavailable,
46350985453a213a3c84d3ea50f2b07a0b1a6569b6ac3069cf8cddef995d60d1,2024-10,Northumbria Police,Northumbria Police,-1.522822,55.031292,On or near Supermarket,E01032647,North Tyneside 011E,Violence and sexual offences,Court result unavailable,
45560dac081592845b6247da02ddfeb05cc29f9169f655dd9134d967ea44b208,2024-10,Northumbria Police,Northumbria Police,-1.522093,55.035353,On or near Meadow Vale,E01032647,North Tyneside 011E,Violence and sexual offences,Status update unavailable,
3717348e5ddd0409efc9c56c4bdbcc06c40355f845bdfabee2e491e444d191cf,2024-10,Northumbria Police,Northumbria Police,-1.522093,55.035353,On or near Meadow Vale,E01032647,North Tyneside 011E,Other crime,Status update unavailable,
,2024-10,Northumbria Police,Northumbria Police,-1.511026,55.034509,On or near Kirkland Walk,E01032648,North Tyneside 011F,Anti-social behaviour,,
,2024-10,Northumbria Police,Northumbria Police,-1.512791,55.034696,On or near Emmerson Place,E01032648,North Tyneside 011F,Anti-social behaviour,,
,2024-10,Northumbria Police,Northumbria Police,-1.518669,55.032500,On or near Algernon Drive,E01032648,North Tyneside 011F,Anti-social behaviour,,
7cb31264ec389b7b63dbee8415a30a441d7771b66e6e93f51b172b7c3706e377,2024-10,Northumbria Police,Northumbria Police,-1.518557,55.037954,On or near Hartside Crescent,E01032648,North Tyneside 011F,Criminal damage and arson,Status update unavailable,
b6f17de3315a2b5f4a4750a96ca47e6b42c909143398ca358f6139a3a93402d8,2024-10,Northumbria Police,Northumbria Police,-1.511494,55.035850,On or near Boyne Gardens,E01032648,North Tyneside 011F,Public order,Investigation complete; no suspect identified,
3bea5b86bb612e9fb80d0a3ee0b45a049cc06aa7107326ac4ea9aeaaeb6688e1,2024-10,Northumbria Police,Northumbria Police,-1.518669,55.032500,On or near Algernon Drive,E01032648,North Tyneside 011F,Shoplifting,Investigation complete; no suspect identified,
e7049dcac32abf44fec665877c40cfb3098542eeba1929086a3461634195302e,2024-10,Northumbria Police,Northumbria Police,-1.518669,55.032500,On or near Algernon Drive,E01032648,North Tyneside 011F,Shoplifting,Investigation complete; no suspect identified,
01728b33f3ed536c79e16cdbaa52c7a248e46d84e8cc2518949733c4fe7dbc5b,2024-10,Northumbria Police,Northumbria Police,-1.522623,55.039408,On or near Park/Open Space,E01032648,North Tyneside 011F,Vehicle crime,Investigation complete; no suspect identified,
224532ea243b995008d5b58db15fa4f963b0906625662c095cbe5901c1545672,2024-10,Northumbria Police,Northumbria Police,-1.517237,55.035783,On or near Harlow Avenue,E01032648,North Tyneside 011F,Violence and sexual offences,Status update unavailable,
21a248df0f8003cd1ffa91fe7537bf488a438fe40110777df9f899284ae5e063,2024-10,Northumbria Police,Northumbria Police,-1.517992,55.035516,On or near Halton Drive,E01032648,North Tyneside 011F,Violence and sexual offences,Status update unavailable,
54b741877bc23243998cd703ee8bc7ab131133cae4bb48f0631c6578ec863c6b,2024-10,Northumbria Police,Northumbria Police,-1.519255,55.037139,On or near Haydon Gardens,E01032648,North Tyneside 011F,Violence and sexual offences,Investigation complete; no suspect identified,
5bf20a43f7c7c319ccf4a1eaa1e11574225ba1524c21bba2d787c53f5a29284f,2024-10,Northumbria Police,Northumbria Police,-1.518557,55.037954,On or near Hartside Crescent,E01032648,North Tyneside 011F,Violence and sexual offences,Investigation complete; no suspect identified,
8ca72404c78a210d96bdcadf7d120261ef70ccc8ff512079786749deb7ff129d,2024-10,Northumbria Police,Northumbria Police,-1.518669,55.032500,On or near Algernon Drive,E01032648,North Tyneside 011F,Other crime,Court result unavailable,
,2024-10,Northumbria Police,Northumbria Police,-1.561379,55.023962,On or near Forest Hall Road,E01008500,North Tyneside 012A,Anti-social behaviour,,
,2024-10,Northumbria Police,Northumbria Police,-1.561379,55.023962,On or near Forest Hall Road,E01008500,North Tyneside 012A,Anti-social behaviour,,
7e2432e1d59f87576fce6bcfe824f32cd50e7e87fa31505bf66c913063a657b9,2024-10,Northumbria Police,Northumbria Police,-1.552872,55.026645,On or near Palmers Green,E01008500,North Tyneside 012A,Burglary,Investigation complete; no suspect identified,
392a3116574559b539a2576707cd185db97102cd8c7db1463b71f094583c3cb9,2024-10,Northumbria Police,Northumbria Police,-1.548279,55.024732,On or near Young Road,E01008500,North Tyneside 012A,Criminal damage and arson,Status update unavailable,
4bb9c96545940c8d0aa1e16479bff88b03da61ac664e6f28d9ef186ad9b5fbfc,2024-10,Northumbria Police,Northumbria Police,-1.553670,55.025316,On or near Supermarket,E01008500,North Tyneside 012A,Criminal damage and arson,Investigation complete; no suspect identified,
59deddaaa0a3850aa66355ad63c5e5a96bc4ae0acbccc95f66821613760008ba,2024-10,Northumbria Police,Northumbria Police,-1.558446,55.024689,On or near Earlington Court,E01008500,North Tyneside 012A,Criminal damage and arson,Status update unavailable,
b6c3d7294b7abd216fc26643aea3dcae25729efd8b5b3353d1216a7fb060c6fb,2024-10,Northumbria Police,Northumbria Police,-1.563457,55.024230,On or near Oswin Road,E01008500,North Tyneside 012A,Other theft,Status update unavailable,
c4e36721b3a96a99f3367abfd9136d15e5eddbff1d89aed541752fcb76216b2d,2024-10,Northumbria Police,Northumbria Police,-1.552812,55.025001,On or near Crossley Terrace,E01008500,North Tyneside 012A,Public order,Status update unavailable,
1d9f8910d4cae310eeb438ef47e3b99591dd6d19e4ca3947e425462a104f98b2,2024-10,Northumbria Police,Northumbria Police,-1.561345,55.025670,On or near Granville Avenue,E01008500,North Tyneside 012A,Public order,Investigation complete; no suspect identified,
5364d1dcad7664ea83f38e6e0e9cabc38c01cd5b85dd041c5626d771dadc4854,2024-10,Northumbria Police,Northumbria Police,-1.553670,55.025316,On or near Supermarket,E01008500,North Tyneside 012A,Public order,Investigation complete; no suspect identified,
ad47e136af598c91c24486d1de0c68627f5ac95b77abc6b15a665d56ad0e59c3,2024-10,Northumbria Police,Northumbria Police,-1.553670,55.025316,On or near Supermarket,E01008500,North Tyneside 012A,Shoplifting,Investigation complete; no suspect identified,
516a901ab2f38cac0211904f6b4e7b3009da0bd76f9802140c6b6520e99b2cff,2024-10,Northumbria Police,Northumbria Police,-1.553670,55.025316,On or near Supermarket,E01008500,North Tyneside 012A,Shoplifting,Investigation complete; no suspect identified,
ab8644e731dc005d10480b926aadd9b2a6326a0c72f9ee5360bfdba908bdb70b,2024-10,Northumbria Police,Northumbria Police,-1.553670,55.025316,On or near Supermarket,E01008500,North Tyneside 012A,Shoplifting,Investigation complete; no suspect identified,
66732f947ca145bd31e657655b4eab85b4c67f7f807fe9df344435e4d86e1676,2024-10,Northumbria Police,Northumbria Police,-1.549451,55.026199,On or near Sports/Recreation Area,E01008500,North Tyneside 012A,Shoplifting,Status update unavailable,
da7f10132d8fa10beeceb2bb568ad2be3a8607d7d22aa25b593f99eabce9c340,2024-10,Northumbria Police,Northumbria Police,-1.562228,55.026464,On or near Great Lime Road,E01008500,North Tyneside 012A,Vehicle crime,Investigation complete; no suspect identified,
dd86369290eac641d8c56fe5e19bebd517b8e840a96b986192003ebe73793e7e,2024-10,Northumbria Police,Northumbria Police,-1.557698,55.025854,On or near Errington Terrace,E01008500,North Tyneside 012A,Violence and sexual offences,Status update unavailable,
4101cb38b37d57085bf361cb9f518ab8c8ec29c56ba7c9cbbe528919222317ad,2024-10,Northumbria Police,Northumbria Police,-1.564899,55.023930,On or near Delaval Road,E01008500,North Tyneside 012A,Violence and sexual offences,Status update unavailable,
3891eb0ddca15f9cf407b2c435ce946e1e7e18c56b158c3a3d906b71f1a06952,2024-10,Northumbria Police,Northumbria Police,-1.562846,55.024345,On or near Oswin Court,E01008500,North Tyneside 012A,Violence and sexual offences,Investigation complete; no suspect identified,
66211c5d0593eaea84c7dd1075ae0faf6f6cab95953718f0176642e415e407c2,2024-10,Northumbria Police,Northumbria Police,-1.549451,55.026199,On or near Sports/Recreation Area,E01008500,North Tyneside 012A,Violence and sexual offences,Status update unavailable,
,2024-10,Northumbria Police,Northumbria Police,-1.563093,55.028911,On or near Denewood,E01008505,North Tyneside 012B,Anti-social behaviour,,
,2024-10,Northumbria Police,Northumbria Police,-1.565787,55.035813,On or near Killingworth Bus Station,E01008505,North Tyneside 012B,Anti-social behaviour,,
,2024-10,Northumbria Police,Northumbria Police,-1.564224,55.034298,On or near Garth Thirty Three,E01008505,North Tyneside 012B,Anti-social behaviour,,
,2024-10,Northumbria Police,Northumbria Police,-1.568761,55.032786,On or near Parking Area,E01008505,North Tyneside 012B,Anti-social behaviour,,
,2024-10,Northumbria Police,Northumbria Police,-1.564696,55.035503,On or near Citadel East,E01008505,North Tyneside 012B,Anti-social behaviour,,
bb66caa91a45954d04979620ab92aca98299a7808b153a84ca77ed97d5e42dda,2024-10,Northumbria Police,Northumbria Police,-1.565024,55.028253,On or near Leybourne Avenue,E01008505,North Tyneside 012B,Burglary,Court result unavailable,
992f9d26b12748ac3bd7ee82187f163fe36bd949ded60a0d9a3e4db7f8ff5048,2024-10,Northumbria Police,Northumbria Police,-1.561942,55.032654,On or near Green Lane,E01008505,North Tyneside 012B,Criminal damage and arson,Investigation complete; no suspect identified,
afdb0e2e5ae579d7b436cc50a763e0d3713081375c72e1faca294abd20e7e0f2,2024-10,Northumbria Police,Northumbria Police,-1.568761,55.032786,On or near Parking Area,E01008505,North Tyneside 012B,Criminal damage and arson,Status update unavailable,
27625004ead932b4979c60587d2ac80a09263caa67af8e39ecaf01b84a6b3d8a,2024-10,Northumbria Police,Northumbria Police,-1.564018,55.031583,On or near St. Josephs Close,E01008505,North Tyneside 012B,Criminal damage and arson,Investigation complete; no suspect identified,
c80cb9af8a8ce9be6bd2ac1541b5d07b265c2f1c2df68c5c2e62b7be00be063d,2024-10,Northumbria Police,Northumbria Police,-1.568761,55.032786,On or near Parking Area,E01008505,North Tyneside 012B,Drugs,Investigation complete; no suspect identified,
eabb0766dea4211db5d07907cddd892bf8c35584f5101cf12e311672e47eea8a,2024-10,Northumbria Police,Northumbria Police,-1.564224,55.034298,On or near Garth Thirty Three,E01008505,North Tyneside 012B,Other theft,Status update unavailable,
5692d3f759e550de7dd460c905f278c5352838986a06971761f96c30de45d49d,2024-10,Northumbria Police,Northumbria Police,-1.564224,55.034298,On or near Garth Thirty Three,E01008505,North Tyneside 012B,Other theft,Status update unavailable,
7cf0efa5f99093ffcc91ade9000223c32c6d67918966c8e5f8ea7d576e27cf7f,2024-10,Northumbria Police,Northumbria Police,-1.564224,55.034298,On or near Garth Thirty Three,E01008505,North Tyneside 012B,Other theft,Status update unavailable,
9b2cf3096b9b02f31a8060bad74808b76f4e1440fe8ecd81b696108206956d19,2024-10,Northumbria Police,Northumbria Police,-1.563436,55.036200,On or near Stratford Close,E01008505,North Tyneside 012B,Public order,Status update unavailable,
9a50a4acec79f9ab6f46247e269e9848acf9e116162721b0989bf71bba684101,2024-10,Northumbria Police,Northumbria Police,-1.563436,55.036200,On or near Stratford Close,E01008505,North Tyneside 012B,Public order,Status update unavailable,
d0fae0d37cbb755885acb315522c4626b28fa4146e12738f9455dca82eafe16c,2024-10,Northumbria Police,Northumbria Police,-1.561942,55.032654,On or near Green Lane,E01008505,North Tyneside 012B,Public order,Investigation complete; no suspect identified,
02ad80b008d4048312fa217d5317efb0778c6bd07beb5d6730c5b70d7f0a8e05,2024-10,Northumbria Police,Northumbria Police,-1.563436,55.036200,On or near Stratford Close,E01008505,North Tyneside 012B,Shoplifting,Investigation complete; no suspect identified,
bfb21cbcbf155211c943ad9e6216c2959d0cfb56633841eba22ce0d82e399e73,2024-10,Northumbria Police,Northumbria Police,-1.563436,55.036200,On or near Stratford Close,E01008505,North Tyneside 012B,Shoplifting,Investigation complete; no suspect identified,
2edbfaffe729ea4bcd06b1d535f991fb63007904d9ebb64f2b2a099e052bf039,2024-10,Northumbria Police,Northumbria Police,-1.563436,55.036200,On or near Stratford Close,E01008505,North Tyneside 012B,Shoplifting,Status update unavailable,
06e543609f52f6ad300520536f92d785946cb06a97fb4a749824b7d518817a13,2024-10,Northumbria Police,Northumbria Police,-1.563436,55.036200,On or near Stratford Close,E01008505,North Tyneside 012B,Shoplifting,Investigation complete; no suspect identified,
96f3f222043edf6537c54d58783f55dd38d00c37076231a551de87d9edcf131b,2024-10,Northumbria Police,Northumbria Police,-1.563436,55.036200,On or near Stratford Close,E01008505,North Tyneside 012B,Shoplifting,Status update unavailable,
6d19d65109f1bd8082c5f7105543bf2f8b29e052b8acbfa6a9c086fe726e8d01,2024-10,Northumbria Police,Northumbria Police,-1.563436,55.036200,On or near Stratford Close,E01008505,North Tyneside 012B,Shoplifting,Investigation complete; no suspect identified,
a794e2f581efc0f76537aa75972444dc7c1524f8eb34fef016f8a8da75b8ac94,2024-10,Northumbria Police,Northumbria Police,-1.561942,55.032654,On or near Green Lane,E01008505,North Tyneside 012B,Vehicle crime,Investigation complete; no suspect identified,
f45db266b09eab2f967f3778d101a0fefe46eab31429e27331ab635276db36a8,2024-10,Northumbria Police,Northumbria Police,-1.562519,55.027031,On or near Willowdene,E01008505,North Tyneside 012B,Vehicle crime,Investigation complete; no suspect identified,
eb5a654d8b395a919eb31e78ffda12d3f023cee8b49c1e58a996d368b96142a8,2024-10,Northumbria Police,Northumbria Police,-1.563436,55.036200,On or near Stratford Close,E01008505,North Tyneside 012B,Vehicle crime,Investigation complete; no suspect identified,
fc53ffa98cabe8f9a63b4b73467b7a6a734cf4a479dfdd87d3e3cce824e35026,2024-10,Northumbria Police,Northumbria Police,-1.568761,55.032786,On or near Parking Area,E01008505,North Tyneside 012B,Violence and sexual offences,Status update unavailable,
2e05ba8cfd85f449935bbf1ed8a425a278f109e8676e3652f086a9b94d58a493,2024-10,Northumbria Police,Northumbria Police,-1.564224,55.034298,On or near Garth Thirty Three,E01008505,North Tyneside 012B,Violence and sexual offences,Status update unavailable,
7ff4a23095aa8c4a58d31e79f1bb2351eff7d41bc1eeeb0fb21e8a4b3e9f533e,2024-10,Northumbria Police,Northumbria Police,-1.565924,55.034789,On or near White Swan Close,E01008505,North Tyneside 012B,Violence and sexual offences,Status update unavailable,
9328fb86524897b49678c8cd16d436aeddf06da6aebaec7c192c38ebd2face78,2024-10,Northumbria Police,Northumbria Police,-1.564224,55.034298,On or near Garth Thirty Three,E01008505,North Tyneside 012B,Violence and sexual offences,Investigation complete; no suspect identified,
087503d298a222cda278d877e21d17425c986e07f4ce39b0636621f16edb7517,2024-10,Northumbria Police,Northumbria Police,-1.568761,55.032786,On or near Parking Area,E01008505,North Tyneside 012B,Violence and sexual offences,Status update unavailable,
60e752e2fd6e88436f9f18d1add16760984229225df7dc1e2ea8980f237b6b07,2024-10,Northumbria Police,Northumbria Police,-1.563436,55.036200,On or near Stratford Close,E01008505,North Tyneside 012B,Violence and sexual offences,Investigation complete; no suspect identified,
86c299912ae2f4f98641bcc51d2a0a6ab3e9f376dd3f474cd1102084969f3740,2024-10,Northumbria Police,Northumbria Police,-1.568761,55.032786,On or near Parking Area,E01008505,North Tyneside 012B,Violence and sexual offences,Status update unavailable,
45c429a23ce097713e11791b18d9886859cb2691ef03274a8664a35b9d7ba4e4,2024-10,Northumbria Police,Northumbria Police,-1.565159,55.028792,On or near Leybourne Dene,E01008505,North Tyneside 012B,Violence and sexual offences,Investigation complete; no suspect identified,
a1d42802d9765eda89dfc1ca5b5740455874b0006ec20d7ef53cbffdf018199e,2024-10,Northumbria Police,Northumbria Police,-1.563436,55.036200,On or near Stratford Close,E01008505,North Tyneside 012B,Violence and sexual offences,Offender given a caution,
a72fd2f50de7144a0d99076e8ae8025d4942f1c51106da1fd6d8a48a6933cb5e,2024-10,Northumbria Police,Northumbria Police,-1.565924,55.034789,On or near White Swan Close,E01008505,North Tyneside 012B,Violence and sexual offences,Status update unavailable,
fc47d8ac3cb21be24b64bf19077a14d70f6b0971da371d551ac9bae86d7d98dc,2024-10,Northumbria Police,Northumbria Police,-1.568761,55.032786,On or near Parking Area,E01008505,North Tyneside 012B,Other crime,Status update unavailable,
,2024-10,Northumbria Police,Northumbria Police,-1.561683,55.036319,On or near Garth Twenty,E01008506,North Tyneside 012C,Anti-social behaviour,,
,2024-10,Northumbria Police,Northumbria Police,-1.556408,55.036453,On or near Garth Twenty Four,E01008506,North Tyneside 012C,Anti-social behaviour,,
1dea433a802bf8f231f2f17fb19894f626f127c25cee75e5adf6a16f8cb5202a,2024-10,Northumbria Police,Northumbria Police,-1.552996,55.035156,On or near Garth Twenty Seven,E01008506,North Tyneside 012C,Other theft,Investigation complete; no suspect identified,
eafb4e3b16f1411966fa4157dde3b7a8a01d23f58a703d1fd004fd08e37566e9,2024-10,Northumbria Police,Northumbria Police,-1.556408,55.036453,On or near Garth Twenty Four,E01008506,North Tyneside 012C,Violence and sexual offences,Investigation complete; no suspect identified,
b994e8fbe5fa2abe73239b659acc595aaf559a6d2aa2f4502a0dcc49c3cbf2c5,2024-10,Northumbria Police,Northumbria Police,-1.551911,55.035610,On or near Bus/Coach Station,E01008506,North Tyneside 012C,Violence and sexual offences,Status update unavailable,
56e63641cacb62bcb29ff1b641e6e89fc5276c5912422b9774f5f8743ebb05ad,2024-10,Northumbria Police,Northumbria Police,-1.561683,55.036319,On or near Garth Twenty,E01008506,North Tyneside 012C,Violence and sexual offences,Status update unavailable,
0128eeb662a1d469b7a7a1754fdf01b68665271b7a605cc66ad800c27db32956,2024-10,Northumbria Police,Northumbria Police,-1.561683,55.036319,On or near Garth Twenty,E01008506,North Tyneside 012C,Violence and sexual offences,Status update unavailable,
69db83540c77a0b9fade88a5cbbfb4d230c39ce7b642ed9269884df7b19f173a,2024-10,Northumbria Police,Northumbria Police,-1.556408,55.036453,On or near Garth Twenty Four,E01008506,North Tyneside 012C,Violence and sexual offences,Status update unavailable,
78b55179349f1cfc47d87bcb87224216ee8943e327c218a43765646171c629a9,2024-10,Northumbria Police,Northumbria Police,-1.552996,55.035156,On or near Garth Twenty Seven,E01008506,North Tyneside 012C,Violence and sexual offences,Status update unavailable,
949e9f8b319def11c2ebd50b46b74c2e45bbc56ffb7a8204cd8baaabcd96c334,2024-10,Northumbria Police,Northumbria Police,-1.550637,55.030654,On or near Quarry Close,E01008507,North Tyneside 012D,Violence and sexual offences,Status update unavailable,
89866495c5461a9e626abc539ece633f474fff906e4a360b3ec565eea5a9c665,2024-10,Northumbria Police,Northumbria Police,-1.547788,55.036350,On or near Harwood Drive,E01008507,North Tyneside 012D,Violence and sexual offences,Status update unavailable,
f8bbdf3a9ce6e88e84e9ffa059c23440e976b1dedb253c4f8f7ea4ca5cc466ff,2024-10,Northumbria Police,Northumbria Police,-1.547788,55.036350,On or near Harwood Drive,E01008507,North Tyneside 012D,Violence and sexual offences,Status update unavailable,
6021fc053274067bf785691ec7cbe71b5f69794d2e99e664d2d637130b4da1c5,2024-10,Northumbria Police,Northumbria Police,-1.547788,55.036350,On or near Harwood Drive,E01008507,North Tyneside 012D,Violence and sexual offences,Investigation complete; no suspect identified,
4f89b9d088571526505146430c35d9d3bbbdac5eb540e56b6be9823965910c76,2024-10,Northumbria Police,Northumbria Police,-1.558520,55.033666,On or near Silverstone,E01008507,North Tyneside 012D,Violence and sexual offences,Status update unavailable,
,2024-10,Northumbria Police,Northumbria Police,-1.446638,55.026919,On or near Wallington Avenue,E01008493,North Tyneside 013A,Anti-social behaviour,,
2f0530efce4d4ed3c7c8acdc1baf59f2f9a8b86788e472d0f244fe0ff2c7f031,2024-10,Northumbria Police,Northumbria Police,-1.446940,55.024296,On or near Campsie Crescent,E01008493,North Tyneside 013A,Criminal damage and arson,Status update unavailable,
8fe838c53e5f5835d18d7f19a2b7f4260a1e7f6b07c10a235ada2a529ba6ee4a,2024-10,Northumbria Police,Northumbria Police,-1.436337,55.025227,On or near Petrol Station,E01008493,North Tyneside 013A,Shoplifting,Status update unavailable,
fa21eab152b90140c440b7a8d646c388e1a17cab8f819b04251fdaab12bf5866,2024-10,Northumbria Police,Northumbria Police,-1.436337,55.025227,On or near Petrol Station,E01008493,North Tyneside 013A,Shoplifting,Court result unavailable,
6ebcc93dc7f08f4dfe815fcd4640889ddbd7a0b9e3a5c48fdd86dade9cebfc37,2024-10,Northumbria Police,Northumbria Police,-1.436337,55.025227,On or near Petrol Station,E01008493,North Tyneside 013A,Shoplifting,Investigation complete; no suspect identified,
49690829add4b2379d0405892939410cfe2087ea9cdfb260a3952bff642701cd,2024-10,Northumbria Police,Northumbria Police,-1.436337,55.025227,On or near Petrol Station,E01008493,North Tyneside 013A,Shoplifting,Status update unavailable,
5750e5f167de0e515ccc91be7254911ed20fccc8bf0cead438ca9c9e25b8c1ba,2024-10,Northumbria Police,Northumbria Police,-1.445055,55.028286,On or near Hartington Road,E01008493,North Tyneside 013A,Violence and sexual offences,Status update unavailable,
d3ba3ae9df9ca1937b09fc78b279333c8ba5db6a41a88908e64e687c9570397f,2024-10,Northumbria Police,Northumbria Police,-1.445055,55.028286,On or near Hartington Road,E01008493,North Tyneside 013A,Violence and sexual offences,Status update unavailable,
,2024-10,Northumbria Police,Northumbria Police,-1.450676,55.023298,On or near Beach Road,E01008494,North Tyneside 013B,Anti-social behaviour,,
,2024-10,Northumbria Police,Northumbria Police,-1.451106,55.029653,On or near Penrith Avenue,E01008494,North Tyneside 013B,Anti-social behaviour,,
,2024-10,Northumbria Police,Northumbria Police,-1.452478,55.024222,On or near Preston Wood,E01008494,North Tyneside 013B,Anti-social behaviour,,
7e2defca6628e1238b9b4da58a16a68c0107c88999afe68324c0397e673c4a7b,2024-10,Northumbria Police,Northumbria Police,-1.450676,55.023298,On or near Beach Road,E01008494,North Tyneside 013B,Bicycle theft,Status update unavailable,
8bfd2cefad4e0986d592842ce7277784d172460989ba1c02cd02b231b7113a24,2024-10,Northumbria Police,Northumbria Police,-1.452773,55.025527,On or near Hartburn Road,E01008494,North Tyneside 013B,Burglary,Investigation complete; no suspect identified,
16784d5174ba5a889d5079f02b71b74071937263d008c1a169a34012b6e48ca9,2024-10,Northumbria Police,Northumbria Police,-1.446194,55.028480,On or near Buttermere Road,E01008494,North Tyneside 013B,Other theft,Investigation complete; no suspect identified,
d735ddd4ed919f90021ef9bcaf91802a146385c49fec65db0c5900580375c898,2024-10,Northumbria Police,Northumbria Police,-1.446194,55.028480,On or near Buttermere Road,E01008494,North Tyneside 013B,Other theft,Investigation complete; no suspect identified,
9bab42baadeaf72f9367e615f14ec2651a2869d3b95bcba9f0658c040c90ff46,2024-10,Northumbria Police,Northumbria Police,-1.450579,55.026946,On or near Longthorpe Close,E01008494,North Tyneside 013B,Violence and sexual offences,Status update unavailable,
11261f4c5ac1c8ee02b923de99c00c740a6416812589a7fa509a4249b4e6d3fa,2024-10,Northumbria Police,Northumbria Police,-1.452343,55.024959,On or near Cambo Place,E01008494,North Tyneside 013B,Violence and sexual offences,Status update unavailable,
cd6449d9956cf69788bca62f13737930d52055f7fdd28a6f3fc10678484bcf41,2024-10,Northumbria Police,Northumbria Police,-1.466358,55.034411,On or near Seatonville Road,E01008556,North Tyneside 013C,Bicycle theft,Investigation complete; no suspect identified,
5963db966f0ac1138e7c6e795b1c5f213e5138f621811d5817fdbf2580debb34,2024-10,Northumbria Police,Northumbria Police,-1.465533,55.035820,On or near Sports/Recreation Area,E01008556,North Tyneside 013C,Bicycle theft,Investigation complete; no suspect identified,
85bfbbddf4b17010437eea2e69ad8bfc43f7cb1eceb99a6da1f85c5482d1cef1,2024-10,Northumbria Police,Northumbria Police,-1.463619,55.026276,On or near Rosewood Close,E01008556,North Tyneside 013C,Burglary,Investigation complete; no suspect identified,
ee4be5e895b4eef94a6154a92eb47620393efebff3cd3678b343a4f997169bed,2024-10,Northumbria Police,Northumbria Police,-1.470458,55.033135,On or near Briar Vale,E01008556,North Tyneside 013C,Other theft,Status update unavailable,
b441f0cee2866c7221b585452fdd17183760393e16bbc292a912e673593a7197,2024-10,Northumbria Police,Northumbria Police,-1.456063,55.025191,On or near Petrol Station,E01008556,North Tyneside 013C,Shoplifting,Investigation complete; no suspect identified,
8e03511c043a24f50947080b705a11134e905ef73f03e95a288ef24fb2947ff4,2024-10,Northumbria Police,Northumbria Police,-1.456683,55.025580,On or near Bishopbourne Court,E01008556,North Tyneside 013C,Shoplifting,Investigation complete; no suspect identified,
fad4ea229a3944162d8cb946915f4f039fa161123879ecbc762234301deac675,2024-10,Northumbria Police,Northumbria Police,-1.466543,55.033406,On or near Cresswell Close,E01008556,North Tyneside 013C,Violence and sexual offences,Status update unavailable,
60c6add2ea24d930b33b3527a7d08270a16c35a54643e448537cd02a7bb020b5,2024-10,Northumbria Police,Northumbria Police,-1.463619,55.026276,On or near Rosewood Close,E01008556,North Tyneside 013C,Violence and sexual offences,Investigation complete; no suspect identified,
bc8f2d53a35fdc09d49befd9676584be1be70e000a7987ac95671136df1d98fd,2024-10,Northumbria Police,Northumbria Police,-1.467507,55.025646,On or near Hospital,E01008556,North Tyneside 013C,Violence and sexual offences,Status update unavailable,
a8a794cbdfea44a53572a595de11e524e11ebd488da2e9f5c0999334602cbf50,2024-10,Northumbria Police,Northumbria Police,-1.465185,55.036725,On or near Springfield Grove,E01008556,North Tyneside 013C,Other crime,Status update unavailable,
,2024-10,Northumbria Police,Northumbria Police,-1.456814,55.023963,On or near Supermarket,E01008557,North Tyneside 013D,Anti-social behaviour,,
,2024-10,Northumbria Police,Northumbria Police,-1.456814,55.023963,On or near Supermarket,E01008557,North Tyneside 013D,Anti-social behaviour,,
,2024-10,Northumbria Police,Northumbria Police,-1.456814,55.023963,On or near Supermarket,E01008557,North Tyneside 013D,Anti-social behaviour,,
,2024-10,Northumbria Police,Northumbria Police,-1.466432,55.020600,On or near Dryburgh Close,E01008557,North Tyneside 013D,Anti-social behaviour,,
,2024-10,Northumbria Police,Northumbria Police,-1.456814,55.023963,On or near Supermarket,E01008557,North Tyneside 013D,Anti-social behaviour,,
,2024-10,Northumbria Police,Northumbria Police,-1.456814,55.023963,On or near Supermarket,E01008557,North Tyneside 013D,Anti-social behaviour,,
,2024-10,Northumbria Police,Northumbria Police,-1.456814,55.023963,On or near Supermarket,E01008557,North Tyneside 013D,Anti-social behaviour,,
,2024-10,Northumbria Police,Northumbria Police,-1.456814,55.023963,On or near Supermarket,E01008557,North Tyneside 013D,Anti-social behaviour,,
,2024-10,Northumbria Police,Northumbria Police,-1.456814,55.023963,On or near Supermarket,E01008557,North Tyneside 013D,Anti-social behaviour,,
,2024-10,Northumbria Police,Northumbria Police,-1.456814,55.023963,On or near Supermarket,E01008557,North Tyneside 013D,Anti-social behaviour,,
,2024-10,Northumbria Police,Northumbria Police,-1.456814,55.023963,On or near Supermarket,E01008557,North Tyneside 013D,Anti-social behaviour,,
,2024-10,Northumbria Police,Northumbria Police,-1.456814,55.023963,On or near Supermarket,E01008557,North Tyneside 013D,Anti-social behaviour,,
f55f84ba8bfeeee3ca69e19ca931095d908a266e28470fa7ae2381d72b491b3a,2024-10,Northumbria Police,Northumbria Police,-1.456814,55.023963,On or near Supermarket,E01008557,North Tyneside 013D,Other theft,Investigation complete; no suspect identified,
6b1845f56aa5437f4e8951df91c071f03b88dfe0dc3f35d11381b408b0d5c212,2024-10,Northumbria Police,Northumbria Police,-1.456814,55.023963,On or near Supermarket,E01008557,North Tyneside 013D,Public order,Investigation complete; no suspect identified,
bf3fad66b7c65a6b63d659edb7b22025620d9f7ab5a9e01164bc643256884d43,2024-10,Northumbria Police,Northumbria Police,-1.456814,55.023963,On or near Supermarket,E01008557,North Tyneside 013D,Public order,Investigation complete; no suspect identified,
225e24ffcac001f37db822ce99bbecd219c9ed201141054d7744d52a3edefe17,2024-10,Northumbria Police,Northumbria Police,-1.456814,55.023963,On or near Supermarket,E01008557,North Tyneside 013D,Robbery,Investigation complete; no suspect identified,
6bb6724efb6120117d01a143bb83b060bcf4eb4b459528e1681f87cfa8c011bf,2024-10,Northumbria Police,Northumbria Police,-1.456814,55.023963,On or near Supermarket,E01008557,North Tyneside 013D,Shoplifting,Investigation complete; no suspect identified,
c93ddf879d599472c42fbad2d9ea4b32c181989b19d51ff419da04cb40ae841f,2024-10,Northumbria Police,Northumbria Police,-1.456814,55.023963,On or near Supermarket,E01008557,North Tyneside 013D,Shoplifting,Investigation complete; no suspect identified,
7b8fa5f65ee9f8885313452afd402de66ba5759a9908e8c4b54a7f2ccb188234,2024-10,Northumbria Police,Northumbria Police,-1.456814,55.023963,On or near Supermarket,E01008557,North Tyneside 013D,Shoplifting,Investigation complete; no suspect identified,
f5df87e1ff1cf88e2f536dc45c4fe7854599d7ca787c7578c8290078c2e7d108,2024-10,Northumbria Police,Northumbria Police,-1.456814,55.023963,On or near Supermarket,E01008557,North Tyneside 013D,Shoplifting,Investigation complete; no suspect identified,
ed054df385a9753f70e283d249315cf9cca908bad091936106605d4f7b80bb35,2024-10,Northumbria Police,Northumbria Police,-1.456814,55.023963,On or near Supermarket,E01008557,North Tyneside 013D,Shoplifting,Investigation complete; no suspect identified,
5f7cf06b3e962842e8048cdf4338c992d019df5f3664363e5640543d8f467f3f,2024-10,Northumbria Police,Northumbria Police,-1.456814,55.023963,On or near Supermarket,E01008557,North Tyneside 013D,Shoplifting,Investigation complete; no suspect identified,
d81f59ad152745ba0842f7f1b1b1124bcbdc5e5b06fdeea68803d8c17c3f9f95,2024-10,Northumbria Police,Northumbria Police,-1.456814,55.023963,On or near Supermarket,E01008557,North Tyneside 013D,Shoplifting,Investigation complete; no suspect identified,
af1bc4701ae72e0abe407961b03de582561ab31824b40a81b490e3d0ab248440,2024-10,Northumbria Police,Northumbria Police,-1.456814,55.023963,On or near Supermarket,E01008557,North Tyneside 013D,Shoplifting,Investigation complete; no suspect identified,
f7573d384a601285c7ce7ec6436f607a8213c99751885a25364da56c75e1fb5c,2024-10,Northumbria Police,Northumbria Police,-1.456814,55.023963,On or near Supermarket,E01008557,North Tyneside 013D,Shoplifting,Investigation complete; no suspect identified,
1c833fd70794337aacd4f2de9c89bcff1ef4f9ee545b82b0fea974e77df22f79,2024-10,Northumbria Police,Northumbria Police,-1.456814,55.023963,On or near Supermarket,E01008557,North Tyneside 013D,Shoplifting,Investigation complete; no suspect identified,
482640cc59bdcb58e6ca3ebc1518726e57c49c592a2f9873ee7b51d9cceae400,2024-10,Northumbria Police,Northumbria Police,-1.456814,55.023963,On or near Supermarket,E01008557,North Tyneside 013D,Shoplifting,Investigation complete; no suspect identified,
4e376d999648b960f3bb97c79fbdf1caa2c073f969b2bc5b27bd30e88d18239b,2024-10,Northumbria Police,Northumbria Police,-1.456814,55.023963,On or near Supermarket,E01008557,North Tyneside 013D,Shoplifting,Investigation complete; no suspect identified,
47d7b249ddcb88d4c06f724871cf2f20f4f6bb0acf75467db3ba6298b212a268,2024-10,Northumbria Police,Northumbria Police,-1.456814,55.023963,On or near Supermarket,E01008557,North Tyneside 013D,Shoplifting,Investigation complete; no suspect identified,
a3e0b4fb3bb261c7fa9c56793d5047fe2e6493742144828095bee9c36f8335bc,2024-10,Northumbria Police,Northumbria Police,-1.456814,55.023963,On or near Supermarket,E01008557,North Tyneside 013D,Shoplifting,Investigation complete; no suspect identified,
ec1bfb22f6bbfaa08317bd268c84ba49e65157b48d8c042987dc40bd41c170a0,2024-10,Northumbria Police,Northumbria Police,-1.456814,55.023963,On or near Supermarket,E01008557,North Tyneside 013D,Shoplifting,Investigation complete; no suspect identified,
04f01d6abe3e87938f2ff6563da33ed8891cd866f993d98f193afb864f2e602a,2024-10,Northumbria Police,Northumbria Police,-1.456814,55.023963,On or near Supermarket,E01008557,North Tyneside 013D,Shoplifting,Investigation complete; no suspect identified,
0cd6434333a1d8e325ac9a836d1849a04e2e69ddf0dbe0d159a67ea651c81dea,2024-10,Northumbria Police,Northumbria Police,-1.456814,55.023963,On or near Supermarket,E01008557,North Tyneside 013D,Shoplifting,Investigation complete; no suspect identified,
42e32a3cd6eb87f4e36a6ec202346507b0c0a9593cf8599265823bcf92e0fa17,2024-10,Northumbria Police,Northumbria Police,-1.456814,55.023963,On or near Supermarket,E01008557,North Tyneside 013D,Shoplifting,Investigation complete; no suspect identified,
01f58a74932af2f64a29a4bfb1342c488f8b66f95045e9fd7a180925993463ca,2024-10,Northumbria Police,Northumbria Police,-1.456814,55.023963,On or near Supermarket,E01008557,North Tyneside 013D,Shoplifting,Offender given a caution,
68670f9b671448d50c5491472c7b5e131ab0bd7eb29d325c221511f8080ce7ac,2024-10,Northumbria Police,Northumbria Police,-1.456814,55.023963,On or near Supermarket,E01008557,North Tyneside 013D,Violence and sexual offences,Investigation complete; no suspect identified,
d8d997525613132283aa12b156aa0560383dff66df77348d1126512ab849502e,2024-10,Northumbria Police,Northumbria Police,-1.567641,55.022053,On or near West View,E01008470,North Tyneside 014A,Criminal damage and arson,Investigation complete; no suspect identified,
70b6a8984fa3c92e7606c20fd9cdb681ee274a59ed7fe0b84c7a71331e00085a,2024-10,Northumbria Police,Northumbria Police,-1.564550,55.022958,On or near Lansdowne Road,E01008470,North Tyneside 014A,Criminal damage and arson,Status update unavailable,
3dfd974972fb882fa586a68668bb6442f87f494d15509ca45de2c3ff785ca3f4,2024-10,Northumbria Police,Northumbria Police,-1.564550,55.022958,On or near Lansdowne Road,E01008470,North Tyneside 014A,Drugs,Local resolution,
0cc418df506b3af4edb34ffba45257630b2785571f7f696d19bae994136f466c,2024-10,Northumbria Police,Northumbria Police,-1.567641,55.022053,On or near West View,E01008470,North Tyneside 014A,Public order,Status update unavailable,
2cb73b2f82850c3edd6e6609468315eb0c0ca42f0d975ee2c1f3cb7feb547d9b,2024-10,Northumbria Police,Northumbria Police,-1.564104,55.022211,On or near Percy Gardens,E01008470,North Tyneside 014A,Shoplifting,Status update unavailable,
7d2616be62e9d83338e1046fcd66b0656154648954e396e52bef0aa7554aca55,2024-10,Northumbria Police,Northumbria Police,-1.565996,55.022325,On or near Whitfield Road,E01008470,North Tyneside 014A,Shoplifting,Investigation complete; no suspect identified,
98fb44953e2cb3159225377d408f3e88b724c9c403d6fbf8032f813cb92eec67,2024-10,Northumbria Police,Northumbria Police,-1.565996,55.022325,On or near Whitfield Road,E01008470,North Tyneside 014A,Shoplifting,Status update unavailable,
899cb7df8358114f81d653c3e616683fdd348f7e90b6ff09a0b09c13ac2d3560,2024-10,Northumbria Police,Northumbria Police,-1.565996,55.022325,On or near Whitfield Road,E01008470,North Tyneside 014A,Shoplifting,Court result unavailable,
111cb3b6129c38c0c10d004cad8491687f8fa2f6e7858f181e4ab19f7a15055e,2024-10,Northumbria Police,Northumbria Police,-1.566782,55.021906,On or near Burn Avenue,E01008470,North Tyneside 014A,Shoplifting,Status update unavailable,
d1b1be8db273adf8bd966761d940d441242edc5bafa281deedb5824aa4868d8e,2024-10,Northumbria Police,Northumbria Police,-1.562816,55.022727,On or near Edwin'S Avenue South,E01008470,North Tyneside 014A,Violence and sexual offences,Status update unavailable,
135f40e7817ab7a00c0ac5845a87f7ddf179b3212a59e146e06074d4da683daf,2024-10,Northumbria Police,Northumbria Police,-1.565996,55.022325,On or near Whitfield Road,E01008470,North Tyneside 014A,Violence and sexual offences,Investigation complete; no suspect identified,
a54648f5aa8839115f9204adc924940b4f17db977858f24e84dc6d4e22fc26cb,2024-10,Northumbria Police,Northumbria Police,-1.564550,55.022958,On or near Lansdowne Road,E01008470,North Tyneside 014A,Violence and sexual offences,Status update unavailable,
424461d790f7545f4b07e3e4533d135c2ee40a3a0385e69bb34ccc582e63406a,2024-10,Northumbria Police,Northumbria Police,-1.564550,55.022958,On or near Lansdowne Road,E01008470,North Tyneside 014A,Violence and sexual offences,Investigation complete; no suspect identified,
b58a8a16223bb4059e7b5db16034dce6768ba7176ff01431dbf3be6328c2585f,2024-10,Northumbria Police,Northumbria Police,-1.564550,55.022958,On or near Lansdowne Road,E01008470,North Tyneside 014A,Other crime,Status update unavailable,
,2024-10,Northumbria Police,Northumbria Police,-1.574390,55.027270,On or near The Limes,E01008499,North Tyneside 014B,Anti-social behaviour,,
,2024-10,Northumbria Police,Northumbria Police,-1.574390,55.027270,On or near The Limes,E01008499,North Tyneside 014B,Anti-social behaviour,,
,2024-10,Northumbria Police,Northumbria Police,-1.574390,55.027270,On or near The Limes,E01008499,North Tyneside 014B,Anti-social behaviour,,
f69bef6497a58d4b94b5148ad5d1751437a0d4386fa868f28ef11dbefcdfd771,2024-10,Northumbria Police,Northumbria Police,-1.569709,55.026113,On or near Holly Avenue,E01008499,North Tyneside 014B,Burglary,Investigation complete; no suspect identified,
71736596f8eb93145bbc0a54b40968fdbd6012629bc0f879147b37140c8c004a,2024-10,Northumbria Police,Northumbria Police,-1.572369,55.026005,On or near Cherwell Square,E01008499,North Tyneside 014B,Criminal damage and arson,Investigation complete; no suspect identified,
485bf1e558e61764d13bc45b808abc68a4e7187ae367875997dfe1d43b000238,2024-10,Northumbria Police,Northumbria Police,-1.569565,55.024935,On or near Glebe Terrace,E01008499,North Tyneside 014B,Violence and sexual offences,Investigation complete; no suspect identified,
6a3e76ca8221025dae92291b1c3d83859aca2f461aa7e47b69b87d73d1db9abe,2024-10,Northumbria Police,Northumbria Police,-1.569812,55.026697,On or near Myrtle Crescent,E01008499,North Tyneside 014B,Violence and sexual offences,Status update unavailable,
720d1cb5c9dc84391b34eb3ae56f50f75aaef148ad8cb4765a2dd846dd7bc52a,2024-10,Northumbria Police,Northumbria Police,-1.569709,55.026113,On or near Holly Avenue,E01008499,North Tyneside 014B,Other crime,Status update unavailable,
dd256cab877f4bcbf9621f7fc146edd67d77cad1fca2d779ba45a8a7fb95cb39,2024-10,Northumbria Police,Northumbria Police,-1.555508,55.021641,On or near Lilac Avenue,E01008502,North Tyneside 014C,Criminal damage and arson,Investigation complete; no suspect identified,
26acb0401ef3e2be3c5abc256e9599023f634ac966d8454cfe937714f6f2a364,2024-10,Northumbria Police,Northumbria Police,-1.555193,55.020453,On or near Mead Crescent,E01008502,North Tyneside 014C,Criminal damage and arson,Investigation complete; no suspect identified,
c86a156b5b594cfe747503f4d1b7adfebaa7b07c91cfb066cb48d129f20c3b2c,2024-10,Northumbria Police,Northumbria Police,-1.560578,55.022845,On or near Crescent Way North,E01008502,North Tyneside 014C,Other theft,Investigation complete; no suspect identified,
1275e4fdc0b4f22f33d5926716d35cc99fcb51dde90997dd1af36c7dfc460a27,2024-10,Northumbria Police,Northumbria Police,-1.560578,55.022845,On or near Crescent Way North,E01008502,North Tyneside 014C,Public order,Investigation complete; no suspect identified,
b4b4d27bc6e22727214df22cd51736da3590f1f9b6c1f08b1aa3c5d4c027495c,2024-10,Northumbria Police,Northumbria Police,-1.553054,55.024345,On or near Beal Drive,E01008502,North Tyneside 014C,Public order,Investigation complete; no suspect identified,
8b211defd591fc81c3170e47e5c92f6d266ee3296c20236e6ff47015f7814669,2024-10,Northumbria Police,Northumbria Police,-1.560578,55.022845,On or near Crescent Way North,E01008502,North Tyneside 014C,Shoplifting,Investigation complete; no suspect identified,
24fa2fdaab152679ddd48f01eaf7d347137bd77a68b38a2de999c00946fb5ead,2024-10,Northumbria Police,Northumbria Police,-1.555193,55.020453,On or near Mead Crescent,E01008502,North Tyneside 014C,Violence and sexual offences,Status update unavailable,
240d1b5b17911c87ddad7def4a5e1ad3a8cbffe2a70925d36b7b7cdb52e0ea31,2024-10,Northumbria Police,Northumbria Police,-1.554919,55.024020,On or near Felton Drive,E01008502,North Tyneside 014C,Violence and sexual offences,Investigation complete; no suspect identified,
d78b61fbffc2afa27f6499f2ef5f07121fd43c37983fb0feb42004a22a9d9c09,2024-10,Northumbria Police,Northumbria Police,-1.554188,55.020782,On or near Mead Way,E01008502,North Tyneside 014C,Violence and sexual offences,Investigation complete; no suspect identified,
7463eb5818067671b5c8750226a8562643bed64b16be0101c4b54a5b648f08ff,2024-10,Northumbria Police,Northumbria Police,-1.554919,55.024020,On or near Felton Drive,E01008502,North Tyneside 014C,Violence and sexual offences,Status update unavailable,
7e5a7c50e6a24caae0023ee2052a9be4ad7dacdbd5242c6a2b25c8d554d2d140,2024-10,Northumbria Police,Northumbria Police,-1.560578,55.022845,On or near Crescent Way North,E01008502,North Tyneside 014C,Other crime,Offender given a caution,
,2024-10,Northumbria Police,Northumbria Police,-1.588369,55.030868,On or near Dene Avenue,E01008516,North Tyneside 014D,Anti-social behaviour,,
,2024-10,Northumbria Police,Northumbria Police,-1.588369,55.030868,On or near Dene Avenue,E01008516,North Tyneside 014D,Anti-social behaviour,,
bab59962d464d492589bef0385caa1071cc762d482e5b1647f97e7fc7faa692a,2024-10,Northumbria Police,Northumbria Police,-1.590075,55.033812,On or near Merlay Court,E01008516,North Tyneside 014D,Public order,Status update unavailable,
ebbd55793ea3aaa281e46747d6a92d703901e0cbf65e5c134cd0ef49673054bd,2024-10,Northumbria Police,Northumbria Police,-1.588383,55.032540,On or near Barn Close,E01008516,North Tyneside 014D,Vehicle crime,Awaiting court outcome,
5060a3d4c24a7a546c250c401b172fab07d81741c4bcda1040575b1fe26d925b,2024-10,Northumbria Police,Northumbria Police,-1.589735,55.034970,On or near Kipley Close,E01008516,North Tyneside 014D,Vehicle crime,Investigation complete; no suspect identified,
2fcadd944a9fd828737c9af65222e9596240ebe5cc7699d7a3403fe519d482d4,2024-10,Northumbria Police,Northumbria Police,-1.588383,55.032540,On or near Barn Close,E01008516,North Tyneside 014D,Vehicle crime,Investigation complete; no suspect identified,
da67f7d02fc693772432777fee34be561cc30a2b0e75fea7214b1d855c138d6b,2024-10,Northumbria Police,Northumbria Police,-1.586857,55.030351,On or near Harriot Drive,E01008516,North Tyneside 014D,Violence and sexual offences,Status update unavailable,
fec77c00ce7b54bb3d1c664724b534cf25eb958de2a6889cdcaf06bb682faecb,2024-10,Northumbria Police,Northumbria Police,-1.584999,55.029967,On or near Thorneyfield Drive,E01008516,North Tyneside 014D,Violence and sexual offences,Investigation complete; no suspect identified,
1678c916bcb2a6c2beee989ca2f4874e385a19fd2a58106c61b058bf2f91dcb7,2024-10,Northumbria Police,Northumbria Police,-1.581149,55.028615,On or near Armstrong Drive,E01008516,North Tyneside 014D,Violence and sexual offences,Status update unavailable,
,2024-10,Northumbria Police,Northumbria Police,-1.485408,55.020232,On or near Phoenix Chase,E01008488,North Tyneside 015A,Anti-social behaviour,,
,2024-10,Northumbria Police,Northumbria Police,-1.491717,55.024743,On or near Greenlea,E01008488,North Tyneside 015A,Anti-social behaviour,,
,2024-10,Northumbria Police,Northumbria Police,-1.486728,55.022215,On or near Farleigh Court,E01008488,North Tyneside 015A,Anti-social behaviour,,
,2024-10,Northumbria Police,Northumbria Police,-1.487695,55.019963,On or near Wyndham Way,E01008488,North Tyneside 015A,Anti-social behaviour,,
,2024-10,Northumbria Police,Northumbria Police,-1.486564,55.022852,On or near Guisborough Drive,E01008488,North Tyneside 015A,Anti-social behaviour,,
,2024-10,Northumbria Police,Northumbria Police,-1.491717,55.024743,On or near Greenlea,E01008488,North Tyneside 015A,Anti-social behaviour,,
5fd02716c63cf5df24f323baba4312e752f614aec63474e08b3da37859b4210d,2024-10,Northumbria Police,Northumbria Police,-1.485965,55.021933,On or near Honiton Way,E01008488,North Tyneside 015A,Bicycle theft,Investigation complete; no suspect identified,
412eb7627b6c04acafa2f0c966001f974c397b00910941dc69d84432cb520ad9,2024-10,Northumbria Police,Northumbria Police,-1.485965,55.021933,On or near Honiton Way,E01008488,North Tyneside 015A,Burglary,Investigation complete; no suspect identified,
d48c32c0d6492c0b1ccef8096c15eb4b160c216f896f2657698b8139a610f8fe,2024-10,Northumbria Police,Northumbria Police,-1.486728,55.022215,On or near Farleigh Court,E01008488,North Tyneside 015A,Criminal damage and arson,Investigation complete; no suspect identified,
23c02b180f3b0e8d31e2d91dbe9c01449f4939f8ab26c4c5ce4ea7f0bd452377,2024-10,Northumbria Police,Northumbria Police,-1.508652,55.020059,On or near Silver Fox Way,E01008488,North Tyneside 015A,Shoplifting,Investigation complete; no suspect identified,
398d6e7777a5f66a54bb392792b40944c014a17bbfdb86346370f9aa28452b5a,2024-10,Northumbria Police,Northumbria Police,-1.485965,55.021933,On or near Honiton Way,E01008488,North Tyneside 015A,Violence and sexual offences,Status update unavailable,
59ba4293ef32057a0a8aacdbd7ea5e6b58492102e694ea65ba3e9243cc0f27dd,2024-10,Northumbria Police,Northumbria Police,-1.487638,55.024483,On or near Forsyth Street,E01008488,North Tyneside 015A,Violence and sexual offences,Awaiting court outcome,
13c77781493d110295c6f356ad909cc4ad75625cab426ab6e72208e9077fb750,2024-10,Northumbria Police,Northumbria Police,-1.487999,55.020657,On or near Chilham Court,E01008488,North Tyneside 015A,Violence and sexual offences,Status update unavailable,
,2024-10,Northumbria Police,Northumbria Police,-1.473405,55.021969,On or near Tintern Crescent,E01008489,North Tyneside 015B,Anti-social behaviour,,
,2024-10,Northumbria Police,Northumbria Police,-1.473405,55.021969,On or near Tintern Crescent,E01008489,North Tyneside 015B,Anti-social behaviour,,
,2024-10,Northumbria Police,Northumbria Police,-1.473405,55.021969,On or near Tintern Crescent,E01008489,North Tyneside 015B,Anti-social behaviour,,
fd5502e58f24ceaccb538ff98335802ecf9d62bdf274ffa379fbfa151210f453,2024-10,Northumbria Police,Northumbria Police,-1.475129,55.022911,On or near Blandford Road,E01008489,North Tyneside 015B,Criminal damage and arson,Investigation complete; no suspect identified,
a2fd51de7e2690ae120f5debf1730d693ed555567df6bb5b85aefc86eac28253,2024-10,Northumbria Police,Northumbria Police,-1.473405,55.021969,On or near Tintern Crescent,E01008489,North Tyneside 015B,Drugs,Status update unavailable,
03a54bcc06504f94379c8822c1a44a683eec87068944453d6463e35b6565b449,2024-10,Northumbria Police,Northumbria Police,-1.475129,55.022911,On or near Blandford Road,E01008489,North Tyneside 015B,Vehicle crime,Investigation complete; no suspect identified,
2432077d6823b0785d67cd3b4a7139b34814cd10387ac6c39c766b360b656e60,2024-10,Northumbria Police,Northumbria Police,-1.473327,55.023182,On or near Falmouth Road,E01008489,North Tyneside 015B,Violence and sexual offences,Status update unavailable,
870a15bc92e695146131991c81881455bef5cf462640bdd38408d4c1ec67f95c,2024-10,Northumbria Police,Northumbria Police,-1.472039,55.021199,On or near Whitehouse Lane,E01008489,North Tyneside 015B,Violence and sexual offences,Investigation complete; no suspect identified,
e187f40edd29bd0491f8de05fc120faf277e4f0b5b7f55611c1f9a936d10ec0b,2024-10,Northumbria Police,Northumbria Police,-1.472039,55.021199,On or near Whitehouse Lane,E01008489,North Tyneside 015B,Violence and sexual offences,Investigation complete; no suspect identified,
60350a20f5b213e8e0b831b42d85d43c478d4388aea7add2057631eda6e97abb,2024-10,Northumbria Police,Northumbria Police,-1.472039,55.021199,On or near Whitehouse Lane,E01008489,North Tyneside 015B,Violence and sexual offences,Investigation complete; no suspect identified,
79d9f74b500a5b8117330195e7a4c3f5d8935fee23da242263c6e7ceb6ec57a9,2024-10,Northumbria Police,Northumbria Police,-1.477509,55.021538,On or near Tamar Close,E01008489,North Tyneside 015B,Violence and sexual offences,Status update unavailable,
16a70980b01e59bb752dca3819db8ea63ebf094a78268ca3d1bafd007bede524,2024-10,Northumbria Police,Northumbria Police,-1.472039,55.021199,On or near Whitehouse Lane,E01008489,North Tyneside 015B,Violence and sexual offences,Status update unavailable,
499603e66ba166ae9d04d28136b3c775627f1603d10c7f1c214bcf2e836c0f84,2024-10,Northumbria Police,Northumbria Police,-1.472039,55.021199,On or near Whitehouse Lane,E01008489,North Tyneside 015B,Violence and sexual offences,Status update unavailable,
98f4a61994a4188a5f94e08fccb48b10a2692ce346cdbebf62681419734c1f1d,2024-10,Northumbria Police,Northumbria Police,-1.472039,55.021199,On or near Whitehouse Lane,E01008489,North Tyneside 015B,Violence and sexual offences,Status update unavailable,
b57456cba4a3582e7c65b94aaf110371684c45a507aca6e101768568a10f6602,2024-10,Northumbria Police,Northumbria Police,-1.472039,55.021199,On or near Whitehouse Lane,E01008489,North Tyneside 015B,Violence and sexual offences,Status update unavailable,
,2024-10,Northumbria Police,Northumbria Police,-1.480751,55.023636,On or near Billy Mill Lane,E01008490,North Tyneside 015C,Anti-social behaviour,,
,2024-10,Northumbria Police,Northumbria Police,-1.484077,55.022824,On or near Hamilton Crescent,E01008490,North Tyneside 015C,Anti-social behaviour,,
4dc656bcda1433853a5832a813fc2671cf5116f2a555b680c9d33d9f9760def9,2024-10,Northumbria Police,Northumbria Police,-1.485278,55.023080,On or near Peebles Close,E01008490,North Tyneside 015C,Criminal damage and arson,Investigation complete; no suspect identified,
dffd1a20a578b7d9f39218071d260d33374aa3598c2272235505cdd0fb7a9667,2024-10,Northumbria Police,Northumbria Police,-1.480712,55.020554,On or near Burwood Road,E01008490,North Tyneside 015C,Other theft,Investigation complete; no suspect identified,
ab3eca2707418d06d46e92b5727e1f6102e58a2ec7ec32a515ad96bbee30c596,2024-10,Northumbria Police,Northumbria Police,-1.482819,55.023313,On or near Stirling Drive,E01008490,North Tyneside 015C,Violence and sexual offences,Investigation complete; no suspect identified,
,2024-10,Northumbria Police,Northumbria Police,-1.486441,55.017747,On or near Norham Road North,E01008491,North Tyneside 015D,Anti-social behaviour,,
,2024-10,Northumbria Police,Northumbria Police,-1.489147,55.015297,On or near Gloucester Road,E01008491,North Tyneside 015D,Anti-social behaviour,,
,2024-10,Northumbria Police,Northumbria Police,-1.495523,55.010668,On or near Mallard Way,E01008491,North Tyneside 015D,Anti-social behaviour,,
,2024-10,Northumbria Police,Northumbria Police,-1.495523,55.010668,On or near Mallard Way,E01008491,North Tyneside 015D,Anti-social behaviour,,
,2024-10,Northumbria Police,Northumbria Police,-1.495067,55.013308,On or near Osprey Drive,E01008491,North Tyneside 015D,Anti-social behaviour,,
,2024-10,Northumbria Police,Northumbria Police,-1.483653,55.019281,On or near Adelphi Close,E01008491,North Tyneside 015D,Anti-social behaviour,,
,2024-10,Northumbria Police,Northumbria Police,-1.496828,55.012534,On or near The Silverlink,E01008491,North Tyneside 015D,Anti-social behaviour,,
95b4f582b758fa8c0619a0dafa61d2de9ab9d8409d01856a28ac77265d04eaaa,2024-10,Northumbria Police,Northumbria Police,-1.489962,55.018841,On or near Larch Court,E01008491,North Tyneside 015D,Bicycle theft,Investigation complete; no suspect identified,
ee076a658128e717c4ae6c1abe35a98d2eed4e4a3483331e4906d28f226e81d6,2024-10,Northumbria Police,Northumbria Police,-1.493965,55.011205,On or near Shopping Area,E01008491,North Tyneside 015D,Bicycle theft,Investigation complete; no suspect identified,
3ef539119b2eed7bf1c35d7be4f1049c277ac9f5f456d94b8da26eb0110b133f,2024-10,Northumbria Police,Northumbria Police,-1.489962,55.018841,On or near Larch Court,E01008491,North Tyneside 015D,Burglary,Investigation complete; no suspect identified,
6b17fbe2a9b938c91d02541fb79479f20b283149de4910feeffbcd5d13191786,2024-10,Northumbria Police,Northumbria Police,-1.486441,55.017747,On or near Norham Road North,E01008491,North Tyneside 015D,Criminal damage and arson,Status update unavailable,
91eba1f0e2e1dfbb99120306a60c8442b842bfae5eb5ee0beea618813a899ee9,2024-10,Northumbria Police,Northumbria Police,-1.489147,55.015297,On or near Gloucester Road,E01008491,North Tyneside 015D,Criminal damage and arson,Investigation complete; no suspect identified,
7e3dca41046111cc2cacb1cae75d6d7c2e53bfdbe3e860a1b90bcdb9a33aaa99,2024-10,Northumbria Police,Northumbria Police,-1.493965,55.011205,On or near Shopping Area,E01008491,North Tyneside 015D,Criminal damage and arson,Investigation complete; no suspect identified,
9c08fa7cac008985de3b2ae762be721c4d98184fb445f80320fd8281069e2497,2024-10,Northumbria Police,Northumbria Police,-1.482491,55.012384,On or near Coast Road,E01008491,North Tyneside 015D,Other theft,Investigation complete; no suspect identified,
0cdd037e3a5c865a56328a7ad661621f61ea442febb10e4bae47ddc6664582dc,2024-10,Northumbria Police,Northumbria Police,-1.498959,55.013495,On or near Kingfisher Way,E01008491,North Tyneside 015D,Other theft,Investigation complete; no suspect identified,
01836c0b7562ecd937df0ccb7d353536103acee5aecc64e9fcbfdcc7f071b2f3,2024-10,Northumbria Police,Northumbria Police,-1.485808,55.018347,On or near Aldwych Drive,E01008491,North Tyneside 015D,Public order,Investigation complete; no suspect identified,
9bdad1dee162f1eefffb70b84eb37addeaae21f3f6ac284e72b05f5c0adbfbe6,2024-10,Northumbria Police,Northumbria Police,-1.483653,55.019281,On or near Adelphi Close,E01008491,North Tyneside 015D,Public order,Status update unavailable,
b5c01be8a3bbe4eebc30107da7242f492f92f12980e8b4c33725640a4647f31d,2024-10,Northumbria Police,Northumbria Police,-1.495627,55.011046,On or near Shopping Area,E01008491,North Tyneside 015D,Shoplifting,Investigation complete; no suspect identified,
710cbb8fd7c8ba08fdd050799cd4b9da74719f66fc09bd9c36c771da7d2403a5,2024-10,Northumbria Police,Northumbria Police,-1.493965,55.011205,On or near Shopping Area,E01008491,North Tyneside 015D,Shoplifting,Investigation complete; no suspect identified,
d5c5aee860c38ca00ed2228401b36c296d0b97f4244c110c3f5a51f4a5728846,2024-10,Northumbria Police,Northumbria Police,-1.493965,55.011205,On or near Shopping Area,E01008491,North Tyneside 015D,Shoplifting,Offender given a caution,
9b7551836db4bdfe49807d0ced2a7093cc77523baa17bf4a09fcd001712dbaf5,2024-10,Northumbria Police,Northumbria Police,-1.493965,55.011205,On or near Shopping Area,E01008491,North Tyneside 015D,Shoplifting,Investigation complete; no suspect identified,
9b4cbfdf5e6dd7ba37a85bfc7450157f1ba0178762edae28e7b118d89214e797,2024-10,Northumbria Police,Northumbria Police,-1.493965,55.011205,On or near Shopping Area,E01008491,North Tyneside 015D,Shoplifting,Suspect charged as part of another case,
4a24d9a5ad0d096b071f33ebeb5723bca908610a719aa1755ff38dbababe576c,2024-10,Northumbria Police,Northumbria Police,-1.492831,55.011802,On or near Shopping Area,E01008491,North Tyneside 015D,Shoplifting,Status update unavailable,
9ec8c5dff8964270311166728e15d42c1ade454888ffcf4d4a51d8925e0d4371,2024-10,Northumbria Police,Northumbria Police,-1.495627,55.011046,On or near Shopping Area,E01008491,North Tyneside 015D,Shoplifting,Investigation complete; no suspect identified,
b413e151a64e4bbea6cfe0185de6184e57f9881258dd053b670ae890e2bd9a99,2024-10,Northumbria Police,Northumbria Police,-1.493965,55.011205,On or near Shopping Area,E01008491,North Tyneside 015D,Shoplifting,Status update unavailable,
c0be50c34bc9b3da615913ada225936cc0160431b4e037f758eb40ed2d5ffb7c,2024-10,Northumbria Police,Northumbria Police,-1.495523,55.010668,On or near Mallard Way,E01008491,North Tyneside 015D,Shoplifting,Investigation complete; no suspect identified,
85d0d0fab54f9619c9b2e278d6e31bd4b176463e3bf72e5ca6bbed396e50cc21,2024-10,Northumbria Police,Northumbria Police,-1.495627,55.011046,On or near Shopping Area,E01008491,North Tyneside 015D,Shoplifting,Status update unavailable,
404001ac134624090618189b6218ce46db76d513d9346758babaded2f19df9bc,2024-10,Northumbria Police,Northumbria Police,-1.492831,55.011802,On or near Shopping Area,E01008491,North Tyneside 015D,Shoplifting,Court result unavailable,
3b37ead99051a2c2ccfbfed6fb68e25eb799e29ba001ae7b4dcde0da2f7bd3a7,2024-10,Northumbria Police,Northumbria Police,-1.492831,55.011802,On or near Shopping Area,E01008491,North Tyneside 015D,Shoplifting,Investigation complete; no suspect identified,
7a4737ea88489d0f00d08a65c130f392e9a8fe5de35def096cf12f8b1d37bcc8,2024-10,Northumbria Police,Northumbria Police,-1.495627,55.011046,On or near Shopping Area,E01008491,North Tyneside 015D,Shoplifting,Suspect charged as part of another case,
cb2cfd788a19890d301a17b2204dccc15aca8cc29e9b1a865689b8a27d42fc96,2024-10,Northumbria Police,Northumbria Police,-1.493965,55.011205,On or near Shopping Area,E01008491,North Tyneside 015D,Shoplifting,Status update unavailable,
c2574e23d8f9972dadfa650515a4d98a54cf83c7f0996ad8d045d1c380d4ea04,2024-10,Northumbria Police,Northumbria Police,-1.489962,55.018841,On or near Larch Court,E01008491,North Tyneside 015D,Vehicle crime,Investigation complete; no suspect identified,
d8faa0e60c4acdeebbbaf9ddbac13262b86d4712d4ddf20842f50c0baf32aae8,2024-10,Northumbria Police,Northumbria Police,-1.489962,55.018841,On or near Larch Court,E01008491,North Tyneside 015D,Vehicle crime,Investigation complete; no suspect identified,
bce7325f6ebccaa163e20888b9676afcaaf386bf2872f4e5276e51e44a6b0600,2024-10,Northumbria Police,Northumbria Police,-1.496828,55.012534,On or near The Silverlink,E01008491,North Tyneside 015D,Vehicle crime,Investigation complete; no suspect identified,
33491893a0761d61624fcdf20d3b12abb44e4ae41fea01a9810b99b17730949b,2024-10,Northumbria Police,Northumbria Police,-1.484528,55.019330,On or near Lyric Close,E01008491,North Tyneside 015D,Violence and sexual offences,Status update unavailable,
46e9dba0c788c62f47e3502f814ac7bd7ef9c8b6085178b1429f76661febc115,2024-10,Northumbria Police,Northumbria Police,-1.479943,55.015950,On or near Kenton Road,E01008491,North Tyneside 015D,Violence and sexual offences,Status update unavailable,
4325ec63d4b583641067ac15ee411eff0effc5fabe85e42ddb9c19ccb3de38f4,2024-10,Northumbria Police,Northumbria Police,-1.485808,55.018347,On or near Aldwych Drive,E01008491,North Tyneside 015D,Violence and sexual offences,Status update unavailable,
c6420f9a9f587e65b7f7f6877237daf06be2cdc5f5a5797f9cb3432d5ac78698,2024-10,Northumbria Police,Northumbria Police,-1.495523,55.010668,On or near Mallard Way,E01008491,North Tyneside 015D,Violence and sexual offences,Investigation complete; no suspect identified,
118c87a0f19d38244de7ce57f0036af3c7c0ecce14f8245395e1b19f4ea8bbcc,2024-10,Northumbria Police,Northumbria Police,-1.479943,55.015950,On or near Kenton Road,E01008491,North Tyneside 015D,Violence and sexual offences,Status update unavailable,
b1a15a878def1c64ccdf9a2f1b97b81a715847c9b85f150d3f790a6342e6b002,2024-10,Northumbria Police,Northumbria Police,-1.492831,55.011802,On or near Shopping Area,E01008491,North Tyneside 015D,Violence and sexual offences,Status update unavailable,
5cf6afbd789275e5b626d7f577fc3311cda91aefd421cdd92e91f2cf3df1cbb3,2024-10,Northumbria Police,Northumbria Police,-1.485808,55.018347,On or near Aldwych Drive,E01008491,North Tyneside 015D,Violence and sexual offences,Status update unavailable,
acb235a6857b88b8c6c9c07d1f4885fb6eefca3d0015b8c3098772421e3b62c6,2024-10,Northumbria Police,Northumbria Police,-1.483653,55.019281,On or near Adelphi Close,E01008491,North Tyneside 015D,Violence and sexual offences,Status update unavailable,
a4b34e6e300de0bb4212274b9feb83b0b1216d6ea023592e3df7ee0ef1eac82a,2024-10,Northumbria Police,Northumbria Police,-1.483444,55.017339,On or near Moor Park Court,E01008491,North Tyneside 015D,Violence and sexual offences,Investigation complete; no suspect identified,
,2024-10,Northumbria Police,Northumbria Police,-1.421385,55.018588,On or near East Street,E01008558,North Tyneside 016A,Anti-social behaviour,,
,2024-10,Northumbria Police,Northumbria Police,-1.421385,55.018588,On or near East Street,E01008558,North Tyneside 016A,Anti-social behaviour,,
,2024-10,Northumbria Police,Northumbria Police,-1.433057,55.014913,On or near Hazeldene Court,E01008558,North Tyneside 016A,Anti-social behaviour,,
,2024-10,Northumbria Police,Northumbria Police,-1.429364,55.017278,On or near Parking Area,E01008558,North Tyneside 016A,Anti-social behaviour,,
cd917f0abbb65434c914eb3fec5bd095ac534b66aabdb5595aed3ae87ada7fb3,2024-10,Northumbria Police,Northumbria Police,-1.429364,55.017278,On or near Parking Area,E01008558,North Tyneside 016A,Criminal damage and arson,Investigation complete; no suspect identified,
c339299775ed79de32ecf6c6c47a671c76dee574b86076913ac0341e16b2979f,2024-10,Northumbria Police,Northumbria Police,-1.429364,55.017278,On or near Parking Area,E01008558,North Tyneside 016A,Criminal damage and arson,Investigation complete; no suspect identified,
bf43348d3c23eff50969af3ddd72d49690a63fa5c368bed459bf270ea8131660,2024-10,Northumbria Police,Northumbria Police,-1.429364,55.017278,On or near Parking Area,E01008558,North Tyneside 016A,Criminal damage and arson,Investigation complete; no suspect identified,
e8a21cb6e9f8d4010a47662bda20aaae3504fff9996a774509dab86c3b76e55f,2024-10,Northumbria Police,Northumbria Police,-1.429364,55.017278,On or near Parking Area,E01008558,North Tyneside 016A,Criminal damage and arson,Investigation complete; no suspect identified,
b9ad15029e1d0a5bd1328823e0cb13eee63bc13441bbe9df3d28b4fb0a4c882d,2024-10,Northumbria Police,Northumbria Police,-1.429364,55.017278,On or near Parking Area,E01008558,North Tyneside 016A,Criminal damage and arson,Investigation complete; no suspect identified,
1edc8b42b83c236e3a99b95d0a62f0a193a9628d5ccd3d7cec2294210ca10b0b,2024-10,Northumbria Police,Northumbria Police,-1.429364,55.017278,On or near Parking Area,E01008558,North Tyneside 016A,Criminal damage and arson,Investigation complete; no suspect identified,
265a3033a3e2c39a39705a89c2e3121bc0020c4b489521ddbb05974f15c10278,2024-10,Northumbria Police,Northumbria Police,-1.429196,55.014824,On or near Rodney Close,E01008558,North Tyneside 016A,Public order,Investigation complete; no suspect identified,
d5a709bd5fabf75912324c2b8511df00a544f1dcdd1c15508b87ff1fc87cb986,2024-10,Northumbria Police,Northumbria Police,-1.423953,55.017243,On or near The Arcade,E01008558,North Tyneside 016A,Public order,Investigation complete; no suspect identified,
80e726ee5e0fee8512da693a424e1c4ff8c64f3677d9f8148d628545123227c1,2024-10,Northumbria Police,Northumbria Police,-1.429364,55.017278,On or near Parking Area,E01008558,North Tyneside 016A,Theft from the person,Investigation complete; no suspect identified,
d045315b89304837732d2366847785e57e4c9331bebac963969563ee49012130,2024-10,Northumbria Police,Northumbria Police,-1.429364,55.017278,On or near Parking Area,E01008558,North Tyneside 016A,Theft from the person,Investigation complete; no suspect identified,
db1eef786fb05a015a6443d76cd4f6f339fdab44d7c952ac7d83a3e09c568076,2024-10,Northumbria Police,Northumbria Police,-1.423953,55.017243,On or near The Arcade,E01008558,North Tyneside 016A,Violence and sexual offences,Investigation complete; no suspect identified,
a0f1c83020afa0bb149b263858bf379f9b83e2c293eab2f68e5149e4b1637f8f,2024-10,Northumbria Police,Northumbria Police,-1.420427,55.015582,On or near Parking Area,E01008558,North Tyneside 016A,Violence and sexual offences,Status update unavailable,
f1550cbce2e5bde171239dbd66a54cbc5b6c97759b3e67d6a993437a0cecabda,2024-10,Northumbria Police,Northumbria Police,-1.420427,55.015582,On or near Parking Area,E01008558,North Tyneside 016A,Violence and sexual offences,Investigation complete; no suspect identified,
e483ef6ce7411e29c0e7fcf19a92bfbd4425d540994cb5df21271f127218d607,2024-10,Northumbria Police,Northumbria Police,-1.435568,55.018735,On or near Algernon Terrace,E01008558,North Tyneside 016A,Violence and sexual offences,Investigation complete; no suspect identified,
f9b6b0643d03272a0adadf549346d9dfebffc9e5fa2f64550877bc0fd8ad1588,2024-10,Northumbria Police,Northumbria Police,-1.430380,55.016249,On or near Beanley Crescent,E01008558,North Tyneside 016A,Violence and sexual offences,Investigation complete; no suspect identified,
3bf29a677b6a2a700f085b25c37f379519ff436250bd90f00b0767ba50d18495,2024-10,Northumbria Police,Northumbria Police,-1.429196,55.014824,On or near Rodney Close,E01008558,North Tyneside 016A,Violence and sexual offences,Status update unavailable,
e5c527e0d2ffa45bf909e06c1ffbeed4c88c63454d69959cfadcf245547546b6,2024-10,Northumbria Police,Northumbria Police,-1.430029,55.016742,On or near Back Shipley Road,E01008558,North Tyneside 016A,Violence and sexual offences,Status update unavailable,
7b62146cd9e6c3ae208cb74a90722136e0e3adec87b79dcc541d1f9d6ed657db,2024-10,Northumbria Police,Northumbria Police,-1.417209,55.015333,On or near Parking Area,E01008558,North Tyneside 016A,Other crime,Investigation complete; no suspect identified,
,2024-10,Northumbria Police,Northumbria Police,-1.424588,55.022099,On or near Warkworth Terrace,E01008560,North Tyneside 016B,Anti-social behaviour,,
,2024-10,Northumbria Police,Northumbria Police,-1.423759,55.019866,On or near Hotspur Street,E01008560,North Tyneside 016B,Anti-social behaviour,,
,2024-10,Northumbria Police,Northumbria Police,-1.424225,55.017945,On or near Stephenson Street,E01008560,North Tyneside 016B,Anti-social behaviour,,
82ad08abf760a15c750ed78a4e7083123d8e232fc6dcc23cca248942680dc2c8,2024-10,Northumbria Police,Northumbria Police,-1.423230,55.017536,On or near Parking Area,E01008560,North Tyneside 016B,Burglary,Offender given a caution,
28fd560592c12b61fdf532ebcb403dda6443ede7036035bafaece47c9c07c039,2024-10,Northumbria Police,Northumbria Police,-1.425580,55.016163,On or near Tynemouth Terrace,E01008560,North Tyneside 016B,Criminal damage and arson,Investigation complete; no suspect identified,
da43e2b55205e31d390fe6501bf2722ea4d5bc8cd31b371d0162be1f8652dd61,2024-10,Northumbria Police,Northumbria Police,-1.423230,55.017536,On or near Parking Area,E01008560,North Tyneside 016B,Criminal damage and arson,Investigation complete; no suspect identified,
bc26d300780ceb22de79c293163c264fa7a5beabfb81979fa2ffec3cb36dc9a8,2024-10,Northumbria Police,Northumbria Police,-1.423277,55.021904,On or near Back Percy Gardens,E01008560,North Tyneside 016B,Public order,Status update unavailable,
01c96b566bdb2f9bf120a8409bdf178af471b9c00186e19a7c7a9b863a2606d5,2024-10,Northumbria Police,Northumbria Police,-1.424225,55.017945,On or near Stephenson Street,E01008560,North Tyneside 016B,Shoplifting,Status update unavailable,
c8c979920d8c386cd46b9306c82e3fb79ce4a0f7d35b3d774154717c01d1cfc3,2024-10,Northumbria Police,Northumbria Police,-1.425366,55.020143,On or near Percy Park Road,E01008560,North Tyneside 016B,Vehicle crime,Investigation complete; no suspect identified,
52687b7e7240d086b545f5a0e887f07b0b5f8ef3ce11003f32a5b07bc931b339,2024-10,Northumbria Police,Northumbria Police,-1.428633,55.025811,On or near Grand Parade,E01008560,North Tyneside 016B,Violence and sexual offences,Status update unavailable,
0866b33ebc21765a72eb588cb6e4b4d874132c49cfc2efdab89f142d13c00802,2024-10,Northumbria Police,Northumbria Police,-1.423064,55.018182,On or near Silver Street,E01008560,North Tyneside 016B,Violence and sexual offences,Status update unavailable,
ff80117ab5ae994b5c98578dc1e4eb91de14b5f86ba7f49899878cf3f3a68f47,2024-10,Northumbria Police,Northumbria Police,-1.423230,55.017536,On or near Parking Area,E01008560,North Tyneside 016B,Violence and sexual offences,Status update unavailable,
,2024-10,Northumbria Police,Northumbria Police,-1.435021,55.010915,On or near Brewhouse Bank,E01008561,North Tyneside 016C,Anti-social behaviour,,
,2024-10,Northumbria Police,Northumbria Police,-1.435828,55.009139,On or near Union Quay,E01008561,North Tyneside 016C,Anti-social behaviour,,
,2024-10,Northumbria Police,Northumbria Police,-1.438775,55.008623,On or near Tyne Street,E01008561,North Tyneside 016C,Anti-social behaviour,,
,2024-10,Northumbria Police,Northumbria Police,-1.435021,55.010915,On or near Brewhouse Bank,E01008561,North Tyneside 016C,Anti-social behaviour,,
ecafad5e8a2013b1a46f74a2afea5c7231780aa66b1b3351ab03065228f3a328,2024-10,Northumbria Police,Northumbria Police,-1.432463,55.013814,On or near River View,E01008561,North Tyneside 016C,Criminal damage and arson,Investigation complete; no suspect identified,
99c87e555750b4cd6c82508cd4192a9265d5e2421c00ca374c501107e66aa3f6,2024-10,Northumbria Police,Northumbria Police,-1.432463,55.013814,On or near River View,E01008561,North Tyneside 016C,Criminal damage and arson,Investigation complete; no suspect identified,
a46be0b279835f34ed0ffda8b234d7fb5a389caacfabbf8e7f0817e954b82ad8,2024-10,Northumbria Police,Northumbria Police,-1.443183,55.012067,On or near North Church Street,E01008561,North Tyneside 016C,Other theft,Status update unavailable,
9fbc729cf3dc5a7c730cea0cbc22570405fa89bfd6a2cb5e7f36467ebb6faa7c,2024-10,Northumbria Police,Northumbria Police,-1.439323,55.009650,On or near Dockwray Close,E01008561,North Tyneside 016C,Other theft,Investigation complete; no suspect identified,
2522bf5b5fa3c75e442b3a2079c9c307884c51c7d1221388de6cbc10fa1aa6ba,2024-10,Northumbria Police,Northumbria Police,-1.440632,55.008847,On or near Linskill Street,E01008561,North Tyneside 016C,Possession of weapons,Court result unavailable,
2eac3aaa77ff978c573b16a498e29b4d57fb2be7ac2bd3127ace98db384f9576,2024-10,Northumbria Police,Northumbria Police,-1.435021,55.010915,On or near Brewhouse Bank,E01008561,North Tyneside 016C,Vehicle crime,Investigation complete; no suspect identified,
288e814da7010ec3a27c6b407672ab3b88f9ef919fb156a23e00a816cd7e5561,2024-10,Northumbria Police,Northumbria Police,-1.432463,55.013814,On or near River View,E01008561,North Tyneside 016C,Violence and sexual offences,Investigation complete; no suspect identified,
1555a73a52afe4b597b21d97f5bf1571bf0866b40273c9a628acd9a550e286b2,2024-10,Northumbria Police,Northumbria Police,-1.438775,55.008623,On or near Tyne Street,E01008561,North Tyneside 016C,Violence and sexual offences,Status update unavailable,
65245ac98d1916e82c9aed1a0c052f8e0eb66a9214f51b5e577ae0c7bfd47568,2024-10,Northumbria Police,Northumbria Police,-1.440632,55.008847,On or near Linskill Street,E01008561,North Tyneside 016C,Violence and sexual offences,Status update unavailable,
01f123da756dad2785683ae232b8f72b97ef69695d3f48824c5d3b2373922bee,2024-10,Northumbria Police,Northumbria Police,-1.440632,55.008847,On or near Linskill Street,E01008561,North Tyneside 016C,Violence and sexual offences,Status update unavailable,
f7659ba54026178ce24f15fb34a8a8d98dcea6853ab5fdc35f745c2607f91b4c,2024-10,Northumbria Police,Northumbria Police,-1.440632,55.008847,On or near Linskill Street,E01008561,North Tyneside 016C,Violence and sexual offences,Status update unavailable,
6e8d4e62e8abce84b7ee6b331753042b523c2c3b418d36a485cc30a5c69e4c55,2024-10,Northumbria Police,Northumbria Police,-1.440632,55.008847,On or near Linskill Street,E01008561,North Tyneside 016C,Violence and sexual offences,Status update unavailable,
,2024-10,Northumbria Police,Northumbria Police,-1.430815,55.029650,On or near Parking Area,E01008562,North Tyneside 016D,Anti-social behaviour,,
,2024-10,Northumbria Police,Northumbria Police,-1.426719,55.022918,On or near Abbey Drive,E01008562,North Tyneside 016D,Anti-social behaviour,,
,2024-10,Northumbria Police,Northumbria Police,-1.436754,55.028976,On or near Links Avenue,E01008562,North Tyneside 016D,Anti-social behaviour,,
,2024-10,Northumbria Police,Northumbria Police,-1.436754,55.028976,On or near Links Avenue,E01008562,North Tyneside 016D,Anti-social behaviour,,
,2024-10,Northumbria Police,Northumbria Police,-1.431659,55.027515,On or near Parking Area,E01008562,North Tyneside 016D,Anti-social behaviour,,
,2024-10,Northumbria Police,Northumbria Police,-1.426719,55.022918,On or near Abbey Drive,E01008562,North Tyneside 016D,Anti-social behaviour,,
67f02a9eaebbeabc8b1a36b77a1a5ed790facde16c46d888a24caa0b5d0cc6ce,2024-10,Northumbria Police,Northumbria Police,-1.433290,55.026147,On or near Rennington Avenue,E01008562,North Tyneside 016D,Burglary,Status update unavailable,
abf7e2cd7a695cc2f1915614b75a1e854981d7fac65978813d09938c9530fb09,2024-10,Northumbria Police,Northumbria Police,-1.436754,55.028976,On or near Links Avenue,E01008562,North Tyneside 016D,Criminal damage and arson,Investigation complete; no suspect identified,
a857268014266034370d2a488bce926c5704fe0e76d85c15d419be5bad405873,2024-10,Northumbria Police,Northumbria Police,-1.431659,55.027515,On or near Parking Area,E01008562,North Tyneside 016D,Criminal damage and arson,Investigation complete; no suspect identified,
ef0c8eafa33a3d1a866fdb6242795a6917af8ba3031e854702c3aae994abf985,2024-10,Northumbria Police,Northumbria Police,-1.431659,55.027515,On or near Parking Area,E01008562,North Tyneside 016D,Other theft,Status update unavailable,
c09d285bd6d20119711c0cbb303e7d1d168fe4d396c6a0d6a5d093570fdab471,2024-10,Northumbria Police,Northumbria Police,-1.430881,55.022820,On or near Kennersdene,E01008562,North Tyneside 016D,Other theft,Investigation complete; no suspect identified,
8afbc97eac166d2c59ebdff9b4ad653e4a551505cc4c3f41e050d3bcf9a65014,2024-10,Northumbria Police,Northumbria Police,-1.433290,55.026147,On or near Rennington Avenue,E01008562,North Tyneside 016D,Public order,Status update unavailable,
68ade8e004077e53fe3f280fa88983ec6da80d6c65e67c0126b8a1b432c0216b,2024-10,Northumbria Police,Northumbria Police,-1.433290,55.026147,On or near Rennington Avenue,E01008562,North Tyneside 016D,Public order,Investigation complete; no suspect identified,
ab61ec066506e4a9e8d0833c58c8f9df2f620e0845c4d5971287273fa8ca28d5,2024-10,Northumbria Police,Northumbria Police,-1.426719,55.022918,On or near Abbey Drive,E01008562,North Tyneside 016D,Violence and sexual offences,Status update unavailable,
f8598456606aaac115e5860ae9eab2c27939700d4805d2127c566af52fe408c0,2024-10,Northumbria Police,Northumbria Police,-1.433290,55.026147,On or near Rennington Avenue,E01008562,North Tyneside 016D,Violence and sexual offences,Status update unavailable,
aeaa8eb5d1b22a1f7957412bbb152d24f5dfa4ec425346e1e9ce143c9843cf52,2024-10,Northumbria Police,Northumbria Police,-1.455322,55.019814,On or near Walton Park,E01008525,North Tyneside 017A,Bicycle theft,Status update unavailable,
324da03230e5535c6f712729c47e570b921c46b99822d6e909d7198464e1d926,2024-10,Northumbria Police,Northumbria Police,-1.453306,55.019670,On or near Argyle Place,E01008525,North Tyneside 017A,Bicycle theft,Investigation complete; no suspect identified,
5d8565094437e7cb9572f7eb9b3557d50e9b7a34303cff5389cc6c1c02ef34ff,2024-10,Northumbria Police,Northumbria Police,-1.452103,55.019629,On or near Popplewell Terrace,E01008525,North Tyneside 017A,Other theft,Investigation complete; no suspect identified,
0943ed977940bd6fde642ea3961924b8f6b5f615c69ca41281b93121bcefcacd,2024-10,Northumbria Police,Northumbria Police,-1.455150,55.015167,On or near Balmoral Gardens,E01008525,North Tyneside 017A,Vehicle crime,Investigation complete; no suspect identified,
5016a23a2d9bfbb485b30578960cbf8e0357a00350f09a10205d552141924875,2024-10,Northumbria Police,Northumbria Police,-1.454116,55.021084,On or near North Road,E01008525,North Tyneside 017A,Violence and sexual offences,Investigation complete; no suspect identified,
9c3478fbea66f9753cc44c6800b33deeb1fc9f24f0f9fd39c46040920938c26c,2024-10,Northumbria Police,Northumbria Police,-1.449643,55.014253,On or near Preston Road,E01008527,North Tyneside 017B,Shoplifting,Investigation complete; no suspect identified,
9d5a1eb29cfc17b4a0f89259bb40fad8b07e6b9d1847ee189681f1022c24499d,2024-10,Northumbria Police,Northumbria Police,-1.449643,55.014253,On or near Preston Road,E01008527,North Tyneside 017B,Violence and sexual offences,Investigation complete; no suspect identified,
,2024-10,Northumbria Police,Northumbria Police,-1.440385,55.013105,On or near Grey Street,E01008559,North Tyneside 017C,Anti-social behaviour,,
,2024-10,Northumbria Police,Northumbria Police,-1.441465,55.013065,On or near North King Street,E01008559,North Tyneside 017C,Anti-social behaviour,,
,2024-10,Northumbria Police,Northumbria Police,-1.445088,55.015661,On or near Blanchland Terrace,E01008559,North Tyneside 017C,Anti-social behaviour,,
95b25bad259178ddd70566e378f1f756590147c62dc96372850a9d71021cf20d,2024-10,Northumbria Police,Northumbria Police,-1.440385,55.013105,On or near Grey Street,E01008559,North Tyneside 017C,Criminal damage and arson,Investigation complete; no suspect identified,
00ac09d9eac07b458e11320b4da957b9c6af3c2b8ae7a266ac6558dd1f8ad516,2024-10,Northumbria Police,Northumbria Police,-1.439504,55.013470,On or near Coburg Street,E01008559,North Tyneside 017C,Public order,Status update unavailable,
1c71dc94f6da7de771b6186422fe28a257bbc7355cd78979485bd8412a5f9694,2024-10,Northumbria Police,Northumbria Police,-1.440385,55.013105,On or near Grey Street,E01008559,North Tyneside 017C,Public order,Status update unavailable,
974b7296145b0d1942fec5a2131faebaaa31f7f14c8f73104433cc7b1069cbb8,2024-10,Northumbria Police,Northumbria Police,-1.439504,55.013470,On or near Coburg Street,E01008559,North Tyneside 017C,Shoplifting,Investigation complete; no suspect identified,
dfb3eb10452dcb9701d32cfb268d63f97b8d15acf114df3ddb4d72cff781e938,2024-10,Northumbria Police,Northumbria Police,-1.439504,55.013470,On or near Coburg Street,E01008559,North Tyneside 017C,Shoplifting,Investigation complete; no suspect identified,
163174e61dda137109199265ec636a76e6dcfc9d02185f583d68e6b940e30a73,2024-10,Northumbria Police,Northumbria Police,-1.439504,55.013470,On or near Coburg Street,E01008559,North Tyneside 017C,Violence and sexual offences,Status update unavailable,
c418fa65d09893563f721dc471bc7bd16925576523a15ba7133ee355d57ac55d,2024-10,Northumbria Police,Northumbria Police,-1.442621,55.014275,On or near Linskill Terrace,E01008559,North Tyneside 017C,Violence and sexual offences,Status update unavailable,
3afe3adc018ce5907549f65c7ab74ebb5b019172c3f49e5838e4ec5363105f06,2024-10,Northumbria Police,Northumbria Police,-1.438235,55.017013,On or near Park Avenue,E01008559,North Tyneside 017C,Violence and sexual offences,Status update unavailable,
,2024-10,Northumbria Police,Northumbria Police,-1.578557,55.010211,On or near Four Lane Ends,E01008469,North Tyneside 018A,Anti-social behaviour,,
,2024-10,Northumbria Police,Northumbria Police,-1.578557,55.010211,On or near Four Lane Ends,E01008469,North Tyneside 018A,Anti-social behaviour,,
8db3ee1718971d1accb198ddb71943c1c6a51328a4a4c84ff6cc209e1eacea76,2024-10,Northumbria Police,Northumbria Police,-1.577635,55.008698,On or near Manor Walk,E01008469,North Tyneside 018A,Other theft,Investigation complete; no suspect identified,
de43d11a501cced36a288023b4596bbb6cb9fafa8c7298b12a9a5db3df700e36,2024-10,Northumbria Police,Northumbria Police,-1.578443,55.009159,On or near Front Street,E01008469,North Tyneside 018A,Public order,Investigation complete; no suspect identified,
f25ec070f07b384697ab3b7e63bdcb3d6f2f69eb6bf6ddcf55ae034c3a36b415,2024-10,Northumbria Police,Northumbria Police,-1.569278,55.012371,On or near Eastfield Road,E01008469,North Tyneside 018A,Vehicle crime,Investigation complete; no suspect identified,
3228440efca28bd9a6d7e0527c6cbdfe84504996ae014280fa3ca6eae97e3354,2024-10,Northumbria Police,Northumbria Police,-1.571523,55.011463,On or near Southfield Road,E01008469,North Tyneside 018A,Violence and sexual offences,Status update unavailable,
5eca3d22b42e511febf1f073dec0e31f9e18cbdf0eeae0c84a5861384d602fed,2024-10,Northumbria Police,Northumbria Police,-1.578557,55.010211,On or near Four Lane Ends,E01008469,North Tyneside 018A,Violence and sexual offences,Status update unavailable,
af70c092dc0ff757549f32ffaf562b70ea28bcf46f2f7d98195c5577b30b32b6,2024-10,Northumbria Police,Northumbria Police,-1.575068,55.008968,On or near Hoylake Avenue,E01008469,North Tyneside 018A,Violence and sexual offences,Investigation complete; no suspect identified,
cf30b465424da86f8db636de832ab072acc0f7db047601bac9fc52ec5ffe2f49,2024-10,Northumbria Police,Northumbria Police,-1.563378,55.006968,On or near Colliery Close,E01008469,North Tyneside 018A,Violence and sexual offences,Investigation complete; no suspect identified,
,2024-10,Northumbria Police,Northumbria Police,-1.565130,55.015565,On or near Midhurst Road,E01008472,North Tyneside 018B,Anti-social behaviour,,
2ba11ff1e233ac886fa72f6ac1ec52e2bacf11a64407ec33d36fc7639d359cc5,2024-10,Northumbria Police,Northumbria Police,-1.562615,55.018252,On or near Croft Avenue,E01008472,North Tyneside 018B,Burglary,Investigation complete; no suspect identified,
34e48ea21449a4f1815211915ca3951b132a07a3abfc405f4bd403f073d36586,2024-10,Northumbria Police,Northumbria Police,-1.558043,55.020140,On or near Ravenswood Close,E01008472,North Tyneside 018B,Other theft,Status update unavailable,
eb5dc45f987891eda83c949d0e62c13ffb218677b3def9a3baafbdf72c79bc38,2024-10,Northumbria Police,Northumbria Police,-1.559479,55.017557,On or near Granville Drive,E01008472,North Tyneside 018B,Violence and sexual offences,Investigation complete; no suspect identified,
a6c2d7900a0286416eb3a31ec13447972a7ed292d5eae389c1f0ab2973701cf5,2024-10,Northumbria Police,Northumbria Police,-1.557846,55.018144,On or near Dovecote Road,E01008472,North Tyneside 018B,Violence and sexual offences,Status update unavailable,
,2024-10,Northumbria Police,Northumbria Police,-1.560565,55.015467,On or near Granville Crescent,E01008473,North Tyneside 018C,Anti-social behaviour,,
4d81c6e5a4254f561f30a1ede820ac65d4e4c57f2fcc5600ec1adc1c0b50ce5d,2024-10,Northumbria Police,Northumbria Police,-1.567986,55.014667,On or near Linden Road,E01008473,North Tyneside 018C,Burglary,Investigation complete; no suspect identified,
501666425936165ed3104c9bd8cff675a918557d284043d5ceac8c11ad6dd69c,2024-10,Northumbria Police,Northumbria Police,-1.567986,55.014667,On or near Linden Road,E01008473,North Tyneside 018C,Burglary,Investigation complete; no suspect identified,
680a6ce2f3da76436a2eea04289c2142c8f1e9d0f38c1ff2f27055ee12a2b7df,2024-10,Northumbria Police,Northumbria Police,-1.567463,55.013839,On or near Benton,E01008473,North Tyneside 018C,Criminal damage and arson,Investigation complete; no suspect identified,
14d845cad26c0359aa31c0d11f6d41a8f96f4625c6a3c8d60474b9de42b11313,2024-10,Northumbria Police,Northumbria Police,-1.567463,55.013839,On or near Benton,E01008473,North Tyneside 018C,Public order,Investigation complete; no suspect identified,
,2024-10,Northumbria Police,Northumbria Police,-1.541237,55.023592,On or near Palmersville,E01008503,North Tyneside 018E,Anti-social behaviour,,
,2024-10,Northumbria Police,Northumbria Police,-1.547425,55.025529,On or near Laurel Avenue,E01008503,North Tyneside 018E,Anti-social behaviour,,
086c92d5196c43b7eac675905e43d8b19d5d91b0eeaca58a2a81802636cee5be,2024-10,Northumbria Police,Northumbria Police,-1.546696,55.022246,On or near Feetham Avenue,E01008503,North Tyneside 018E,Burglary,Investigation complete; no suspect identified,
e409e64ce6991fa9dbc2993cf91527f25696c16f88f54193ff7937b1ab3d9967,2024-10,Northumbria Police,Northumbria Police,-1.544943,55.020910,On or near Falstone Close,E01008503,North Tyneside 018E,Burglary,Investigation complete; no suspect identified,
1390507da8e0320bd24cf3d84c935c41137b3debb5055fa9c08b016398323caf,2024-10,Northumbria Police,Northumbria Police,-1.541237,55.023592,On or near Palmersville,E01008503,North Tyneside 018E,Other theft,Investigation complete; no suspect identified,
6e42be2d15727564b9a59fc3bd1d969bd089847e5496af8f03eff5ab4db32c97,2024-10,Northumbria Police,Northumbria Police,-1.545806,55.016537,On or near A191,E01008503,North Tyneside 018E,Vehicle crime,Investigation complete; no suspect identified,
800400b44a7192e9d23dcb2f5ceeb904f11106db9720bf295c8b6c784628bd3d,2024-10,Northumbria Police,Northumbria Police,-1.543055,55.019186,On or near Humshaugh Close,E01008503,North Tyneside 018E,Violence and sexual offences,Investigation complete; no suspect identified,
5f4876f43c6c189d64805830396342102b223020ddd36ba224479cfdbe9e0c86,2024-10,Northumbria Police,Northumbria Police,-1.544707,55.023838,On or near Elizabeth Court,E01008503,North Tyneside 018E,Violence and sexual offences,Status update unavailable,
26e921a20b1e0e078388ad54a4399f5220701ed49c68455c933829986c959028,2024-10,Northumbria Police,Northumbria Police,-1.541237,55.023592,On or near Palmersville,E01008503,North Tyneside 018E,Violence and sexual offences,Investigation complete; no suspect identified,
8186d1dea25e67122f55d17bdbc0a6827dd3d9040f467106f5c86010e806a309,2024-10,Northumbria Police,Northumbria Police,-1.541237,55.023592,On or near Palmersville,E01008503,North Tyneside 018E,Violence and sexual offences,Court result unavailable,
422bb9b0dc3892b89b6a3c98f48153d2af619fe710af767f986e57f0d4995f48,2024-10,Northumbria Police,Northumbria Police,-1.543055,55.019186,On or near Humshaugh Close,E01008503,North Tyneside 018E,Violence and sexual offences,Investigation complete; no suspect identified,
,2024-10,Northumbria Police,Northumbria Police,-1.527044,55.025433,On or near Holystone Grange,E01035627,North Tyneside 018F,Anti-social behaviour,,
,2024-10,Northumbria Police,Northumbria Police,-1.529223,55.027697,On or near Windsor Place,E01035627,North Tyneside 018F,Anti-social behaviour,,
084a358d7fb8553c6acda29fb7e4df5d4de8ee099a8d16b3e2b53a6e9e0aaf56,2024-10,Northumbria Police,Northumbria Police,-1.527430,55.024545,On or near Carlisle Way,E01035627,North Tyneside 018F,Violence and sexual offences,Investigation complete; no suspect identified,
3d30db0fbdb37cc4fb5bd32b12ee7e265336ae7ccfc86607c0f06c3316a634e6,2024-10,Northumbria Police,Northumbria Police,-1.535175,55.024323,On or near Wesley Drive,E01035627,North Tyneside 018F,Violence and sexual offences,Investigation complete; no suspect identified,
,2024-10,Northumbria Police,Northumbria Police,-1.522663,55.028184,On or near A19,E01035628,North Tyneside 018G,Anti-social behaviour,,
,2024-10,Northumbria Police,Northumbria Police,-1.536798,55.020582,On or near Supermarket,E01035628,North Tyneside 018G,Anti-social behaviour,,
,2024-10,Northumbria Police,Northumbria Police,-1.536798,55.020582,On or near Supermarket,E01035628,North Tyneside 018G,Anti-social behaviour,,
,2024-10,Northumbria Police,Northumbria Police,-1.523103,55.025382,On or near Francis Way,E01035628,North Tyneside 018G,Anti-social behaviour,,
,2024-10,Northumbria Police,Northumbria Police,-1.523103,55.025382,On or near Francis Way,E01035628,North Tyneside 018G,Anti-social behaviour,,
,2024-10,Northumbria Police,Northumbria Police,-1.523103,55.025382,On or near Francis Way,E01035628,North Tyneside 018G,Anti-social behaviour,,
,2024-10,Northumbria Police,Northumbria Police,-1.523103,55.025382,On or near Francis Way,E01035628,North Tyneside 018G,Anti-social behaviour,,
,2024-10,Northumbria Police,Northumbria Police,-1.523103,55.025382,On or near Francis Way,E01035628,North Tyneside 018G,Anti-social behaviour,,
,2024-10,Northumbria Police,Northumbria Police,-1.524748,55.022531,On or near Farm Close,E01035628,North Tyneside 018G,Anti-social behaviour,,
,2024-10,Northumbria Police,Northumbria Police,-1.524748,55.022531,On or near Farm Close,E01035628,North Tyneside 018G,Anti-social behaviour,,
,2024-10,Northumbria Police,Northumbria Police,-1.523103,55.025382,On or near Francis Way,E01035628,North Tyneside 018G,Anti-social behaviour,,
0022d13588bc4e803d0bdf248affd067bdec0f2ca6d819ddc0aaedef906a03b8,2024-10,Northumbria Police,Northumbria Police,-1.536798,55.020582,On or near Supermarket,E01035628,North Tyneside 018G,Bicycle theft,Status update unavailable,
f8bc7eeeee05fee61ea617fb49d8541f0dbafdb48c3105c64fbb5f68683e5bc3,2024-10,Northumbria Police,Northumbria Police,-1.524748,55.022531,On or near Farm Close,E01035628,North Tyneside 018G,Other theft,Investigation complete; no suspect identified,
5436d80c2a0afd7541cff5452d896033e5c7536cb18190047773d6b15d3d6b19,2024-10,Northumbria Police,Northumbria Police,-1.525931,55.028551,On or near Petrol Station,E01035628,North Tyneside 018G,Public order,Status update unavailable,
1f4be9fd8977ab13b46b39a51366b53b927305f0a5a856ce07d057b6c0b9dedd,2024-10,Northumbria Police,Northumbria Police,-1.521832,55.025710,On or near Harbottle Grove,E01035628,North Tyneside 018G,Public order,Investigation complete; no suspect identified,
2d58c0254fca1ef1d7f21a9bbb47ac09a7bc1d0e6914fa1e2b389d9606d82156,2024-10,Northumbria Police,Northumbria Police,-1.536798,55.020582,On or near Supermarket,E01035628,North Tyneside 018G,Public order,Investigation complete; no suspect identified,
3cd3a30c43a83d426059d44bbeacb8147eedc2562752ceddfed99e74f29b8d14,2024-10,Northumbria Police,Northumbria Police,-1.536798,55.020582,On or near Supermarket,E01035628,North Tyneside 018G,Public order,Investigation complete; no suspect identified,
4ef0501ed9141916077678ba8b5c300d61cea56001ffe2546295bb40afbcd090,2024-10,Northumbria Police,Northumbria Police,-1.536798,55.020582,On or near Supermarket,E01035628,North Tyneside 018G,Shoplifting,Investigation complete; no suspect identified,
b2734f107ca0a70101318185a7daa04a4367cec152b0aea469b76c8fdbb41f53,2024-10,Northumbria Police,Northumbria Police,-1.536798,55.020582,On or near Supermarket,E01035628,North Tyneside 018G,Shoplifting,Court result unavailable,
efea5575b2a7abe5ee565ab079dc699a35ea04dd5458326b077835b739ed296f,2024-10,Northumbria Police,Northumbria Police,-1.536798,55.020582,On or near Supermarket,E01035628,North Tyneside 018G,Shoplifting,Status update unavailable,
97af3ebe81b7356a5fac1d24380b5d4ba5508f2cd9b53a28bb48903bbe600a70,2024-10,Northumbria Police,Northumbria Police,-1.536798,55.020582,On or near Supermarket,E01035628,North Tyneside 018G,Shoplifting,Investigation complete; no suspect identified,
cdcc710947203d7a53090c7d83bfa64bd8f0a774706d37fbc71c434feaacb033,2024-10,Northumbria Police,Northumbria Police,-1.536798,55.020582,On or near Supermarket,E01035628,North Tyneside 018G,Shoplifting,Investigation complete; no suspect identified,
8929456136fb5083455bfaae24c5b4b343536a4f3d98f2a2d042387fb212e50a,2024-10,Northumbria Police,Northumbria Police,-1.536798,55.020582,On or near Supermarket,E01035628,North Tyneside 018G,Shoplifting,Investigation complete; no suspect identified,
bb6c09c7a3f6c8079618b727b8eae16521f819b0e5e421034cb5371f3c11c88f,2024-10,Northumbria Police,Northumbria Police,-1.536798,55.020582,On or near Supermarket,E01035628,North Tyneside 018G,Violence and sexual offences,Investigation complete; no suspect identified,
35c89804dada4eb406733b188d8eec1d1ed1ee51a63ed58a5b51331aafcdb7e8,2024-10,Northumbria Police,Northumbria Police,-1.525931,55.028551,On or near Petrol Station,E01035628,North Tyneside 018G,Violence and sexual offences,Offender given a caution,
cd898d0a692a7296fddb760296ad5b03c4c11cc0ab528221a0f7e73b9ae99b4e,2024-10,Northumbria Police,Northumbria Police,-1.525931,55.028551,On or near Petrol Station,E01035628,North Tyneside 018G,Violence and sexual offences,Status update unavailable,
,2024-10,Northumbria Police,Northumbria Police,-1.572394,55.016345,On or near Radstock Place,E01008471,North Tyneside 019A,Anti-social behaviour,,
,2024-10,Northumbria Police,Northumbria Police,-1.581683,55.016386,On or near Aylesbury Place,E01008471,North Tyneside 019A,Anti-social behaviour,,
,2024-10,Northumbria Police,Northumbria Police,-1.582840,55.016381,On or near Ongar Way,E01008471,North Tyneside 019A,Anti-social behaviour,,
,2024-10,Northumbria Police,Northumbria Police,-1.570815,55.019269,On or near Clydedale Avenue,E01008471,North Tyneside 019A,Anti-social behaviour,,
,2024-10,Northumbria Police,Northumbria Police,-1.582840,55.016381,On or near Ongar Way,E01008471,North Tyneside 019A,Anti-social behaviour,,
a0f19d565bbf1888ad5a5297e702f6ad11523a727f7c4f1a315ca2f63802856f,2024-10,Northumbria Police,Northumbria Police,-1.581683,55.016386,On or near Aylesbury Place,E01008471,North Tyneside 019A,Criminal damage and arson,Investigation complete; no suspect identified,
1aaae8f16e5e3c7eba88b29a63e47330f9d14d630afb044bed0608bbb15688fd,2024-10,Northumbria Police,Northumbria Police,-1.581683,55.016386,On or near Aylesbury Place,E01008471,North Tyneside 019A,Criminal damage and arson,Investigation complete; no suspect identified,
5e0e6aabfbb006ed6b182faadfe46838e8bed42ddae5585e549b626515fc0ffa,2024-10,Northumbria Police,Northumbria Police,-1.572309,55.015536,On or near Denbeigh Place,E01008471,North Tyneside 019A,Other theft,Status update unavailable,
9d7f725a348c4a3d0995beff43031fa10667106a79a72c62e008f93fd6c2c606,2024-10,Northumbria Police,Northumbria Police,-1.572309,55.015536,On or near Denbeigh Place,E01008471,North Tyneside 019A,Violence and sexual offences,Investigation complete; no suspect identified,
7f648f29ab7411e87f115c77213ae693310da6b9fe3038ea1f5dc10115b4c257,2024-10,Northumbria Police,Northumbria Police,-1.581409,55.017158,On or near Altan Place,E01008471,North Tyneside 019A,Violence and sexual offences,Status update unavailable,
,2024-10,Northumbria Police,Northumbria Police,-1.575092,55.015528,On or near Deerbolt Place,E01008474,North Tyneside 019B,Anti-social behaviour,,
,2024-10,Northumbria Police,Northumbria Police,-1.572802,55.013273,On or near Whitfield Drive,E01008474,North Tyneside 019B,Anti-social behaviour,,
,2024-10,Northumbria Police,Northumbria Police,-1.581147,55.013779,On or near Eishort Way,E01008474,North Tyneside 019B,Anti-social behaviour,,
72528583414a47b81b294b93005abfda24dcb823c7a7b51de5c5021bb6470b1a,2024-10,Northumbria Police,Northumbria Police,-1.573818,55.014832,On or near Gladstonbury Place,E01008474,North Tyneside 019B,Violence and sexual offences,Status update unavailable,
10f3f8ea3ee2c3dfdb8028059f1191fc58906c3e3d5c18413fad489710161689,2024-10,Northumbria Police,Northumbria Police,-1.575092,55.015528,On or near Deerbolt Place,E01008474,North Tyneside 019B,Violence and sexual offences,Investigation complete; no suspect identified,
5a5f6fae4d09f89f9867d56703806880d5ac71ca353feae568611cad8033075f,2024-10,Northumbria Police,Northumbria Police,-1.575092,55.015528,On or near Deerbolt Place,E01008474,North Tyneside 019B,Violence and sexual offences,Status update unavailable,
bcb8ba09496fbe921fb2ff83649f49dfd72c6d164cd8b363d32ea88f9909d243,2024-10,Northumbria Police,Northumbria Police,-1.580170,55.015959,On or near Ashdown Close,E01008474,North Tyneside 019B,Violence and sexual offences,Investigation complete; no suspect identified,
74ab6b43b66023f40777899dd711337e7191e7dcbccf0e52f9a684806dc35ef8,2024-10,Northumbria Police,Northumbria Police,-1.581147,55.013779,On or near Eishort Way,E01008474,North Tyneside 019B,Other crime,Status update unavailable,
,2024-10,Northumbria Police,Northumbria Police,-1.591659,55.008872,On or near Longbenton,E01008513,North Tyneside 019C,Anti-social behaviour,,
1da3af0c8af54943ac8ffc3b5131a47a9bfba2519cb37733c6271db355e78c35,2024-10,Northumbria Police,Northumbria Police,-1.590780,55.013793,On or near Blackfriars Way,E01008513,North Tyneside 019C,Criminal damage and arson,Investigation complete; no suspect identified,
e7fdfce15792db639f6811c903903491cb67f504fc316d587da5375bebd86343,2024-10,Northumbria Police,Northumbria Police,-1.591659,55.008872,On or near Longbenton,E01008513,North Tyneside 019C,Criminal damage and arson,Investigation complete; no suspect identified,
3d0fe5b63756f07900b1a07c210517c4e51e90550965df04050c40d44f5bd76e,2024-10,Northumbria Police,Northumbria Police,-1.599461,55.011980,On or near Fairfield,E01008513,North Tyneside 019C,Criminal damage and arson,Investigation complete; no suspect identified,
2eff2e70b9086708b884e2d718d90aa424f39e859386f2f348418775b2d21926,2024-10,Northumbria Police,Northumbria Police,-1.598570,55.013514,On or near Byland Road,E01008513,North Tyneside 019C,Criminal damage and arson,Investigation complete; no suspect identified,
5ffaf19ffd59ba32d15e409337d1a85dcf5d5c3e64e25573f3013e14ea6f37a8,2024-10,Northumbria Police,Northumbria Police,-1.598299,55.015589,On or near Kingsbridge,E01008513,North Tyneside 019C,Other theft,Investigation complete; no suspect identified,
4cb077d48ffc964aaf4d7945c160840564d84af5ff3ad1181039f9f1bc5478c7,2024-10,Northumbria Police,Northumbria Police,-1.591659,55.008872,On or near Longbenton,E01008513,North Tyneside 019C,Other theft,Investigation complete; no suspect identified,
98425d7a483715cfd5b3e798cef58b1737ff9bdecb25dee5ee7b9b690cb01c57,2024-10,Northumbria Police,Northumbria Police,-1.590780,55.013793,On or near Blackfriars Way,E01008513,North Tyneside 019C,Public order,Status update unavailable,
3a28faa8f3b81aa12f9f6a4e2a4e5da75e36e264063a5ce409f0257fe83c97f9,2024-10,Northumbria Police,Northumbria Police,-1.591659,55.008872,On or near Longbenton,E01008513,North Tyneside 019C,Robbery,Investigation complete; no suspect identified,
020542ab8f94d98f2bd8056a6979be4cc5bb49ae337c6f8ef53b6fa5c5072103,2024-10,Northumbria Police,Northumbria Police,-1.598050,55.012344,On or near Cawfields Court,E01008513,North Tyneside 019C,Vehicle crime,Investigation complete; no suspect identified,
d9b9a0b16bbe04440c73bfdd82c976413c64e5d08400efa05bad216cd3b1687d,2024-10,Northumbria Police,Northumbria Police,-1.598097,55.015480,On or near Kingsdale Road,E01008513,North Tyneside 019C,Violence and sexual offences,Status update unavailable,
d27747cf3b1bced4d274aacad674bcc0c3db5262ec7deb37f3cdf8b5d84130b1,2024-10,Northumbria Police,Northumbria Police,-1.593449,55.015797,On or near Peregrine Place,E01008513,North Tyneside 019C,Violence and sexual offences,Status update unavailable,
70069ac629aef8948a8642a7a8709ad5de4a094c4b78571eeec15235865b9e87,2024-10,Northumbria Police,Northumbria Police,-1.593449,55.015797,On or near Peregrine Place,E01008513,North Tyneside 019C,Violence and sexual offences,Status update unavailable,
,2024-10,Northumbria Police,Northumbria Police,-1.582569,55.012400,On or near Oxford Close,E01008514,North Tyneside 019D,Anti-social behaviour,,
,2024-10,Northumbria Police,Northumbria Police,-1.582569,55.012400,On or near Oxford Close,E01008514,North Tyneside 019D,Anti-social behaviour,,
,2024-10,Northumbria Police,Northumbria Police,-1.591427,55.016303,On or near Falcon Place,E01008514,North Tyneside 019D,Anti-social behaviour,,
,2024-10,Northumbria Police,Northumbria Police,-1.582569,55.012400,On or near Oxford Close,E01008514,North Tyneside 019D,Anti-social behaviour,,
8249ebc6b7373358904f2a39756005822e287bc7977e3068a2a19ce2f110bc75,2024-10,Northumbria Police,Northumbria Police,-1.582579,55.026454,On or near Cotswold Avenue,E01008514,North Tyneside 019D,Burglary,Investigation complete; no suspect identified,
a665dafe5d2a97bd6ad8fefd88f8f295c37459e1e08e9e4d249d9631929dd99e,2024-10,Northumbria Police,Northumbria Police,-1.583086,55.019851,On or near Balliol Business Park East,E01008514,North Tyneside 019D,Criminal damage and arson,Investigation complete; no suspect identified,
feee23eb90fc4c375f7d2a263dbbaa68e825e8cb1e0e681c77a5448df74cf82b,2024-10,Northumbria Police,Northumbria Police,-1.587197,55.027710,On or near Hawks Edge,E01008514,North Tyneside 019D,Criminal damage and arson,Status update unavailable,
f4925eb4b559f93079be65149f835c667bd50255d74c1b873dbca7d5d31fe3b2,2024-10,Northumbria Police,Northumbria Police,-1.582569,55.012400,On or near Oxford Close,E01008514,North Tyneside 019D,Drugs,Status update unavailable,
74655803c3dda24454f2a7ad92178d13427c70317e59de6871b96084a6185f92,2024-10,Northumbria Police,Northumbria Police,-1.583086,55.019851,On or near Balliol Business Park East,E01008514,North Tyneside 019D,Other theft,Status update unavailable,
240d67501875c65a5453a0a9c4de443e647399814cee678b880fdad41a23de7e,2024-10,Northumbria Police,Northumbria Police,-1.590915,55.015843,On or near Curlew Close,E01008514,North Tyneside 019D,Other theft,Investigation complete; no suspect identified,
940e166bae4a20fe2e23d485c0bdcc2b80f1697a229c27874e47826ccf427f61,2024-10,Northumbria Police,Northumbria Police,-1.584704,55.019102,On or near Benton Lane,E01008514,North Tyneside 019D,Other theft,Status update unavailable,
90a55321241104105d2857f8ef557bea25e3381e33fa3ccd12db2d8aab5c5cde,2024-10,Northumbria Police,Northumbria Police,-1.590915,55.015843,On or near Curlew Close,E01008514,North Tyneside 019D,Other theft,Investigation complete; no suspect identified,
33a332f05b92e7324b25e997df9b9dd9173fd248837d51d1f9ac2217861286fd,2024-10,Northumbria Police,Northumbria Police,-1.584704,55.019102,On or near Benton Lane,E01008514,North Tyneside 019D,Other theft,Status update unavailable,
d7cb3f16aa3b952fc2b1c5c85d8c11d5c7c78c000e1280205fc509419ca0132b,2024-10,Northumbria Police,Northumbria Police,-1.589206,55.016349,On or near Stonechat Place,E01008514,North Tyneside 019D,Public order,Status update unavailable,
db5f9d79fed553cabee2bc1eba21b32b5cc864dcc050838021fde37889a11eb7,2024-10,Northumbria Police,Northumbria Police,-1.584704,55.019102,On or near Benton Lane,E01008514,North Tyneside 019D,Shoplifting,Investigation complete; no suspect identified,
2101ef6fdb56fad506b515668b864ff89b7ae689c740ae68d2e2f6683b6ac3d2,2024-10,Northumbria Police,Northumbria Police,-1.583086,55.019851,On or near Balliol Business Park East,E01008514,North Tyneside 019D,Vehicle crime,Investigation complete; no suspect identified,
abf14dbc1fe27ef3211dc40e6415ea417a431b0ab97f68343f83e5c7ed0cd704,2024-10,Northumbria Police,Northumbria Police,-1.582569,55.012400,On or near Oxford Close,E01008514,North Tyneside 019D,Violence and sexual offences,Status update unavailable,
e413e0248f840b267696adbe79b486d1241def41f7edc41d2a0315fe5921f6a6,2024-10,Northumbria Police,Northumbria Police,-1.590915,55.015843,On or near Curlew Close,E01008514,North Tyneside 019D,Violence and sexual offences,Status update unavailable,
f5cfb13c9fd8b50e218b9726052ec82163099995deab379265fc5ee8ef9c9683,2024-10,Northumbria Police,Northumbria Police,-1.590915,55.015843,On or near Curlew Close,E01008514,North Tyneside 019D,Violence and sexual offences,Investigation complete; no suspect identified,
e35590dc5fa42017d7401a59276ac83bb7d907d12ee5bc02f13f5cfb08ddafac,2024-10,Northumbria Police,Northumbria Police,-1.581818,55.019928,On or near Parking Area,E01008514,North Tyneside 019D,Violence and sexual offences,Investigation complete; no suspect identified,
8631483ffab60f430c61a0c0bc94ac2f263961f2f4f1ffac1dba2a6002405037,2024-10,Northumbria Police,Northumbria Police,-1.583086,55.019851,On or near Balliol Business Park East,E01008514,North Tyneside 019D,Violence and sexual offences,Status update unavailable,
,2024-10,Northumbria Police,Northumbria Police,-1.589323,55.012494,On or near Monarch Court,E01032649,North Tyneside 019F,Anti-social behaviour,,
,2024-10,Northumbria Police,Northumbria Police,-1.594958,55.013466,On or near Mendip Way,E01032649,North Tyneside 019F,Anti-social behaviour,,
,2024-10,Northumbria Police,Northumbria Police,-1.594958,55.013466,On or near Mendip Way,E01032649,North Tyneside 019F,Anti-social behaviour,,
,2024-10,Northumbria Police,Northumbria Police,-1.593784,55.013660,On or near Monks Park Way,E01032649,North Tyneside 019F,Anti-social behaviour,,
,2024-10,Northumbria Police,Northumbria Police,-1.594958,55.013466,On or near Mendip Way,E01032649,North Tyneside 019F,Anti-social behaviour,,
,2024-10,Northumbria Police,Northumbria Police,-1.591692,55.010202,On or near Westbury Court,E01032649,North Tyneside 019F,Anti-social behaviour,,
ee19acc9aec573a5ee7fd598afb091723de63230faf1886b6dbffde91e0831f6,2024-10,Northumbria Police,Northumbria Police,-1.586990,55.012801,On or near Charnwood Avenue,E01032649,North Tyneside 019F,Burglary,Investigation complete; no suspect identified,
495eac1b8a7a62454f26d0759139e12ef86154edc7d833ea52e07ac1b394ca26,2024-10,Northumbria Police,Northumbria Police,-1.586990,55.012801,On or near Charnwood Avenue,E01032649,North Tyneside 019F,Burglary,Investigation complete; no suspect identified,
0eb80d401ec8554c10ba642bfd8bbc64ebfee494325562ee63e076ac3667bf72,2024-10,Northumbria Police,Northumbria Police,-1.594958,55.013466,On or near Mendip Way,E01032649,North Tyneside 019F,Criminal damage and arson,Status update unavailable,
e3530919145bf6e1dfd9c7914ff50af84dfd5c1ba7bfa4f843afb4e238b90dbd,2024-10,Northumbria Police,Northumbria Police,-1.586990,55.012801,On or near Charnwood Avenue,E01032649,North Tyneside 019F,Public order,Status update unavailable,
093be5527eeac535b12b2e1bd09979cd26dadc0d05860fdf7d48a6e0450f6644,2024-10,Northumbria Police,Northumbria Police,-1.593530,55.013982,On or near Monks Park Court,E01032649,North Tyneside 019F,Violence and sexual offences,Status update unavailable,
89a6be3e046f7f030c01132e9ac83d9cf0046e0ec0e4a60b12333085cf0f8165,2024-10,Northumbria Police,Northumbria Police,-1.592754,55.013459,On or near Pennine Way,E01032649,North Tyneside 019F,Violence and sexual offences,Status update unavailable,
,2024-10,Northumbria Police,Northumbria Police,-1.587183,55.010771,On or near Langdale Close,E01032650,North Tyneside 019G,Anti-social behaviour,,
,2024-10,Northumbria Police,Northumbria Police,-1.587183,55.010771,On or near Langdale Close,E01032650,North Tyneside 019G,Anti-social behaviour,,
,2024-10,Northumbria Police,Northumbria Police,-1.585672,55.010173,On or near Lutterworth Road,E01032650,North Tyneside 019G,Anti-social behaviour,,
aeb6d2ee3a253b065bd40b945bd6a26b5212ec9ba0dd0669133c71d3a65540b4,2024-10,Northumbria Police,Northumbria Police,-1.582135,55.011985,On or near Chesters Court,E01032650,North Tyneside 019G,Public order,Status update unavailable,
4dcafc5777619dc26dd816119196020c3a8076b0ea19d6b8dc543c87d206ed1b,2024-10,Northumbria Police,Northumbria Police,-1.582135,55.011985,On or near Chesters Court,E01032650,North Tyneside 019G,Public order,Status update unavailable,
3e5ed62399fa0da0abc684b7b2bfdd2eae0bd1e1120e8af690cc67b8121947f8,2024-10,Northumbria Police,Northumbria Police,-1.583559,55.010390,On or near Rowanberry Road,E01032650,North Tyneside 019G,Violence and sexual offences,Status update unavailable,
b9438504e8c6c48fd032bcc3e30782e21760e7a45e0a93437cca538670c37d70,2024-10,Northumbria Police,Northumbria Police,-1.585672,55.010173,On or near Lutterworth Road,E01032650,North Tyneside 019G,Violence and sexual offences,Status update unavailable,
dc13981926f746e076525f3266454ba49f925dce87943aaba8ef642c79a48a9a,2024-10,Northumbria Police,Northumbria Police,-1.585489,55.011295,On or near Lutterworth Close,E01032650,North Tyneside 019G,Violence and sexual offences,Status update unavailable,
67a5e9a394774b822f24b000ff52fee80a85fba212c352690585933e89092085,2024-10,Northumbria Police,Northumbria Police,-1.585672,55.010173,On or near Lutterworth Road,E01032650,North Tyneside 019G,Violence and sexual offences,Offender given a caution,
74c5a6bff03c3d9efd2fee24929eb984267dcb27a21fed2eec982c2d515c5466,2024-10,Northumbria Police,Northumbria Police,-1.585672,55.010173,On or near Lutterworth Road,E01032650,North Tyneside 019G,Violence and sexual offences,Offender given a caution,
,2024-10,Northumbria Police,Northumbria Police,-1.468302,55.010472,On or near Balkwell Green,E01008486,North Tyneside 020A,Anti-social behaviour,,
6965821a5ce947155f401e14ad74a23a74587d393dc52a0924ce3daa29f090df,2024-10,Northumbria Police,Northumbria Police,-1.468302,55.010472,On or near Balkwell Green,E01008486,North Tyneside 020A,Criminal damage and arson,Status update unavailable,
7f3aab88971f004841c288ba25b4ca53d62e830eb990a1e8d009694d48b194d2,2024-10,Northumbria Police,Northumbria Police,-1.468302,55.010472,On or near Balkwell Green,E01008486,North Tyneside 020A,Other theft,Investigation complete; no suspect identified,
6b16acd4b67a491b0d509e32ceb189c5fd5ec4ea64e6273db9de0bafb611ebdb,2024-10,Northumbria Police,Northumbria Police,-1.468302,55.010472,On or near Balkwell Green,E01008486,North Tyneside 020A,Public order,Status update unavailable,
0b8891cdec8dbe124a1af2e4d1c401db275072f5a27003a81be958be5f5ec6e6,2024-10,Northumbria Police,Northumbria Police,-1.468302,55.010472,On or near Balkwell Green,E01008486,North Tyneside 020A,Violence and sexual offences,Investigation complete; no suspect identified,
f965e2dac1059e086b4e29ca4f263cab7149d848d6f9972846ead359bb015c69,2024-10,Northumbria Police,Northumbria Police,-1.468302,55.010472,On or near Balkwell Green,E01008486,North Tyneside 020A,Violence and sexual offences,Awaiting court outcome,
b5e01e8d7ea5f77e6423644a251a1337cc1a31a2520de52a89fee741dfe7e0cd,2024-10,Northumbria Police,Northumbria Police,-1.468302,55.010472,On or near Balkwell Green,E01008486,North Tyneside 020A,Violence and sexual offences,Awaiting court outcome,
412dbdeee601f2d3305c10ea90222d9a9c8782563f8259277754b2325999b2f4,2024-10,Northumbria Police,Northumbria Police,-1.469595,55.011978,On or near Orlando Road,E01008486,North Tyneside 020A,Violence and sexual offences,Investigation complete; no suspect identified,
,2024-10,Northumbria Police,Northumbria Police,-1.472733,55.019540,On or near Acton Drive,E01008487,North Tyneside 020B,Anti-social behaviour,,
e9ebafaa07ffe8ecceb9521b43982b7c0b144195c91e4db91034f6d1dfaf29d8,2024-10,Northumbria Police,Northumbria Police,-1.470052,55.018890,On or near Morwick Road,E01008487,North Tyneside 020B,Other theft,Investigation complete; no suspect identified,
05c374e66962896864487840894cf2ea95f0b56eb8fe9b56855a59dcc6077eea,2024-10,Northumbria Police,Northumbria Police,-1.470889,55.017034,On or near Sheringham Avenue,E01008487,North Tyneside 020B,Possession of weapons,Status update unavailable,
dc316309a788ea8cc04bd2c5347a724612393b0c1ced4e4206da4a7c517440eb,2024-10,Northumbria Police,Northumbria Police,-1.474720,55.018326,On or near Thropton Place,E01008487,North Tyneside 020B,Public order,Status update unavailable,
ebe6f2e0d52d6c1388d38f4b531d210f68bc3cfc59d4e83af1d3df43d22e79fc,2024-10,Northumbria Police,Northumbria Police,-1.474720,55.018326,On or near Thropton Place,E01008487,North Tyneside 020B,Public order,Status update unavailable,
f6ff41cf3779e2c1bfdb86ff32c9b1b71aa4b29aedac08f58df6a041aec9ca5d,2024-10,Northumbria Police,Northumbria Police,-1.470889,55.017034,On or near Sheringham Avenue,E01008487,North Tyneside 020B,Violence and sexual offences,Investigation complete; no suspect identified,
353dcbf24d19b82f2a5627d1cbd87cb4d66214d67b63c5d4443784732ee0be7f,2024-10,Northumbria Police,Northumbria Police,-1.470052,55.018890,On or near Morwick Road,E01008487,North Tyneside 020B,Violence and sexual offences,Status update unavailable,
ddb44f5cb26975e8ddbe387f223325f23f9daa89ff639394fecf2976bc30c99c,2024-10,Northumbria Police,Northumbria Police,-1.474720,55.018326,On or near Thropton Place,E01008487,North Tyneside 020B,Violence and sexual offences,Court result unavailable,
ec4d5a043a79000f0b3a0465a2c3092faff1375c07b40652b35f84d0bb868e06,2024-10,Northumbria Police,Northumbria Police,-1.474720,55.018326,On or near Thropton Place,E01008487,North Tyneside 020B,Violence and sexual offences,Court result unavailable,
6986170e44f5ca0058bd27f5e3f66168a8c835486ccfb72539e868080871fea0,2024-10,Northumbria Police,Northumbria Police,-1.472873,55.017240,On or near Lynn Road,E01008487,North Tyneside 020B,Violence and sexual offences,Status update unavailable,
4bca75446e4c42993438514c2a7afe33121cdb2e32098ddf97e18876daee41fa,2024-10,Northumbria Police,Northumbria Police,-1.461218,55.013981,On or near Alexandra Gardens,E01008526,North Tyneside 020C,Burglary,Status update unavailable,
1c4f2d0c911eb308d22c2b7a70ecc13945d842919249bc61577f9a7a31843fda,2024-10,Northumbria Police,Northumbria Police,-1.468171,55.015611,On or near Petrol Station,E01008526,North Tyneside 020C,Criminal damage and arson,Investigation complete; no suspect identified,
ad1221285227bcb81741371540362f9633eb7f0285e9048fb6a0fbb9a3033bec,2024-10,Northumbria Police,Northumbria Police,-1.468171,55.015611,On or near Petrol Station,E01008526,North Tyneside 020C,Public order,Investigation complete; no suspect identified,
106686ab4f7dd52035411c9c8735830f7f7007969842bf6b7cbfa3adf703b6f3,2024-10,Northumbria Police,Northumbria Police,-1.468171,55.015611,On or near Petrol Station,E01008526,North Tyneside 020C,Shoplifting,Court result unavailable,
f8e5548d60cc0a983274732164d1e99a9d711cd790b57cf443f3e4c77b9561fd,2024-10,Northumbria Police,Northumbria Police,-1.468171,55.015611,On or near Petrol Station,E01008526,North Tyneside 020C,Shoplifting,Investigation complete; no suspect identified,
60555c2999437bd0f8cd78566acaec50843042cba53afa5d457695ec2b9166b0,2024-10,Northumbria Police,Northumbria Police,-1.468171,55.015611,On or near Petrol Station,E01008526,North Tyneside 020C,Shoplifting,Court result unavailable,
23449543087c33fc9b191fe06102db8618287b8ee9594af2df61039c81ae3b10,2024-10,Northumbria Police,Northumbria Police,-1.468171,55.015611,On or near Petrol Station,E01008526,North Tyneside 020C,Shoplifting,Investigation complete; no suspect identified,
1f5be6c833919ea8c17a55e15daba188659ca4a452e3ed0d82dcace9e0b1bd98,2024-10,Northumbria Police,Northumbria Police,-1.468171,55.015611,On or near Petrol Station,E01008526,North Tyneside 020C,Shoplifting,Investigation complete; no suspect identified,
6b18a3d1e3c28d0d65cd47802ffb0aae01448e4d808f941501012e7b996ae3f8,2024-10,Northumbria Police,Northumbria Police,-1.468171,55.015611,On or near Petrol Station,E01008526,North Tyneside 020C,Violence and sexual offences,Court result unavailable,
73b81a2c2b3f198fa45b79246076586d8e1f368fcc5204826dc7e6ef07c14823,2024-10,Northumbria Police,Northumbria Police,-1.457795,55.011593,On or near Hawkey'S Lane,E01008530,North Tyneside 020D,Burglary,Investigation complete; no suspect identified,
961b657d063eebb88047ea333911be22d951243e85482df81727bd5cf74af4bc,2024-10,Northumbria Police,Northumbria Police,-1.456251,55.008945,On or near Spring Gardens,E01008530,North Tyneside 020D,Criminal damage and arson,Investigation complete; no suspect identified,
ac1e20f66e2f0b83dcf461ca097d972311b00b2077676a2ab6484413f667cf46,2024-10,Northumbria Police,Northumbria Police,-1.456251,55.008945,On or near Spring Gardens,E01008530,North Tyneside 020D,Criminal damage and arson,Investigation complete; no suspect identified,
0873def172f4b44395da12ce71f75a37b459f7ac9da6b8325d7fd7ff8631883e,2024-10,Northumbria Police,Northumbria Police,-1.462191,55.010220,On or near Rutland Place,E01008530,North Tyneside 020D,Drugs,Offender given a caution,
cc47bd5429a408a19018c79b636e16b9ce83f68a7f4fc385dd8f02ea8b6b5b7b,2024-10,Northumbria Police,Northumbria Police,-1.457795,55.011593,On or near Hawkey'S Lane,E01008530,North Tyneside 020D,Other theft,Status update unavailable,
615f4e189998ae0c0e3bee0c16afddef200e0248ef084b46778f137d2be88104,2024-10,Northumbria Police,Northumbria Police,-1.460239,55.008908,On or near Carlton Terrace,E01008530,North Tyneside 020D,Public order,Status update unavailable,
7ac6d1d38c4b141d8ae345bb29da44009c5f2933e238d9cdbeec09451d661fee,2024-10,Northumbria Police,Northumbria Police,-1.457788,55.009742,On or near Appleby Court,E01008530,North Tyneside 020D,Violence and sexual offences,Investigation complete; no suspect identified,
38a3d604147a20aab159ea80b1ae4f787c83eaf5b93b2d9d2c6a0b6534290eae,2024-10,Northumbria Police,Northumbria Police,-1.457795,55.011593,On or near Hawkey'S Lane,E01008530,North Tyneside 020D,Violence and sexual offences,Court result unavailable,
5157e06707cff95da3f9922cbc98b4049546548f760cd97aa6d7b7936a13c5eb,2024-10,Northumbria Police,Northumbria Police,-1.462191,55.010220,On or near Rutland Place,E01008530,North Tyneside 020D,Violence and sexual offences,Investigation complete; no suspect identified,
2f25165289084d53c3b5371e72ea8437e0d616dbb2adb4946d3d9bd7b46ac278,2024-10,Northumbria Police,Northumbria Police,-1.460239,55.008908,On or near Carlton Terrace,E01008530,North Tyneside 020D,Violence and sexual offences,Status update unavailable,
84dcc39338118d9e403579bb3b049bb4c7e3edb53da711ece0eb15741e33d216,2024-10,Northumbria Police,Northumbria Police,-1.460239,55.008908,On or near Carlton Terrace,E01008530,North Tyneside 020D,Violence and sexual offences,Investigation complete; no suspect identified,
30f45559d1663bf1f3c46896588bad31e92e188a3cdf1481942976a3ae417b15,2024-10,Northumbria Police,Northumbria Police,-1.462076,55.010669,On or near Lyncroft Road,E01008530,North Tyneside 020D,Violence and sexual offences,Court result unavailable,
,2024-10,Northumbria Police,Northumbria Police,-1.511763,55.008578,On or near Broxburn Close,E01008461,North Tyneside 021A,Anti-social behaviour,,
6e789affc1450ff27637661d0ee99b55475d65a7d01a09294f66369e816a9962,2024-10,Northumbria Police,Northumbria Police,-1.509276,55.007400,On or near Embleton Avenue,E01008461,North Tyneside 021A,Criminal damage and arson,Status update unavailable,
9b0687520d0a493bdb9bc74c3b2a46bf62dd65bd5c00d792b888cce84d33feb5,2024-10,Northumbria Police,Northumbria Police,-1.509276,55.007400,On or near Embleton Avenue,E01008461,North Tyneside 021A,Criminal damage and arson,Investigation complete; no suspect identified,
b907a97fea18e002d22d1d312e3c91b75502d3dee04370d48b8ff1d5afb62f2a,2024-10,Northumbria Police,Northumbria Police,-1.509276,55.007400,On or near Embleton Avenue,E01008461,North Tyneside 021A,Possession of weapons,Court result unavailable,
10adcc3de41105d39700a026b31832e04f82db5f60ff931313ea993c4b34d9d2,2024-10,Northumbria Police,Northumbria Police,-1.509276,55.007400,On or near Embleton Avenue,E01008461,North Tyneside 021A,Shoplifting,Investigation complete; no suspect identified,
8482efd41a93ecd495ea95dcc8f5b68c4fd7924d991d7bfe12f16d7420892619,2024-10,Northumbria Police,Northumbria Police,-1.509276,55.007400,On or near Embleton Avenue,E01008461,North Tyneside 021A,Shoplifting,Investigation complete; no suspect identified,
dae050b67a957d76f25664e416b871e1fcf4a70e8029e7515d7f8d734c8e1fa2,2024-10,Northumbria Police,Northumbria Police,-1.509276,55.007400,On or near Embleton Avenue,E01008461,North Tyneside 021A,Shoplifting,Investigation complete; no suspect identified,
eafece2eefd6311a0c50b069fa84ba0b1e5614abb51312577d2227c6702bcd64,2024-10,Northumbria Police,Northumbria Police,-1.509276,55.007400,On or near Embleton Avenue,E01008461,North Tyneside 021A,Violence and sexual offences,Investigation complete; no suspect identified,
8affb96dfa49075a52ccc65e1b30c5e89a1838dcfabcc7b78ad3feec36b2ca05,2024-10,Northumbria Police,Northumbria Police,-1.509276,55.007400,On or near Embleton Avenue,E01008461,North Tyneside 021A,Violence and sexual offences,Investigation complete; no suspect identified,
f2fd995a79261c9eb9bafaa99fef694ae66bd9d1b6da0a88c3072d3df1451f00,2024-10,Northumbria Police,Northumbria Police,-1.511763,55.008578,On or near Broxburn Close,E01008461,North Tyneside 021A,Violence and sexual offences,Status update unavailable,
7d581335c63dea5a335d73ff9e32533be56d917121d060914957b07d6c03ef48,2024-10,Northumbria Police,Northumbria Police,-1.511763,55.008578,On or near Broxburn Close,E01008461,North Tyneside 021A,Violence and sexual offences,Status update unavailable,
9fa4188415a288908c4d4f5c819121ae2548c3d2acfe419cd63ae69825c5d7f6,2024-10,Northumbria Police,Northumbria Police,-1.511981,55.011194,On or near Alder Road,E01008461,North Tyneside 021A,Violence and sexual offences,Status update unavailable,
990aa6a1f0ef40d0c31791062918c8fc3da61869682150b788b44430f3930ef1,2024-10,Northumbria Police,Northumbria Police,-1.511763,55.008578,On or near Broxburn Close,E01008461,North Tyneside 021A,Violence and sexual offences,Status update unavailable,
b9b421988b370c929c85f48ad67ec452f0ee92cfe03a627f28e9d01c8dc2212e,2024-10,Northumbria Police,Northumbria Police,-1.511981,55.011194,On or near Alder Road,E01008461,North Tyneside 021A,Violence and sexual offences,Status update unavailable,
d19f34d96b40ac6199825e9754df84bc62b16f5b556ca98ba7a898382d3dd88d,2024-10,Northumbria Police,Northumbria Police,-1.511763,55.008578,On or near Broxburn Close,E01008461,North Tyneside 021A,Other crime,Status update unavailable,
6a71b420390248b2cccbc74a0f3ea6e330599bfc382124b50cd67443f23e10d2,2024-10,Northumbria Police,Northumbria Police,-1.517567,55.014864,On or near Agricola Gardens,E01008466,North Tyneside 021B,Public order,Status update unavailable,
40383fb57b3f259113cf7879d91410d5e2a425f3afc011a89070d51a81c59283,2024-10,Northumbria Police,Northumbria Police,-1.517567,55.014864,On or near Agricola Gardens,E01008466,North Tyneside 021B,Public order,Status update unavailable,
9d3e83adf4bc90ebbbcdb1bd1706b53d6ae81916c55a44b135bd976b5c44ecf9,2024-10,Northumbria Police,Northumbria Police,-1.520817,55.016387,On or near Aysgarth Avenue,E01008466,North Tyneside 021B,Public order,Status update unavailable,
48c1b6446a3a04f81df5ca3b944f32d8fd57d771aac4c8e71e4b6811380cdbad,2024-10,Northumbria Police,Northumbria Police,-1.513948,55.015371,On or near Hadrian Wynd,E01008466,North Tyneside 021B,Violence and sexual offences,Status update unavailable,
a1ff7d2fafd93acb77f020a118b0ea8ea941e297355275f5b8681b69ed829a2e,2024-10,Northumbria Police,Northumbria Police,-1.514032,55.013592,On or near Addington Drive,E01008467,North Tyneside 021C,Criminal damage and arson,Investigation complete; no suspect identified,
b6d11c6ece00b14f99d2b600ce2ff54a6d5683ab6ac1d17f37519eff256bf3c9,2024-10,Northumbria Police,Northumbria Police,-1.508956,55.013069,On or near Bellshill Close,E01008467,North Tyneside 021C,Violence and sexual offences,Status update unavailable,
545ec76daea5342610dec728e44e80897fdec4a3b83bfdb9ccc4af2bcdd8ff83,2024-10,Northumbria Police,Northumbria Police,-1.517939,55.012529,On or near Cambo Close,E01008467,North Tyneside 021C,Violence and sexual offences,Investigation complete; no suspect identified,
7ebbc82d5940d4bf81d0cf2c249ccc3ae32d9d417f83a86fbc436cd2923a796d,2024-10,Northumbria Police,Northumbria Police,-1.508956,55.013069,On or near Bellshill Close,E01008467,North Tyneside 021C,Violence and sexual offences,Status update unavailable,
,2024-10,Northumbria Police,Northumbria Police,-1.502353,55.010858,On or near Police Station,E01008468,North Tyneside 021D,Anti-social behaviour,,
,2024-10,Northumbria Police,Northumbria Police,-1.506526,55.008406,On or near Shopping Area,E01008468,North Tyneside 021D,Anti-social behaviour,,
,2024-10,Northumbria Police,Northumbria Police,-1.507528,55.013503,On or near Blackhill Avenue,E01008468,North Tyneside 021D,Anti-social behaviour,,
,2024-10,Northumbria Police,Northumbria Police,-1.507050,55.010392,On or near Bewick Park,E01008468,North Tyneside 021D,Anti-social behaviour,,
,2024-10,Northumbria Police,Northumbria Police,-1.502353,55.010858,On or near Police Station,E01008468,North Tyneside 021D,Anti-social behaviour,,
,2024-10,Northumbria Police,Northumbria Police,-1.507050,55.010392,On or near Bewick Park,E01008468,North Tyneside 021D,Anti-social behaviour,,
5d4994df0f96d28df5f68d6f829eabf5c6636c49b8e0ace45e37f3e411013417,2024-10,Northumbria Police,Northumbria Police,-1.507528,55.013503,On or near Blackhill Avenue,E01008468,North Tyneside 021D,Burglary,Investigation complete; no suspect identified,
503576c7e1bc2eb7ce3b266f8026a1bb1bd9a90c4de91c66a9dfde81deec5c5f,2024-10,Northumbria Police,Northumbria Police,-1.502353,55.010858,On or near Police Station,E01008468,North Tyneside 021D,Criminal damage and arson,Court result unavailable,
2fdbe9b7763c794d9eac49018dd99a111792b3324faff03acf8af9fa9fb18ae8,2024-10,Northumbria Police,Northumbria Police,-1.502353,55.010858,On or near Police Station,E01008468,North Tyneside 021D,Criminal damage and arson,Court result unavailable,
4b7e7e3ff41be92abac8171568dfef85f5f5537c8d25746a1e03fe75bcbe9f98,2024-10,Northumbria Police,Northumbria Police,-1.502353,55.010858,On or near Police Station,E01008468,North Tyneside 021D,Other theft,Status update unavailable,
e812fc79f5d50b2b3fdbbb2f62e981ba17baa542a54007d4775a2e51aaca1769,2024-10,Northumbria Police,Northumbria Police,-1.502353,55.010858,On or near Police Station,E01008468,North Tyneside 021D,Other theft,Status update unavailable,
8271d63d00bd8dad25007ad45a07490d761a47857c716dad7c67cb3f7de82c6e,2024-10,Northumbria Police,Northumbria Police,-1.502353,55.010858,On or near Police Station,E01008468,North Tyneside 021D,Public order,Court result unavailable,
c9a9f1039b81898284d56b4dbbf6451c689488a38857adb78d49e4a443a7f522,2024-10,Northumbria Police,Northumbria Police,-1.502353,55.010858,On or near Police Station,E01008468,North Tyneside 021D,Shoplifting,Court result unavailable,
565fa0fc93db957a12d7e3f04643f50372a252d6e98bfff61bdcdc5680ef65fd,2024-10,Northumbria Police,Northumbria Police,-1.502353,55.010858,On or near Police Station,E01008468,North Tyneside 021D,Shoplifting,Court result unavailable,
a663ecd50cf46a809ffd9b9369d14acecbc89d1e714c6f3efe7ec9abeb09ce0a,2024-10,Northumbria Police,Northumbria Police,-1.502353,55.010858,On or near Police Station,E01008468,North Tyneside 021D,Shoplifting,Court result unavailable,
82927e04f17a371b1b1c52ce97850bcf45f2cde2c09281598c5738bc2752d032,2024-10,Northumbria Police,Northumbria Police,-1.502353,55.010858,On or near Police Station,E01008468,North Tyneside 021D,Shoplifting,Court result unavailable,
f2bce7d31363c55ed0651f36105d2c17d5e56f2c1eb0ed91fe182c617cce7f76,2024-10,Northumbria Police,Northumbria Police,-1.502353,55.010858,On or near Police Station,E01008468,North Tyneside 021D,Shoplifting,Court result unavailable,
9ba3be1854cee1ff6dfe85795c2a8888f91a48bc2579f4d53a42fb948fe11c41,2024-10,Northumbria Police,Northumbria Police,-1.502353,55.010858,On or near Police Station,E01008468,North Tyneside 021D,Shoplifting,Status update unavailable,
b72a4bc5e85c5eded59b1e365bfaa8e618bb89bc9e75644cfb9c37dfd30dfbf1,2024-10,Northumbria Police,Northumbria Police,-1.502353,55.010858,On or near Police Station,E01008468,North Tyneside 021D,Shoplifting,Court result unavailable,
fcf1f8f5c3aa477f16941b82c7c9718fb01a401de5d159cb04e8a9286bdfdd20,2024-10,Northumbria Police,Northumbria Police,-1.502353,55.010858,On or near Police Station,E01008468,North Tyneside 021D,Shoplifting,Investigation complete; no suspect identified,
2c7383778a1e3b5e22048addc69b3c42b24a70ce34cd7a2c3bc5d97f7a37030b,2024-10,Northumbria Police,Northumbria Police,-1.507528,55.013503,On or near Blackhill Avenue,E01008468,North Tyneside 021D,Violence and sexual offences,Investigation complete; no suspect identified,
508673555d85f5efb4444087153f4f460c939c5105ba258be68510f10a6d9eec,2024-10,Northumbria Police,Northumbria Police,-1.502353,55.010858,On or near Police Station,E01008468,North Tyneside 021D,Violence and sexual offences,Court result unavailable,
f8940d459a20095f47d459bdd676ee01b5ff6a61121495b457d7151aabf95b65,2024-10,Northumbria Police,Northumbria Police,-1.502353,55.010858,On or near Police Station,E01008468,North Tyneside 021D,Violence and sexual offences,Investigation complete; no suspect identified,
150f74ba1f94a9e7bc59b6eafe56cae5945ca5732b8d592b1987a3aa393f0489,2024-10,Northumbria Police,Northumbria Police,-1.502353,55.010858,On or near Police Station,E01008468,North Tyneside 021D,Violence and sexual offences,Investigation complete; no suspect identified,
898f9ee9a388c2c2d92350dd07d77e83b99844c768a6a8ea71e45979cb0c4464,2024-10,Northumbria Police,Northumbria Police,-1.507528,55.013503,On or near Blackhill Avenue,E01008468,North Tyneside 021D,Violence and sexual offences,Investigation complete; no suspect identified,
37a6c9ad57db326f5ecab7cfe65d64380af63d4b02b433f175955e8558188ba5,2024-10,Northumbria Police,Northumbria Police,-1.502353,55.010858,On or near Police Station,E01008468,North Tyneside 021D,Violence and sexual offences,Investigation complete; no suspect identified,
3a92c0a87e55bf143c969ecb855270441e83383fc823f1af74cd111a9fe556af,2024-10,Northumbria Police,Northumbria Police,-1.507528,55.013503,On or near Blackhill Avenue,E01008468,North Tyneside 021D,Violence and sexual offences,Status update unavailable,
91d3853afdb8579f58b40010250bb964ad09d3da2726fb1067d489ca99861f74,2024-10,Northumbria Police,Northumbria Police,-1.507528,55.013503,On or near Blackhill Avenue,E01008468,North Tyneside 021D,Violence and sexual offences,Investigation complete; no suspect identified,
,2024-10,Northumbria Police,Northumbria Police,-1.452661,55.008488,On or near Newcastle Street,E01008483,North Tyneside 022A,Anti-social behaviour,,
a453928d072c8e2ff1cdb56a46347c7924171521a0496b5c6ec21681e5fad07c,2024-10,Northumbria Police,Northumbria Police,-1.454768,55.005343,On or near Victoria Crescent,E01008483,North Tyneside 022A,Other theft,Investigation complete; no suspect identified,
9a36f3780f13ccc577ea30e4e4a8a4b21e987134a1e1261fc1aa04492e964869,2024-10,Northumbria Police,Northumbria Police,-1.455730,55.007028,On or near Collingwood View,E01008483,North Tyneside 022A,Vehicle crime,Investigation complete; no suspect identified,
920dcbdafa6baa7b3be2eca3b7393ae451f836f8a575b4db003f2a49179d025c,2024-10,Northumbria Police,Northumbria Police,-1.454302,55.007399,On or near Brannen Street,E01008483,North Tyneside 022A,Violence and sexual offences,Status update unavailable,
83fb1b724827550799abeec611cccc98513eea68c20a12cb39d386bdbecddadc,2024-10,Northumbria Police,Northumbria Police,-1.452249,55.008927,On or near Beaumont Street,E01008483,North Tyneside 022A,Violence and sexual offences,Status update unavailable,
79ee9a43eb630d0887a50269bad37719c25a96a840fe85a2caa4d112b643a9b2,2024-10,Northumbria Police,Northumbria Police,-1.453694,55.006111,On or near Stormont Street,E01008483,North Tyneside 022A,Violence and sexual offences,Investigation complete; no suspect identified,
,2024-10,Northumbria Police,Northumbria Police,-1.448802,55.010565,On or near Albion Road,E01008524,North Tyneside 022B,Anti-social behaviour,,
,2024-10,Northumbria Police,Northumbria Police,-1.445777,55.012222,On or near Kielder Terrace,E01008524,North Tyneside 022B,Anti-social behaviour,,
,2024-10,Northumbria Police,Northumbria Police,-1.447302,55.005939,On or near Borough Road,E01008524,North Tyneside 022B,Anti-social behaviour,,
,2024-10,Northumbria Police,Northumbria Police,-1.448802,55.010565,On or near Albion Road,E01008524,North Tyneside 022B,Anti-social behaviour,,
,2024-10,Northumbria Police,Northumbria Police,-1.449182,55.007897,On or near North Shields,E01008524,North Tyneside 022B,Anti-social behaviour,,
,2024-10,Northumbria Police,Northumbria Police,-1.449083,55.009443,On or near Nile Street,E01008524,North Tyneside 022B,Anti-social behaviour,,
,2024-10,Northumbria Police,Northumbria Police,-1.448397,55.008181,On or near Railway Terrace,E01008524,North Tyneside 022B,Anti-social behaviour,,
,2024-10,Northumbria Police,Northumbria Police,-1.448397,55.008181,On or near Railway Terrace,E01008524,North Tyneside 022B,Anti-social behaviour,,
,2024-10,Northumbria Police,Northumbria Police,-1.448397,55.008181,On or near Railway Terrace,E01008524,North Tyneside 022B,Anti-social behaviour,,
,2024-10,Northumbria Police,Northumbria Police,-1.444222,55.010454,On or near Suez Street,E01008524,North Tyneside 022B,Anti-social behaviour,,
,2024-10,Northumbria Police,Northumbria Police,-1.448397,55.008181,On or near Railway Terrace,E01008524,North Tyneside 022B,Anti-social behaviour,,
,2024-10,Northumbria Police,Northumbria Police,-1.443458,55.008835,On or near Theatre/Concert Hall,E01008524,North Tyneside 022B,Anti-social behaviour,,
,2024-10,Northumbria Police,Northumbria Police,-1.446503,55.008299,On or near Wellington Street,E01008524,North Tyneside 022B,Anti-social behaviour,,
,2024-10,Northumbria Police,Northumbria Police,-1.446162,55.008287,On or near Shopping Area,E01008524,North Tyneside 022B,Anti-social behaviour,,
,2024-10,Northumbria Police,Northumbria Police,-1.447944,55.006975,On or near Stanley Street,E01008524,North Tyneside 022B,Anti-social behaviour,,
,2024-10,Northumbria Police,Northumbria Police,-1.444907,55.006108,On or near Lower Rudyerd Street,E01008524,North Tyneside 022B,Anti-social behaviour,,
,2024-10,Northumbria Police,Northumbria Police,-1.448155,55.007560,On or near William Street,E01008524,North Tyneside 022B,Anti-social behaviour,,
,2024-10,Northumbria Police,Northumbria Police,-1.449182,55.007897,On or near North Shields,E01008524,North Tyneside 022B,Anti-social behaviour,,
,2024-10,Northumbria Police,Northumbria Police,-1.448397,55.008181,On or near Railway Terrace,E01008524,North Tyneside 022B,Anti-social behaviour,,
,2024-10,Northumbria Police,Northumbria Police,-1.448802,55.010565,On or near Albion Road,E01008524,North Tyneside 022B,Anti-social behaviour,,
,2024-10,Northumbria Police,Northumbria Police,-1.448397,55.008181,On or near Railway Terrace,E01008524,North Tyneside 022B,Anti-social behaviour,,
,2024-10,Northumbria Police,Northumbria Police,-1.448397,55.008181,On or near Railway Terrace,E01008524,North Tyneside 022B,Anti-social behaviour,,
,2024-10,Northumbria Police,Northumbria Police,-1.446503,55.008299,On or near Wellington Street,E01008524,North Tyneside 022B,Anti-social behaviour,,
,2024-10,Northumbria Police,Northumbria Police,-1.449182,55.007897,On or near North Shields,E01008524,North Tyneside 022B,Anti-social behaviour,,
,2024-10,Northumbria Police,Northumbria Police,-1.445667,55.011125,On or near Upper Norfolk Street,E01008524,North Tyneside 022B,Anti-social behaviour,,
,2024-10,Northumbria Police,Northumbria Police,-1.449083,55.009443,On or near Nile Street,E01008524,North Tyneside 022B,Anti-social behaviour,,
,2024-10,Northumbria Police,Northumbria Police,-1.448397,55.008181,On or near Railway Terrace,E01008524,North Tyneside 022B,Anti-social behaviour,,
,2024-10,Northumbria Police,Northumbria Police,-1.449094,55.008652,On or near Russell Street,E01008524,North Tyneside 022B,Anti-social behaviour,,
,2024-10,Northumbria Police,Northumbria Police,-1.444907,55.006108,On or near Lower Rudyerd Street,E01008524,North Tyneside 022B,Anti-social behaviour,,
713fb5d86497da24587c9182b6cd847ec984b38c50b384639a3dcc53fe6011c3,2024-10,Northumbria Police,Northumbria Police,-1.448397,55.008181,On or near Railway Terrace,E01008524,North Tyneside 022B,Bicycle theft,Investigation complete; no suspect identified,
747876b1d8075746f694eb6c0d146062782f8dfc2d7a29eb89643570c2a7ecc3,2024-10,Northumbria Police,Northumbria Police,-1.443434,55.007521,On or near Union Street,E01008524,North Tyneside 022B,Bicycle theft,Investigation complete; no suspect identified,
574de30674a74ad45ba5f128afbe961c7b07f8f10cd19d866585c9d7268f80ab,2024-10,Northumbria Police,Northumbria Police,-1.448338,55.010149,On or near Albion Terrace,E01008524,North Tyneside 022B,Burglary,Investigation complete; no suspect identified,
94c7a6c0506c3b3ccc40f0d8aca492f9049699d8b3ff40ae203c8ac317a6efa9,2024-10,Northumbria Police,Northumbria Police,-1.446908,55.007294,On or near Rudyerd Street,E01008524,North Tyneside 022B,Criminal damage and arson,Investigation complete; no suspect identified,
9da446935d190819db0b388cc047d88003a3d763c3aca15a477b4bed1506d823,2024-10,Northumbria Police,Northumbria Police,-1.447245,55.010099,On or near Northumberland Place,E01008524,North Tyneside 022B,Criminal damage and arson,Investigation complete; no suspect identified,
162117acba79104f4a32062d9e24c33a22b361620e96ed1297989c45cc519df6,2024-10,Northumbria Police,Northumbria Police,-1.446042,55.008845,On or near Shopping Area,E01008524,North Tyneside 022B,Criminal damage and arson,Status update unavailable,
38e061c9449e9da23030d7e7f38e939d6781db0b00de8ab03753049da5c21d4a,2024-10,Northumbria Police,Northumbria Police,-1.444222,55.010454,On or near Suez Street,E01008524,North Tyneside 022B,Criminal damage and arson,Status update unavailable,
cf5a3ba2838b921c44ddf20c42dfe8628ea5a58e80edaee872ab8488fd91babe,2024-10,Northumbria Police,Northumbria Police,-1.443882,55.007900,On or near Camden Street,E01008524,North Tyneside 022B,Drugs,Court result unavailable,
9a9975eb5190325fc5aa122970adee7a36f7627c89c070c7f96d0cc08b9d9e66,2024-10,Northumbria Police,Northumbria Police,-1.448397,55.008181,On or near Railway Terrace,E01008524,North Tyneside 022B,Drugs,Court result unavailable,
751cbc751e94911168319b4b7a4b2bbd2521c3a1d9c6d02704e1544809c2bf09,2024-10,Northumbria Police,Northumbria Police,-1.448397,55.008181,On or near Railway Terrace,E01008524,North Tyneside 022B,Drugs,Status update unavailable,
6296f215b640fec6396ca00c893b5f02e558edbc383c31aa855e8a093302539a,2024-10,Northumbria Police,Northumbria Police,-1.445894,55.005959,On or near Sibthorpe Street,E01008524,North Tyneside 022B,Other theft,Investigation complete; no suspect identified,
fb56cf20cfa8132a8babf23356d019295a9b097ea2dad86bf1b5f54568dfdd2e,2024-10,Northumbria Police,Northumbria Police,-1.446042,55.008845,On or near Shopping Area,E01008524,North Tyneside 022B,Other theft,Investigation complete; no suspect identified,
3fe356caa046624abe47d5c88c5562b6cb8fa3ece70fc8085acbfe18ff43639a,2024-10,Northumbria Police,Northumbria Police,-1.448397,55.008181,On or near Railway Terrace,E01008524,North Tyneside 022B,Other theft,Status update unavailable,
34bcceef118bf44764f84d7d5605ac070ba201f17f7c4b9f2a2b928173d56c05,2024-10,Northumbria Police,Northumbria Police,-1.448397,55.008181,On or near Railway Terrace,E01008524,North Tyneside 022B,Possession of weapons,Court result unavailable,
8397bdd8a94359c276bae73e7771c7b980bbd3bc95dc593de5f6e882b91bd9f4,2024-10,Northumbria Police,Northumbria Police,-1.443882,55.007900,On or near Camden Street,E01008524,North Tyneside 022B,Public order,Status update unavailable,
533149edb7b4886a1cdb6751692027670e7b2c5caabea37965bfc3c6cf28bdf3,2024-10,Northumbria Police,Northumbria Police,-1.448397,55.008181,On or near Railway Terrace,E01008524,North Tyneside 022B,Public order,Status update unavailable,
ba9730dbb685fe949c937ab952a39a5af5712933101d771f1762efa5957aa7a3,2024-10,Northumbria Police,Northumbria Police,-1.443882,55.007900,On or near Camden Street,E01008524,North Tyneside 022B,Public order,Investigation complete; no suspect identified,
9412083521050390c1c709657f0230a7c25afdb4d6dbc0d131b1d137db657953,2024-10,Northumbria Police,Northumbria Police,-1.444222,55.010454,On or near Suez Street,E01008524,North Tyneside 022B,Public order,Investigation complete; no suspect identified,
209b2d2a1f921b5761edca8fec88cc17b8509cd0643bf09eb69b53083139df8b,2024-10,Northumbria Police,Northumbria Police,-1.445777,55.012222,On or near Kielder Terrace,E01008524,North Tyneside 022B,Public order,Investigation complete; no suspect identified,
f5fa6cfeee1a1f4af2f8b70052527efa83af2d12bdae9c576a92ea8c040799ca,2024-10,Northumbria Police,Northumbria Police,-1.448397,55.008181,On or near Railway Terrace,E01008524,North Tyneside 022B,Public order,Status update unavailable,
78f9387ed463cda78fd90cddcdcf57f4b07199efc2bb29bdd928a1d810316d0d,2024-10,Northumbria Police,Northumbria Police,-1.446908,55.007294,On or near Rudyerd Street,E01008524,North Tyneside 022B,Public order,Offender given a caution,
6e429e892becef6d6c966e44b9b567ec624101708e18cdd883750380ba676868,2024-10,Northumbria Police,Northumbria Police,-1.448397,55.008181,On or near Railway Terrace,E01008524,North Tyneside 022B,Public order,Status update unavailable,
c82267df7bcb28e4892d262026a6a1f55abaab3ba4abb6df7aae0f3241c9a56b,2024-10,Northumbria Police,Northumbria Police,-1.450105,55.010166,On or near A193,E01008524,North Tyneside 022B,Public order,Status update unavailable,
f39676c274b62ae8b1cc777baf6363cb85b030538359c97ab7ba26b93b756d81,2024-10,Northumbria Police,Northumbria Police,-1.446747,55.008722,On or near Shopping Area,E01008524,North Tyneside 022B,Public order,Status update unavailable,
2f374254b1aa9d74ba86e2ccd7a078aeacb48ac7b4218a077e9bdae8744530d3,2024-10,Northumbria Police,Northumbria Police,-1.448397,55.008181,On or near Railway Terrace,E01008524,North Tyneside 022B,Public order,Investigation complete; no suspect identified,
70178226c85ef5fd3f92235ec1436f95ff9c08b9befea9b3369bfd28a610426a,2024-10,Northumbria Police,Northumbria Police,-1.450105,55.010166,On or near A193,E01008524,North Tyneside 022B,Robbery,Investigation complete; no suspect identified,
838d9dc9979ce7d51ccbcb8dce369c727089d19e43c625ecf0652c339f4fda20,2024-10,Northumbria Police,Northumbria Police,-1.446747,55.008722,On or near Shopping Area,E01008524,North Tyneside 022B,Shoplifting,Court result unavailable,
00ddd8b79423bf8326d5bcd29cbdb6e22212f3a04025017dcf50724e1805facd,2024-10,Northumbria Police,Northumbria Police,-1.446503,55.008299,On or near Wellington Street,E01008524,North Tyneside 022B,Shoplifting,Investigation complete; no suspect identified,
44f6530dc8b4d7619f7724b84993dcfe13e5f6ce2f67b4ee026e78d599d5e384,2024-10,Northumbria Police,Northumbria Police,-1.446747,55.008722,On or near Shopping Area,E01008524,North Tyneside 022B,Shoplifting,Status update unavailable,
e183325a94281158791e42c576659d61babc66bab4e34d84b9a7989a56a0b6d0,2024-10,Northumbria Police,Northumbria Police,-1.443882,55.007900,On or near Camden Street,E01008524,North Tyneside 022B,Shoplifting,Investigation complete; no suspect identified,
dafb85640e716dbe0d23a3f92f4e358e37652d18603a91f61179a668c2ff8607,2024-10,Northumbria Police,Northumbria Police,-1.446747,55.008722,On or near Shopping Area,E01008524,North Tyneside 022B,Shoplifting,Court result unavailable,
4c66699d74038fe20f816bbbd7401edec6261f6397bca4e13c45d1fc476b1ca2,2024-10,Northumbria Police,Northumbria Police,-1.446747,55.008722,On or near Shopping Area,E01008524,North Tyneside 022B,Shoplifting,Court result unavailable,
0040499823f48b65233ba79d8ba61a55546ff0a3f6b0726601a86c62ee39471d,2024-10,Northumbria Police,Northumbria Police,-1.446747,55.008722,On or near Shopping Area,E01008524,North Tyneside 022B,Shoplifting,Court result unavailable,
3555636f15dd655e5a0c41d69d6c886bfe770aa9934fcfe75caa5d69790221e6,2024-10,Northumbria Police,Northumbria Police,-1.443882,55.007900,On or near Camden Street,E01008524,North Tyneside 022B,Shoplifting,Court result unavailable,
a142c327841315909e51abd8f0a3889e5ef39677ce6b098d346a1594a9cd7736,2024-10,Northumbria Police,Northumbria Police,-1.446747,55.008722,On or near Shopping Area,E01008524,North Tyneside 022B,Shoplifting,Court result unavailable,
aef95dbd1efbdb48423546a2bc675498aef4e25440488676fb54a3e90f246b09,2024-10,Northumbria Police,Northumbria Police,-1.446747,55.008722,On or near Shopping Area,E01008524,North Tyneside 022B,Shoplifting,Court result unavailable,
81224e2e9118f48e04fc7a045bf3487d206d550c4d0885f9a4cd7616f52330f3,2024-10,Northumbria Police,Northumbria Police,-1.446162,55.008287,On or near Shopping Area,E01008524,North Tyneside 022B,Shoplifting,Court result unavailable,
ae615cee4b1dbc8e266b7f331f4b0ceebc3a6c5ebc82203679d45042e0d10e71,2024-10,Northumbria Police,Northumbria Police,-1.443882,55.007900,On or near Camden Street,E01008524,North Tyneside 022B,Shoplifting,Court result unavailable,
c3358a2f08545653d04b2f0dcb21b69cf3c0d43c8757887ce905ddbffa244bb3,2024-10,Northumbria Police,Northumbria Police,-1.449083,55.009443,On or near Nile Street,E01008524,North Tyneside 022B,Shoplifting,Investigation complete; no suspect identified,
ee5eda49847e3ad871990b19d99c780ec2ab24a45f20f0ea705cc9baddf1e3ac,2024-10,Northumbria Police,Northumbria Police,-1.446747,55.008722,On or near Shopping Area,E01008524,North Tyneside 022B,Shoplifting,Investigation complete; no suspect identified,
f9725071b82089bfb8668ec2488fbcf580c689449b1fb334c604d7c95d0c7026,2024-10,Northumbria Police,Northumbria Police,-1.446162,55.008287,On or near Shopping Area,E01008524,North Tyneside 022B,Shoplifting,Investigation complete; no suspect identified,
9e99c87c7154ed1560dcf55b3282d3e340a347ad156a7f7ed33670d2906313c7,2024-10,Northumbria Police,Northumbria Police,-1.443882,55.007900,On or near Camden Street,E01008524,North Tyneside 022B,Shoplifting,Court result unavailable,
2a169723cdd4657dbd2b0e2e073dbe52dacc181853c572363172eb28a6a7ee7d,2024-10,Northumbria Police,Northumbria Police,-1.446747,55.008722,On or near Shopping Area,E01008524,North Tyneside 022B,Shoplifting,Status update unavailable,
6b059f8e629278f2855be68a4271496daa33fa4917799aabcaee0b226387370a,2024-10,Northumbria Police,Northumbria Police,-1.446503,55.008299,On or near Wellington Street,E01008524,North Tyneside 022B,Shoplifting,Investigation complete; no suspect identified,
2860dfcdae5a0b2039aa50b5bcac20c2fc240ce590c0f7084668ce637cd4bf44,2024-10,Northumbria Police,Northumbria Police,-1.443882,55.007900,On or near Camden Street,E01008524,North Tyneside 022B,Shoplifting,Court result unavailable,
21f3890a3ab92cd39a7220f90de660ff2255c5d9b02720d0969d4ce5a9479a6a,2024-10,Northumbria Police,Northumbria Police,-1.446747,55.008722,On or near Shopping Area,E01008524,North Tyneside 022B,Shoplifting,Court result unavailable,
00faa2a9884e533b14380e1bffb1a18c2594de6e89fc229ad246d7aeb325d447,2024-10,Northumbria Police,Northumbria Police,-1.446503,55.008299,On or near Wellington Street,E01008524,North Tyneside 022B,Shoplifting,Investigation complete; no suspect identified,
0222fb3f3bbac0805752d5444da881f277cd60b7432b4f3a1a3b3c5ac231bf2d,2024-10,Northumbria Police,Northumbria Police,-1.446042,55.008845,On or near Shopping Area,E01008524,North Tyneside 022B,Shoplifting,Court result unavailable,
1bd1fc5f7ea7c65b211f095914539fc36a0db993e236732268efa9597df13288,2024-10,Northumbria Police,Northumbria Police,-1.446503,55.008299,On or near Wellington Street,E01008524,North Tyneside 022B,Shoplifting,Investigation complete; no suspect identified,
35d364af8884ee2eacf6843bda8459fc64f682fb584023a46c2ff216e130cd3e,2024-10,Northumbria Police,Northumbria Police,-1.444106,55.005295,On or near Clive Street,E01008524,North Tyneside 022B,Vehicle crime,Investigation complete; no suspect identified,
977b924afe1bd80da72cd54a1d07c406ce812eb8be2fbf5d7e49cbd83318ecb9,2024-10,Northumbria Police,Northumbria Police,-1.445303,55.012580,On or near Military Road,E01008524,North Tyneside 022B,Violence and sexual offences,Status update unavailable,
18cd88ffa230ec900573a22bb79cae300a5a167a4af11e08cd1d3f2b4d2f015a,2024-10,Northumbria Police,Northumbria Police,-1.443458,55.008835,On or near Theatre/Concert Hall,E01008524,North Tyneside 022B,Violence and sexual offences,Status update unavailable,
74550702753393955f8b0a2433ed7e8b04db3289c8d1d3341b84baf5f50c3578,2024-10,Northumbria Police,Northumbria Police,-1.446908,55.007294,On or near Rudyerd Street,E01008524,North Tyneside 022B,Violence and sexual offences,Investigation complete; no suspect identified,
e852dfd1ceaf27a8194e14ef5d071448ce0accf8f090682a97f091e98e77ff20,2024-10,Northumbria Police,Northumbria Police,-1.443458,55.008835,On or near Theatre/Concert Hall,E01008524,North Tyneside 022B,Violence and sexual offences,Investigation complete; no suspect identified,
ad442314955c6f00bbff805a109052a2e1471baa2cdc829d4164da54e6289584,2024-10,Northumbria Police,Northumbria Police,-1.445777,55.012222,On or near Kielder Terrace,E01008524,North Tyneside 022B,Violence and sexual offences,Investigation complete; no suspect identified,
0e66d16ac9961c92182b32096cdc5d80f2801c15b1615d8a0dac2031a06cd5b5,2024-10,Northumbria Police,Northumbria Police,-1.447543,55.009984,On or near Church Way,E01008524,North Tyneside 022B,Violence and sexual offences,Status update unavailable,
aa3188f033ba816c44dde6b5e80def693a8933e42de49b29ff90952cf2183362,2024-10,Northumbria Police,Northumbria Police,-1.449094,55.008652,On or near Russell Street,E01008524,North Tyneside 022B,Violence and sexual offences,Investigation complete; no suspect identified,
649afecd8c8e1787a4aac0693c17da94814cb7870bc5ab3cc8513da41baaace6,2024-10,Northumbria Police,Northumbria Police,-1.448397,55.008181,On or near Railway Terrace,E01008524,North Tyneside 022B,Violence and sexual offences,Investigation complete; no suspect identified,
e4c0028901662ac5a71e2c38027c2f23935cb77ea43f0897ea0df7f93cbb216d,2024-10,Northumbria Police,Northumbria Police,-1.445894,55.005959,On or near Sibthorpe Street,E01008524,North Tyneside 022B,Violence and sexual offences,Investigation complete; no suspect identified,
dcc8ca89bf0ba3297a624c53ea4a95b8964399213301e5501fe48e55571125d0,2024-10,Northumbria Police,Northumbria Police,-1.449094,55.008652,On or near Russell Street,E01008524,North Tyneside 022B,Violence and sexual offences,Status update unavailable,
7ed6d09f24ebe8e670369a397e8999944509cc18bd8dba03d5b82562513c7bd2,2024-10,Northumbria Police,Northumbria Police,-1.449182,55.007897,On or near North Shields,E01008524,North Tyneside 022B,Violence and sexual offences,Investigation complete; no suspect identified,
def5dc32adb1bade4453118c71c67d6d769557b848ff6e1943b80b5112ec02ad,2024-10,Northumbria Police,Northumbria Police,-1.448397,55.008181,On or near Railway Terrace,E01008524,North Tyneside 022B,Violence and sexual offences,Status update unavailable,
af3074521e479542efe7416ab0f79de21411fe3462610c94462b8ded36d037bb,2024-10,Northumbria Police,Northumbria Police,-1.443882,55.007900,On or near Camden Street,E01008524,North Tyneside 022B,Violence and sexual offences,Offender given a caution,
0040cb873c959428fa8a8b72679736ab7295f3a8b653a96e1ee7236f5e4018fe,2024-10,Northumbria Police,Northumbria Police,-1.444375,55.007291,On or near Camden Square,E01008524,North Tyneside 022B,Violence and sexual offences,Status update unavailable,
c94a729caf8ffcc7e4e6c601aa3362774b0cb81bdbfa74ec8a9c5065a5f3eb8c,2024-10,Northumbria Police,Northumbria Police,-1.448397,55.008181,On or near Railway Terrace,E01008524,North Tyneside 022B,Violence and sexual offences,Status update unavailable,
85fe5ac9b3b455ec139a7a411b14bf67e06eb4b076fb4ee82451811b393bb4c5,2024-10,Northumbria Police,Northumbria Police,-1.444907,55.006108,On or near Lower Rudyerd Street,E01008524,North Tyneside 022B,Violence and sexual offences,Investigation complete; no suspect identified,
968960a14d2e58085498c38c26eb61274836b6c7d06c52e4be2b918cf5d4b49e,2024-10,Northumbria Police,Northumbria Police,-1.448397,55.008181,On or near Railway Terrace,E01008524,North Tyneside 022B,Violence and sexual offences,Investigation complete; no suspect identified,
e1a25ce9f97f6651c473e7dcc233536aa432883ff49052b8f46af7e5fcdb47cb,2024-10,Northumbria Police,Northumbria Police,-1.443882,55.007900,On or near Camden Street,E01008524,North Tyneside 022B,Violence and sexual offences,Court result unavailable,
cf0e7e8f0d1585ab9e449c25efd64a58daae8839159bf5635228207e710c55e1,2024-10,Northumbria Police,Northumbria Police,-1.449182,55.007897,On or near North Shields,E01008524,North Tyneside 022B,Violence and sexual offences,Status update unavailable,
af044d5c9f1dbddb1e7e7c9574e58e07a77c1cf2c14bd3c9cc8e513f9b99f3b5,2024-10,Northumbria Police,Northumbria Police,-1.449774,55.009194,On or near Sidney Street,E01008524,North Tyneside 022B,Violence and sexual offences,Investigation complete; no suspect identified,
8aa77ae2dd18cda163d96652826dcd2bcb3ace4787301cd82dc0a6165f5b6fde,2024-10,Northumbria Police,Northumbria Police,-1.446747,55.008722,On or near Shopping Area,E01008524,North Tyneside 022B,Violence and sexual offences,Court result unavailable,
5935ac4c01e5a1ca91030953f2ba59c8ea55ddb5e5a942e7a4fcfb03c654f035,2024-10,Northumbria Police,Northumbria Police,-1.443458,55.008835,On or near Theatre/Concert Hall,E01008524,North Tyneside 022B,Violence and sexual offences,Court result unavailable,
035597bf8a7b54a4c6836e2ce14cb07638f358e71c836078b04924f60b2b98fb,2024-10,Northumbria Police,Northumbria Police,-1.449094,55.008652,On or near Russell Street,E01008524,North Tyneside 022B,Violence and sexual offences,Investigation complete; no suspect identified,
d6dd7e84e3782040902a518cb7ae256a427df394b2007d6f03b9d05f08f628fd,2024-10,Northumbria Police,Northumbria Police,-1.448397,55.008181,On or near Railway Terrace,E01008524,North Tyneside 022B,Violence and sexual offences,Status update unavailable,
50190d771f36ac38c9e22b1e6b27ccd8f499537b88e6db4c9c8e9f653bad5810,2024-10,Northumbria Police,Northumbria Police,-1.447302,55.005939,On or near Borough Road,E01008524,North Tyneside 022B,Violence and sexual offences,Status update unavailable,
c760dfcfbd398db320a673ce9cb91294a6e13e164d2b0587db74ccc05dfe47df,2024-10,Northumbria Police,Northumbria Police,-1.448397,55.008181,On or near Railway Terrace,E01008524,North Tyneside 022B,Violence and sexual offences,Investigation complete; no suspect identified,
fb33c396d3b822c4802218db911d335e46486c75a2d06cde898b076730849f4a,2024-10,Northumbria Police,Northumbria Police,-1.448397,55.008181,On or near Railway Terrace,E01008524,North Tyneside 022B,Violence and sexual offences,Investigation complete; no suspect identified,
f76f57a96ec335ea542c7283a4c7dd3b92590e3594456fcbec54186322ca34ec,2024-10,Northumbria Police,Northumbria Police,-1.443882,55.007900,On or near Camden Street,E01008524,North Tyneside 022B,Violence and sexual offences,Court result unavailable,
2e5a0fbe33244cfcf5622285f8367137d5771f43d0b5f9fc74ad6e26eebfb5c4,2024-10,Northumbria Police,Northumbria Police,-1.449182,55.007897,On or near North Shields,E01008524,North Tyneside 022B,Violence and sexual offences,Court result unavailable,
b4c9085747b920ecd8b3ad80eb6792fde2d571693e132d1286d34d465b1315f5,2024-10,Northumbria Police,Northumbria Police,-1.448397,55.008181,On or near Railway Terrace,E01008524,North Tyneside 022B,Violence and sexual offences,Status update unavailable,
d9ac807cd5c3890d8386646cdb216e7bc5befa3710b347c4304dab9292171d39,2024-10,Northumbria Police,Northumbria Police,-1.448397,55.008181,On or near Railway Terrace,E01008524,North Tyneside 022B,Violence and sexual offences,Investigation complete; no suspect identified,
fd652122043ebcc4bb15c8a76c76bba04c6dd937997a043d3e1f98892981e13f,2024-10,Northumbria Police,Northumbria Police,-1.446747,55.008722,On or near Shopping Area,E01008524,North Tyneside 022B,Violence and sexual offences,Court result unavailable,
3e707be701cb049f7ff212e0bc2971880f2e8f23e6c8868600d76d46bed918f2,2024-10,Northumbria Police,Northumbria Police,-1.449182,55.007897,On or near North Shields,E01008524,North Tyneside 022B,Violence and sexual offences,Investigation complete; no suspect identified,
affbcff348a1dd1ff56b4be3953960aa9b95510fe0cc8af765df3265fc858fd8,2024-10,Northumbria Police,Northumbria Police,-1.448338,55.010149,On or near Albion Terrace,E01008524,North Tyneside 022B,Violence and sexual offences,Status update unavailable,
b598f6caa23aee4c060a1bfd5004a067b4e03bf002a830683d05f1287a787226,2024-10,Northumbria Police,Northumbria Police,-1.443882,55.007900,On or near Camden Street,E01008524,North Tyneside 022B,Violence and sexual offences,Status update unavailable,
8fdcc02e84fad00eb6e751d9d662fd4c061a982664f79b438e6e133d007dafbe,2024-10,Northumbria Police,Northumbria Police,-1.448397,55.008181,On or near Railway Terrace,E01008524,North Tyneside 022B,Violence and sexual offences,Status update unavailable,
e81e76c8f7c2e2cea153ac2d439dce06e46c7f3f2c5f3c10c6582a2f74877e49,2024-10,Northumbria Police,Northumbria Police,-1.443882,55.007900,On or near Camden Street,E01008524,North Tyneside 022B,Violence and sexual offences,Court result unavailable,
3eea1d9a3f044ab9dd4c833a34f84ebcb01e42ad66a569bd38ff9543f042781d,2024-10,Northumbria Police,Northumbria Police,-1.449083,55.009443,On or near Nile Street,E01008524,North Tyneside 022B,Violence and sexual offences,Status update unavailable,
c410af0a5fb3946f1917ddb940459bb7cd3c5dece0300ff18b0fa91473133f93,2024-10,Northumbria Police,Northumbria Police,-1.443882,55.007900,On or near Camden Street,E01008524,North Tyneside 022B,Violence and sexual offences,Investigation complete; no suspect identified,
73eff9ff9a5949ebd36ace78962d668922a2955344c7e0afdfe19fd3583a4e79,2024-10,Northumbria Police,Northumbria Police,-1.446747,55.008722,On or near Shopping Area,E01008524,North Tyneside 022B,Violence and sexual offences,Status update unavailable,
e87804027263c47e57c0a961c3fbc26ad4af4d290478d3b8cb0469fd54f733c3,2024-10,Northumbria Police,Northumbria Police,-1.446162,55.008287,On or near Shopping Area,E01008524,North Tyneside 022B,Violence and sexual offences,Status update unavailable,
530c9552debff0c47c1a3ce7ff0d60959a13ad82cc9c1cd3d50965b8dd781179,2024-10,Northumbria Police,Northumbria Police,-1.446162,55.008287,On or near Shopping Area,E01008524,North Tyneside 022B,Violence and sexual offences,Status update unavailable,
9b063667b4461b4a22d4283c0c6c7b9d556c26854cff6f5dccabd872d9a0e85e,2024-10,Northumbria Police,Northumbria Police,-1.454069,55.013068,On or near Cleveland Road,E01008528,North Tyneside 022C,Bicycle theft,Investigation complete; no suspect identified,
3dc00ac86f082e7335f149b64d12bc04dfb2a276ff5d8e09ea794c91ad1628d7,2024-10,Northumbria Police,Northumbria Police,-1.456787,55.014429,On or near Supermarket,E01008528,North Tyneside 022C,Shoplifting,Investigation complete; no suspect identified,
6c1b89230a592a23288de2ebe53e52b3a6af43576bb94d8bc11ed69a5e2b5bdb,2024-10,Northumbria Police,Northumbria Police,-1.456787,55.014429,On or near Supermarket,E01008528,North Tyneside 022C,Shoplifting,Court result unavailable,
1ed75db1ba2b3390126c071bf1ef7507c9f8b502cde33a6bae58a70ab10b5263,2024-10,Northumbria Police,Northumbria Police,-1.450453,55.013304,On or near Preston Mews,E01008528,North Tyneside 022C,Violence and sexual offences,Status update unavailable,
,2024-10,Northumbria Police,Northumbria Police,-1.448715,55.011184,On or near Frank Place,E01008529,North Tyneside 022D,Anti-social behaviour,,
,2024-10,Northumbria Police,Northumbria Police,-1.451109,55.012246,On or near Alma Place,E01008529,North Tyneside 022D,Anti-social behaviour,,
,2024-10,Northumbria Police,Northumbria Police,-1.484461,55.008744,On or near Barmouth Road,E01008481,North Tyneside 023A,Anti-social behaviour,,
,2024-10,Northumbria Police,Northumbria Police,-1.482243,55.004897,On or near Hamar Close,E01008481,North Tyneside 023A,Anti-social behaviour,,
,2024-10,Northumbria Police,Northumbria Police,-1.471280,55.009909,On or near West Avenue,E01008481,North Tyneside 023A,Anti-social behaviour,,
,2024-10,Northumbria Police,Northumbria Police,-1.487389,55.009610,On or near North Tyneside Steam Railway,E01008481,North Tyneside 023A,Anti-social behaviour,,
09b53c445cdb564ccb2be851e21eb6ad07854cafeca17651ebbc255889ba8e89,2024-10,Northumbria Police,Northumbria Police,-1.469579,55.009686,On or near Central Avenue,E01008481,North Tyneside 023A,Burglary,Status update unavailable,
f2279894b857fbf715173db393f19f1295aad75f2922e232207be22d8e8272fc,2024-10,Northumbria Police,Northumbria Police,-1.475795,55.009030,On or near Craster Road,E01008481,North Tyneside 023A,Criminal damage and arson,Investigation complete; no suspect identified,
851176802e2cb73cd30ac9f3bec14d7a5217f72c5b71382dd979819a2fdb2054,2024-10,Northumbria Police,Northumbria Police,-1.483147,55.008801,On or near Parking Area,E01008481,North Tyneside 023A,Criminal damage and arson,Investigation complete; no suspect identified,
0fec239720a845ddd59f992f32d219bd3a5f26ee54973ca3bdb28946cc25cfb0,2024-10,Northumbria Police,Northumbria Police,-1.487389,55.009610,On or near North Tyneside Steam Railway,E01008481,North Tyneside 023A,Criminal damage and arson,Investigation complete; no suspect identified,
584ff63269e3ad926090ea2ea282163e804be166ffa0b1e959a445b47637b4be,2024-10,Northumbria Police,Northumbria Police,-1.483072,55.011002,On or near Shopping Area,E01008481,North Tyneside 023A,Other theft,Investigation complete; no suspect identified,
f84800c9ce721774fce096795e4b6b38cede848a932331369b00b07545639ea8,2024-10,Northumbria Police,Northumbria Police,-1.479261,55.008209,On or near Norham Road,E01008481,North Tyneside 023A,Other theft,Investigation complete; no suspect identified,
12e0896c3f3b799eb74a8101079e1030d43f8d7c7c72af642f0606f34444f1f3,2024-10,Northumbria Police,Northumbria Police,-1.487389,55.009610,On or near North Tyneside Steam Railway,E01008481,North Tyneside 023A,Other theft,Investigation complete; no suspect identified,
a80177fffb81475208927db48e11ef03c29c7cf189f7fc4347d1c5607bfcae30,2024-10,Northumbria Police,Northumbria Police,-1.471280,55.009909,On or near West Avenue,E01008481,North Tyneside 023A,Public order,Status update unavailable,
2d4fdc95efc54e9d87473b6047a881c06892cdaf91b50b89ae890444c377aa3f,2024-10,Northumbria Police,Northumbria Police,-1.471280,55.009909,On or near West Avenue,E01008481,North Tyneside 023A,Public order,Status update unavailable,
c79897d4b141f80b403d32135820652c5a067c634e742e717e9a875e15933e5d,2024-10,Northumbria Police,Northumbria Police,-1.484681,55.011090,On or near Supermarket,E01008481,North Tyneside 023A,Public order,Investigation complete; no suspect identified,
801ac54b40e396c491f12244ae99ca7186d954642dea336dec75debf806bfb11,2024-10,Northumbria Police,Northumbria Police,-1.477094,55.007688,On or near Plessey Gardens,E01008481,North Tyneside 023A,Public order,Investigation complete; no suspect identified,
71abf1db5c71a5279a07be53742966903a5d2f61919b15a6f190193d3b2ff5d7,2024-10,Northumbria Police,Northumbria Police,-1.484012,55.008409,On or near Lossiemouth Road,E01008481,North Tyneside 023A,Public order,Status update unavailable,
da86a06ffcc56d4aeaeab645d8d501d61c6aca887986ffa6a75bcc1bc16835eb,2024-10,Northumbria Police,Northumbria Police,-1.471280,55.009909,On or near West Avenue,E01008481,North Tyneside 023A,Public order,Status update unavailable,
ec7256030e56579f4a3949fda683c085933c3b806cda0793e4a9a09f0abd68e2,2024-10,Northumbria Police,Northumbria Police,-1.483072,55.011002,On or near Shopping Area,E01008481,North Tyneside 023A,Shoplifting,Investigation complete; no suspect identified,
6f8aef9e8bb8f6a86d89f0db1a6ce8d5c460a64d3d4dc281f62fe9a9983e5f2f,2024-10,Northumbria Police,Northumbria Police,-1.484681,55.011090,On or near Supermarket,E01008481,North Tyneside 023A,Shoplifting,Investigation complete; no suspect identified,
fa425dac3ff728999774b57af0fc812a4e3cd51670d87877a399d8e40af7f217,2024-10,Northumbria Police,Northumbria Police,-1.467484,55.008482,On or near The Quadrant,E01008481,North Tyneside 023A,Vehicle crime,Status update unavailable,
58f674055d4051f195fab487f581608adcaff7f49c5e790f339d5c73f97b9ab8,2024-10,Northumbria Police,Northumbria Police,-1.488794,55.006120,On or near Malmo Close,E01008481,North Tyneside 023A,Vehicle crime,Investigation complete; no suspect identified,
76345d1b077b8fcc9c17e5334cc6bc9a9f5608a951969b862812aa75879edf33,2024-10,Northumbria Police,Northumbria Police,-1.482243,55.004897,On or near Hamar Close,E01008481,North Tyneside 023A,Violence and sexual offences,Investigation complete; no suspect identified,
da967a4f2ecf499d2fa71e4bfc4bd2cc8e27a291ad22cdc8eaf65811d50273ef,2024-10,Northumbria Police,Northumbria Police,-1.469579,55.009686,On or near Central Avenue,E01008481,North Tyneside 023A,Violence and sexual offences,Court result unavailable,
44fa925233d211735516d46a0e73bb8d49edb1aade8a114a94ab5021d0e5effe,2024-10,Northumbria Police,Northumbria Police,-1.469579,55.009686,On or near Central Avenue,E01008481,North Tyneside 023A,Violence and sexual offences,Court result unavailable,
fe45046fc0b553972b8156628eb281cafff217bfa6297c36652f6e95a381a8d4,2024-10,Northumbria Police,Northumbria Police,-1.467484,55.008482,On or near The Quadrant,E01008481,North Tyneside 023A,Violence and sexual offences,Status update unavailable,
e36cb121bdf5ce8c7f44db8ad86bb4d7856a284745b214e7a8ee2e8a78a3cb18,2024-10,Northumbria Police,Northumbria Police,-1.479261,55.008209,On or near Norham Road,E01008481,North Tyneside 023A,Violence and sexual offences,Status update unavailable,
6f629d1ad115045b261941bd0785de6c910f0735831a8a0d23fe889c1350e276,2024-10,Northumbria Police,Northumbria Police,-1.475795,55.009030,On or near Craster Road,E01008481,North Tyneside 023A,Violence and sexual offences,Investigation complete; no suspect identified,
a032b7c1e5d2d72af7f817b2161175d59e6331e858a82b4a047a945e4bd08bcf,2024-10,Northumbria Police,Northumbria Police,-1.483072,55.011002,On or near Shopping Area,E01008481,North Tyneside 023A,Violence and sexual offences,Investigation complete; no suspect identified,
35cd1c718c351721946e8caa33ade3558b7da7ce4a44ad3f70e202e1b4059d1a,2024-10,Northumbria Police,Northumbria Police,-1.471280,55.009909,On or near West Avenue,E01008481,North Tyneside 023A,Violence and sexual offences,Status update unavailable,
,2024-10,Northumbria Police,Northumbria Police,-1.472538,55.007012,On or near Fallodon Road,E01008482,North Tyneside 023B,Anti-social behaviour,,
,2024-10,Northumbria Police,Northumbria Police,-1.460468,55.007004,On or near Chirton Avenue,E01008482,North Tyneside 023B,Anti-social behaviour,,
7feab111a01504d26258ae605cc723d0c373e42cc79898cbecab882bf60a8dfd,2024-10,Northumbria Police,Northumbria Police,-1.465946,55.004189,On or near Ripley Avenue,E01008482,North Tyneside 023B,Criminal damage and arson,Investigation complete; no suspect identified,
312dbb84a4f83bc646165072394b7e4cb328a5d01364d96a77e00a1edabbd0b6,2024-10,Northumbria Police,Northumbria Police,-1.465946,55.004189,On or near Ripley Avenue,E01008482,North Tyneside 023B,Criminal damage and arson,Investigation complete; no suspect identified,
8ebbba189a66ba9ffb130ca9928e61e26369fc76310a7ce6b8d8b1dc881a8242,2024-10,Northumbria Police,Northumbria Police,-1.463568,55.008968,On or near Chapel Street,E01008482,North Tyneside 023B,Criminal damage and arson,Investigation complete; no suspect identified,
494f570342fc1f2b80d42904bdd481195bd78318a9bc0bace8248089cf7eb33d,2024-10,Northumbria Police,Northumbria Police,-1.465946,55.004189,On or near Ripley Avenue,E01008482,North Tyneside 023B,Criminal damage and arson,Investigation complete; no suspect identified,
5a26a5b4311b4cb5597f7186ea2516acb4646dbabe65ef094c2e97e01027f41e,2024-10,Northumbria Police,Northumbria Police,-1.465946,55.004189,On or near Ripley Avenue,E01008482,North Tyneside 023B,Criminal damage and arson,Investigation complete; no suspect identified,
f2338677893535fa19c0376799863bcc93513c6e0cda087ff695e87bc973c5be,2024-10,Northumbria Police,Northumbria Police,-1.465103,55.007636,On or near Burt Avenue,E01008482,North Tyneside 023B,Drugs,Investigation complete; no suspect identified,
1eb556c5713689ff39794ff2f8997456e7a7d6b7f06de41496231e453c0dd302,2024-10,Northumbria Police,Northumbria Police,-1.469288,55.004482,On or near Amble Close,E01008482,North Tyneside 023B,Other theft,Status update unavailable,
28b7782efb27445736c3278b262d8c00d028f83a5e1808516060ebd5de50bc8c,2024-10,Northumbria Police,Northumbria Police,-1.465103,55.007636,On or near Burt Avenue,E01008482,North Tyneside 023B,Possession of weapons,Court result unavailable,
7f4b6564e8b64c32baadf3d725a3d553a477ad90f40b325082d40391b642db9e,2024-10,Northumbria Police,Northumbria Police,-1.461660,55.007845,On or near Petrol Station,E01008482,North Tyneside 023B,Shoplifting,Investigation complete; no suspect identified,
b22367b2edbd282911b4fc790d84fdfbac9456e2224424999b585a07c91001e6,2024-10,Northumbria Police,Northumbria Police,-1.461660,55.007845,On or near Petrol Station,E01008482,North Tyneside 023B,Shoplifting,Court result unavailable,
90a11e592845045bf27c147c724fddc13ca65e5905f89ce7d15285b53bb20eee,2024-10,Northumbria Police,Northumbria Police,-1.461660,55.007845,On or near Petrol Station,E01008482,North Tyneside 023B,Shoplifting,Court result unavailable,
f66332d55fc60b0fc70b94e3c3d11eddd66b8ec8ac902c7169c6c4f7e090e158,2024-10,Northumbria Police,Northumbria Police,-1.461660,55.007845,On or near Petrol Station,E01008482,North Tyneside 023B,Shoplifting,Investigation complete; no suspect identified,
e7865a2a10595098d0f47992d9e77980c380bc0ccc1db7bc11340edba649bbcf,2024-10,Northumbria Police,Northumbria Police,-1.461660,55.007845,On or near Petrol Station,E01008482,North Tyneside 023B,Shoplifting,Investigation complete; no suspect identified,
36aded8a6799e8e428505155655d52467658eed76bd080b4ece2bbf8821ed9e0,2024-10,Northumbria Police,Northumbria Police,-1.461660,55.007845,On or near Petrol Station,E01008482,North Tyneside 023B,Shoplifting,Court result unavailable,
6fbab709673119a7b9b2806c3bb8107e2be605330d24dbb0d2fccb72ebd134b5,2024-10,Northumbria Police,Northumbria Police,-1.466536,55.005674,On or near Bawtry Grove,E01008482,North Tyneside 023B,Violence and sexual offences,Status update unavailable,
963ed4c00876a74830c3ebab8dbc7c78f98e60c6a9b6efc3688a00dfde49ff3d,2024-10,Northumbria Police,Northumbria Police,-1.461660,55.007845,On or near Petrol Station,E01008482,North Tyneside 023B,Violence and sexual offences,Court result unavailable,
259e8a60bb967f8d22a9022becb1edceeb81806e92dfd417729ede0c624c33c6,2024-10,Northumbria Police,Northumbria Police,-1.472274,55.004513,On or near Wooler Avenue,E01008482,North Tyneside 023B,Violence and sexual offences,Status update unavailable,
b28caf1febeb41aed376aa279bde1e6af7d6a45fc939691c46c6b46023bb2dd0,2024-10,Northumbria Police,Northumbria Police,-1.466536,55.005674,On or near Bawtry Grove,E01008482,North Tyneside 023B,Violence and sexual offences,Investigation complete; no suspect identified,
2cadad7e5128247e54303ce8625316f4acb0795094133ea11b2093f0ecb5191e,2024-10,Northumbria Police,Northumbria Police,-1.466536,55.005674,On or near Bawtry Grove,E01008482,North Tyneside 023B,Violence and sexual offences,Court result unavailable,
cb19bdcb0a855591a13cddf909c2eb9d7e993467a0454b8c378a1b10038c6366,2024-10,Northumbria Police,Northumbria Police,-1.466536,55.005674,On or near Bawtry Grove,E01008482,North Tyneside 023B,Violence and sexual offences,Status update unavailable,
3b14adaabb6c2450eaa96ed66b390e19ce5f344a8c25cbe7e1011363bcbc0d22,2024-10,Northumbria Police,Northumbria Police,-1.463674,55.008061,On or near Simpson Street,E01008482,North Tyneside 023B,Violence and sexual offences,Status update unavailable,
1b3b0072123397376163aa92c04a3c5ab2383084ab4725f4be5de56d080ed015,2024-10,Northumbria Police,Northumbria Police,-1.465103,55.007636,On or near Burt Avenue,E01008482,North Tyneside 023B,Violence and sexual offences,Status update unavailable,
ec7ada0deb25f2709264b957eb75bf351b480941ec5d6059dbdcd6e60338751d,2024-10,Northumbria Police,Northumbria Police,-1.463384,55.008716,On or near Mill Close,E01008482,North Tyneside 023B,Violence and sexual offences,Status update unavailable,
ca62015d2d7b1bb2e9384a1e38f0e68b6c18cb9f95569c6d16aa5206ca2aa465,2024-10,Northumbria Police,Northumbria Police,-1.463384,55.008716,On or near Mill Close,E01008482,North Tyneside 023B,Violence and sexual offences,Status update unavailable,
8b23271a91d9e30919c5935d5e2d1b205dce2dad2dfade0ca2bcfb5854cf4d1b,2024-10,Northumbria Police,Northumbria Police,-1.465946,55.004189,On or near Ripley Avenue,E01008482,North Tyneside 023B,Violence and sexual offences,Investigation complete; no suspect identified,
89bd5f951a76210f45d27389d3b8fb014bcdb82abd5dfd03d8e88e329966c703,2024-10,Northumbria Police,Northumbria Police,-1.466536,55.005674,On or near Bawtry Grove,E01008482,North Tyneside 023B,Violence and sexual offences,Status update unavailable,
b5f218fb358e4e46fcf98f983cc4797961d16320cd328323edd404bb482cb17e,2024-10,Northumbria Police,Northumbria Police,-1.465103,55.007636,On or near Burt Avenue,E01008482,North Tyneside 023B,Violence and sexual offences,Status update unavailable,
5849e71ade2a1b740e1df82e9a20af1f9e10977dc4c1744b77c4739edd6bac25,2024-10,Northumbria Police,Northumbria Police,-1.466536,55.005674,On or near Bawtry Grove,E01008482,North Tyneside 023B,Violence and sexual offences,Status update unavailable,
e90c1157b53b710a453fdb45c4225745b0fb822417d4b9c451b1f6f05d939c81,2024-10,Northumbria Police,Northumbria Police,-1.466536,55.005674,On or near Bawtry Grove,E01008482,North Tyneside 023B,Violence and sexual offences,Status update unavailable,
3c9a2d45d8d0b4687c7ccbade63436ea23010df050b5956cdd5b579019fe153d,2024-10,Northumbria Police,Northumbria Police,-1.465946,55.004189,On or near Ripley Avenue,E01008482,North Tyneside 023B,Other crime,Investigation complete; no suspect identified,
,2024-10,Northumbria Police,Northumbria Police,-1.469995,55.003020,On or near Weyhill Avenue,E01008484,North Tyneside 023C,Anti-social behaviour,,
,2024-10,Northumbria Police,Northumbria Police,-1.471987,55.006093,On or near Biddlestone Crescent,E01008484,North Tyneside 023C,Anti-social behaviour,,
26b4e0d02a2d6cc32d191e0d826677b45cc573cb112da47f867c341dff3f3ae4,2024-10,Northumbria Police,Northumbria Police,-1.469995,55.003020,On or near Weyhill Avenue,E01008484,North Tyneside 023C,Bicycle theft,Investigation complete; no suspect identified,
dca9657210d86f97b4a19ca30277a19424bc8b46d7aa969be5905950cd2e781c,2024-10,Northumbria Police,Northumbria Police,-1.477799,55.003971,On or near Rothbury Terrace,E01008484,North Tyneside 023C,Bicycle theft,Investigation complete; no suspect identified,
79bd130e41ca938a651b2f7950fd7ce509532f87e482864d49141bb4c198b40b,2024-10,Northumbria Police,Northumbria Police,-1.469995,55.003020,On or near Weyhill Avenue,E01008484,North Tyneside 023C,Burglary,Investigation complete; no suspect identified,
e0fe3ae351ad5f4177bb2b24f5270f9cb765a9528ea93b458e7ba7d97b15afba,2024-10,Northumbria Police,Northumbria Police,-1.471987,55.006093,On or near Biddlestone Crescent,E01008484,North Tyneside 023C,Burglary,Investigation complete; no suspect identified,
78283257a7a3f50841ce900bc1e30ba95cf56d1834f17327f112581a63e56d61,2024-10,Northumbria Police,Northumbria Police,-1.471987,55.006093,On or near Biddlestone Crescent,E01008484,North Tyneside 023C,Burglary,Investigation complete; no suspect identified,
39ad6fb4afc042b2321d8d1ab826316d984284067552b07a8f5b95ad1332a881,2024-10,Northumbria Police,Northumbria Police,-1.469995,55.003020,On or near Weyhill Avenue,E01008484,North Tyneside 023C,Criminal damage and arson,Investigation complete; no suspect identified,
e6928d3c06966d3355083100416e8e3abe273c28cbb92732eb78675ff712b93f,2024-10,Northumbria Police,Northumbria Police,-1.469995,55.003020,On or near Weyhill Avenue,E01008484,North Tyneside 023C,Criminal damage and arson,Investigation complete; no suspect identified,
c2f53c29160a45306b5f592ba546420aa3b23cfcb05f49a6ae2b8a87ae8a8872,2024-10,Northumbria Police,Northumbria Police,-1.475073,55.003213,On or near Elsdon Terrace,E01008484,North Tyneside 023C,Criminal damage and arson,Investigation complete; no suspect identified,
09dda175773ffe3a0d82c51c01a59b473339159e733f418d31ab312bf3e63938,2024-10,Northumbria Police,Northumbria Police,-1.475073,55.003213,On or near Elsdon Terrace,E01008484,North Tyneside 023C,Criminal damage and arson,Status update unavailable,
a7f910bc0a5ce9852257f61e646e0658941b020b435091d1bd1fac921537845b,2024-10,Northumbria Police,Northumbria Police,-1.475073,55.003213,On or near Elsdon Terrace,E01008484,North Tyneside 023C,Other theft,Investigation complete; no suspect identified,
c6f9d99f43a0368efcd3575ffb27a10bbf334d4aea3e071ccdd08a019e4bc7be,2024-10,Northumbria Police,Northumbria Police,-1.474470,55.005143,On or near Etal Avenue,E01008484,North Tyneside 023C,Public order,Status update unavailable,
5a38c0033983c96d35e924af29bae70cdc3c58d3b9da28e338601af75d6505a9,2024-10,Northumbria Police,Northumbria Police,-1.472840,55.005423,On or near Alnmouth Avenue,E01008484,North Tyneside 023C,Public order,Status update unavailable,
8859f4fadf19015b8ecaeffcd9f962fc66f37899a2a068757ade98717c23f74c,2024-10,Northumbria Police,Northumbria Police,-1.474846,55.005081,On or near Alnwick Avenue,E01008484,North Tyneside 023C,Violence and sexual offences,Investigation complete; no suspect identified,
20a2b3a29e8d75bf3ef6927bfab643e017460c0f88d0b9d936c710c1ecbf0850,2024-10,Northumbria Police,Northumbria Police,-1.469995,55.003020,On or near Weyhill Avenue,E01008484,North Tyneside 023C,Violence and sexual offences,Status update unavailable,
45e91c35b02ec235f68a2d9f9010fca51149ddf8d557132ea8453ed7d99c8991,2024-10,Northumbria Police,Northumbria Police,-1.469995,55.003020,On or near Weyhill Avenue,E01008484,North Tyneside 023C,Violence and sexual offences,Investigation complete; no suspect identified,
ae521b9206423548ee8bffaf50b1f99fb89ad4ee107ed7a63a2cc6b8d548f94a,2024-10,Northumbria Police,Northumbria Police,-1.471987,55.006093,On or near Biddlestone Crescent,E01008484,North Tyneside 023C,Violence and sexual offences,Status update unavailable,
59fde027374f2688777c3e5283f3a77be56110fc2a3097b445a547f3952c87bb,2024-10,Northumbria Police,Northumbria Police,-1.469995,55.003020,On or near Weyhill Avenue,E01008484,North Tyneside 023C,Violence and sexual offences,Status update unavailable,
1aabfe0b4944aaf9ca96578bf26b273219939f108ddcba8f3fee610ffdd0089c,2024-10,Northumbria Police,Northumbria Police,-1.474846,55.005081,On or near Alnwick Avenue,E01008484,North Tyneside 023C,Violence and sexual offences,Investigation complete; no suspect identified,
f64de03c84877a14d43ba125183089593cf9c0b598073b4e1395c35c8a9a4693,2024-10,Northumbria Police,Northumbria Police,-1.475073,55.003213,On or near Elsdon Terrace,E01008484,North Tyneside 023C,Violence and sexual offences,Status update unavailable,
7ded738522ccf4652635cabe4fa97fd6abd6dbe638cea774eaec741c4b81ef15,2024-10,Northumbria Police,Northumbria Police,-1.469995,55.003020,On or near Weyhill Avenue,E01008484,North Tyneside 023C,Violence and sexual offences,Investigation complete; no suspect identified,
c5b76aaedae5f3bd7ea6eb8e5eb9ee96d88a65e21c70a95e52cba9ccd9589fd7,2024-10,Northumbria Police,Northumbria Police,-1.474846,55.005081,On or near Alnwick Avenue,E01008484,North Tyneside 023C,Violence and sexual offences,Status update unavailable,
2cd9dfeb5947fab8eba4a44a904d5b341532e259e1d3463acfb063b39f66acb6,2024-10,Northumbria Police,Northumbria Police,-1.477799,55.003971,On or near Rothbury Terrace,E01008484,North Tyneside 023C,Other crime,Status update unavailable,
,2024-10,Northumbria Police,Northumbria Police,-1.462320,55.004110,On or near Findon Grove,E01008485,North Tyneside 023D,Anti-social behaviour,,
,2024-10,Northumbria Police,Northumbria Police,-1.462320,55.004110,On or near Findon Grove,E01008485,North Tyneside 023D,Anti-social behaviour,,
,2024-10,Northumbria Police,Northumbria Police,-1.466071,55.004162,On or near Avon Avenue,E01008485,North Tyneside 023D,Anti-social behaviour,,
,2024-10,Northumbria Police,Northumbria Police,-1.466071,55.004162,On or near Avon Avenue,E01008485,North Tyneside 023D,Anti-social behaviour,,
,2024-10,Northumbria Police,Northumbria Police,-1.465891,55.003640,On or near Padstow Road,E01008485,North Tyneside 023D,Anti-social behaviour,,
bbc6f1c862a1e57f1cf353f4bf33263e694d18943ac732842951fef7f98e8c2d,2024-10,Northumbria Police,Northumbria Police,-1.461887,55.003758,On or near Malton Crescent,E01008485,North Tyneside 023D,Bicycle theft,Status update unavailable,
a7d2b1b285238d7232f96817981c185c3e7dbf560ae4ecdbc8c8f9e36c5a55cb,2024-10,Northumbria Police,Northumbria Police,-1.463844,55.005896,On or near Richmond Grove,E01008485,North Tyneside 023D,Criminal damage and arson,Investigation complete; no suspect identified,
970c092f42ccb35a5243e42d0d4aae6064b3759f85dd74bdd3d8f8adcc2e4765,2024-10,Northumbria Police,Northumbria Police,-1.463844,55.005896,On or near Richmond Grove,E01008485,North Tyneside 023D,Criminal damage and arson,Status update unavailable,
ff0e2da46f30a2d6f7f5602278087ede9be1ef8928c6ebcaded9de1ccfb1dea2,2024-10,Northumbria Police,Northumbria Police,-1.465891,55.003640,On or near Padstow Road,E01008485,North Tyneside 023D,Criminal damage and arson,Investigation complete; no suspect identified,
b13929134374481e6ca8f8ed980b989a2f05cb2fb4444ee1358bd79a1da1c668,2024-10,Northumbria Police,Northumbria Police,-1.463406,55.004762,On or near Dorking Avenue,E01008485,North Tyneside 023D,Criminal damage and arson,Investigation complete; no suspect identified,
a28407766afce38682b714e6edd05c001cdcced63ce700b00124dc45efe251b2,2024-10,Northumbria Police,Northumbria Police,-1.461887,55.003758,On or near Malton Crescent,E01008485,North Tyneside 023D,Drugs,Status update unavailable,
ddc7f4b6245e19fc8823720e4b8ecfc89df4a0692ba7319a7cf0b1cd2720036c,2024-10,Northumbria Police,Northumbria Police,-1.461887,55.003758,On or near Malton Crescent,E01008485,North Tyneside 023D,Drugs,Investigation complete; no suspect identified,
c1d8180be9fd0166ee9c31577ef1403e34ebbc6b4b16878e47497123f50e5f57,2024-10,Northumbria Police,Northumbria Police,-1.464998,55.004939,On or near Tonbridge Avenue,E01008485,North Tyneside 023D,Vehicle crime,Investigation complete; no suspect identified,
ff3fc76de5c9c111362fec96c0e3b4779b1a47d6bb30aaf36d2032b6a72c6db8,2024-10,Northumbria Police,Northumbria Police,-1.461887,55.003758,On or near Malton Crescent,E01008485,North Tyneside 023D,Violence and sexual offences,Status update unavailable,
556de23dbcefd8edc33654e8db80de3e8032a0d9f0898f416f095060a7f9c91b,2024-10,Northumbria Police,Northumbria Police,-1.463406,55.004762,On or near Dorking Avenue,E01008485,North Tyneside 023D,Violence and sexual offences,Investigation complete; no suspect identified,
e946c3460b34b874c4aee16e88cd587a0d2f498a9965e6e3ead7247fbaa85216,2024-10,Northumbria Police,Northumbria Police,-1.463844,55.005896,On or near Richmond Grove,E01008485,North Tyneside 023D,Violence and sexual offences,Investigation complete; no suspect identified,
a888a78e8c892111c883a35b8c05bb030bd955a388c43f1162fb554a73290095,2024-10,Northumbria Police,Northumbria Police,-1.463406,55.004762,On or near Dorking Avenue,E01008485,North Tyneside 023D,Violence and sexual offences,Status update unavailable,
90f8043ba7ac4bdfec2aa33cec9c7d72f5eb4ed49cba2efea0d0c1916e0a9bed,2024-10,Northumbria Police,Northumbria Police,-1.463406,55.004762,On or near Dorking Avenue,E01008485,North Tyneside 023D,Violence and sexual offences,Status update unavailable,
11278f3fd0d10b4c519e6300b526375f5231e41f017e5de41da1e94a2a7c2243,2024-10,Northumbria Police,Northumbria Police,-1.463844,55.005896,On or near Richmond Grove,E01008485,North Tyneside 023D,Violence and sexual offences,Status update unavailable,
17942f12b0c5e6fe12592346f13482b3d56a53a6463eeaa7d17464aa2c63a0ae,2024-10,Northumbria Police,Northumbria Police,-1.467443,55.003315,On or near Lowdham Avenue,E01008485,North Tyneside 023D,Violence and sexual offences,Investigation complete; no suspect identified,
21bc2975a537d32ab8d4fd420692dd2531cc331c168ccc6a1e84039c2619c2a9,2024-10,Northumbria Police,Northumbria Police,-1.463844,55.005896,On or near Richmond Grove,E01008485,North Tyneside 023D,Violence and sexual offences,Status update unavailable,
a51bf78f9ad3ff191540ca75ee7bf6cacada3a3239a6dc0b567af8ffa9863d66,2024-10,Northumbria Police,Northumbria Police,-1.463406,55.004762,On or near Dorking Avenue,E01008485,North Tyneside 023D,Violence and sexual offences,Status update unavailable,
2b7dc985077008a364ca951a89d42f30f28971fd189d02273f5aeffaf2dd488b,2024-10,Northumbria Police,Northumbria Police,-1.463844,55.005896,On or near Richmond Grove,E01008485,North Tyneside 023D,Violence and sexual offences,Investigation complete; no suspect identified,
e21676d0e539fdd29f88b0042408edbbdf5d0ce5f02c1e1987a389d5c0b5311f,2024-10,Northumbria Police,Northumbria Police,-1.463406,55.004762,On or near Dorking Avenue,E01008485,North Tyneside 023D,Violence and sexual offences,Investigation complete; no suspect identified,
a00df8804e104b352480ed4b4dd73e7f38b33ad52e5c5ca7ab66be848f3f404d,2024-10,Northumbria Police,Northumbria Police,-1.463844,55.005896,On or near Richmond Grove,E01008485,North Tyneside 023D,Violence and sexual offences,Investigation complete; no suspect identified,
a801ce9e1af8afcae45c25b54fffa9324840b334a998474cb83fe1bd48b6bfaf,2024-10,Northumbria Police,Northumbria Police,-1.463406,55.004762,On or near Dorking Avenue,E01008485,North Tyneside 023D,Other crime,Status update unavailable,
7dfc3df30e5e5a026c68a258d2efa5e07645bca4c4d62521442d26aa4c250710,2024-10,Northumbria Police,Northumbria Police,-1.463844,55.005896,On or near Richmond Grove,E01008485,North Tyneside 023D,Other crime,Status update unavailable,
,2024-10,Northumbria Police,Northumbria Police,-1.476127,55.012357,On or near Gunnerton Place,E01008492,North Tyneside 023E,Anti-social behaviour,,
,2024-10,Northumbria Police,Northumbria Police,-1.479102,55.012019,On or near Fawdon Place,E01008492,North Tyneside 023E,Anti-social behaviour,,
242bf93d725d69425b8e72fc64101c73bbb6db60cf18ce288ac2787b508bc391,2024-10,Northumbria Police,Northumbria Police,-1.474585,55.011901,On or near Bardolph Road,E01008492,North Tyneside 023E,Burglary,Status update unavailable,
551021a78fe8bc0e0fc2258213e910e31aeeae8f7ffbde6ff755d875398e0600,2024-10,Northumbria Police,Northumbria Police,-1.473453,55.013513,On or near Juliet Avenue,E01008492,North Tyneside 023E,Criminal damage and arson,Investigation complete; no suspect identified,
e3bea8da1f116ea1c6ac3ece8ef015a7ad7c33017bd9609da1c3f9726399bfd6,2024-10,Northumbria Police,Northumbria Police,-1.475388,55.010224,On or near Bellister Road,E01008492,North Tyneside 023E,Other theft,Status update unavailable,
814f2a2943f6d1bf1641d9eb286927931e0195b1f1a75efcdad1fad8dee580f8,2024-10,Northumbria Police,Northumbria Police,-1.476330,55.009931,On or near Stamfordham Avenue,E01008492,North Tyneside 023E,Public order,Court result unavailable,
9b8fc5dc217b9e469d9cd1b19e488f25da78f87fdd974140f5e8fe2db877423c,2024-10,Northumbria Police,Northumbria Police,-1.475388,55.010224,On or near Bellister Road,E01008492,North Tyneside 023E,Shoplifting,Investigation complete; no suspect identified,
dafd5d19191988c8c890335ab6ad5836985ef3f020d6326150fea80946f9b65c,2024-10,Northumbria Police,Northumbria Police,-1.480172,55.010316,On or near Nunwick Gardens,E01008492,North Tyneside 023E,Shoplifting,Status update unavailable,
78691e38c362ea7b1afd0393d00743a167edad01688cfafdc84a05f957d96951,2024-10,Northumbria Police,Northumbria Police,-1.480172,55.010316,On or near Nunwick Gardens,E01008492,North Tyneside 023E,Vehicle crime,Investigation complete; no suspect identified,
f932c826cb59bdcc830afdcbe4992df3fae4af5a54d9ec347b4a0ab8d7554df9,2024-10,Northumbria Police,Northumbria Police,-1.474585,55.011901,On or near Bardolph Road,E01008492,North Tyneside 023E,Violence and sexual offences,Status update unavailable,
5f3c8b89ebb07a53cbb46ad80e6c88237b69c6c8f0b3f53cbb178fffcedf1e22,2024-10,Northumbria Police,Northumbria Police,-1.475388,55.010224,On or near Bellister Road,E01008492,North Tyneside 023E,Violence and sexual offences,Court result unavailable,
d553943928c10ed7de58389db21786baafac83c2c4559f2f9fd2d355b40fd735,2024-10,Northumbria Police,Northumbria Police,-1.475388,55.010224,On or near Bellister Road,E01008492,North Tyneside 023E,Violence and sexual offences,Investigation complete; no suspect identified,
3e06778b87cecf747f69139d2a09bc7282a846bb1fba8918c3fcb01724d07350,2024-10,Northumbria Police,Northumbria Police,-1.479231,55.010519,On or near Wark Avenue,E01008492,North Tyneside 023E,Violence and sexual offences,Status update unavailable,
c61679c676a207ff0fa6f120cbc9da953d9e6ed6e56fd07a73fc3f2b70dc803d,2024-10,Northumbria Police,Northumbria Police,-1.476127,55.012357,On or near Gunnerton Place,E01008492,North Tyneside 023E,Violence and sexual offences,Status update unavailable,
fc0d76f04ec8403e9fe9fd80f0e987e3b1948bc84311ce83b59939596f8073b8,2024-10,Northumbria Police,Northumbria Police,-1.479231,55.010519,On or near Wark Avenue,E01008492,North Tyneside 023E,Violence and sexual offences,Investigation complete; no suspect identified,
f4f7c0245903bff30642cd5716d3ecd9e0fba44091c68509a1dfb07c95db188c,2024-10,Northumbria Police,Northumbria Police,-1.477700,55.011636,On or near Redesdale Road,E01008492,North Tyneside 023E,Violence and sexual offences,Investigation complete; no suspect identified,
48a88414fdadd33ceb85ac7eb66abf3c4ec4761eca203e2a54ddb91802e4038c,2024-10,Northumbria Police,Northumbria Police,-1.480172,55.010316,On or near Nunwick Gardens,E01008492,North Tyneside 023E,Violence and sexual offences,Investigation complete; no suspect identified,
2bcc926cb02645379bdc50c34a9c04ace857ad3300c3a28106fcc60bd629e2f2,2024-10,Northumbria Police,Northumbria Police,-1.474585,55.011901,On or near Bardolph Road,E01008492,North Tyneside 023E,Violence and sexual offences,Investigation complete; no suspect identified,
7cd41f87e7ce53a7ba0f3faa288d8db56abe7ebd1b8fd3d18a66ea52bce6013f,2024-10,Northumbria Police,Northumbria Police,-1.480172,55.010316,On or near Nunwick Gardens,E01008492,North Tyneside 023E,Violence and sexual offences,Court result unavailable,
8042e32a11696190ef6d5af847eb333a506da57bdb7f3fade3192d6cd0b7431b,2024-10,Northumbria Police,Northumbria Police,-1.474585,55.011901,On or near Bardolph Road,E01008492,North Tyneside 023E,Violence and sexual offences,Court result unavailable,
09a609fa8bffd8e4c7191b3b73c8ab8580d71fa6b26001a508703f7a8bf1d59b,2024-10,Northumbria Police,Northumbria Police,-1.476330,55.009931,On or near Stamfordham Avenue,E01008492,North Tyneside 023E,Violence and sexual offences,Status update unavailable,
52648b6312d1511060b6b557e242a1edd4c68f311f25a3376ea6a664a76b21cb,2024-10,Northumbria Police,Northumbria Police,-1.473065,55.010897,On or near Glendower Avenue,E01008492,North Tyneside 023E,Other crime,Court result unavailable,
e4e2e4b77839d6bb211700d898006305a277201158bb2adbfe1155b6885e0a4f,2024-10,Northumbria Police,Northumbria Police,-1.477080,55.011193,On or near Redesdale Grove,E01008492,North Tyneside 023E,Other crime,Status update unavailable,
,2024-10,Northumbria Police,Northumbria Police,-1.520593,55.005012,On or near Supermarket,E01008462,North Tyneside 024A,Anti-social behaviour,,
cff9cce2b0d163929dff1967993d5206e8aa33843185d3c6a18ed95889added1,2024-10,Northumbria Police,Northumbria Police,-1.520105,55.007865,On or near Bexley Gardens,E01008462,North Tyneside 024A,Criminal damage and arson,Investigation complete; no suspect identified,
57f159c0d4d6ed8377a7b8d3b7ddb70c352a6759cc3f7389725b0c0b02b50a73,2024-10,Northumbria Police,Northumbria Police,-1.515482,55.007505,On or near Bingley Close,E01008462,North Tyneside 024A,Drugs,Investigation complete; no suspect identified,
29d9d06ce425b70aa63d1a64e6dd3df4ccf6bc30f677f42c3b555ac066c3eb59,2024-10,Northumbria Police,Northumbria Police,-1.521042,55.007995,On or near Banbury Gardens,E01008462,North Tyneside 024A,Other theft,Investigation complete; no suspect identified,
743ced102da2769c43c263299ded7d348a070e2501af086b54fac3667c3702c9,2024-10,Northumbria Police,Northumbria Police,-1.515482,55.007505,On or near Bingley Close,E01008462,North Tyneside 024A,Public order,Status update unavailable,
4c726195d0a2ff94417bb6c7d818314ca7e02c8e6919cd04652ae4df2327d10d,2024-10,Northumbria Police,Northumbria Police,-1.515482,55.007505,On or near Bingley Close,E01008462,North Tyneside 024A,Public order,Investigation complete; no suspect identified,
2f10d63783d84a8e080876a3eda23f9fbf731ac3c9ac826182c8654fa9701d48,2024-10,Northumbria Police,Northumbria Police,-1.520024,55.005483,On or near Battle Hill Drive,E01008462,North Tyneside 024A,Vehicle crime,Investigation complete; no suspect identified,
c71d384d032647118ec39ff1739b4f0e1a07d3e6d0143f9047341265ee45bb48,2024-10,Northumbria Police,Northumbria Police,-1.515747,55.006230,On or near Belmont Close,E01008462,North Tyneside 024A,Vehicle crime,Investigation complete; no suspect identified,
9d66b03b7105e3fadb6d47d5455c1e818380c45902c153845704a0b8b61d4488,2024-10,Northumbria Police,Northumbria Police,-1.520105,55.007865,On or near Bexley Gardens,E01008462,North Tyneside 024A,Violence and sexual offences,Status update unavailable,
7c5bef88725b6a385a83f63772805c70f95eff2887bce5911b4628b2203a626f,2024-10,Northumbria Police,Northumbria Police,-1.515482,55.007505,On or near Bingley Close,E01008462,North Tyneside 024A,Violence and sexual offences,Status update unavailable,
dec6918c87a81ca379a3954bf248530e0fec81010a7417f1cba7e6a2a3ff6416,2024-10,Northumbria Police,Northumbria Police,-1.518487,55.005632,On or near Shopping Area,E01008462,North Tyneside 024A,Violence and sexual offences,Awaiting court outcome,
6ae7b0dc30793d2e5fb8972168230008dab502482dc606963bd67807b4feca05,2024-10,Northumbria Police,Northumbria Police,-1.515482,55.007505,On or near Bingley Close,E01008462,North Tyneside 024A,Violence and sexual offences,Status update unavailable,
d54b14117e1b47019fa5fdc77cb2fbd633c8e73948f08db84bd4effee871757c,2024-10,Northumbria Police,Northumbria Police,-1.518000,55.007407,On or near Berwick Drive,E01008462,North Tyneside 024A,Violence and sexual offences,Status update unavailable,
48d14e02b00e167d3a9c0f1c7f33706e70953133c865ea97792d8c905d43eb9d,2024-10,Northumbria Police,Northumbria Police,-1.515482,55.007505,On or near Bingley Close,E01008462,North Tyneside 024A,Violence and sexual offences,Status update unavailable,
ed7de0c9a53d15ea6ffd53d4fa617c5e4bb4e5cb072d6d69a77949008b551c66,2024-10,Northumbria Police,Northumbria Police,-1.515482,55.007505,On or near Bingley Close,E01008462,North Tyneside 024A,Other crime,Status update unavailable,
,2024-10,Northumbria Police,Northumbria Police,-1.517351,55.009648,On or near Sports/Recreation Area,E01008463,North Tyneside 024B,Anti-social behaviour,,
,2024-10,Northumbria Police,Northumbria Police,-1.517958,55.008288,On or near Parking Area,E01008463,North Tyneside 024B,Anti-social behaviour,,
,2024-10,Northumbria Police,Northumbria Police,-1.523445,55.008426,On or near Barmouth Close,E01008463,North Tyneside 024B,Anti-social behaviour,,
,2024-10,Northumbria Police,Northumbria Police,-1.524668,55.006769,On or near Belford Close,E01008463,North Tyneside 024B,Anti-social behaviour,,
26da97a9bad04831defdfe04868dfb0f7988ca5d7ffd3d51e96f16aa0517058b,2024-10,Northumbria Police,Northumbria Police,-1.524668,55.006769,On or near Belford Close,E01008463,North Tyneside 024B,Criminal damage and arson,Status update unavailable,
564ce8fdf88acd8033a4cd312bd6f2221b6c1b634aa1c32b42a7240114fe283a,2024-10,Northumbria Police,Northumbria Police,-1.514346,55.009657,On or near Bodmin Close,E01008463,North Tyneside 024B,Criminal damage and arson,Local resolution,
5366ecda1b72ffc2ef60bb9d5c20d8228e3d064d340124b9dd248d20f9359216,2024-10,Northumbria Police,Northumbria Police,-1.519136,55.007861,On or near Bromley Gardens,E01008463,North Tyneside 024B,Criminal damage and arson,Investigation complete; no suspect identified,
20f41701b9b991dda3f0983ff2d10819d48477082d2930439cc3a3b5cc0f61e7,2024-10,Northumbria Police,Northumbria Police,-1.518517,55.011265,On or near Ascot Close,E01008463,North Tyneside 024B,Other theft,Investigation complete; no suspect identified,
ef3e48f0675de93610701d11302274b8ce60cf6de3e049f0f9babf071aca92b8,2024-10,Northumbria Police,Northumbria Police,-1.517958,55.008288,On or near Parking Area,E01008463,North Tyneside 024B,Public order,Investigation complete; no suspect identified,
e7bcc2522d226ff994571fa4dc171c45ea1a331f05d95c41437f79465691e4c8,2024-10,Northumbria Police,Northumbria Police,-1.513651,55.008891,On or near Barr Close,E01008463,North Tyneside 024B,Violence and sexual offences,Investigation complete; no suspect identified,
04fa921707e2f5dc287ada21db11e7ca1426d68235dffb7687e711e00d7525a3,2024-10,Northumbria Police,Northumbria Police,-1.519136,55.007861,On or near Bromley Gardens,E01008463,North Tyneside 024B,Violence and sexual offences,Status update unavailable,
0c4cf095e954a76a78a87b1a5420fd36debd3c0fe360adeb4e573124e9153133,2024-10,Northumbria Police,Northumbria Police,-1.514346,55.009657,On or near Bodmin Close,E01008463,North Tyneside 024B,Violence and sexual offences,Investigation complete; no suspect identified,
90b5fa82181dd70d108c5b0b3f0870ac01d5337dc9ceed6ffc109e210725d9b7,2024-10,Northumbria Police,Northumbria Police,-1.525803,55.006027,On or near Belper Close,E01008463,North Tyneside 024B,Violence and sexual offences,Status update unavailable,
86d9212b3e9b61216a306745eff5485e29c2af203782ad6b0c1425f523c5db68,2024-10,Northumbria Police,Northumbria Police,-1.523445,55.008426,On or near Barmouth Close,E01008463,North Tyneside 024B,Violence and sexual offences,Status update unavailable,
,2024-10,Northumbria Police,Northumbria Police,-1.535770,55.004017,On or near Weardale Avenue,E01008464,North Tyneside 024C,Anti-social behaviour,,
1d74fb6812e6e56562b4b547aba616e6f30fc0dfbaf2a28b27db15c50390db2d,2024-10,Northumbria Police,Northumbria Police,-1.528676,55.007629,On or near Burnet Close,E01008464,North Tyneside 024C,Criminal damage and arson,Status update unavailable,
eeeee407ca11e7c7d98fab1aa013f9aa2f908dbab94a931ef666544c948608d1,2024-10,Northumbria Police,Northumbria Police,-1.537151,55.004903,On or near Rose Gardens,E01008464,North Tyneside 024C,Criminal damage and arson,Investigation complete; no suspect identified,
248a188b68a42e40a2bc3214d0bccc455c0c3fcbc0d025def60a797ad9754cff,2024-10,Northumbria Police,Northumbria Police,-1.534378,55.005395,On or near Rae Avenue,E01008464,North Tyneside 024C,Other theft,Investigation complete; no suspect identified,
0b76941e68024de4a31e790caab9fabcbdbd02cb598649c78ea97c9c30367c21,2024-10,Northumbria Police,Northumbria Police,-1.531370,55.007256,On or near Sports/Recreation Area,E01008464,North Tyneside 024C,Public order,Investigation complete; no suspect identified,
cf1a720e1252572ef406ac35d5ba0679ea0a6c3469ff01e38c5f811063f0d7d9,2024-10,Northumbria Police,Northumbria Police,-1.526647,55.006066,On or near Belsay Close,E01008464,North Tyneside 024C,Public order,Court result unavailable,
1b3b0cc0f883f6b806a9e5bd852ffe569f1e9bc0f59e2e06d416976b6056bc60,2024-10,Northumbria Police,Northumbria Police,-1.535770,55.004017,On or near Weardale Avenue,E01008464,North Tyneside 024C,Violence and sexual offences,Status update unavailable,
e39a547799351216c1d2a6873d4f74a534f286cae4cbd475aef3144330621b18,2024-10,Northumbria Police,Northumbria Police,-1.532318,55.005082,On or near Lauderdale Avenue,E01008464,North Tyneside 024C,Violence and sexual offences,Investigation complete; no suspect identified,
,2024-10,Northumbria Police,Northumbria Police,-1.533546,55.004287,On or near Kings Road North,E01008465,North Tyneside 024D,Anti-social behaviour,,
,2024-10,Northumbria Police,Northumbria Police,-1.538567,55.001403,On or near Malton Gardens,E01008465,North Tyneside 024D,Anti-social behaviour,,
,2024-10,Northumbria Police,Northumbria Police,-1.534666,55.003500,On or near Glendale Avenue,E01008465,North Tyneside 024D,Anti-social behaviour,,
78a775be906291a6e74afe3e222c0c4e9e8f00df691b2d7cf8bd465a48cbce61,2024-10,Northumbria Police,Northumbria Police,-1.533142,55.002241,On or near Petrol Station,E01008465,North Tyneside 024D,Other theft,Investigation complete; no suspect identified,
bc5da90550fd71e7c6f7366c8f952a33bd1f319df9df9906fbc28ee1f5954a2c,2024-10,Northumbria Police,Northumbria Police,-1.533142,55.002241,On or near Petrol Station,E01008465,North Tyneside 024D,Other theft,Investigation complete; no suspect identified,
4f2a17e9582cc2e8f124349f5ddfd3c554b8a99bdde0291a327329570cbb1d31,2024-10,Northumbria Police,Northumbria Police,-1.533142,55.002241,On or near Petrol Station,E01008465,North Tyneside 024D,Other theft,Investigation complete; no suspect identified,
dc0de250272b3f8414aca3ab96506b0956c2f3e6829cbaa0a7a95e76520a6773,2024-10,Northumbria Police,Northumbria Police,-1.533142,55.002241,On or near Petrol Station,E01008465,North Tyneside 024D,Other theft,Investigation complete; no suspect identified,
449c46bd9805ee2fee9240ede2fde63621a494754e9b2b418574c05deba78efd,2024-10,Northumbria Police,Northumbria Police,-1.533142,55.002241,On or near Petrol Station,E01008465,North Tyneside 024D,Public order,Status update unavailable,
c209375897787f3ab4d04f7a1c3c001915b0528faf62d53ed3a984faa077eb3f,2024-10,Northumbria Police,Northumbria Police,-1.533142,55.002241,On or near Petrol Station,E01008465,North Tyneside 024D,Shoplifting,Court result unavailable,
,2024-10,Northumbria Police,Northumbria Police,-1.550166,55.007000,On or near Airedale,E01008531,North Tyneside 025A,Anti-social behaviour,,
,2024-10,Northumbria Police,Northumbria Police,-1.554936,55.005553,On or near Rosedale,E01008531,North Tyneside 025A,Anti-social behaviour,,
5b7691f67fed2fa41c8fb4dc11c4551ea734878ebe3083629b8caebddcf0f7a0,2024-10,Northumbria Police,Northumbria Police,-1.554232,55.008354,On or near Sutton Court,E01008531,North Tyneside 025A,Criminal damage and arson,Investigation complete; no suspect identified,
a638a8e2c52f885c9d0adc8a7b10fd2416537856ff60f4396c3701a86a8aa2a9,2024-10,Northumbria Police,Northumbria Police,-1.551696,55.008632,On or near Wensleydale,E01008531,North Tyneside 025A,Violence and sexual offences,Status update unavailable,
,2024-10,Northumbria Police,Northumbria Police,-1.543921,55.004874,On or near Mullen Gardens,E01008532,North Tyneside 025B,Anti-social behaviour,,
,2024-10,Northumbria Police,Northumbria Police,-1.544509,55.004041,On or near Conway Gardens,E01008532,North Tyneside 025B,Anti-social behaviour,,
39540b29020d4678360453e992b06bff647cb24f4b0ecd8d00a8d7885017b4d6,2024-10,Northumbria Police,Northumbria Police,-1.547975,55.004458,On or near Brooksmead,E01008532,North Tyneside 025B,Criminal damage and arson,Investigation complete; no suspect identified,
9b52b5ec92ca9ff31952553043ec7965fd0f8992a08ebc5b0f0ab60f048e43eb,2024-10,Northumbria Police,Northumbria Police,-1.550913,55.000380,On or near Springfield Gardens,E01008532,North Tyneside 025B,Criminal damage and arson,Investigation complete; no suspect identified,
db0acf7f74ac580ba74df5a9e1fe7ea4931ede79fdb3cd7d16ddceb027afce3c,2024-10,Northumbria Police,Northumbria Police,-1.549904,55.002542,On or near Westburn Gardens,E01008532,North Tyneside 025B,Vehicle crime,Investigation complete; no suspect identified,
178aa449bf920fedfce5540e79cc8779982e1e702dec953dc3143ed817120ee0,2024-10,Northumbria Police,Northumbria Police,-1.548163,55.002994,On or near Bigges Gardens,E01008532,North Tyneside 025B,Violence and sexual offences,Status update unavailable,
f7467e9d5655da16349536b0d4d1b753bb8ab0a394f744ef96b5678b81233965,2024-10,Northumbria Police,Northumbria Police,-1.545077,55.003540,On or near Sherwood View,E01008532,North Tyneside 025B,Violence and sexual offences,Status update unavailable,
9f674717d6da58e72bfe5e1b2f55445a944c3ec18f2807ce371b7158cc6019b1,2024-10,Northumbria Police,Northumbria Police,-1.548163,55.002994,On or near Bigges Gardens,E01008532,North Tyneside 025B,Violence and sexual offences,Status update unavailable,
97519aa4f60a304b9cc2322096495260136015a1564a1a4d122ab736b302103e,2024-10,Northumbria Police,Northumbria Police,-1.552810,55.001277,On or near Worsley Close,E01008534,North Tyneside 025C,Public order,Investigation complete; no suspect identified,
494112d6a6e9739b6b81903459df44995a85b1460b42d34b707177a2146b24a6,2024-10,Northumbria Police,Northumbria Police,-1.548799,55.000669,On or near Oakfield Gardens,E01008534,North Tyneside 025C,Vehicle crime,Investigation complete; no suspect identified,
8cc126cf26c11ca3b1edf135697c75a1c2f1a3d22b67725abaa7095052fa7ff7,2024-10,Northumbria Police,Northumbria Police,-1.557088,54.997500,On or near Home Park,E01008534,North Tyneside 025C,Vehicle crime,Investigation complete; no suspect identified,
a32fca524818c132cb8062ee00d58e8ce232217acd8e7d895619c74fb0248cf4,2024-10,Northumbria Police,Northumbria Police,-1.548799,55.000669,On or near Oakfield Gardens,E01008534,North Tyneside 025C,Violence and sexual offences,Status update unavailable,
,2024-10,Northumbria Police,Northumbria Police,-1.547519,55.012984,On or near Oxen Drive,E01008538,North Tyneside 025D,Anti-social behaviour,,
,2024-10,Northumbria Police,Northumbria Police,-1.545760,55.013661,On or near Bowman Drive,E01008538,North Tyneside 025D,Anti-social behaviour,,
,2024-10,Northumbria Police,Northumbria Police,-1.547519,55.012984,On or near Oxen Drive,E01008538,North Tyneside 025D,Anti-social behaviour,,
deeebdcc9065920eb483ac64e338b35d155ea88593c4877d35f9145c6af953b8,2024-10,Northumbria Police,Northumbria Police,-1.546363,55.011533,On or near Furrow Drive,E01008538,North Tyneside 025D,Bicycle theft,Investigation complete; no suspect identified,
960cf22c90209b9a1eca3543d5f775ec542fe4676c042333ad6f44340cc3f959,2024-10,Northumbria Police,Northumbria Police,-1.545807,55.006751,On or near Exeter Road,E01008538,North Tyneside 025D,Other theft,Investigation complete; no suspect identified,
21362c12f24c61c917135e6095a8e6d885961a6a2b0b6d63c207dd74e446c05d,2024-10,Northumbria Police,Northumbria Police,-1.546363,55.011533,On or near Furrow Drive,E01008538,North Tyneside 025D,Public order,Status update unavailable,
4943dadd2c5c61ebddad9128f57e1986716b2c3370b1349507b51bd8444d78c3,2024-10,Northumbria Police,Northumbria Police,-1.545807,55.006751,On or near Exeter Road,E01008538,North Tyneside 025D,Public order,Status update unavailable,
977b26d328065200e2dbc98e1ab574da1d4385d14b9d4fe451d9065e007fd604,2024-10,Northumbria Police,Northumbria Police,-1.545807,55.006751,On or near Exeter Road,E01008538,North Tyneside 025D,Violence and sexual offences,Investigation complete; no suspect identified,
04cf472d06d4a235d7e9de4551179e8f5b6a2a48b380e599c346d3c562e4e236,2024-10,Northumbria Police,Northumbria Police,-1.544060,55.009179,On or near Sunholme Drive,E01008538,North Tyneside 025D,Violence and sexual offences,Investigation complete; no suspect identified,
96eccb0a185752d0bd373a85a026a7c1d34c2d175c027009de832e36b2b3478b,2024-10,Northumbria Police,Northumbria Police,-1.548267,55.011891,On or near Benton Rise,E01008538,North Tyneside 025D,Violence and sexual offences,Status update unavailable,
9a63662bf93c6b48d4d7d3103a862b4e3773d14aaa1de8214e3350de3a6d6e07,2024-10,Northumbria Police,Northumbria Police,-1.548793,55.010940,On or near A186,E01008538,North Tyneside 025D,Violence and sexual offences,Status update unavailable,
5e5c58a85f13d630b212e442a669ba0bd9419467df4d400d865d5646eddd7835,2024-10,Northumbria Police,Northumbria Police,-1.544564,55.014348,On or near Moor Edge Drive,E01008538,North Tyneside 025D,Violence and sexual offences,Status update unavailable,
db3d1481755104aeca7ccef94a855e0c5c620de10665c167c78925d4edd3cccf,2024-10,Northumbria Police,Northumbria Police,-1.548793,55.010940,On or near A186,E01008538,North Tyneside 025D,Violence and sexual offences,Status update unavailable,
a18e240046c19c5d5143f7e45e1f09e1770dc05c2a7a9005d55a69388bf99eb0,2024-10,Northumbria Police,Northumbria Police,-1.548793,55.010940,On or near A186,E01008538,North Tyneside 025D,Violence and sexual offences,Investigation complete; no suspect identified,
882daeaf8b9112132a0d23405016af19840c84db1907dc5286189e11a435609c,2024-10,Northumbria Police,Northumbria Police,-1.546363,55.011533,On or near Furrow Drive,E01008538,North Tyneside 025D,Violence and sexual offences,Offender given a caution,
b58e62358d4d24b00d9fca0e560bc7034c93ceb9f0437c9a75669cda5c9d0701,2024-10,Northumbria Police,Northumbria Police,-1.545760,55.013661,On or near Bowman Drive,E01008538,North Tyneside 025D,Other crime,Status update unavailable,
,2024-10,Northumbria Police,Northumbria Police,-1.499461,55.002067,On or near Windsor Close,E01008508,North Tyneside 026A,Anti-social behaviour,,
,2024-10,Northumbria Police,Northumbria Police,-1.500196,55.002007,On or near Windsor Drive,E01008508,North Tyneside 026A,Anti-social behaviour,,
,2024-10,Northumbria Police,Northumbria Police,-1.500196,55.002007,On or near Windsor Drive,E01008508,North Tyneside 026A,Anti-social behaviour,,
,2024-10,Northumbria Police,Northumbria Police,-1.499461,55.002067,On or near Windsor Close,E01008508,North Tyneside 026A,Anti-social behaviour,,
1a0e419c701dab2cdaa56487d2f368e3cf095f4a04bf9526243e901d59825224,2024-10,Northumbria Police,Northumbria Police,-1.500196,55.002007,On or near Windsor Drive,E01008508,North Tyneside 026A,Burglary,Investigation complete; no suspect identified,
34eb7b0c0747193f1d2bd2e7443a6672690948f647127dccf6db9062d2846eb5,2024-10,Northumbria Police,Northumbria Police,-1.489703,55.001002,On or near Henley Gardens,E01008508,North Tyneside 026A,Criminal damage and arson,Investigation complete; no suspect identified,
4f71f2d71d0e99479d26ca5e1cf482578f467a081ee01fc10f79f277509b0197,2024-10,Northumbria Police,Northumbria Police,-1.500196,55.002007,On or near Windsor Drive,E01008508,North Tyneside 026A,Criminal damage and arson,Investigation complete; no suspect identified,
c87830acaa00370c1594801a0ce29e030de20d574e216b2e63db9814aa52ea9f,2024-10,Northumbria Police,Northumbria Police,-1.495043,55.002821,On or near Kelso Gardens,E01008508,North Tyneside 026A,Criminal damage and arson,Status update unavailable,
65a9afd6b5748b7159eb3429a933835cc0dc05155e9304b245276134215b6b6c,2024-10,Northumbria Police,Northumbria Police,-1.500196,55.002007,On or near Windsor Drive,E01008508,North Tyneside 026A,Drugs,Court result unavailable,
ea20579602dbad7109ba6ee31c1cdb39aff8a1e01ada24876ae0fdc9146d21f8,2024-10,Northumbria Police,Northumbria Police,-1.500196,55.002007,On or near Windsor Drive,E01008508,North Tyneside 026A,Drugs,Investigation complete; no suspect identified,
358901dbcb4995c10758bc422edc5f9ccd6b63f22ea1c8938ad7a1e5faec5ace,2024-10,Northumbria Police,Northumbria Police,-1.499461,55.002067,On or near Windsor Close,E01008508,North Tyneside 026A,Public order,Investigation complete; no suspect identified,
f82410d636bf6f0fe934a9f679edab4e6c14753b0d26e610caa54a04a8f24b37,2024-10,Northumbria Police,Northumbria Police,-1.492112,55.002162,On or near Ridley Avenue,E01008508,North Tyneside 026A,Vehicle crime,Investigation complete; no suspect identified,
a069a71f6b4954d86d419572fcb3bfc6f61e3f3b5c30fbbe492e682035607b69,2024-10,Northumbria Police,Northumbria Police,-1.500196,55.002007,On or near Windsor Drive,E01008508,North Tyneside 026A,Violence and sexual offences,Investigation complete; no suspect identified,
8f994c1b1d299c1e89b127901af966548ef23da694f20bf6b1eeb0275a34b937,2024-10,Northumbria Police,Northumbria Police,-1.500196,55.002007,On or near Windsor Drive,E01008508,North Tyneside 026A,Violence and sexual offences,Status update unavailable,
752fbb05aae4ac9f082dd724ce38e355881cbe306ddcae8e355a46a662a2cbb4,2024-10,Northumbria Police,Northumbria Police,-1.500196,55.002007,On or near Windsor Drive,E01008508,North Tyneside 026A,Violence and sexual offences,Status update unavailable,
089461081bef3cb805d74b6c88fa5f6e71e8e602ed0c100809bb866d58ba4cbb,2024-10,Northumbria Police,Northumbria Police,-1.500196,55.002007,On or near Windsor Drive,E01008508,North Tyneside 026A,Violence and sexual offences,Status update unavailable,
525ed351dc32f1cb551383f8a7ed5d3a192e9de02a8cd09f4a8cfba3175b326b,2024-10,Northumbria Police,Northumbria Police,-1.494958,55.002111,On or near Monmouth Gardens,E01008508,North Tyneside 026A,Violence and sexual offences,Status update unavailable,
,2024-10,Northumbria Police,Northumbria Police,-1.504203,55.001583,On or near Churchill Street,E01008509,North Tyneside 026B,Anti-social behaviour,,
,2024-10,Northumbria Police,Northumbria Police,-1.501690,55.001285,On or near Garden Park,E01008509,North Tyneside 026B,Anti-social behaviour,,
,2024-10,Northumbria Police,Northumbria Police,-1.506691,55.001386,On or near Simonside Avenue,E01008509,North Tyneside 026B,Anti-social behaviour,,
09e62f01533f5e701ae4e9e4465823e412a04ae9a2937ec4d6014dac71a2bed2,2024-10,Northumbria Police,Northumbria Police,-1.506691,55.001386,On or near Simonside Avenue,E01008509,North Tyneside 026B,Burglary,Investigation complete; no suspect identified,
c06cad4c7618b311cba523e114926e2d5eeff73fe93b923d691d103c333d8825,2024-10,Northumbria Police,Northumbria Police,-1.504203,55.001583,On or near Churchill Street,E01008509,North Tyneside 026B,Burglary,Investigation complete; no suspect identified,
76b151ef20c872bdf55cb1b81f0b4dea305bdb4d5cfb9f953ca6028040b333af,2024-10,Northumbria Police,Northumbria Police,-1.500767,55.003878,On or near Sandown Gardens,E01008509,North Tyneside 026B,Criminal damage and arson,Investigation complete; no suspect identified,
903801e27a29564ed37a2b507722a5ec5c23b7e82af766a0f049b17d68744f10,2024-10,Northumbria Police,Northumbria Police,-1.504178,55.003614,On or near Purley Close,E01008509,North Tyneside 026B,Other theft,Investigation complete; no suspect identified,
106f77ec086757e7a13e2beeac9ec0403335347c4e841fa454a3524d5ca15692,2024-10,Northumbria Police,Northumbria Police,-1.501294,55.000475,On or near Malvern Road,E01008509,North Tyneside 026B,Public order,Status update unavailable,
e605c8ddd817957482e662870833fcf41aec33e43c62c8f963b047aaeb65aa9c,2024-10,Northumbria Police,Northumbria Police,-1.500767,55.003878,On or near Sandown Gardens,E01008509,North Tyneside 026B,Violence and sexual offences,Status update unavailable,
ccf85c84109f6de8ccca29a155609e49920aa21be7d86271d25ae3f725feaaf1,2024-10,Northumbria Police,Northumbria Police,-1.503027,55.001938,On or near Elgin Avenue,E01008509,North Tyneside 026B,Violence and sexual offences,Status update unavailable,
f185656f5ed7577e60400bb42f4558b91f1c9a3b2c15a483d00d725cf9d65c8f,2024-10,Northumbria Police,Northumbria Police,-1.509081,55.002888,On or near Octavia Court,E01008509,North Tyneside 026B,Violence and sexual offences,Investigation complete; no suspect identified,
7bf14ee7014a33a3ed4381a1dbd5c4d17573c96e661ffa80bac0c1ec07562d85,2024-10,Northumbria Police,Northumbria Police,-1.501294,55.000475,On or near Malvern Road,E01008509,North Tyneside 026B,Violence and sexual offences,Status update unavailable,
dd27999b9963a271ca17aab54b572a34dc8acd7d67a877d22a7218e324b030f7,2024-10,Northumbria Police,Northumbria Police,-1.501690,55.001285,On or near Garden Park,E01008509,North Tyneside 026B,Violence and sexual offences,Status update unavailable,
fab65576d47d6007a84f1a7f7b7d0dabf5b0b9e5796228fc695ce8cba63d3f10,2024-10,Northumbria Police,Northumbria Police,-1.500535,55.003707,On or near Sandown Court,E01008509,North Tyneside 026B,Violence and sexual offences,Status update unavailable,
0cf3d90c61d350ccdcff60f69766413bfbf70baf2971534a72112f4767a29550,2024-10,Northumbria Police,Northumbria Police,-1.505574,55.002029,On or near Wylam Gardens,E01008509,North Tyneside 026B,Violence and sexual offences,Status update unavailable,
d3d2b23851127b5878b9252dc889b28bebaec0b9ba3488371f89d5ead735ca91,2024-10,Northumbria Police,Northumbria Police,-1.503027,55.001938,On or near Elgin Avenue,E01008509,North Tyneside 026B,Violence and sexual offences,Status update unavailable,
99810e09cf8254ba85a88d90c7aa0972f46cb41af6fc18b3e7a6859e931511ed,2024-10,Northumbria Police,Northumbria Police,-1.506691,55.001386,On or near Simonside Avenue,E01008509,North Tyneside 026B,Violence and sexual offences,Investigation complete; no suspect identified,
,2024-10,Northumbria Police,Northumbria Police,-1.496462,55.000617,On or near Denbigh Avenue,E01008510,North Tyneside 026C,Anti-social behaviour,,
15d2b46933844b8ce2bcba701055fa79044cc7ca3ab5b113774467b2c2620e18,2024-10,Northumbria Police,Northumbria Police,-1.494502,54.998533,On or near Supermarket,E01008510,North Tyneside 026C,Criminal damage and arson,Investigation complete; no suspect identified,
762ae150dc96bcc59dadfaf4aea14debb865e982ecd9ec466fb5720169f71e12,2024-10,Northumbria Police,Northumbria Police,-1.494502,54.998533,On or near Supermarket,E01008510,North Tyneside 026C,Other theft,Investigation complete; no suspect identified,
3e646e5d8f5f427438667ccacc74ce8dd4edd59e42a1f24435c53bc174a0884e,2024-10,Northumbria Police,Northumbria Police,-1.493784,54.998440,On or near Marske Road,E01008510,North Tyneside 026C,Other theft,Investigation complete; no suspect identified,
57e66bd9edcc71c9d227473ac8f876a5c090fdceb7fbe54c60405e8f90bb28a3,2024-10,Northumbria Police,Northumbria Police,-1.499987,54.997423,On or near Benjamin Road,E01008510,North Tyneside 026C,Possession of weapons,Offender given a caution,
1322a2a9573448c3d51965524a9f1ab5dc2c74fa6ae7d872a3d679c0f2a9fdd5,2024-10,Northumbria Police,Northumbria Police,-1.496462,55.000617,On or near Denbigh Avenue,E01008510,North Tyneside 026C,Public order,Status update unavailable,
9cb961eaf32d0ce9b76a6f766f426b38218c74297b7171cdb93f2bdec8d7c824,2024-10,Northumbria Police,Northumbria Police,-1.493784,54.998440,On or near Marske Road,E01008510,North Tyneside 026C,Shoplifting,Investigation complete; no suspect identified,
4357aade18682d4d8522f3a00d5b1b11a81a9084f6815b82aae26407c04ec4e0,2024-10,Northumbria Police,Northumbria Police,-1.496462,55.000617,On or near Denbigh Avenue,E01008510,North Tyneside 026C,Violence and sexual offences,Status update unavailable,
37f34b7135c9e6b2d7b833e765b08d3bb5b29011783ffadd17da0b9d666c008d,2024-10,Northumbria Police,Northumbria Police,-1.494755,54.999567,On or near Caroline Gardens,E01008510,North Tyneside 026C,Violence and sexual offences,Status update unavailable,
f1fdf0a9deaec79fefe87b67f7a1f444a90da8a684705b14e9121d206d0acf3e,2024-10,Northumbria Police,Northumbria Police,-1.499987,54.997423,On or near Benjamin Road,E01008510,North Tyneside 026C,Violence and sexual offences,Status update unavailable,
a21aaf320e91f6e9bcad7458687161edfbae513ad823f1f0bed5950aaad3996f,2024-10,Northumbria Police,Northumbria Police,-1.496462,55.000617,On or near Denbigh Avenue,E01008510,North Tyneside 026C,Violence and sexual offences,Investigation complete; no suspect identified,
09cf1e8df8e5dac74f95191b8ab51a5d997578d83662ae8bf5e644c906cb7b83,2024-10,Northumbria Police,Northumbria Police,-1.492200,55.000087,On or near Laing Grove,E01008510,North Tyneside 026C,Violence and sexual offences,Status update unavailable,
,2024-10,Northumbria Police,Northumbria Police,-1.501740,55.007351,On or near Ingram Close,E01008512,North Tyneside 026D,Anti-social behaviour,,
,2024-10,Northumbria Police,Northumbria Police,-1.508901,55.006095,On or near Gibson Street,E01008512,North Tyneside 026D,Anti-social behaviour,,
,2024-10,Northumbria Police,Northumbria Police,-1.505440,55.006521,On or near Beal Gardens,E01008512,North Tyneside 026D,Anti-social behaviour,,
,2024-10,Northumbria Police,Northumbria Police,-1.502308,55.006913,On or near Mitford Gardens,E01008512,North Tyneside 026D,Anti-social behaviour,,
a80a6715d195d8bc4536f50c7fa26aab223d273904b6170c796c2fb1ae59353d,2024-10,Northumbria Police,Northumbria Police,-1.497990,55.005907,On or near Langdale Gardens,E01008512,North Tyneside 026D,Criminal damage and arson,Investigation complete; no suspect identified,
f7d5be51a5d67de87e3ba971ba4e7c79e93567bf915453dc4439d7c39d460663,2024-10,Northumbria Police,Northumbria Police,-1.505440,55.006521,On or near Beal Gardens,E01008512,North Tyneside 026D,Criminal damage and arson,Investigation complete; no suspect identified,
6f6f7cddcee313b6db2203df7161fd27b09e3e72fed9e519620a3756d0e8c356,2024-10,Northumbria Police,Northumbria Police,-1.497990,55.005907,On or near Langdale Gardens,E01008512,North Tyneside 026D,Criminal damage and arson,Investigation complete; no suspect identified,
7251fae0cb751718daceb01ca732ddce80addb1b70c8203aa95dd7b9c7f8d3c3,2024-10,Northumbria Police,Northumbria Police,-1.497990,55.005907,On or near Langdale Gardens,E01008512,North Tyneside 026D,Drugs,Local resolution,
eaba4160d36fa9cbcc1f761f418a28c56dd87451cb50048ca8b3e74c9f83644d,2024-10,Northumbria Police,Northumbria Police,-1.502308,55.006913,On or near Mitford Gardens,E01008512,North Tyneside 026D,Other theft,Status update unavailable,
5df41ac2eaa6c1380f9f6c7db88235683de8f33413dd1fd42a027a82d6e3b32a,2024-10,Northumbria Police,Northumbria Police,-1.499945,55.004630,On or near Derwent Gardens,E01008512,North Tyneside 026D,Violence and sexual offences,Status update unavailable,
68785220e2014c627ad3a71998abbb0093299fea1dad90e3a1c91b6609f313e6,2024-10,Northumbria Police,Northumbria Police,-1.508901,55.006095,On or near Gibson Street,E01008512,North Tyneside 026D,Violence and sexual offences,Status update unavailable,
8c287e752f7e444162ce1fa4c07fed416040b03ec9141bab8cd8a63be78f1857,2024-10,Northumbria Police,Northumbria Police,-1.501204,55.007699,On or near Sandholm Close,E01008512,North Tyneside 026D,Violence and sexual offences,Status update unavailable,
b4025595eb0949489227db239a2868e2cda5ae76fbc3f42752b0670c34c9c8b2,2024-10,Northumbria Police,Northumbria Police,-1.497990,55.005907,On or near Langdale Gardens,E01008512,North Tyneside 026D,Violence and sexual offences,Investigation complete; no suspect identified,
,2024-10,Northumbria Police,Northumbria Police,-1.447791,55.003299,On or near The Plateau,E01008539,North Tyneside 027A,Anti-social behaviour,,
,2024-10,Northumbria Police,Northumbria Police,-1.450776,55.001093,On or near Dock Road,E01008539,North Tyneside 027A,Anti-social behaviour,,
,2024-10,Northumbria Police,Northumbria Police,-1.450776,55.001093,On or near Dock Road,E01008539,North Tyneside 027A,Anti-social behaviour,,
,2024-10,Northumbria Police,Northumbria Police,-1.456129,54.996031,On or near Chirton Dene Quays,E01008539,North Tyneside 027A,Anti-social behaviour,,
,2024-10,Northumbria Police,Northumbria Police,-1.462611,54.998719,On or near A187,E01008539,North Tyneside 027A,Anti-social behaviour,,
,2024-10,Northumbria Police,Northumbria Police,-1.462611,54.998719,On or near A187,E01008539,North Tyneside 027A,Anti-social behaviour,,
97c6a9b4d21564667b636e27dcdef2975730fe4bb4d30bbe72def97fe585980b,2024-10,Northumbria Police,Northumbria Police,-1.451385,54.999999,On or near Northumbrian Way,E01008539,North Tyneside 027A,Criminal damage and arson,Investigation complete; no suspect identified,
e19615b939843cdee3193ca38dcbddbf821497bd0bca41ea3ca37ccb6ebf7786,2024-10,Northumbria Police,Northumbria Police,-1.462611,54.998719,On or near A187,E01008539,North Tyneside 027A,Criminal damage and arson,Investigation complete; no suspect identified,
d483f7e445683a92811cc25bfd1b836ce5ad2c4d6ce351dcadc1815492b7f01b,2024-10,Northumbria Police,Northumbria Police,-1.462611,54.998719,On or near A187,E01008539,North Tyneside 027A,Drugs,Local resolution,
cac74d90fea2bf0c10f6970a57438babb666199f3915f6263a95fd3f441704fa,2024-10,Northumbria Police,Northumbria Police,-1.462611,54.998719,On or near A187,E01008539,North Tyneside 027A,Shoplifting,Investigation complete; no suspect identified,
82de94ecc2147b10f425b4496728e15d6979b395fa8bc2eceeaee4121b2c4e72,2024-10,Northumbria Police,Northumbria Police,-1.449283,54.998256,On or near Watch House Close,E01008539,North Tyneside 027A,Violence and sexual offences,Status update unavailable,
ef5ced2f65ce8afb770a21398ac119bfc8a92a00dea6301dd627db83213c5577,2024-10,Northumbria Police,Northumbria Police,-1.447791,55.003299,On or near The Plateau,E01008539,North Tyneside 027A,Violence and sexual offences,Status update unavailable,
6d8e006d7fe53b8eb4c4997c84633f96bec891eca6cd6aff38e2bb2eca10025e,2024-10,Northumbria Police,Northumbria Police,-1.462611,54.998719,On or near A187,E01008539,North Tyneside 027A,Violence and sexual offences,Status update unavailable,
bf2dc40aabe2d2dd78ddb49fb493cf7ba3f5887106112749e18b9c92b273ce75,2024-10,Northumbria Police,Northumbria Police,-1.462611,54.998719,On or near A187,E01008539,North Tyneside 027A,Violence and sexual offences,Investigation complete; no suspect identified,
,2024-10,Northumbria Police,Northumbria Police,-1.477671,54.998219,On or near Brunton Street,E01008540,North Tyneside 027B,Anti-social behaviour,,
b380689409e7bb8356ff0200d548fed04d6302896d575df0bb6db4d0080032eb,2024-10,Northumbria Police,Northumbria Police,-1.476401,54.991312,On or near Northumberland Dock Road,E01008540,North Tyneside 027B,Criminal damage and arson,Investigation complete; no suspect identified,
56afcf83fe4729d8aae7e253c9ba8899dd9e22bf6b088e83309ed8d5b5c89944,2024-10,Northumbria Police,Northumbria Police,-1.481129,54.993111,On or near Telford Street,E01008540,North Tyneside 027B,Criminal damage and arson,Investigation complete; no suspect identified,
123e755b6a7610062e5126a93da7a460798bf14303da20e27a787b55c8ee70d9,2024-10,Northumbria Police,Northumbria Police,-1.476519,55.000218,On or near Kilburn Gardens,E01008540,North Tyneside 027B,Criminal damage and arson,Investigation complete; no suspect identified,
09b156b3d492cb901bd0d3b96798906bc886fba3b671f09ea21deec56ca804d0,2024-10,Northumbria Police,Northumbria Police,-1.475373,54.997050,On or near St Luke'S Road,E01008540,North Tyneside 027B,Criminal damage and arson,Investigation complete; no suspect identified,
5c2db99516f5530c660d5860af6f2e417dc622448f56626e812a169439cf60ef,2024-10,Northumbria Police,Northumbria Police,-1.477317,54.996582,On or near St Stephen'S Way,E01008540,North Tyneside 027B,Drugs,Status update unavailable,
1cc2244d91a119fa461dcd017337942fb4b2424677b0e2ff197be9eee03e9f83,2024-10,Northumbria Police,Northumbria Police,-1.476401,54.991312,On or near Northumberland Dock Road,E01008540,North Tyneside 027B,Drugs,Investigation complete; no suspect identified,
6d8d252305dfed00179ae53c113f33731987ce31ceb7be4d03d3084e92ce15cd,2024-10,Northumbria Police,Northumbria Police,-1.482794,54.991213,On or near Meldon Street,E01008540,North Tyneside 027B,Other theft,Investigation complete; no suspect identified,
04d08041767b9a89624639c6123518581ec6318bc12f4a675cdb1949e46f4729,2024-10,Northumbria Police,Northumbria Police,-1.483249,54.989903,On or near Tyne View Terrace,E01008540,North Tyneside 027B,Public order,Investigation complete; no suspect identified,
428c1a62fc80096d821b8b6a8e8770b170835cabfbab0d6ea55428c25ef2bd62,2024-10,Northumbria Police,Northumbria Police,-1.476401,54.991312,On or near Northumberland Dock Road,E01008540,North Tyneside 027B,Robbery,Investigation complete; no suspect identified,
05d59d8a4c3d2bd9e82cca4dbb59d914d5f79d8f376f4e7df7fd92bb3f3bff32,2024-10,Northumbria Police,Northumbria Police,-1.475373,54.997050,On or near St Luke'S Road,E01008540,North Tyneside 027B,Violence and sexual offences,Status update unavailable,
e1ecdfe945637ccb6ef271f420b70b655719bf2747c2a17753da44ab2994531b,2024-10,Northumbria Police,Northumbria Police,-1.476576,54.998286,On or near Percy Court,E01008540,North Tyneside 027B,Violence and sexual offences,Status update unavailable,
732667b8543e4482dcb41637462d7265125a26cd457d14e075c063d52fd773bb,2024-10,Northumbria Police,Northumbria Police,-1.477317,54.996582,On or near St Stephen'S Way,E01008540,North Tyneside 027B,Violence and sexual offences,Investigation complete; no suspect identified,
f44389de01824cde4989f24f9a57113186de4a4ea975303cff6ca936bd47e795,2024-10,Northumbria Police,Northumbria Police,-1.475373,54.997050,On or near St Luke'S Road,E01008540,North Tyneside 027B,Violence and sexual offences,Investigation complete; no suspect identified,
18e336514374e9c01c5381bdd8b1bb5eeb2216ac4188e963af52614a4fe55ad0,2024-10,Northumbria Police,Northumbria Police,-1.475373,54.997050,On or near St Luke'S Road,E01008540,North Tyneside 027B,Violence and sexual offences,Court result unavailable,
03e251d974e1508628ac0a538f14dd2d2fa97a2533316291ef1d08622c8375f1,2024-10,Northumbria Police,Northumbria Police,-1.475373,54.997050,On or near St Luke'S Road,E01008540,North Tyneside 027B,Violence and sexual offences,Investigation complete; no suspect identified,
90639951cf69665266d5c7dc90d8cd1e5385217b2e28194dfe42b02a5bb2178d,2024-10,Northumbria Police,Northumbria Police,-1.481129,54.993111,On or near Telford Street,E01008540,North Tyneside 027B,Violence and sexual offences,Status update unavailable,
5790ccfdad98a7f94ecfc277f78fd6f6f79ca6e2c2cf9a12bc3cdc783750202d,2024-10,Northumbria Police,Northumbria Police,-1.481129,54.993111,On or near Telford Street,E01008540,North Tyneside 027B,Violence and sexual offences,Status update unavailable,
7ad2b723d7d6ff4e0ea5948c21d3a8c4f3c3212d4c2550f9e6242f97f81c7673,2024-10,Northumbria Police,Northumbria Police,-1.482794,54.991213,On or near Meldon Street,E01008540,North Tyneside 027B,Other crime,Status update unavailable,
,2024-10,Northumbria Police,Northumbria Police,-1.470475,54.998646,On or near St John'S Green,E01008541,North Tyneside 027C,Anti-social behaviour,,
,2024-10,Northumbria Police,Northumbria Police,-1.467535,55.002255,On or near Meadow Well Way,E01008541,North Tyneside 027C,Anti-social behaviour,,
,2024-10,Northumbria Police,Northumbria Police,-1.465384,55.001751,On or near Meadow Well,E01008541,North Tyneside 027C,Anti-social behaviour,,
,2024-10,Northumbria Police,Northumbria Police,-1.465384,55.001751,On or near Meadow Well,E01008541,North Tyneside 027C,Anti-social behaviour,,
,2024-10,Northumbria Police,Northumbria Police,-1.465384,55.001751,On or near Meadow Well,E01008541,North Tyneside 027C,Anti-social behaviour,,
,2024-10,Northumbria Police,Northumbria Police,-1.470475,54.998646,On or near St John'S Green,E01008541,North Tyneside 027C,Anti-social behaviour,,
,2024-10,Northumbria Police,Northumbria Police,-1.474449,54.999517,On or near Percy Main,E01008541,North Tyneside 027C,Anti-social behaviour,,
,2024-10,Northumbria Police,Northumbria Police,-1.465384,55.001751,On or near Meadow Well,E01008541,North Tyneside 027C,Anti-social behaviour,,
,2024-10,Northumbria Police,Northumbria Police,-1.465384,55.001751,On or near Meadow Well,E01008541,North Tyneside 027C,Anti-social behaviour,,
,2024-10,Northumbria Police,Northumbria Police,-1.465384,55.001751,On or near Meadow Well,E01008541,North Tyneside 027C,Anti-social behaviour,,
,2024-10,Northumbria Police,Northumbria Police,-1.465384,55.001751,On or near Meadow Well,E01008541,North Tyneside 027C,Anti-social behaviour,,
,2024-10,Northumbria Police,Northumbria Police,-1.470475,54.998646,On or near St John'S Green,E01008541,North Tyneside 027C,Anti-social behaviour,,
,2024-10,Northumbria Police,Northumbria Police,-1.464012,55.000316,On or near Bridge Road South,E01008541,North Tyneside 027C,Anti-social behaviour,,
,2024-10,Northumbria Police,Northumbria Police,-1.465384,55.001751,On or near Meadow Well,E01008541,North Tyneside 027C,Anti-social behaviour,,
,2024-10,Northumbria Police,Northumbria Police,-1.465384,55.001751,On or near Meadow Well,E01008541,North Tyneside 027C,Anti-social behaviour,,
,2024-10,Northumbria Police,Northumbria Police,-1.470475,54.998646,On or near St John'S Green,E01008541,North Tyneside 027C,Anti-social behaviour,,
,2024-10,Northumbria Police,Northumbria Police,-1.474449,54.999517,On or near Percy Main,E01008541,North Tyneside 027C,Anti-social behaviour,,
,2024-10,Northumbria Police,Northumbria Police,-1.464012,55.000316,On or near Bridge Road South,E01008541,North Tyneside 027C,Anti-social behaviour,,
2d2773ec9d81eea9ec444e9e48bfbaa218eaabbf5cfdc641ea41e1165592753a,2024-10,Northumbria Police,Northumbria Police,-1.471539,54.997330,On or near St John'S Terrace,E01008541,North Tyneside 027C,Burglary,Investigation complete; no suspect identified,
c113b82a436ce76ef239c7085c68991794780756307081369b4ef1a2ccd14a6d,2024-10,Northumbria Police,Northumbria Police,-1.465384,55.001751,On or near Meadow Well,E01008541,North Tyneside 027C,Criminal damage and arson,Investigation complete; no suspect identified,
b6b9b9e22512b721a8df6d05701c47f96f8788add584efce04ceca5ad31eccbc,2024-10,Northumbria Police,Northumbria Police,-1.470993,55.000868,On or near Angus Crescent,E01008541,North Tyneside 027C,Criminal damage and arson,Investigation complete; no suspect identified,
8cbd991b5dafb3f3c4866ad4a7c257a3ad3063a56b1c509db0b0207670605b80,2024-10,Northumbria Police,Northumbria Police,-1.470957,55.002377,On or near Chillingham Drive,E01008541,North Tyneside 027C,Criminal damage and arson,Investigation complete; no suspect identified,
f5dc28c686d62a32597be395e049330bb823e806782a98b64d86c3f1b0b373de,2024-10,Northumbria Police,Northumbria Police,-1.470475,54.998646,On or near St John'S Green,E01008541,North Tyneside 027C,Drugs,Investigation complete; no suspect identified,
1e228a716acc46f1d3fd5d9c17ba52d4bd34b67b80ac29de2e01f7b8b24d7d22,2024-10,Northumbria Police,Northumbria Police,-1.471090,55.001767,On or near Brahman Avenue,E01008541,North Tyneside 027C,Other theft,Investigation complete; no suspect identified,
e63f94b292b73b173a4b18aff168c6ec22d328634976a52378a262a3bd7d64f2,2024-10,Northumbria Police,Northumbria Police,-1.474449,54.999517,On or near Percy Main,E01008541,North Tyneside 027C,Public order,Status update unavailable,
6e8b3bef3f7e5868997ed54b5f734739a801439bedd59c32f7e0141b428e6a30,2024-10,Northumbria Police,Northumbria Police,-1.465384,55.001751,On or near Meadow Well,E01008541,North Tyneside 027C,Public order,Investigation complete; no suspect identified,
be1e1a7df1c6a507647882356292f3af3106f4cd7c7d0d84041ced5c66cc6195,2024-10,Northumbria Police,Northumbria Police,-1.470475,54.998646,On or near St John'S Green,E01008541,North Tyneside 027C,Public order,Status update unavailable,
c13cba120a23186191c8694393ef185a197fd97251e7fff540f1efdf0a93bf4c,2024-10,Northumbria Police,Northumbria Police,-1.466569,54.997290,On or near Howdon Road,E01008541,North Tyneside 027C,Public order,Status update unavailable,
329e3c7f81e36e79069d449a0a6968818d105720f7768ed6993f867dcd79ce90,2024-10,Northumbria Police,Northumbria Police,-1.467535,55.002255,On or near Meadow Well Way,E01008541,North Tyneside 027C,Public order,Status update unavailable,
0dca815869a7a838779766197b1cea64ac820e4cc821088d29ff9df9d6109124,2024-10,Northumbria Police,Northumbria Police,-1.466569,54.997290,On or near Howdon Road,E01008541,North Tyneside 027C,Robbery,Investigation complete; no suspect identified,
f839236b41b3cb158a589fb23dfd9bcb0e985cb194648a6083d4a614a5aba087,2024-10,Northumbria Police,Northumbria Police,-1.465384,55.001751,On or near Meadow Well,E01008541,North Tyneside 027C,Robbery,Investigation complete; no suspect identified,
f7d6a648447fff0e46565c889def90969344ac36057d49d4fe3f574fad28390d,2024-10,Northumbria Police,Northumbria Police,-1.471090,55.001767,On or near Brahman Avenue,E01008541,North Tyneside 027C,Violence and sexual offences,Investigation complete; no suspect identified,
579d9ec7570754f211b8f4d2da4e2cc4f1b1ddc8949a10ce72acb469b88e1529,2024-10,Northumbria Police,Northumbria Police,-1.470957,55.002377,On or near Chillingham Drive,E01008541,North Tyneside 027C,Violence and sexual offences,Investigation complete; no suspect identified,
6964dbde3314a4d05fbcf84040a80dec735cd72fd7499793e05750a29e3f44b1,2024-10,Northumbria Police,Northumbria Police,-1.470957,55.002377,On or near Chillingham Drive,E01008541,North Tyneside 027C,Violence and sexual offences,Investigation complete; no suspect identified,
41f1e476f1c2f2bf4ea8573c83a7936289aaaf14e312ad7608e385cf0d427c5f,2024-10,Northumbria Police,Northumbria Police,-1.465384,55.001751,On or near Meadow Well,E01008541,North Tyneside 027C,Violence and sexual offences,Investigation complete; no suspect identified,
4910ec4ebe986ce3ee3b3ae30c341f0d6cc70d6415b5bdea79f99aed158a68d1,2024-10,Northumbria Police,Northumbria Police,-1.471090,55.001767,On or near Brahman Avenue,E01008541,North Tyneside 027C,Violence and sexual offences,Status update unavailable,
cffd1fb6a339fd7fbf6580a69ad246771cfe37d5a77aed20b12d7b7f7bdb1443,2024-10,Northumbria Police,Northumbria Police,-1.465384,55.001751,On or near Meadow Well,E01008541,North Tyneside 027C,Violence and sexual offences,Investigation complete; no suspect identified,
2886ebcdc02cafd992b9575ccff5570f8cee91b6d77f9f5d04b414fbb28358f2,2024-10,Northumbria Police,Northumbria Police,-1.465384,55.001751,On or near Meadow Well,E01008541,North Tyneside 027C,Violence and sexual offences,Investigation complete; no suspect identified,
3eeb11f26442f497944cb8b330b93ccea9d182a8b74c170a3dcf9256a6e0c31a,2024-10,Northumbria Police,Northumbria Police,-1.470475,54.998646,On or near St John'S Green,E01008541,North Tyneside 027C,Violence and sexual offences,Status update unavailable,
ab4e984a9d70868f8c7849513a85e07fbca1f75b496dbefa34d5916cd13b09e1,2024-10,Northumbria Police,Northumbria Police,-1.465384,55.001751,On or near Meadow Well,E01008541,North Tyneside 027C,Other crime,Investigation complete; no suspect identified,
,2024-10,Northumbria Police,Northumbria Police,-1.446760,55.004436,On or near Coronation Street,E01008544,North Tyneside 027D,Anti-social behaviour,,
,2024-10,Northumbria Police,Northumbria Police,-1.448504,55.004911,On or near Trinity Place,E01008544,North Tyneside 027D,Anti-social behaviour,,
,2024-10,Northumbria Police,Northumbria Police,-1.448619,55.005621,On or near Prudhoe Street,E01008544,North Tyneside 027D,Anti-social behaviour,,
,2024-10,Northumbria Police,Northumbria Police,-1.447936,55.005286,On or near Trinity Street,E01008544,North Tyneside 027D,Anti-social behaviour,,
,2024-10,Northumbria Police,Northumbria Police,-1.452109,55.005421,On or near Hylton Street,E01008544,North Tyneside 027D,Anti-social behaviour,,
955fe0fc53acd4defc386d7069b81c363fd035eeec3fb8277d4daba0b414145f,2024-10,Northumbria Police,Northumbria Police,-1.451985,55.005331,On or near Vicarage Street,E01008544,North Tyneside 027D,Criminal damage and arson,Local resolution,
dfc712c86ce797dce063b7a3a3bb07c1f01fffa63633571fc07c9b23f59bb1dd,2024-10,Northumbria Police,Northumbria Police,-1.449260,55.005660,On or near Spencer Street,E01008544,North Tyneside 027D,Criminal damage and arson,Investigation complete; no suspect identified,
a83d91be1c50faecdb6a8402d9f4c9d49ac07561a6eba98131755a71e3094af3,2024-10,Northumbria Police,Northumbria Police,-1.452591,55.003267,On or near Upper Penman Street,E01008544,North Tyneside 027D,Drugs,Status update unavailable,
db6a939b8e235ccd7019d0582b97c5770ea19c4acc14fae37d1c5234c9d56c13,2024-10,Northumbria Police,Northumbria Police,-1.452591,55.003267,On or near Upper Penman Street,E01008544,North Tyneside 027D,Drugs,Status update unavailable,
34fce405b69d040a910de298709d1345d475e103f3e233cf97f05b3fb455f642,2024-10,Northumbria Police,Northumbria Police,-1.449606,55.005482,On or near Prudhoe Street Back,E01008544,North Tyneside 027D,Other theft,Investigation complete; no suspect identified,
608bd2ff957918b9311a2d478f5c75be34c1d52c78fb94807b43989ff181943e,2024-10,Northumbria Police,Northumbria Police,-1.452591,55.003267,On or near Upper Penman Street,E01008544,North Tyneside 027D,Possession of weapons,Court result unavailable,
85099a71f164c7e950e35228045cb3b07034e9eca57d3984e9bd0376bc5509d4,2024-10,Northumbria Police,Northumbria Police,-1.445208,55.003611,On or near Duke Street,E01008544,North Tyneside 027D,Possession of weapons,Status update unavailable,
c614fe38c33a94daebe9dbe762e2f854276053f4b06c238af4cfa9cef5230495,2024-10,Northumbria Police,Northumbria Police,-1.448504,55.004911,On or near Trinity Place,E01008544,North Tyneside 027D,Public order,Investigation complete; no suspect identified,
ff3941fb23837626d0b2f8e88c15d2d1d8be2cd45d004e8b0e83bf3c58d1580f,2024-10,Northumbria Police,Northumbria Police,-1.445208,55.003611,On or near Duke Street,E01008544,North Tyneside 027D,Public order,Investigation complete; no suspect identified,
4460fe8ea0a9fa15040f8d1d8a217b0ca60376e8667a29f27b67302eed72c2fe,2024-10,Northumbria Police,Northumbria Police,-1.445208,55.003611,On or near Duke Street,E01008544,North Tyneside 027D,Vehicle crime,Investigation complete; no suspect identified,
36f9a4a938e62b96fbbc72cbfc0ada1dafb4d77acfcbf4739b75d7310df4b192,2024-10,Northumbria Police,Northumbria Police,-1.450239,55.007201,On or near Waterville Terrace,E01008544,North Tyneside 027D,Violence and sexual offences,Investigation complete; no suspect identified,
c7577fedf56debfaf1fc66663b363187f9b9537c639d69bdc5324fa8a986e3b1,2024-10,Northumbria Police,Northumbria Police,-1.446760,55.004436,On or near Coronation Street,E01008544,North Tyneside 027D,Violence and sexual offences,Court result unavailable,
d54a7ea89e01e7689fff3a88560e34c8b51f0de18e407f08bb2dd3d663360297,2024-10,Northumbria Police,Northumbria Police,-1.450239,55.007201,On or near Waterville Terrace,E01008544,North Tyneside 027D,Violence and sexual offences,Investigation complete; no suspect identified,
f31d01a25639af6e5011597b8a7f6560cd582df2d0ac0507281d2eac3baea9e3,2024-10,Northumbria Police,Northumbria Police,-1.449606,55.005482,On or near Prudhoe Street Back,E01008544,North Tyneside 027D,Violence and sexual offences,Investigation complete; no suspect identified,
d14a972ef72d5002728daaff13feb943033529e70bce6085c76a5ad48717f93b,2024-10,Northumbria Police,Northumbria Police,-1.445208,55.003611,On or near Duke Street,E01008544,North Tyneside 027D,Violence and sexual offences,Investigation complete; no suspect identified,
6fd357211f274434d7908d607cd8d06c8467014c75e9182a0cbd05d54951a6a8,2024-10,Northumbria Police,Northumbria Police,-1.452989,55.003916,On or near Cardonnel Street,E01008544,North Tyneside 027D,Violence and sexual offences,Court result unavailable,
65c39aecf8701e4ee654908767b473413a67d49af7fa23db41aab7e0c995fb81,2024-10,Northumbria Police,Northumbria Police,-1.452989,55.003916,On or near Cardonnel Street,E01008544,North Tyneside 027D,Violence and sexual offences,Investigation complete; no suspect identified,
975f2e2b3417e2819c284597734192e7d7fbba43c8de1dda531f1072e1e4fb55,2024-10,Northumbria Police,Northumbria Police,-1.445872,55.004207,On or near Tennyson Terrace,E01008544,North Tyneside 027D,Violence and sexual offences,Investigation complete; no suspect identified,
cbaf73868bae7ed9aa50a978fec221bf10ace3e996eda9fe46a06f3f475a475c,2024-10,Northumbria Police,Northumbria Police,-1.445208,55.003611,On or near Duke Street,E01008544,North Tyneside 027D,Violence and sexual offences,Investigation complete; no suspect identified,
,2024-10,Northumbria Police,Northumbria Police,-1.464593,55.002484,On or near Coventry Gardens,E01008545,North Tyneside 027E,Anti-social behaviour,,
,2024-10,Northumbria Police,Northumbria Police,-1.449508,55.003540,On or near Thrift Street,E01008545,North Tyneside 027E,Anti-social behaviour,,
,2024-10,Northumbria Police,Northumbria Police,-1.450855,55.003358,On or near Elsdon Street,E01008545,North Tyneside 027E,Anti-social behaviour,,
,2024-10,Northumbria Police,Northumbria Police,-1.450723,55.002701,On or near Penman Place,E01008545,North Tyneside 027E,Anti-social behaviour,,
,2024-10,Northumbria Police,Northumbria Police,-1.456339,55.001298,On or near Parking Area,E01008545,North Tyneside 027E,Anti-social behaviour,,
b6dcc06fed0cd54d1fe665a1f2c20e61364690ab65c3412956145b4e7ea172ad,2024-10,Northumbria Police,Northumbria Police,-1.450855,55.003358,On or near Elsdon Street,E01008545,North Tyneside 027E,Criminal damage and arson,Investigation complete; no suspect identified,
629b6f76b44d0e95ecf4538928f6b6eb372ecf1e131e01c14f38891fa5d175a2,2024-10,Northumbria Police,Northumbria Police,-1.457198,54.997896,On or near Hedley Road,E01008545,North Tyneside 027E,Criminal damage and arson,Investigation complete; no suspect identified,
8ee446aa8b95fb9997fb9342a3bcff7b46b7312051fe7b4aafb652b7c9588daf,2024-10,Northumbria Police,Northumbria Police,-1.464593,55.002484,On or near Coventry Gardens,E01008545,North Tyneside 027E,Criminal damage and arson,Status update unavailable,
cc422054667eee803055230336e0090f763eedf6e8f040998def5d57f3ff9c59,2024-10,Northumbria Police,Northumbria Police,-1.456339,55.001298,On or near Parking Area,E01008545,North Tyneside 027E,Other theft,Investigation complete; no suspect identified,
8100c12e956f79121b98dab0026d0eab43abdfbe77040f4c5b6ec803da354101,2024-10,Northumbria Police,Northumbria Police,-1.462349,55.003068,On or near Waterville Road,E01008545,North Tyneside 027E,Public order,Court result unavailable,
0250100864be111448a480906fff0ebeb0272776853c0de69a8da9aa4870bc06,2024-10,Northumbria Police,Northumbria Police,-1.453563,54.999668,On or near George Stephenson Way,E01008545,North Tyneside 027E,Public order,Status update unavailable,
e1b75c272dc478b654875a9b0cf106d50ed13c5ea1dd2d2a8f3bf33c168b7e2b,2024-10,Northumbria Police,Northumbria Police,-1.450855,55.003358,On or near Elsdon Street,E01008545,North Tyneside 027E,Public order,Status update unavailable,
c663511e9b1f6d1e7710fc133af996dca0906b275474761acab2c81736fd8522,2024-10,Northumbria Police,Northumbria Police,-1.457198,54.997896,On or near Hedley Road,E01008545,North Tyneside 027E,Public order,Investigation complete; no suspect identified,
3c072b22d761a2e08d72186897b3b4dd0c07a6fa470d72090d569deac2227749,2024-10,Northumbria Police,Northumbria Police,-1.464593,55.002484,On or near Coventry Gardens,E01008545,North Tyneside 027E,Shoplifting,Status update unavailable,
4154a01a60175a06569c8e0d098edd81f5735001421f6a8ee74bc15e73f4f510,2024-10,Northumbria Police,Northumbria Police,-1.464593,55.002484,On or near Coventry Gardens,E01008545,North Tyneside 027E,Shoplifting,Suspect charged as part of another case,
13e538fe846c0f58f71d8502f9c81ea47bf9b04c04170d6ebf7c6693ee6246c8,2024-10,Northumbria Police,Northumbria Police,-1.453270,55.000520,On or near Locomotion Way,E01008545,North Tyneside 027E,Violence and sexual offences,Status update unavailable,
9c4560be048b9b469c070d80797f84eb9efbf9e8f79c71a5d37f83b6a832aa15,2024-10,Northumbria Police,Northumbria Police,-1.457198,54.997896,On or near Hedley Road,E01008545,North Tyneside 027E,Violence and sexual offences,Status update unavailable,
58d569a0a270eccf0e2ba551c3ae603a178927aa7af232528426432f222f1462,2024-10,Northumbria Police,Northumbria Police,-1.462349,55.003068,On or near Waterville Road,E01008545,North Tyneside 027E,Violence and sexual offences,Status update unavailable,
261a8e837933717bba5d297d35a5a4c27cd94fe5135f1c693ab1662979c93e4d,2024-10,Northumbria Police,Northumbria Police,-1.462349,55.003068,On or near Waterville Road,E01008545,North Tyneside 027E,Violence and sexual offences,Investigation complete; no suspect identified,
2ef1a3530713583f99aa4abe5942b8a5d8647bfe7a7a5df2aeda2b506577defa,2024-10,Northumbria Police,Northumbria Police,-1.449508,55.003540,On or near Thrift Street,E01008545,North Tyneside 027E,Violence and sexual offences,Status update unavailable,
f1b0f24bc815985c1b7c2102bbc1f801227af931f95e0664309a2928dc76061b,2024-10,Northumbria Police,Northumbria Police,-1.457198,54.997896,On or near Hedley Road,E01008545,North Tyneside 027E,Violence and sexual offences,Investigation complete; no suspect identified,
cf9187989d044abaf4efa6020ac0008ef37de6ea621cc9afba5b33cb62638993,2024-10,Northumbria Police,Northumbria Police,-1.450855,55.003358,On or near Elsdon Street,E01008545,North Tyneside 027E,Violence and sexual offences,Status update unavailable,
,2024-10,Northumbria Police,Northumbria Police,-1.506477,54.997189,On or near Shakespeare Street,E01008511,North Tyneside 028A,Anti-social behaviour,,
,2024-10,Northumbria Police,Northumbria Police,-1.506477,54.997189,On or near Shakespeare Street,E01008511,North Tyneside 028A,Anti-social behaviour,,
,2024-10,Northumbria Police,Northumbria Police,-1.506477,54.997189,On or near Shakespeare Street,E01008511,North Tyneside 028A,Anti-social behaviour,,
,2024-10,Northumbria Police,Northumbria Police,-1.505242,54.997175,On or near Merlin Crescent,E01008511,North Tyneside 028A,Anti-social behaviour,,
,2024-10,Northumbria Police,Northumbria Police,-1.503043,54.996794,On or near Further/Higher Educational Building,E01008511,North Tyneside 028A,Anti-social behaviour,,
,2024-10,Northumbria Police,Northumbria Police,-1.502760,54.998216,On or near Gilsland Avenue,E01008511,North Tyneside 028A,Anti-social behaviour,,
,2024-10,Northumbria Police,Northumbria Police,-1.502804,54.999672,On or near Greenside Avenue,E01008511,North Tyneside 028A,Anti-social behaviour,,
d41dcc3df4460c44beda6bed2c209a1ff442caba5242c4be3ca6058ccb36ec5a,2024-10,Northumbria Police,Northumbria Police,-1.507813,54.996583,On or near Beverley Place,E01008511,North Tyneside 028A,Burglary,Status update unavailable,
90a5d312b883cba90a2f08eb11fa9b2016fafe9cb9c57dd542516c78185d3bc2,2024-10,Northumbria Police,Northumbria Police,-1.506081,54.998868,On or near Newton Avenue,E01008511,North Tyneside 028A,Burglary,Investigation complete; no suspect identified,
e406919eeeb17e0ef8ade038fdc6e785f1a7b68ed945880de92b2fe8ce34bef0,2024-10,Northumbria Police,Northumbria Police,-1.501525,54.998202,On or near Murray Road,E01008511,North Tyneside 028A,Burglary,Investigation complete; no suspect identified,
cebcb7f9a8e6376547258736e797a1739f1fa5eb22051360fce73464a9b9a6be,2024-10,Northumbria Police,Northumbria Police,-1.507813,54.996583,On or near Beverley Place,E01008511,North Tyneside 028A,Burglary,Status update unavailable,
1e7ab6ae464d0f29b676736a3efb3cf84db84a3108d1f46061fa338a0b0cf0b3,2024-10,Northumbria Police,Northumbria Police,-1.506477,54.997189,On or near Shakespeare Street,E01008511,North Tyneside 028A,Criminal damage and arson,Investigation complete; no suspect identified,
6a150db588b406d6cbca23239530bdd3e39869e7a8a931e6ffa0b8c7e680c396,2024-10,Northumbria Police,Northumbria Police,-1.507414,54.998532,On or near Bondfield Close,E01008511,North Tyneside 028A,Vehicle crime,Investigation complete; no suspect identified,
9fab1e8f5f143b99ae5ee55ebc827b9f76ef53d9cdd129a532cfb7e00b83696c,2024-10,Northumbria Police,Northumbria Police,-1.506477,54.997189,On or near Shakespeare Street,E01008511,North Tyneside 028A,Violence and sexual offences,Status update unavailable,
a480e2d182647b4df6fc0d08c35fa28dc3e846b2d3492242f3811a1c767a0d71,2024-10,Northumbria Police,Northumbria Police,-1.505249,54.996654,On or near Stanley Street,E01008511,North Tyneside 028A,Violence and sexual offences,Investigation complete; no suspect identified,
3f55336ade3281a7cacc9c13af42dbc21f87ab2d99137c8ab75d75901e01a09a,2024-10,Northumbria Police,Northumbria Police,-1.505249,54.996654,On or near Stanley Street,E01008511,North Tyneside 028A,Violence and sexual offences,Investigation complete; no suspect identified,
c777515086d81e09591fc687208b251bdbb165ca1383e6e2228a9e5541fd0dd3,2024-10,Northumbria Police,Northumbria Police,-1.505249,54.996654,On or near Stanley Street,E01008511,North Tyneside 028A,Violence and sexual offences,Status update unavailable,
b72e52d9ccd5e864b7cada328e07d209edefcdde568a2fc24844c15aad1ca485,2024-10,Northumbria Police,Northumbria Police,-1.508618,54.998545,On or near Garrett Close,E01008511,North Tyneside 028A,Violence and sexual offences,Status update unavailable,
,2024-10,Northumbria Police,Northumbria Police,-1.499177,54.995964,On or near Rosewood Terrace,E01008542,North Tyneside 028B,Anti-social behaviour,,
,2024-10,Northumbria Police,Northumbria Police,-1.491133,54.991815,On or near Gladstone Street,E01008542,North Tyneside 028B,Anti-social behaviour,,
,2024-10,Northumbria Police,Northumbria Police,-1.491900,54.992932,On or near Howdon Green,E01008542,North Tyneside 028B,Anti-social behaviour,,
,2024-10,Northumbria Police,Northumbria Police,-1.493522,54.996974,On or near Stead Street,E01008542,North Tyneside 028B,Anti-social behaviour,,
,2024-10,Northumbria Police,Northumbria Police,-1.493888,54.995214,On or near Howdon Lane,E01008542,North Tyneside 028B,Anti-social behaviour,,
,2024-10,Northumbria Police,Northumbria Police,-1.491900,54.992932,On or near Howdon Green,E01008542,North Tyneside 028B,Anti-social behaviour,,
,2024-10,Northumbria Police,Northumbria Police,-1.491447,54.997828,On or near Timlin Gardens,E01008542,North Tyneside 028B,Anti-social behaviour,,
,2024-10,Northumbria Police,Northumbria Police,-1.493456,54.995985,On or near Howdon,E01008542,North Tyneside 028B,Anti-social behaviour,,
bbab001f9f7c07d7313dcb371dc165b2d3646f8f59d09163a5c811c5f480f880,2024-10,Northumbria Police,Northumbria Police,-1.493456,54.995985,On or near Howdon,E01008542,North Tyneside 028B,Criminal damage and arson,Investigation complete; no suspect identified,
283e1c8d7c57bf4815edce78a69a976036f2cb0e63a1dae99a2618f2721bc6e9,2024-10,Northumbria Police,Northumbria Police,-1.493456,54.995985,On or near Howdon,E01008542,North Tyneside 028B,Criminal damage and arson,Investigation complete; no suspect identified,
b1d6177cf1bb948483c07daa99e6915c89e3ae001d974d6e62050bc6b29d2a36,2024-10,Northumbria Police,Northumbria Police,-1.491133,54.991815,On or near Gladstone Street,E01008542,North Tyneside 028B,Criminal damage and arson,Investigation complete; no suspect identified,
7980065b8c1fd2d4a2bf8870a0342228b74c700b307281056ed25c7f2ee2d434,2024-10,Northumbria Police,Northumbria Police,-1.493456,54.995985,On or near Howdon,E01008542,North Tyneside 028B,Criminal damage and arson,Status update unavailable,
8925ea68e8a52d25ca487c3a9da84ce4b17d56a14157f3390d25cda6a6e16f22,2024-10,Northumbria Police,Northumbria Police,-1.491133,54.991815,On or near Gladstone Street,E01008542,North Tyneside 028B,Other theft,Investigation complete; no suspect identified,
56d099228f4776b401ff14f953d89d46b21e4d8ea13909e51068dcb044d3a20d,2024-10,Northumbria Police,Northumbria Police,-1.488513,54.998732,On or near Firtrees Avenue,E01008542,North Tyneside 028B,Public order,Investigation complete; no suspect identified,
921c0ab1038e3d89ef945ad047b7899a07e4d33cb8e270f717b915a1a21e956a,2024-10,Northumbria Police,Northumbria Police,-1.496767,54.997437,On or near Tynemouth Road,E01008542,North Tyneside 028B,Public order,Status update unavailable,
39d6a0ea06437120c3f29ea4bcbce527a56c15c1b9413ff9071381258888cc02,2024-10,Northumbria Police,Northumbria Police,-1.491084,54.996892,On or near Rutherford Street,E01008542,North Tyneside 028B,Public order,Investigation complete; no suspect identified,
19723495f8ef89551362f43f601d1580d6f4963c99f91d285ee94def0a105853,2024-10,Northumbria Police,Northumbria Police,-1.496257,54.996967,On or near Hazelwood Terrace,E01008542,North Tyneside 028B,Vehicle crime,Investigation complete; no suspect identified,
ce54f08e45fab57d08fc1278275792c4e81e4a2ca1efe71e6adf2e6f80e6bb9c,2024-10,Northumbria Police,Northumbria Police,-1.491133,54.991815,On or near Gladstone Street,E01008542,North Tyneside 028B,Vehicle crime,Investigation complete; no suspect identified,
429e511d0aff5db0dc3cdfc8006fe3a6a458bd72bf587e3ae259c1866c5f2519,2024-10,Northumbria Police,Northumbria Police,-1.488513,54.998732,On or near Firtrees Avenue,E01008542,North Tyneside 028B,Violence and sexual offences,Status update unavailable,
bf3206814625124d8ddfb1f4bcd3b4f6863576ed4af869ed6f601661c57cfa8c,2024-10,Northumbria Police,Northumbria Police,-1.491900,54.992932,On or near Howdon Green,E01008542,North Tyneside 028B,Violence and sexual offences,Status update unavailable,
26f8cc21b9b7e941c21abbcf2ca91d0b05a730f0e07bc1b5c8558dc051aac41c,2024-10,Northumbria Police,Northumbria Police,-1.491900,54.992932,On or near Howdon Green,E01008542,North Tyneside 028B,Violence and sexual offences,Status update unavailable,
3236e77bee21a66891cc35dc62665a632073864ec02836e405e115ce9ea72ff1,2024-10,Northumbria Police,Northumbria Police,-1.491133,54.991815,On or near Gladstone Street,E01008542,North Tyneside 028B,Violence and sexual offences,Court result unavailable,
3bb0859465a91fc2b092b4f54a599797d7c9ad9e3cda6d775c5d273ecc080206,2024-10,Northumbria Police,Northumbria Police,-1.490508,54.997968,On or near Brunton Avenue,E01008542,North Tyneside 028B,Violence and sexual offences,Offender given a caution,
527595906fe1410945677bab8c1aeace2da50db18125edd867d32483d47da19d,2024-10,Northumbria Police,Northumbria Police,-1.493522,54.996974,On or near Stead Street,E01008542,North Tyneside 028B,Violence and sexual offences,Investigation complete; no suspect identified,
44277abb447576464251f19fee065fb0be1ed6cadc21a6a2cc4dd674f1b6297c,2024-10,Northumbria Police,Northumbria Police,-1.498376,54.996302,On or near Elizabeth Road,E01008542,North Tyneside 028B,Violence and sexual offences,Status update unavailable,
2e4ea480114a3f14186deb99f7fcfda05a24099ebabd0cf486db05a024cf1a59,2024-10,Northumbria Police,Northumbria Police,-1.496257,54.996967,On or near Hazelwood Terrace,E01008542,North Tyneside 028B,Violence and sexual offences,Investigation complete; no suspect identified,
78fc1064e67577c32f1b5c66b55bafb54ea9d5e697b3af745a2857a697dc6a97,2024-10,Northumbria Police,Northumbria Police,-1.488513,54.998732,On or near Firtrees Avenue,E01008542,North Tyneside 028B,Other crime,Investigation complete; no suspect identified,
,2024-10,Northumbria Police,Northumbria Police,-1.501283,54.992495,On or near Quay View,E01008543,North Tyneside 028C,Anti-social behaviour,,
,2024-10,Northumbria Police,Northumbria Police,-1.499044,54.995370,On or near Martin Road,E01008543,North Tyneside 028C,Anti-social behaviour,,
,2024-10,Northumbria Police,Northumbria Police,-1.494999,54.991346,On or near Station Road,E01008543,North Tyneside 028C,Anti-social behaviour,,
,2024-10,Northumbria Police,Northumbria Police,-1.499044,54.995370,On or near Martin Road,E01008543,North Tyneside 028C,Anti-social behaviour,,
,2024-10,Northumbria Police,Northumbria Police,-1.499044,54.995370,On or near Martin Road,E01008543,North Tyneside 028C,Anti-social behaviour,,
,2024-10,Northumbria Police,Northumbria Police,-1.499044,54.995370,On or near Martin Road,E01008543,North Tyneside 028C,Anti-social behaviour,,
,2024-10,Northumbria Police,Northumbria Police,-1.499044,54.995370,On or near Martin Road,E01008543,North Tyneside 028C,Anti-social behaviour,,
dc1f3800f8f0dc1f7c869c259f20fd2fafb45f34af1f982e023a9eaa5ae92784,2024-10,Northumbria Police,Northumbria Police,-1.501283,54.992495,On or near Quay View,E01008543,North Tyneside 028C,Bicycle theft,Investigation complete; no suspect identified,
2bb5c1232b0c5b946e41b038feb217b547a37d2fb77ba3bcabdded8be5ec2b04,2024-10,Northumbria Police,Northumbria Police,-1.504258,54.992076,On or near Gut Road,E01008543,North Tyneside 028C,Burglary,Investigation complete; no suspect identified,
f4de45699805708d83ecde15600899c15b72693f3e342a3643d425d5d7d2fad1,2024-10,Northumbria Police,Northumbria Police,-1.498109,54.991358,On or near Petrol Station,E01008543,North Tyneside 028C,Criminal damage and arson,Investigation complete; no suspect identified,
12b2dd1f4309c26d3a957b10fd62eb84284913121ee6646c55965ac8337c6936,2024-10,Northumbria Police,Northumbria Police,-1.495414,54.991931,On or near Armstrong Road,E01008543,North Tyneside 028C,Criminal damage and arson,Investigation complete; no suspect identified,
21fe72b9f5921cc93bc741990efc2ffeefb508bfd7821199385bc736859d3d1e,2024-10,Northumbria Police,Northumbria Police,-1.498109,54.991358,On or near Petrol Station,E01008543,North Tyneside 028C,Drugs,Status update unavailable,
4a5b89f76a0e2ede3273eef6ed525abdb512236036d6cdffdd0a6701d78ad817,2024-10,Northumbria Police,Northumbria Police,-1.502654,54.995439,On or near Ravensworth Close,E01008543,North Tyneside 028C,Other theft,Investigation complete; no suspect identified,
ddc8cdd273c89ccc0fca4453adee830487d2e8faee97bd1b0289154fd24a8427,2024-10,Northumbria Police,Northumbria Police,-1.493782,54.991170,On or near Addison Court,E01008543,North Tyneside 028C,Other theft,Status update unavailable,
889940cfb705174a6450cdf7297bf04dd8e3d8c62e434bbbea2dc7f4b49265a2,2024-10,Northumbria Police,Northumbria Police,-1.498109,54.991358,On or near Petrol Station,E01008543,North Tyneside 028C,Other theft,Investigation complete; no suspect identified,
cea723936a5301b207f1aa1f60f0cb31a3d840c9fb65356e188a7a7cd380f79e,2024-10,Northumbria Police,Northumbria Police,-1.498109,54.991358,On or near Petrol Station,E01008543,North Tyneside 028C,Other theft,Investigation complete; no suspect identified,
546b776f9978174fbd49cab757beef35df458f06ce78403101ab31148d15117a,2024-10,Northumbria Police,Northumbria Police,-1.500568,54.993444,On or near Mickley Close,E01008543,North Tyneside 028C,Other theft,Status update unavailable,
ad4f050ae700cf73ea5551d903faee4ddb36deb10ff50c9ba0afd00b1565f8f9,2024-10,Northumbria Police,Northumbria Police,-1.498109,54.991358,On or near Petrol Station,E01008543,North Tyneside 028C,Other theft,Investigation complete; no suspect identified,
257af3488abfc72b2f72914b15c62864c2a84fd5b0c18fbb279d132546ecad4b,2024-10,Northumbria Police,Northumbria Police,-1.492759,54.991714,On or near Clavering Street,E01008543,North Tyneside 028C,Public order,Status update unavailable,
9dc191b1c26f93c0ac3e030ee8e57f755c73c5ebe0811ed12cacd850de3179fb,2024-10,Northumbria Police,Northumbria Police,-1.500568,54.993444,On or near Mickley Close,E01008543,North Tyneside 028C,Public order,Investigation complete; no suspect identified,
ea045beddeb25195b6fd148231c29b59d62279a0b5936e405b648f4a70e09d09,2024-10,Northumbria Police,Northumbria Police,-1.501283,54.992495,On or near Quay View,E01008543,North Tyneside 028C,Public order,Investigation complete; no suspect identified,
50de3597d9d6a32a63066ed1e1d8ef3c2bb7b5da66ece594311e29fbea4d7dc1,2024-10,Northumbria Police,Northumbria Police,-1.503920,54.995417,On or near Ravensworth Street,E01008543,North Tyneside 028C,Public order,Status update unavailable,
cac0cf8d8fcc001c8e72917bee29bc90c6100febab9a5e6cb3f7f2554827d747,2024-10,Northumbria Police,Northumbria Police,-1.499044,54.995370,On or near Martin Road,E01008543,North Tyneside 028C,Public order,Status update unavailable,
d925decd06cabac796f0e969ba899b6b35bcc7ebc5be2fd4ebeba4b993e1787e,2024-10,Northumbria Police,Northumbria Police,-1.489809,54.991405,On or near Cumberland Street,E01008543,North Tyneside 028C,Public order,Status update unavailable,
fac5c07f062e2fa7855072cf507926e798b25af0e4a0db97dc967dded66c89b9,2024-10,Northumbria Police,Northumbria Police,-1.492759,54.991714,On or near Clavering Street,E01008543,North Tyneside 028C,Violence and sexual offences,Investigation complete; no suspect identified,
6c4c77bdccf49492b5696a383949f50fbc671949362c3caed0eba337091df1d6,2024-10,Northumbria Police,Northumbria Police,-1.493782,54.991170,On or near Addison Court,E01008543,North Tyneside 028C,Violence and sexual offences,Status update unavailable,
3be677684c3a2f47c3ec464efe69464bf4396102b4b828f000bd2e09f49f6c98,2024-10,Northumbria Police,Northumbria Police,-1.495965,54.992805,On or near Haydon Drive,E01008543,North Tyneside 028C,Violence and sexual offences,Investigation complete; no suspect identified,
146242fbc0dbcd56db93d87eea8cefe3a13b107efa7762eb693c98cd3d57aaed,2024-10,Northumbria Police,Northumbria Police,-1.501384,54.995721,On or near Kent Avenue,E01008543,North Tyneside 028C,Violence and sexual offences,Status update unavailable,
e0dd67dd34ca24b334a3e206658e7660ea2b66272cb05c16ec2daf6014f580db,2024-10,Northumbria Police,Northumbria Police,-1.503920,54.995417,On or near Ravensworth Street,E01008543,North Tyneside 028C,Violence and sexual offences,Investigation complete; no suspect identified,
6be02bdcce3a545a18526e3027b0791466fe3e9465ca921ed0c1f20bf6efa425,2024-10,Northumbria Police,Northumbria Police,-1.492759,54.991714,On or near Clavering Street,E01008543,North Tyneside 028C,Violence and sexual offences,Status update unavailable,
be16de9c48759fc1e1d83d46ed8120f1310214a1ca8dda56267c0462f8e82eb9,2024-10,Northumbria Police,Northumbria Police,-1.500568,54.993444,On or near Mickley Close,E01008543,North Tyneside 028C,Violence and sexual offences,Status update unavailable,
d7409015b1cb165856472da9e0c9b4c71f99d755cdd97723fc4c1966edc244c5,2024-10,Northumbria Police,Northumbria Police,-1.500568,54.993444,On or near Mickley Close,E01008543,North Tyneside 028C,Violence and sexual offences,Investigation complete; no suspect identified,
106aa0dc411c8b6ec2a9d41626cfee99908aef08f132286cfac49deb3b85dfe5,2024-10,Northumbria Police,Northumbria Police,-1.505956,54.995066,On or near Bamburgh Drive,E01008543,North Tyneside 028C,Violence and sexual offences,Investigation complete; no suspect identified,
d29af77f45c739d594682cc59f9224d11dd84beda2636226ffd9ea82a0d43c78,2024-10,Northumbria Police,Northumbria Police,-1.492759,54.991714,On or near Clavering Street,E01008543,North Tyneside 028C,Violence and sexual offences,Status update unavailable,
0a53b18a6eebfdf1e2f7607a7815a7ae2926d858d3cfc587a93fb36b36b49dd9,2024-10,Northumbria Police,Northumbria Police,-1.495414,54.991931,On or near Armstrong Road,E01008543,North Tyneside 028C,Violence and sexual offences,Status update unavailable,
9334e6af1359c4cd48e5068eb51782fbc51550553d4b4a72521f4b3d998d3195,2024-10,Northumbria Police,Northumbria Police,-1.493782,54.991170,On or near Addison Court,E01008543,North Tyneside 028C,Other crime,Status update unavailable,
,2024-10,Northumbria Police,Northumbria Police,-1.509012,55.002070,On or near Dovecrest Court,E01008571,North Tyneside 028D,Anti-social behaviour,,
,2024-10,Northumbria Police,Northumbria Police,-1.509012,55.002070,On or near Dovecrest Court,E01008571,North Tyneside 028D,Anti-social behaviour,,
,2024-10,Northumbria Police,Northumbria Police,-1.516071,54.992285,On or near Hadrian Road,E01008571,North Tyneside 028D,Anti-social behaviour,,
,2024-10,Northumbria Police,Northumbria Police,-1.511918,54.997076,On or near Ashbrooke Gardens,E01008571,North Tyneside 028D,Anti-social behaviour,,
fc16cd7a432c53d1878d4a18b3ab76636359727b4ef7d5ade547d08d589da869,2024-10,Northumbria Police,Northumbria Police,-1.511471,54.996598,On or near Bishops Close,E01008571,North Tyneside 028D,Burglary,Investigation complete; no suspect identified,
33577bed2601648e2289df0c37e3b50bb379a24bd433796bfd7cdd7633c06ec3,2024-10,Northumbria Police,Northumbria Police,-1.509727,54.998622,On or near Glanton Close,E01008571,North Tyneside 028D,Burglary,Status update unavailable,
6fb17664fea1447ea9c9cb693c3dfabec5265fffcd2938f1f7eee16048b45730,2024-10,Northumbria Police,Northumbria Police,-1.510157,54.996700,On or near Willington Terrace,E01008571,North Tyneside 028D,Burglary,Investigation complete; no suspect identified,
96524f954aff2f81f0821c6b5877e7a39bfd0e421eeb0a0b1812ce62be25c2d1,2024-10,Northumbria Police,Northumbria Police,-1.511471,54.996598,On or near Bishops Close,E01008571,North Tyneside 028D,Burglary,Investigation complete; no suspect identified,
7864c12e2a0229407dc906890c5ce4a3db9c2184b3e1efd5cfe32a17ab32b635,2024-10,Northumbria Police,Northumbria Police,-1.509565,55.001658,On or near Threap Gardens,E01008571,North Tyneside 028D,Burglary,Investigation complete; no suspect identified,
2241b6f891821771610d8452cbe7e241b8946f0743134883aa2976a761436a3a,2024-10,Northumbria Police,Northumbria Police,-1.510157,54.996700,On or near Willington Terrace,E01008571,North Tyneside 028D,Criminal damage and arson,Status update unavailable,
079bf883b2fdb2c78681b54e8ea680f370c9e82f928ede50b6c6ee594713d330,2024-10,Northumbria Police,Northumbria Police,-1.509727,54.998622,On or near Glanton Close,E01008571,North Tyneside 028D,Other theft,Status update unavailable,
b0f0397ce10caacaa1224c4d751690b49636de42013bc3277c5d4cbd9c4df3eb,2024-10,Northumbria Police,Northumbria Police,-1.510157,54.996700,On or near Willington Terrace,E01008571,North Tyneside 028D,Other theft,Investigation complete; no suspect identified,
de77965f139e529c82f72ec30bd7c1d04d3ad5eb9b279cced312c5ce86b478b9,2024-10,Northumbria Police,Northumbria Police,-1.509012,55.002070,On or near Dovecrest Court,E01008571,North Tyneside 028D,Public order,Status update unavailable,
53cac0970b3154ce68651a0cab13c5bc990188c13aeafab6a1052d6d08d4b62e,2024-10,Northumbria Police,Northumbria Police,-1.509012,55.002070,On or near Dovecrest Court,E01008571,North Tyneside 028D,Violence and sexual offences,Status update unavailable,
18c7ee1a1ec133d85428b2bdc8dfb80c214c662950a5c2b1c083ca62821e6c65,2024-10,Northumbria Police,Northumbria Police,-1.509012,55.002070,On or near Dovecrest Court,E01008571,North Tyneside 028D,Violence and sexual offences,Status update unavailable,
93cc88107874f9dae00dc905cfcefe81b5ee93c8363aed4613426999c398f471,2024-10,Northumbria Police,Northumbria Police,-1.517235,54.992954,On or near Church View,E01008571,North Tyneside 028D,Violence and sexual offences,Investigation complete; no suspect identified,
7745d3ff53135cbb2b0149f18f396aa395655c691530ed1cd469c02c23c24b2c,2024-10,Northumbria Police,Northumbria Police,-1.509012,55.002070,On or near Dovecrest Court,E01008571,North Tyneside 028D,Violence and sexual offences,Court result unavailable,
1aac52940115e055d508af39d0e8263a4a8435bf2c064358f85ddab1874b57ba,2024-10,Northumbria Police,Northumbria Police,-1.509012,55.002070,On or near Dovecrest Court,E01008571,North Tyneside 028D,Violence and sexual offences,Court result unavailable,
e2a7a7ed4081f01d50e1cf9215367230867ff1d4d331315283b88be0de3bf41a,2024-10,Northumbria Police,Northumbria Police,-1.511846,55.001731,On or near Whitby Gardens,E01008571,North Tyneside 028D,Violence and sexual offences,Investigation complete; no suspect identified,
2294215f3bf762b2bd4f0c55a8b8434bdf293ea712fa244eae19f7ee94afc55e,2024-10,Northumbria Police,Northumbria Police,-1.510157,54.996700,On or near Willington Terrace,E01008571,North Tyneside 028D,Violence and sexual offences,Investigation complete; no suspect identified,
4f6c2b80e04001e5430d924ab126978e0fba0ea6801f0ec979a3b7557bfc6d08,2024-10,Northumbria Police,Northumbria Police,-1.509012,55.002070,On or near Dovecrest Court,E01008571,North Tyneside 028D,Violence and sexual offences,Status update unavailable,
5e065543ccae8044e53c0a579a379213c938720eece3c1fbe942aeb3dbd7745d,2024-10,Northumbria Police,Northumbria Police,-1.509012,55.002070,On or near Dovecrest Court,E01008571,North Tyneside 028D,Violence and sexual offences,Investigation complete; no suspect identified,
093472e88a0e538698028d6ad54480b8285c0b2c4855854accc99a5cbc8c2a6b,2024-10,Northumbria Police,Northumbria Police,-1.509012,55.002070,On or near Dovecrest Court,E01008571,North Tyneside 028D,Violence and sexual offences,Status update unavailable,
5ef803d7b4822906cfe38a74b9687438e91df5fabff55f88891b805506f812c6,2024-10,Northumbria Police,Northumbria Police,-1.510157,54.996700,On or near Willington Terrace,E01008571,North Tyneside 028D,Other crime,Status update unavailable,
,2024-10,Northumbria Police,Northumbria Police,-1.523810,54.992118,On or near Ash Grove,E01008572,North Tyneside 029A,Anti-social behaviour,,
,2024-10,Northumbria Police,Northumbria Police,-1.520559,54.989517,On or near Davy Bank,E01008572,North Tyneside 029A,Anti-social behaviour,,
,2024-10,Northumbria Police,Northumbria Police,-1.520559,54.989517,On or near Davy Bank,E01008572,North Tyneside 029A,Anti-social behaviour,,
4cbb5d6e678b7efe37f1049ae7e9e5f99d50c1a82e8bffed9172479db91b4e2b,2024-10,Northumbria Police,Northumbria Police,-1.529405,54.990756,On or near Vine Street,E01008572,North Tyneside 029A,Burglary,Investigation complete; no suspect identified,
9dcb25a450cc5580062d9895c87f709e16636dbe832b301e4226153675c4163d,2024-10,Northumbria Police,Northumbria Police,-1.520559,54.989517,On or near Davy Bank,E01008572,North Tyneside 029A,Burglary,Investigation complete; no suspect identified,
765853e726dff8aa49857fc1c8ad518ca78c1d44d82e3db8fd4e9f90d0f17d7e,2024-10,Northumbria Police,Northumbria Police,-1.529405,54.990756,On or near Vine Street,E01008572,North Tyneside 029A,Criminal damage and arson,Investigation complete; no suspect identified,
0a763ed163dd26445b5d19219606b0ba920bf4b30e03e9503f566243d6cbaf94,2024-10,Northumbria Police,Northumbria Police,-1.527454,54.990595,On or near Holly Avenue,E01008572,North Tyneside 029A,Other theft,Investigation complete; no suspect identified,
91ff680c9863143bd3302c385e1eb1130b927d52a48adc0baf46730c0631da80,2024-10,Northumbria Police,Northumbria Police,-1.527454,54.990595,On or near Holly Avenue,E01008572,North Tyneside 029A,Other theft,Investigation complete; no suspect identified,
92aec475b4a70d56c051868b24dab2bdf48ab4a523be4ca30e955374c3b55c1c,2024-10,Northumbria Police,Northumbria Police,-1.529405,54.990756,On or near Vine Street,E01008572,North Tyneside 029A,Other theft,Investigation complete; no suspect identified,
2d32aeeab44264e0d10df224bbed42c2d103462ecb3657b9824735e02b766117,2024-10,Northumbria Police,Northumbria Police,-1.522045,54.992012,On or near Oak Grove,E01008572,North Tyneside 029A,Possession of weapons,Court result unavailable,
c53263dc22f4b6e4893d10f8853d670662aa9c1d1641c98eb652944387b472c7,2024-10,Northumbria Police,Northumbria Police,-1.527454,54.990595,On or near Holly Avenue,E01008572,North Tyneside 029A,Public order,Status update unavailable,
8bb73b940a90f873c9695dfe36c70eace87f732367b7cdcf553435b0fc8d71f0,2024-10,Northumbria Police,Northumbria Police,-1.525984,54.994606,On or near Alnwick Street,E01008572,North Tyneside 029A,Public order,Status update unavailable,
a66617582c7373e199d299365f39d64f10f5d4c0fc2e3e98adf63f6ecf5d9af2,2024-10,Northumbria Police,Northumbria Police,-1.522045,54.992012,On or near Oak Grove,E01008572,North Tyneside 029A,Public order,Court result unavailable,
4a41b3e4c1e3ca28d6a78c9bf76038d43b59011f7e4a979aba811c960b249ac4,2024-10,Northumbria Police,Northumbria Police,-1.522934,54.992150,On or near Willow Grove,E01008572,North Tyneside 029A,Robbery,Investigation complete; no suspect identified,
e818b40ec33c1d4639a4d242a810f8001c5c9c8c707d5f7c7e9034ea573fd22c,2024-10,Northumbria Police,Northumbria Police,-1.522045,54.992012,On or near Oak Grove,E01008572,North Tyneside 029A,Vehicle crime,Investigation complete; no suspect identified,
d5f03222e96ad822dda602e933f8540da8dec7c9442bf66ea3bf4de43aee28eb,2024-10,Northumbria Police,Northumbria Police,-1.522934,54.992150,On or near Willow Grove,E01008572,North Tyneside 029A,Vehicle crime,Investigation complete; no suspect identified,
3c98404f6954210b642fec57e97c05c45c378f1402dad171fc79346a7787ff43,2024-10,Northumbria Police,Northumbria Police,-1.526836,54.995248,On or near Percy Street,E01008572,North Tyneside 029A,Violence and sexual offences,Status update unavailable,
eff6ae7d9cc6f39c89769bb7dc7d344a6a31d46129da10365a2c7671fa821a0a,2024-10,Northumbria Police,Northumbria Police,-1.519870,54.994843,On or near Further/Higher Educational Building,E01008572,North Tyneside 029A,Violence and sexual offences,Status update unavailable,
8f1dbd80866694bea5532566dccaf162cd1705f0ed604373e24975c0d6a29dec,2024-10,Northumbria Police,Northumbria Police,-1.525984,54.994606,On or near Alnwick Street,E01008572,North Tyneside 029A,Violence and sexual offences,Status update unavailable,
0e37167f591cfc088079c7f3343c11ac54f83627c572bb8256f50057bdb88ed8,2024-10,Northumbria Police,Northumbria Police,-1.523072,54.993750,On or near Dene Crescent,E01008572,North Tyneside 029A,Violence and sexual offences,Status update unavailable,
0a05c72b2aacd0d0954cf8b3e0947973b0cefb85f9baffa3e42c99d2471c6fe8,2024-10,Northumbria Police,Northumbria Police,-1.519196,54.992342,On or near Limekiln Court,E01008572,North Tyneside 029A,Violence and sexual offences,Status update unavailable,
4e5292f60484bd94276494cd57099fa0a983e0a607a33ec1821efe3bd91c883b,2024-10,Northumbria Police,Northumbria Police,-1.529405,54.990756,On or near Vine Street,E01008572,North Tyneside 029A,Violence and sexual offences,Investigation complete; no suspect identified,
487b7ddb8d55b7ecd4f0f247d2314e92629dc039215338fad8f2bad69d0e2b45,2024-10,Northumbria Police,Northumbria Police,-1.526836,54.995248,On or near Percy Street,E01008572,North Tyneside 029A,Violence and sexual offences,Status update unavailable,
af83ac58f36ca8c30006c83f3bd2ad4d59e0a4c912f6c0505e86f655a21bf7da,2024-10,Northumbria Police,Northumbria Police,-1.519870,54.994843,On or near Further/Higher Educational Building,E01008572,North Tyneside 029A,Violence and sexual offences,Status update unavailable,
3cc7f1b85728e45f52d44dd0f90387ee47a88b35073a06d7efc07b8d60ec9654,2024-10,Northumbria Police,Northumbria Police,-1.523072,54.993750,On or near Dene Crescent,E01008572,North Tyneside 029A,Violence and sexual offences,Status update unavailable,
c8551b9a2afd3ae99fd90f1862c3ecbcc9b5b9df20eb8151b72d8d701aa02cb0,2024-10,Northumbria Police,Northumbria Police,-1.527454,54.990595,On or near Holly Avenue,E01008572,North Tyneside 029A,Other crime,Investigation complete; no suspect identified,
582f8720c6a7e5110d42893b170a049041695c3107c0310a5ad85b8db0e4b103,2024-10,Northumbria Police,Northumbria Police,-1.523810,54.992118,On or near Ash Grove,E01008572,North Tyneside 029A,Other crime,Status update unavailable,
,2024-10,Northumbria Police,Northumbria Police,-1.526820,54.993954,On or near Richardson Street,E01008573,North Tyneside 029B,Anti-social behaviour,,
,2024-10,Northumbria Police,Northumbria Police,-1.531682,54.991205,On or near Chestnut Street,E01008573,North Tyneside 029B,Anti-social behaviour,,
,2024-10,Northumbria Police,Northumbria Police,-1.531682,54.991205,On or near Chestnut Street,E01008573,North Tyneside 029B,Anti-social behaviour,,
,2024-10,Northumbria Police,Northumbria Police,-1.532434,54.991082,On or near Sycamore Street,E01008573,North Tyneside 029B,Anti-social behaviour,,
,2024-10,Northumbria Police,Northumbria Police,-1.527924,54.993104,On or near Northumberland Street,E01008573,North Tyneside 029B,Anti-social behaviour,,
,2024-10,Northumbria Police,Northumbria Police,-1.526820,54.993954,On or near Richardson Street,E01008573,North Tyneside 029B,Anti-social behaviour,,
,2024-10,Northumbria Police,Northumbria Police,-1.532434,54.991082,On or near Sycamore Street,E01008573,North Tyneside 029B,Anti-social behaviour,,
,2024-10,Northumbria Police,Northumbria Police,-1.532434,54.991082,On or near Sycamore Street,E01008573,North Tyneside 029B,Anti-social behaviour,,
,2024-10,Northumbria Police,Northumbria Police,-1.526600,54.991428,On or near Lawson Street,E01008573,North Tyneside 029B,Anti-social behaviour,,
,2024-10,Northumbria Police,Northumbria Police,-1.526820,54.993954,On or near Richardson Street,E01008573,North Tyneside 029B,Anti-social behaviour,,
,2024-10,Northumbria Police,Northumbria Police,-1.532434,54.991082,On or near Sycamore Street,E01008573,North Tyneside 029B,Anti-social behaviour,,
,2024-10,Northumbria Police,Northumbria Police,-1.526820,54.993954,On or near Richardson Street,E01008573,North Tyneside 029B,Anti-social behaviour,,
,2024-10,Northumbria Police,Northumbria Police,-1.527924,54.993104,On or near Northumberland Street,E01008573,North Tyneside 029B,Anti-social behaviour,,
54a22b71bc4fa44c1da00da88cea9c7eee1ea5b8132f605460eafac90478e2f4,2024-10,Northumbria Police,Northumbria Police,-1.527924,54.993104,On or near Northumberland Street,E01008573,North Tyneside 029B,Burglary,Investigation complete; no suspect identified,
8d688daf287b1e546668c197535c317a16db30429c2532adcd28ebd26bd34fff,2024-10,Northumbria Police,Northumbria Police,-1.529485,54.991942,On or near Parking Area,E01008573,North Tyneside 029B,Criminal damage and arson,Investigation complete; no suspect identified,
175ca07c7a976f1bac5a8339e0a60b4aa36286e60f0aa9638ad2e82a5bd91c50,2024-10,Northumbria Police,Northumbria Police,-1.527924,54.993104,On or near Northumberland Street,E01008573,North Tyneside 029B,Drugs,Court result unavailable,
07dfd31765e88f1118e83cff0be1e0784f794755ba88f7d68aaab1dba3b47ecf,2024-10,Northumbria Police,Northumbria Police,-1.532434,54.991082,On or near Sycamore Street,E01008573,North Tyneside 029B,Drugs,Local resolution,
9932ec2f1d79b30755adfec371046b8b49fb4f60be20a022791702873bcc94fe,2024-10,Northumbria Police,Northumbria Police,-1.531682,54.991205,On or near Chestnut Street,E01008573,North Tyneside 029B,Other theft,Investigation complete; no suspect identified,
a86b1302ca85c394d7f75630b18a12e4d392ceff12ae20c5badb29cbe61b1bff,2024-10,Northumbria Police,Northumbria Police,-1.531682,54.991205,On or near Chestnut Street,E01008573,North Tyneside 029B,Possession of weapons,Investigation complete; no suspect identified,
86ba0c4cd6166d577c47084506439816831c51d4d1c65acd875c5ee4980b4233,2024-10,Northumbria Police,Northumbria Police,-1.531682,54.991205,On or near Chestnut Street,E01008573,North Tyneside 029B,Public order,Status update unavailable,
1caf132446db47d30adf5d9b7eae4c9aa478f14b6015cb9ff9f94a7e69601ffe,2024-10,Northumbria Police,Northumbria Police,-1.532434,54.991082,On or near Sycamore Street,E01008573,North Tyneside 029B,Shoplifting,Investigation complete; no suspect identified,
ae11b07acf14a795e00fbc424de8074bc013b247412ebef5480cf766324d3749,2024-10,Northumbria Police,Northumbria Police,-1.531682,54.991205,On or near Chestnut Street,E01008573,North Tyneside 029B,Theft from the person,Investigation complete; no suspect identified,
7fe22b7271214323a7a903f7014fb6036b4fc38211c79e0de2cb850ba099118e,2024-10,Northumbria Police,Northumbria Police,-1.527924,54.993104,On or near Northumberland Street,E01008573,North Tyneside 029B,Vehicle crime,Investigation complete; no suspect identified,
48603a0ea17f3f147c5f2897ceeae1b0d68a378694d878270b75bbb8feae2dce,2024-10,Northumbria Police,Northumbria Police,-1.532434,54.991082,On or near Sycamore Street,E01008573,North Tyneside 029B,Vehicle crime,Investigation complete; no suspect identified,
66ef1784f67826750bd3f40375b188b530c801086f1a07c4378d3292856f5e25,2024-10,Northumbria Police,Northumbria Police,-1.530134,54.993975,On or near North View,E01008573,North Tyneside 029B,Vehicle crime,Investigation complete; no suspect identified,
ac8cad6755dc9d0c9e535978c785a559d80da55952a47bb30a3474ba0ad3895e,2024-10,Northumbria Police,Northumbria Police,-1.531251,54.991940,On or near Park Road,E01008573,North Tyneside 029B,Violence and sexual offences,Investigation complete; no suspect identified,
4af7a6958735715896c305c9b2de88347766826a231e4f62103d3efac9baa878,2024-10,Northumbria Police,Northumbria Police,-1.530134,54.993975,On or near North View,E01008573,North Tyneside 029B,Violence and sexual offences,Investigation complete; no suspect identified,
9b91e46804f8f545d1316fc21e4c3968febf10b779b302c27d97f0c0f6152d44,2024-10,Northumbria Police,Northumbria Police,-1.529917,54.991153,On or near Laurel Street,E01008573,North Tyneside 029B,Violence and sexual offences,Status update unavailable,
880e10b7c4924b5dfa4f8a97aad1beee67c2aa463a1181a41366a4d98e9c89ca,2024-10,Northumbria Police,Northumbria Police,-1.527924,54.993104,On or near Northumberland Street,E01008573,North Tyneside 029B,Violence and sexual offences,Court result unavailable,
0b890e0c2757c2630795d25ac73b5a9bd55c5b3609b01465dfac57d60392d20d,2024-10,Northumbria Police,Northumbria Police,-1.532434,54.991082,On or near Sycamore Street,E01008573,North Tyneside 029B,Violence and sexual offences,Investigation complete; no suspect identified,
8db4743980ac947fcd39c608df2da1446fbff9ff2502b23244d594980b789b0d,2024-10,Northumbria Police,Northumbria Police,-1.527924,54.993104,On or near Northumberland Street,E01008573,North Tyneside 029B,Violence and sexual offences,Court result unavailable,
e722802ba9fd7f7785b015d6aa71f8855a3882c6142e521de785a9b1f01b0c38,2024-10,Northumbria Police,Northumbria Police,-1.531682,54.991205,On or near Chestnut Street,E01008573,North Tyneside 029B,Violence and sexual offences,Investigation complete; no suspect identified,
6a1325f2b2a3184ae6a6a3ab7c8ae98d68c93c672e55b8c39bc8aa3719a4a7f9,2024-10,Northumbria Police,Northumbria Police,-1.526820,54.993954,On or near Richardson Street,E01008573,North Tyneside 029B,Violence and sexual offences,Status update unavailable,
7b833edde0f1fe33448c8ff15d1f280ce25d803f78fa651433d83974db1c0a0c,2024-10,Northumbria Police,Northumbria Police,-1.525146,54.991431,On or near Coach Road,E01008573,North Tyneside 029B,Violence and sexual offences,Investigation complete; no suspect identified,
305480b62e0fb2e059dbe3499ff548a8269727357d892a7e990a40980f55aebb,2024-10,Northumbria Police,Northumbria Police,-1.527092,54.992077,On or near High Street East,E01008573,North Tyneside 029B,Violence and sexual offences,Investigation complete; no suspect identified,
f4943da3fc47c0ee5a8ddcdc71c7ebbd4b4fa28747d38283a804dbd901b3cda9,2024-10,Northumbria Police,Northumbria Police,-1.527092,54.992077,On or near High Street East,E01008573,North Tyneside 029B,Violence and sexual offences,Status update unavailable,
e54a2caae4f2050c077a695da735b446f83b9d85c5cacbdacf71af19a380066e,2024-10,Northumbria Police,Northumbria Police,-1.526820,54.993954,On or near Richardson Street,E01008573,North Tyneside 029B,Violence and sexual offences,Investigation complete; no suspect identified,
531eddbcbe6cdb77138b71ea68407d35e241d6b6dfced4fcc8f9d9e410cde557,2024-10,Northumbria Police,Northumbria Police,-1.530617,54.992737,On or near Coronation Street,E01008573,North Tyneside 029B,Violence and sexual offences,Status update unavailable,
427e3c8d525279e9c9eaa0a0797fa1133c7551d44683d92201c11ac22b766a91,2024-10,Northumbria Police,Northumbria Police,-1.525146,54.991431,On or near Coach Road,E01008573,North Tyneside 029B,Violence and sexual offences,Investigation complete; no suspect identified,
175e3cda37c7c77f6a8a6dd6f66809dc020be6ecd07c3e5af23c803ac634a72a,2024-10,Northumbria Police,Northumbria Police,-1.525146,54.991431,On or near Coach Road,E01008573,North Tyneside 029B,Violence and sexual offences,Status update unavailable,
3b8a5c3a7ce0b82eca5f503fc1d5ed565ed158ca661d6cbfbdb84f1ed8b29155,2024-10,Northumbria Police,Northumbria Police,-1.529485,54.991942,On or near Parking Area,E01008573,North Tyneside 029B,Other crime,Status update unavailable,
,2024-10,Northumbria Police,Northumbria Police,-1.529425,54.994422,On or near Grange Villas,E01008574,North Tyneside 029C,Anti-social behaviour,,
,2024-10,Northumbria Police,Northumbria Police,-1.529425,54.994422,On or near Grange Villas,E01008574,North Tyneside 029C,Anti-social behaviour,,
b0e822b59726f162797e765c0ff0064cfbbec3dd7306da7d5b5064ac94e43cf4,2024-10,Northumbria Police,Northumbria Police,-1.531943,54.995609,On or near Lily Bank,E01008574,North Tyneside 029C,Burglary,Investigation complete; no suspect identified,
0c4488300776e834e8aa06593fc8742afd3f5dbd8b8b116769ccbf8bfe160d50,2024-10,Northumbria Police,Northumbria Police,-1.531943,54.995609,On or near Lily Bank,E01008574,North Tyneside 029C,Criminal damage and arson,Investigation complete; no suspect identified,
c70ac3cb0123a99c850c39a14e0fda1e9bdd8ddb7858d71a83993a828147fe55,2024-10,Northumbria Police,Northumbria Police,-1.529425,54.994422,On or near Grange Villas,E01008574,North Tyneside 029C,Criminal damage and arson,Status update unavailable,
d028b7ef7469e52d8653f2b56fa04799add7d9b226ba7d4a3a5cda0562296158,2024-10,Northumbria Police,Northumbria Police,-1.535288,55.001049,On or near Ashfield Mews,E01008574,North Tyneside 029C,Criminal damage and arson,Status update unavailable,
d5a21896485f05a4cf237637d0809cbd00d43562a7ab942ca18d96048d2d3330,2024-10,Northumbria Police,Northumbria Police,-1.529425,54.994422,On or near Grange Villas,E01008574,North Tyneside 029C,Possession of weapons,Investigation complete; no suspect identified,
c83438c1671cda7e8803f2a80bbb0d707176eb07c2ad86929afcb42bd40a9bcd,2024-10,Northumbria Police,Northumbria Police,-1.531943,54.995609,On or near Lily Bank,E01008574,North Tyneside 029C,Public order,Status update unavailable,
0361656994a96447a16f8612c8e758cf6e5527e111d6a7a929b6814463593738,2024-10,Northumbria Police,Northumbria Police,-1.530441,54.994426,On or near Grange Close,E01008574,North Tyneside 029C,Robbery,Investigation complete; no suspect identified,
f362d07f0d26ea7a53754b9cf4090c042e2d06eb3ab4146dc3026618e91e1a0c,2024-10,Northumbria Police,Northumbria Police,-1.535288,55.001049,On or near Ashfield Mews,E01008574,North Tyneside 029C,Violence and sexual offences,Status update unavailable,
387736ee58b6ddc6490d2d89ba46aa3289bf8f3b422138ed8366530bd5c65866,2024-10,Northumbria Police,Northumbria Police,-1.529425,54.994422,On or near Grange Villas,E01008574,North Tyneside 029C,Violence and sexual offences,Status update unavailable,
427cf9588e458b693b58c0b21d8f9a6edc20e20001b92f397b52fee85f195e7d,2024-10,Northumbria Police,Northumbria Police,-1.531943,54.995609,On or near Lily Bank,E01008574,North Tyneside 029C,Violence and sexual offences,Investigation complete; no suspect identified,
fb44d92a4ad447db5fd317d5196679359febe923dd2750a8c676d348ffc566e2,2024-10,Northumbria Police,Northumbria Police,-1.529425,54.994422,On or near Grange Villas,E01008574,North Tyneside 029C,Violence and sexual offences,Investigation complete; no suspect identified,
7358ad92fb6bf0bfaefce91d4c670a58b0d86dc0017f9fefaacdcdfa84224ced,2024-10,Northumbria Police,Northumbria Police,-1.529425,54.994422,On or near Grange Villas,E01008574,North Tyneside 029C,Violence and sexual offences,Investigation complete; no suspect identified,
69571b3816b9da9296e0975a8937dde044f6068586f26bad3ff80a46f5e981eb,2024-10,Northumbria Police,Northumbria Police,-1.538107,55.000584,On or near Selby Gardens,E01008574,North Tyneside 029C,Violence and sexual offences,Status update unavailable,
1261d5f57d35672df259f5d71f9202e67e07567b20136e42b01063195f5f2406,2024-10,Northumbria Police,Northumbria Police,-1.529425,54.994422,On or near Grange Villas,E01008574,North Tyneside 029C,Violence and sexual offences,Status update unavailable,
f48de04b999d73c3d0c317a8d5908be0a80510f3c280f97b7eda4c57f910b438,2024-10,Northumbria Police,Northumbria Police,-1.529425,54.994422,On or near Grange Villas,E01008574,North Tyneside 029C,Violence and sexual offences,Status update unavailable,
cfe1e145bf5e1f5896c5ddbce3cc78192d274aef1a71720a6b35bfaa071f89be,2024-10,Northumbria Police,Northumbria Police,-1.531943,54.995609,On or near Lily Bank,E01008574,North Tyneside 029C,Violence and sexual offences,Investigation complete; no suspect identified,
b27d33e05993a49e72b076a236870499707f3c3ee6a6e8ec073e3c0560d5e55b,2024-10,Northumbria Police,Northumbria Police,-1.529425,54.994422,On or near Grange Villas,E01008574,North Tyneside 029C,Violence and sexual offences,Status update unavailable,
50fb6923f920315ffa08e642a6421c642ddee6db28d66576fe99bc21b1aa79f3,2024-10,Northumbria Police,Northumbria Police,-1.530441,54.994426,On or near Grange Close,E01008574,North Tyneside 029C,Violence and sexual offences,Status update unavailable,
,2024-10,Northumbria Police,Northumbria Police,-1.514515,55.000843,On or near Essex Gardens,E01008576,North Tyneside 029D,Anti-social behaviour,,
,2024-10,Northumbria Police,Northumbria Police,-1.516811,55.000942,On or near Bede Crescent,E01008576,North Tyneside 029D,Anti-social behaviour,,
,2024-10,Northumbria Police,Northumbria Police,-1.514515,55.000843,On or near Essex Gardens,E01008576,North Tyneside 029D,Anti-social behaviour,,
257e4641ed8f59355b54cca0372461d9001e3118684a0f635a2d97693eab1f5d,2024-10,Northumbria Police,Northumbria Police,-1.516234,55.003455,On or near Segedunum Crescent,E01008576,North Tyneside 029D,Criminal damage and arson,Investigation complete; no suspect identified,
b1c969413894e7b7c68632c191312164a885d5e4fd34d50d221150cda21d68b5,2024-10,Northumbria Police,Northumbria Police,-1.521747,54.998634,On or near Deneholm,E01008576,North Tyneside 029D,Criminal damage and arson,Investigation complete; no suspect identified,
e0410c7927a6f11d7c5d5cc3310a9377a3e40968b883031db60142aaf9afba88,2024-10,Northumbria Police,Northumbria Police,-1.516811,55.000942,On or near Bede Crescent,E01008576,North Tyneside 029D,Other theft,Status update unavailable,
6f08e9df01c643fc2fb1a0105d8cd3271e212a31031e349ce5c50d7748481a21,2024-10,Northumbria Police,Northumbria Police,-1.514090,55.003591,On or near Caesar Way,E01008576,North Tyneside 029D,Vehicle crime,Investigation complete; no suspect identified,
3d765b86131e7c698ebe2bf3da9b5e2ad5379cbd6d7885eb944ae61b760e6fa2,2024-10,Northumbria Police,Northumbria Police,-1.518874,54.998398,On or near Lindisfarne Place,E01008576,North Tyneside 029D,Violence and sexual offences,Status update unavailable,
96a412f808cfaeb7925166e478a7a12e17e785873a1973b6be971576383472fd,2024-10,Northumbria Police,Northumbria Police,-1.518874,54.998398,On or near Lindisfarne Place,E01008576,North Tyneside 029D,Violence and sexual offences,Status update unavailable,
a0924ea2eaa8e53706631fbf5b99a8b9dc39d85b15d8a411ec2b551aa8eddd99,2024-10,Northumbria Police,Northumbria Police,-1.518874,54.998398,On or near Lindisfarne Place,E01008576,North Tyneside 029D,Violence and sexual offences,Status update unavailable,
e93731444f9808440c99300d243d5c5f4b50e7167b75d3be333b341791ea378e,2024-10,Northumbria Police,Northumbria Police,-1.518874,54.998398,On or near Lindisfarne Place,E01008576,North Tyneside 029D,Violence and sexual offences,Status update unavailable,
33f63bb99c7fe423fbe215114b39078a5ae87d0fd7ac328f8854ba92c4ef3ad2,2024-10,Northumbria Police,Northumbria Police,-1.515884,55.001387,On or near Suffolk Gardens,E01008576,North Tyneside 029D,Violence and sexual offences,Investigation complete; no suspect identified,
50d1d57d255321373810156fa01cba1554ff5705faefdbe19385892f5028a506,2024-10,Northumbria Police,Northumbria Police,-1.518874,54.998398,On or near Lindisfarne Place,E01008576,North Tyneside 029D,Violence and sexual offences,Status update unavailable,
81e609dab300f1f38ac3cc76458b51571a82f4089fbdd57d27dc006a69086984,2024-10,Northumbria Police,Northumbria Police,-1.518874,54.998398,On or near Lindisfarne Place,E01008576,North Tyneside 029D,Violence and sexual offences,Status update unavailable,
a061269f24de7acae3bbbc4e318304e3ab72d6ec21a377c09831b58c0c07bd46,2024-10,Northumbria Police,Northumbria Police,-1.518874,54.998398,On or near Lindisfarne Place,E01008576,North Tyneside 029D,Violence and sexual offences,Status update unavailable,
62c016408e61382366727e61a6f00eab906a8e6dbdc83bba131e810d3c68de71,2024-10,Northumbria Police,Northumbria Police,-1.518874,54.998398,On or near Lindisfarne Place,E01008576,North Tyneside 029D,Violence and sexual offences,Status update unavailable,
6f047d2ad0434299cf943ed1a59b920b2fbdfa16c11abf906d486743d3a93fb8,2024-10,Northumbria Police,Northumbria Police,-1.518874,54.998398,On or near Lindisfarne Place,E01008576,North Tyneside 029D,Violence and sexual offences,Status update unavailable,
3acce45a598ba8593e0853b7007e8b7dd509104a514f74c00a665a59fbe748f9,2024-10,Northumbria Police,Northumbria Police,-1.518874,54.998398,On or near Lindisfarne Place,E01008576,North Tyneside 029D,Violence and sexual offences,Status update unavailable,
63584de24661a698d945134875d5ef7419ad8eea210a496c142017e91fd9c0d5,2024-10,Northumbria Police,Northumbria Police,-1.518874,54.998398,On or near Lindisfarne Place,E01008576,North Tyneside 029D,Violence and sexual offences,Status update unavailable,
a5f1a393f2154ef29bdf048e4fcbeedec474bed211064a822a6cc08c291602bd,2024-10,Northumbria Police,Northumbria Police,-1.518874,54.998398,On or near Lindisfarne Place,E01008576,North Tyneside 029D,Violence and sexual offences,Status update unavailable,
4013e3036053167cff4f87a185c87f2e1a0f17ddfd82fde033dd2fa4514f5fea,2024-10,Northumbria Police,Northumbria Police,-1.518874,54.998398,On or near Lindisfarne Place,E01008576,North Tyneside 029D,Violence and sexual offences,Status update unavailable,
65b8460ad531822332a8c512f2ee4e088c5c54674f900171f3daf8d16cba8d96,2024-10,Northumbria Police,Northumbria Police,-1.518874,54.998398,On or near Lindisfarne Place,E01008576,North Tyneside 029D,Violence and sexual offences,Status update unavailable,
14b60ecc543fddcb76d4d595fa928228b21af18fa622d0b73a322ba7161a8ca8,2024-10,Northumbria Police,Northumbria Police,-1.526427,55.002112,On or near Kings Vale,E01008576,North Tyneside 029D,Violence and sexual offences,Status update unavailable,
cda7dd4cd5da304b9b85fb7f2f3613c0844830654ab0bf7b9ef213a284a8eb01,2024-10,Northumbria Police,Northumbria Police,-1.518874,54.998398,On or near Lindisfarne Place,E01008576,North Tyneside 029D,Violence and sexual offences,Status update unavailable,
d822e179584b59966847f827862bc8145de635e2a5935afa0b4bf2c2cbd422d2,2024-10,Northumbria Police,Northumbria Police,-1.518874,54.998398,On or near Lindisfarne Place,E01008576,North Tyneside 029D,Violence and sexual offences,Status update unavailable,
b59e9b2389557b47abe43a236642bf9dcfe5f0da8df6ef02b9ada2e72f614738,2024-10,Northumbria Police,Northumbria Police,-1.518874,54.998398,On or near Lindisfarne Place,E01008576,North Tyneside 029D,Violence and sexual offences,Status update unavailable,
87de221f019f1ad8a6769c27e36c4952214584ea1c0548bf026436a691bd2822,2024-10,Northumbria Police,Northumbria Police,-1.518874,54.998398,On or near Lindisfarne Place,E01008576,North Tyneside 029D,Violence and sexual offences,Status update unavailable,
2f51e2e1f752c2b228aeb7d9127402edea2f8b3e9e9ca33372e497dc7e37675d,2024-10,Northumbria Police,Northumbria Police,-1.518874,54.998398,On or near Lindisfarne Place,E01008576,North Tyneside 029D,Violence and sexual offences,Status update unavailable,
46d292030f57d6fa37a0d13391aefb9bbc327963bc6c037885c8802a27f2b968,2024-10,Northumbria Police,Northumbria Police,-1.518874,54.998398,On or near Lindisfarne Place,E01008576,North Tyneside 029D,Violence and sexual offences,Status update unavailable,
c0e49b58fd1333e6e1e37060a902fafd13baa449545c0a1fcb2d990d3114e273,2024-10,Northumbria Police,Northumbria Police,-1.518874,54.998398,On or near Lindisfarne Place,E01008576,North Tyneside 029D,Violence and sexual offences,Status update unavailable,
e269a7839e93d3fb975302641899124e648aabaf628508f5f58ccbce1f0ef125,2024-10,Northumbria Police,Northumbria Police,-1.518874,54.998398,On or near Lindisfarne Place,E01008576,North Tyneside 029D,Violence and sexual offences,Status update unavailable,
0f38e5280bbf71b0c5b283c0d099350f5042a55df0d3714822f685dd85c3e2fc,2024-10,Northumbria Police,Northumbria Police,-1.518874,54.998398,On or near Lindisfarne Place,E01008576,North Tyneside 029D,Violence and sexual offences,Status update unavailable,
9d4a7362ecca45f566dfd4ae739eec8d4edc79c0384af53a7eeffbc042ccea8d,2024-10,Northumbria Police,Northumbria Police,-1.518874,54.998398,On or near Lindisfarne Place,E01008576,North Tyneside 029D,Violence and sexual offences,Status update unavailable,
46958757a511c4833d099271fa461ebe0afe012efadfc873dfe1c254a3b65ce4,2024-10,Northumbria Police,Northumbria Police,-1.518874,54.998398,On or near Lindisfarne Place,E01008576,North Tyneside 029D,Violence and sexual offences,Status update unavailable,
d694ca930fddb5a736d75d5642facd3fb8897e006cbfbeb074deab636ffcf38c,2024-10,Northumbria Police,Northumbria Police,-1.518874,54.998398,On or near Lindisfarne Place,E01008576,North Tyneside 029D,Violence and sexual offences,Status update unavailable,
bed4bbd5403769ec317231afeea2eaa8fa919b60381fcd53e655d58e5ffa2059,2024-10,Northumbria Police,Northumbria Police,-1.518874,54.998398,On or near Lindisfarne Place,E01008576,North Tyneside 029D,Violence and sexual offences,Status update unavailable,
70e5fe0cb2541ba56a629d7255c63ed76e4c01d429da75d56438122608abe9e9,2024-10,Northumbria Police,Northumbria Police,-1.518874,54.998398,On or near Lindisfarne Place,E01008576,North Tyneside 029D,Violence and sexual offences,Status update unavailable,
3dab99a5c361ac7050dd403d753910a7d5afcff8c688c350a5011d00d6776b87,2024-10,Northumbria Police,Northumbria Police,-1.518874,54.998398,On or near Lindisfarne Place,E01008576,North Tyneside 029D,Violence and sexual offences,Status update unavailable,
3ae558bd376e01fdcd8f1ca11ec35b59c1c35e6290c8983ffa8c34cf7749eddf,2024-10,Northumbria Police,Northumbria Police,-1.518874,54.998398,On or near Lindisfarne Place,E01008576,North Tyneside 029D,Violence and sexual offences,Status update unavailable,
5bc51d8a796cd8610f052a9b7431e1c2302b7b915ace6187d96f825dce02b567,2024-10,Northumbria Police,Northumbria Police,-1.518874,54.998398,On or near Lindisfarne Place,E01008576,North Tyneside 029D,Violence and sexual offences,Status update unavailable,
d9b3fbb9c4518d8b95bc3953c90f0aab032fa25ec31da435eec495d665a9227c,2024-10,Northumbria Police,Northumbria Police,-1.518874,54.998398,On or near Lindisfarne Place,E01008576,North Tyneside 029D,Violence and sexual offences,Status update unavailable,
c8b1161149858f9a684c2ea7d3cf7224e47c33e24430843399ee9860dc8d5ac0,2024-10,Northumbria Police,Northumbria Police,-1.518874,54.998398,On or near Lindisfarne Place,E01008576,North Tyneside 029D,Violence and sexual offences,Status update unavailable,
85631e37b315b956cc7044fa611d7a7c072faa737cc70a08599626d117fdc3d6,2024-10,Northumbria Police,Northumbria Police,-1.518874,54.998398,On or near Lindisfarne Place,E01008576,North Tyneside 029D,Violence and sexual offences,Status update unavailable,
eb360f9e5f0e47f0a1efc06812de3a0e4d64e284ac7bd6019f6e140cc08d3002,2024-10,Northumbria Police,Northumbria Police,-1.518874,54.998398,On or near Lindisfarne Place,E01008576,North Tyneside 029D,Violence and sexual offences,Status update unavailable,
ad3b017ff58bf5fab565234d54c93ae3c882f811553a8d58004f3cfcc96a9c57,2024-10,Northumbria Police,Northumbria Police,-1.518874,54.998398,On or near Lindisfarne Place,E01008576,North Tyneside 029D,Violence and sexual offences,Status update unavailable,
17c643baecda325a8beb94a0cf8db37b1a68ac86a9227f77c4c8e8a6cf62dbd3,2024-10,Northumbria Police,Northumbria Police,-1.518874,54.998398,On or near Lindisfarne Place,E01008576,North Tyneside 029D,Violence and sexual offences,Status update unavailable,
66ac8e91757da08a0fb419ab3509a784ddc00fff024cd6fed975ab060bf82690,2024-10,Northumbria Police,Northumbria Police,-1.518874,54.998398,On or near Lindisfarne Place,E01008576,North Tyneside 029D,Violence and sexual offences,Status update unavailable,
bbe88570a34012dd78a87d9401d8a416fc5e23f475aeb6fb14cd9f24028c0578,2024-10,Northumbria Police,Northumbria Police,-1.518874,54.998398,On or near Lindisfarne Place,E01008576,North Tyneside 029D,Other crime,Status update unavailable,
e18e21225509750caad7536f2e0b5e3bb74ee14716e5a0182cac0ddb2b191681,2024-10,Northumbria Police,Northumbria Police,-1.518874,54.998398,On or near Lindisfarne Place,E01008576,North Tyneside 029D,Other crime,Status update unavailable,
e0f9a1099990ff951dee862745f0edf3f246dbb2f08749c4c6828fe93a29b5d9,2024-10,Northumbria Police,Northumbria Police,-1.518874,54.998398,On or near Lindisfarne Place,E01008576,North Tyneside 029D,Other crime,Status update unavailable,
bbaa41fff3d40eaf44bd5e9ee04d2f047653c2d2f37e55bfbf6fd85262e77c50,2024-10,Northumbria Police,Northumbria Police,-1.518874,54.998398,On or near Lindisfarne Place,E01008576,North Tyneside 029D,Other crime,Status update unavailable,
,2024-10,Northumbria Police,Northumbria Police,-1.546769,55.001893,On or near Strawberry Gardens,E01008533,North Tyneside 030A,Anti-social behaviour,,
,2024-10,Northumbria Police,Northumbria Police,-1.541046,55.003327,On or near O'Hanlon Crescent,E01008533,North Tyneside 030A,Anti-social behaviour,,
88402d7d91c2f6a54621da88c8c2787bfd9a4ce60a0bf5428402f5fde91bc657,2024-10,Northumbria Police,Northumbria Police,-1.544008,54.999968,On or near Station Road,E01008533,North Tyneside 030A,Drugs,Investigation complete; no suspect identified,
9d063617a514a7fd9a9aa8d2a5cb1efe2487854ef6b895d79c45f8421795eeaf,2024-10,Northumbria Police,Northumbria Police,-1.544008,54.999968,On or near Station Road,E01008533,North Tyneside 030A,Drugs,Court result unavailable,
d3a3f00b44fe36542445f982536538269a5d1e8ef9e206803b60fa3517b57f53,2024-10,Northumbria Police,Northumbria Police,-1.544008,54.999968,On or near Station Road,E01008533,North Tyneside 030A,Drugs,Local resolution,
ccd63705f24e70fb6e1036c4817b87fcc9451b9ad44cce591d11bb3bcd9b165e,2024-10,Northumbria Police,Northumbria Police,-1.544008,54.999968,On or near Station Road,E01008533,North Tyneside 030A,Drugs,Status update unavailable,
43cd48d9b6e0831483ca405b2b6ff66961b3c2eb21d618fb60f4bb38dfcd7fec,2024-10,Northumbria Police,Northumbria Police,-1.544008,54.999968,On or near Station Road,E01008533,North Tyneside 030A,Other theft,Status update unavailable,
bf38c5151a625ecf23a9ada088afeb27192b350dc35ef3b1214ec82ff9089a52,2024-10,Northumbria Police,Northumbria Police,-1.544008,54.999968,On or near Station Road,E01008533,North Tyneside 030A,Possession of weapons,Status update unavailable,
d79d892311f194e9a546e3d5c47b6fd623462efec85521d7823f953568821ef3,2024-10,Northumbria Police,Northumbria Police,-1.541243,55.003858,On or near Elliott Gardens,E01008533,North Tyneside 030A,Public order,Court result unavailable,
c5452b264e854027f87360749c9c9dba38182d47196196e0d276049e31b0e0af,2024-10,Northumbria Police,Northumbria Police,-1.541243,55.003858,On or near Elliott Gardens,E01008533,North Tyneside 030A,Public order,Status update unavailable,
b1c0969c7cd91b6c1c56b7137fadc4284effbf2fa415a99bddcd5a1a521f46fe,2024-10,Northumbria Police,Northumbria Police,-1.540405,54.997852,On or near Queen'S Crescent,E01008533,North Tyneside 030A,Vehicle crime,Status update unavailable,
16d03420e568c55d58a22c5cd460c1f0e0b4a03739958aaac12eb805a0eb5a20,2024-10,Northumbria Police,Northumbria Police,-1.540405,54.997852,On or near Queen'S Crescent,E01008533,North Tyneside 030A,Violence and sexual offences,Status update unavailable,
f8dcc8fea29b59527f0994b21c63412733ccb1fda13ee4232475d873806cffe8,2024-10,Northumbria Police,Northumbria Police,-1.546769,55.001893,On or near Strawberry Gardens,E01008533,North Tyneside 030A,Violence and sexual offences,Investigation complete; no suspect identified,
1f4a9ae285d5a161d23b32413fcd4ba583077b7cca9d0785655d6707ac65e89c,2024-10,Northumbria Police,Northumbria Police,-1.541243,55.003858,On or near Elliott Gardens,E01008533,North Tyneside 030A,Other crime,Court result unavailable,
8ccd90c28ad4c9119fba7d22dc8dac0da71f2ef546b34e8c9a0b5be902ac0042,2024-10,Northumbria Police,Northumbria Police,-1.544030,54.995224,On or near Eltringham Close,E01008535,North Tyneside 030B,Criminal damage and arson,Investigation complete; no suspect identified,
4570a79ae006abb1b70743f0c5c783d56f950d75544f5be3aebb030119bd36e8,2024-10,Northumbria Police,Northumbria Police,-1.546585,54.997354,On or near Oxford Avenue,E01008535,North Tyneside 030B,Drugs,Investigation complete; no suspect identified,
cc57a91238fb33f0de8dd0ecbab84dababa45f30cb34d2649e4d627f667888e1,2024-10,Northumbria Police,Northumbria Police,-1.546585,54.997354,On or near Oxford Avenue,E01008535,North Tyneside 030B,Public order,Status update unavailable,
6fd0c9e42480ff467257eb580af3000bae51bbe4ea49649e6a7d1c6dffc9e421,2024-10,Northumbria Police,Northumbria Police,-1.543855,54.996867,On or near Dorset Avenue,E01008535,North Tyneside 030B,Violence and sexual offences,Investigation complete; no suspect identified,
e44d4c95845e28167a83997941790497a8c143622905da285edea83e8ade6db1,2024-10,Northumbria Police,Northumbria Police,-1.540612,54.996154,On or near Swan Close,E01008535,North Tyneside 030B,Violence and sexual offences,Status update unavailable,
7b65f01b464195e3bd8ad3eb7dd1c9309487db8961b0b0b967b361a6d19c8228,2024-10,Northumbria Police,Northumbria Police,-1.542010,54.991460,On or near Windermere Close,E01008535,North Tyneside 030B,Violence and sexual offences,Status update unavailable,
e852164a307e26b88dbf8178a1cfb3a7e99ff01a40809e7b61893b2a803ee91c,2024-10,Northumbria Police,Northumbria Police,-1.546585,54.997354,On or near Oxford Avenue,E01008535,North Tyneside 030B,Violence and sexual offences,Investigation complete; no suspect identified,
9b3219e0c6d1576280fe8452ee04af9379c0b04d5acf47b8dd3c4b529c71a474,2024-10,Northumbria Police,Northumbria Police,-1.546585,54.997354,On or near Oxford Avenue,E01008535,North Tyneside 030B,Violence and sexual offences,Court result unavailable,
0bdc4f0c80d5aea9f23fcc3d2780acb96b403fbb7359c32332b0138bdee90527,2024-10,Northumbria Police,Northumbria Police,-1.546585,54.997354,On or near Oxford Avenue,E01008535,North Tyneside 030B,Violence and sexual offences,Court result unavailable,
b569aea5962575d904a48b54e7a543c4c4f68b95a9ab2341ebbbe2e4b0c0c99c,2024-10,Northumbria Police,Northumbria Police,-1.543735,54.990927,On or near Forrest Road,E01008535,North Tyneside 030B,Violence and sexual offences,Status update unavailable,
b2aa54e25452f92811bea6fcb93fe291c5af21ac4983adf2ae7ec34cc8e0d9ff,2024-10,Northumbria Police,Northumbria Police,-1.544030,54.995224,On or near Eltringham Close,E01008535,North Tyneside 030B,Violence and sexual offences,Investigation complete; no suspect identified,
9b9777a1fcc1e5a770714974816fb28399beb14c0389916d53a14904de067268,2024-10,Northumbria Police,Northumbria Police,-1.543796,54.997945,On or near Somerset Gardens,E01008535,North Tyneside 030B,Violence and sexual offences,Status update unavailable,
7494b9a7e9614269daf7ddbcc84395739ce418d87b88b1976cf1bcabe3918812,2024-10,Northumbria Police,Northumbria Police,-1.543735,54.990927,On or near Forrest Road,E01008535,North Tyneside 030B,Violence and sexual offences,Status update unavailable,
f71d274cdb25b721ce93473a0c9c6e056e52f3a790382742b193ef93d1853c67,2024-10,Northumbria Police,Northumbria Police,-1.544030,54.995224,On or near Eltringham Close,E01008535,North Tyneside 030B,Violence and sexual offences,Status update unavailable,
9ab1888160ec5ebc1e91df6eb92102ad3806a9027aea349da3b2e39747e0c78b,2024-10,Northumbria Police,Northumbria Police,-1.543110,54.989532,On or near High Street West,E01008535,North Tyneside 030B,Violence and sexual offences,Status update unavailable,
,2024-10,Northumbria Police,Northumbria Police,-1.537054,54.995673,On or near Park View,E01008536,North Tyneside 030C,Anti-social behaviour,,
,2024-10,Northumbria Police,Northumbria Police,-1.538046,54.995021,On or near Victoria Avenue,E01008536,North Tyneside 030C,Anti-social behaviour,,
,2024-10,Northumbria Police,Northumbria Police,-1.538046,54.995021,On or near Victoria Avenue,E01008536,North Tyneside 030C,Anti-social behaviour,,
,2024-10,Northumbria Police,Northumbria Police,-1.536549,54.994737,On or near Park Terrace,E01008536,North Tyneside 030C,Anti-social behaviour,,
,2024-10,Northumbria Police,Northumbria Police,-1.535572,54.991381,On or near Shopping Area,E01008536,North Tyneside 030C,Anti-social behaviour,,
,2024-10,Northumbria Police,Northumbria Police,-1.536059,54.991132,On or near Shopping Area,E01008536,North Tyneside 030C,Anti-social behaviour,,
,2024-10,Northumbria Police,Northumbria Police,-1.538046,54.995021,On or near Victoria Avenue,E01008536,North Tyneside 030C,Anti-social behaviour,,
97656cc99802896ea7c5bcccb74219af402188c59a1fc77da6e64c2f80d3008e,2024-10,Northumbria Police,Northumbria Police,-1.536059,54.991132,On or near Shopping Area,E01008536,North Tyneside 030C,Bicycle theft,Investigation complete; no suspect identified,
813c77fd4111448022b92519aec4810b7b7c430113122b62e65f6e09689dbe38,2024-10,Northumbria Police,Northumbria Police,-1.536059,54.991132,On or near Shopping Area,E01008536,North Tyneside 030C,Criminal damage and arson,Investigation complete; no suspect identified,
3599cfc414115e36616a43979aac7f61ee910ccdf04e67e087b197ec224be163,2024-10,Northumbria Police,Northumbria Police,-1.537275,54.994120,On or near Clifton Avenue,E01008536,North Tyneside 030C,Criminal damage and arson,Investigation complete; no suspect identified,
0df73a5a5500e3777f57ae7ca7c9c972fa1ba1c4fa392c05bfff0b36bee1ad38,2024-10,Northumbria Police,Northumbria Police,-1.536921,54.992303,On or near David Street,E01008536,North Tyneside 030C,Drugs,Investigation complete; no suspect identified,
d0d9c34d83c7e7763981fe9ba632e5c882a2fd580990ebcfb2e20fee58cce965,2024-10,Northumbria Police,Northumbria Police,-1.538341,54.995202,On or near Burn Avenue,E01008536,North Tyneside 030C,Other theft,Status update unavailable,
345b7621dbeb3b6daf2f4c483188b1cb90d0107daa664ac85f45bb13d77287bb,2024-10,Northumbria Police,Northumbria Police,-1.536059,54.991132,On or near Shopping Area,E01008536,North Tyneside 030C,Public order,Investigation complete; no suspect identified,
f6ba193b7bf3ebcc5730a2954d719aba19586494d1a754c8bc212c970fe735e1,2024-10,Northumbria Police,Northumbria Police,-1.535572,54.991381,On or near Shopping Area,E01008536,North Tyneside 030C,Public order,Investigation complete; no suspect identified,
303aa2c4ceae6eb26fde23909fc6b09ba9b344d8022160195525b181b50be08c,2024-10,Northumbria Police,Northumbria Police,-1.535572,54.991381,On or near Shopping Area,E01008536,North Tyneside 030C,Robbery,Investigation complete; no suspect identified,
54aa93163ccddca118bf36655dda859542db11fc33e18970fa0ce7daea3db57b,2024-10,Northumbria Police,Northumbria Police,-1.536059,54.991132,On or near Shopping Area,E01008536,North Tyneside 030C,Shoplifting,Investigation complete; no suspect identified,
ff4ca4d0790b7a190510a4874293d207b762c3dceb6ee56ad771bb93510dd54b,2024-10,Northumbria Police,Northumbria Police,-1.536059,54.991132,On or near Shopping Area,E01008536,North Tyneside 030C,Shoplifting,Investigation complete; no suspect identified,
3003be024cd60bbd924861d4c42952c0096a33882dca292331014bdbda695411,2024-10,Northumbria Police,Northumbria Police,-1.536059,54.991132,On or near Shopping Area,E01008536,North Tyneside 030C,Shoplifting,Investigation complete; no suspect identified,
7d05e7a249987693d240dfc3946aab06d906eb2aefab9bccf6677b8ae2ebb726,2024-10,Northumbria Police,Northumbria Police,-1.535572,54.991381,On or near Shopping Area,E01008536,North Tyneside 030C,Shoplifting,Investigation complete; no suspect identified,
91f73c65058959fa99140318bfbb16a140c14659f0e1fad9b891fb2059a612af,2024-10,Northumbria Police,Northumbria Police,-1.536059,54.991132,On or near Shopping Area,E01008536,North Tyneside 030C,Shoplifting,Investigation complete; no suspect identified,
a541b71aafa85d67713b35d5a19d6eb91acb5c651d3c805af802b66196b29600,2024-10,Northumbria Police,Northumbria Police,-1.536059,54.991132,On or near Shopping Area,E01008536,North Tyneside 030C,Shoplifting,Investigation complete; no suspect identified,
d23289fb0bb5ef006080eac5423bd337b2e058e6ab7f4888c3a39c981c4d76a5,2024-10,Northumbria Police,Northumbria Police,-1.536921,54.992303,On or near David Street,E01008536,North Tyneside 030C,Violence and sexual offences,Status update unavailable,
cbdae858d28aabdefc9b020c89df8155688d94d383f8424b4de58a01c3ff88ce,2024-10,Northumbria Police,Northumbria Police,-1.538046,54.995021,On or near Victoria Avenue,E01008536,North Tyneside 030C,Violence and sexual offences,Status update unavailable,
5616a77dee3e3a8740b7c04b2995a5135c254419a770c650ab9810217c1d9d18,2024-10,Northumbria Police,Northumbria Police,-1.536059,54.991132,On or near Shopping Area,E01008536,North Tyneside 030C,Violence and sexual offences,Investigation complete; no suspect identified,
6be81a8390d5d6ed7e5e5ca97da3b5660caab3f8e7347a1d4009a25e9ad52852,2024-10,Northumbria Police,Northumbria Police,-1.535572,54.991381,On or near Shopping Area,E01008536,North Tyneside 030C,Violence and sexual offences,Awaiting court outcome,
c9a060e1803e44b8c9c30d9f893b355525ba8768de322f7da4ddcf7c68c7d36a,2024-10,Northumbria Police,Northumbria Police,-1.535572,54.991381,On or near Shopping Area,E01008536,North Tyneside 030C,Violence and sexual offences,Status update unavailable,
3fad7cf8e12800faa44350bfb2fbe0d4aa130d8902b53583086fa5366ae5cbc3,2024-10,Northumbria Police,Northumbria Police,-1.538046,54.995021,On or near Victoria Avenue,E01008536,North Tyneside 030C,Violence and sexual offences,Investigation complete; no suspect identified,
a7f03b3cb8edc5a0ebd15343d38d22c61dcb22c25391f533b972242e4e22ba14,2024-10,Northumbria Police,Northumbria Police,-1.538046,54.995021,On or near Victoria Avenue,E01008536,North Tyneside 030C,Violence and sexual offences,Investigation complete; no suspect identified,
27b01fd6edbbf0fceb18a751d06581de68fb730322fbb7d0e0ded947698f10ee,2024-10,Northumbria Police,Northumbria Police,-1.534073,54.992553,On or near Woodbine Avenue,E01008536,North Tyneside 030C,Violence and sexual offences,Investigation complete; no suspect identified,
f7a42b1e8844fc015a67900efeb1d681a3be5be0e169c711d839be9b02a173cf,2024-10,Northumbria Police,Northumbria Police,-1.537275,54.994120,On or near Clifton Avenue,E01008536,North Tyneside 030C,Violence and sexual offences,Investigation complete; no suspect identified,
1e182b4e1684fc2616adf04c7bbcd12052f520792ecb02904d2a6333cd1cd32d,2024-10,Northumbria Police,Northumbria Police,-1.537486,54.990751,On or near Parking Area,E01008537,North Tyneside 030D,Public order,Investigation complete; no suspect identified,
6dddbdce5d0d356373fc1b6f660e548a240cfc0faf67acc3d2d4928ff774fe43,2024-10,Northumbria Police,Northumbria Police,-1.539677,54.990417,On or near York Drive,E01008537,North Tyneside 030D,Public order,Status update unavailable,
5047092a7b027ac887050684557f440375895ea1425009fde90422a3b09c9091,2024-10,Northumbria Police,Northumbria Police,-1.538668,54.990662,On or near Supermarket,E01008537,North Tyneside 030D,Shoplifting,Investigation complete; no suspect identified,
b42e2680742ea7a3ef0dba98867b50ee1c524fec0611e3ba62719f1ff2581034,2024-10,Northumbria Police,Northumbria Police,-1.537431,54.992790,On or near Lisle Street,E01008537,North Tyneside 030D,Vehicle crime,Status update unavailable,
5a8cbf9e72732ea8b041b2852c463269aa95a30087b881b64857335444b5ee6d,2024-10,Northumbria Police,Northumbria Police,-1.539677,54.990417,On or near York Drive,E01008537,North Tyneside 030D,Violence and sexual offences,Status update unavailable,
4d8ae85d7a0996b8c925409fcce6465dfc732fe66a8e3fb311afd8b0ccbcc3f3,2024-10,Northumbria Police,Northumbria Police,-1.537486,54.990751,On or near Parking Area,E01008537,North Tyneside 030D,Violence and sexual offences,Investigation complete; no suspect identified,
ee428e493fbb4f754beb85dad7acc20b79a3e938b3d519600094ac973973354f,2024-10,Northumbria Police,Northumbria Police,-1.541075,54.991196,On or near Elton Street West,E01008537,North Tyneside 030D,Violence and sexual offences,Investigation complete; no suspect identified,
,2024-10,Northumbria Police,Northumbria Police,-1.539002,54.987989,On or near Sedley Road,E01008575,North Tyneside 030E,Anti-social behaviour,,
,2024-10,Northumbria Police,Northumbria Police,-1.536499,54.989561,On or near Eden Street,E01008575,North Tyneside 030E,Anti-social behaviour,,
,2024-10,Northumbria Police,Northumbria Police,-1.534379,54.990406,On or near Frank Street,E01008575,North Tyneside 030E,Anti-social behaviour,,
,2024-10,Northumbria Police,Northumbria Police,-1.537350,54.990337,On or near High Street West,E01008575,North Tyneside 030E,Anti-social behaviour,,
,2024-10,Northumbria Police,Northumbria Police,-1.534751,54.989365,On or near Carville Road,E01008575,North Tyneside 030E,Anti-social behaviour,,
e746a738b821263c38771d22aedc08069b0c813acd5758091378d1f8aede8850,2024-10,Northumbria Police,Northumbria Police,-1.539667,54.988629,On or near Brussels Road,E01008575,North Tyneside 030E,Burglary,Investigation complete; no suspect identified,
1297baf690a3834bc7e99eefe3f2f0a591d565a01ec625da66bb4f0ac0dcc656,2024-10,Northumbria Police,Northumbria Police,-1.539667,54.988629,On or near Brussels Road,E01008575,North Tyneside 030E,Criminal damage and arson,Status update unavailable,
382d60724d68155863cbb92284150a47894d3d8d7f3a3c18a9967b1081e937a7,2024-10,Northumbria Police,Northumbria Police,-1.534379,54.990406,On or near Frank Street,E01008575,North Tyneside 030E,Criminal damage and arson,Investigation complete; no suspect identified,
ff501d79bc6c89dc16f76bb781687bf0f5de1b349932d04ae5a24848987649d1,2024-10,Northumbria Police,Northumbria Police,-1.534751,54.989365,On or near Carville Road,E01008575,North Tyneside 030E,Criminal damage and arson,Investigation complete; no suspect identified,
04d099758f5619e9f288a3f96dfe579bbc1dcacc01c05cba1553fe1791165476,2024-10,Northumbria Police,Northumbria Police,-1.537350,54.990337,On or near High Street West,E01008575,North Tyneside 030E,Other theft,Investigation complete; no suspect identified,
6a03f1b9ca9b81e520804b68773f4681e867b8849e0a8817a790093c7f5a0876,2024-10,Northumbria Police,Northumbria Police,-1.529623,54.989552,On or near Supermarket,E01008575,North Tyneside 030E,Public order,Status update unavailable,
891c72733627e60fe92dad3dcd8c6ff2055bc127c94d3d7d1e3c1d145b44c015,2024-10,Northumbria Police,Northumbria Police,-1.534379,54.990406,On or near Frank Street,E01008575,North Tyneside 030E,Public order,Investigation complete; no suspect identified,
5a72aaab56759e0ee4516fdb7f41e084973dac0a62a4330daf72a21df0373812,2024-10,Northumbria Police,Northumbria Police,-1.538202,54.986916,On or near The Avenue,E01008575,North Tyneside 030E,Public order,Status update unavailable,
292e6535beb034a1e3243a72ccd182ba9b9cf3f566e6bb51518c67f376301d50,2024-10,Northumbria Police,Northumbria Police,-1.534379,54.990406,On or near Frank Street,E01008575,North Tyneside 030E,Public order,Investigation complete; no suspect identified,
01fa1cc9b8b0e09dbcdb727f8c923196f870abd0f46ebe79266e89e0ed753b87,2024-10,Northumbria Police,Northumbria Police,-1.538202,54.986916,On or near The Avenue,E01008575,North Tyneside 030E,Public order,Status update unavailable,
79b5ff681087e283f5dc18527b94a8b31dafc7cd0c344ed441ebfbd00c9a9bd1,2024-10,Northumbria Police,Northumbria Police,-1.534379,54.990406,On or near Frank Street,E01008575,North Tyneside 030E,Public order,Investigation complete; no suspect identified,
d376dbc9cddbb9449745ca35c71bd41137137d201d4e59bc4e4088717a2ee5af,2024-10,Northumbria Police,Northumbria Police,-1.529623,54.989552,On or near Supermarket,E01008575,North Tyneside 030E,Public order,Status update unavailable,
edca4d67d9cfab260642f5b9cc3a91db284f4770e2693d694579bd6242e16652,2024-10,Northumbria Police,Northumbria Police,-1.532608,54.989510,On or near Wallsend,E01008575,North Tyneside 030E,Public order,Status update unavailable,
fda52cdb4fd65cd2c51253f269b0178b76a07cfcbe5198111fc88bfdecdccbcc,2024-10,Northumbria Police,Northumbria Police,-1.536368,54.990081,On or near James Terrace,E01008575,North Tyneside 030E,Public order,Status update unavailable,
819bf462e8394095a17bd0d9de5d8aef8d27833b601636bb7a941a65fe14ab65,2024-10,Northumbria Police,Northumbria Police,-1.534379,54.990406,On or near Frank Street,E01008575,North Tyneside 030E,Robbery,Investigation complete; no suspect identified,
bf32f21b9b9e39fc6af8f266d6f165c952ba2da2c20c07177fbc10d5d03880f7,2024-10,Northumbria Police,Northumbria Police,-1.529623,54.989552,On or near Supermarket,E01008575,North Tyneside 030E,Shoplifting,Investigation complete; no suspect identified,
c589f2850b019924e34b41378593a022d6d365db508cc136f144c3c01c339efa,2024-10,Northumbria Police,Northumbria Police,-1.534379,54.990406,On or near Frank Street,E01008575,North Tyneside 030E,Shoplifting,Investigation complete; no suspect identified,
94ef2cb4f534c48ca1848122a1bbd42a59521041c5c40a8bf38c9073fe36a4d7,2024-10,Northumbria Police,Northumbria Police,-1.529623,54.989552,On or near Supermarket,E01008575,North Tyneside 030E,Shoplifting,Status update unavailable,
2aec42e9a61fdb19f8f3313821515d80a2746cc99deaf7b92f316e908cdd599c,2024-10,Northumbria Police,Northumbria Police,-1.529623,54.989552,On or near Supermarket,E01008575,North Tyneside 030E,Vehicle crime,Status update unavailable,
a58544e4ac174ee428505d846abaf6b184801df4f9eac274c1567018e273ba45,2024-10,Northumbria Police,Northumbria Police,-1.539916,54.990050,On or near High Street West,E01008575,North Tyneside 030E,Violence and sexual offences,Status update unavailable,
f6009c6fdc65e6e8ed4fb0516e3bb6aadca708bb71e296a574f9b26d3ed0bf87,2024-10,Northumbria Police,Northumbria Police,-1.537944,54.988910,On or near Brussels Road,E01008575,North Tyneside 030E,Violence and sexual offences,Status update unavailable,
e7874f61125ca5f16fabb45288fef96372355b5cc52e46e5fec626a9d4cbbefe,2024-10,Northumbria Police,Northumbria Police,-1.539916,54.990050,On or near High Street West,E01008575,North Tyneside 030E,Violence and sexual offences,Status update unavailable,
4f6d4c5976840b0557fd8302c5c9ad74a43a0be1a8e1589a33c767e59597ae6c,2024-10,Northumbria Police,Northumbria Police,-1.534379,54.990406,On or near Frank Street,E01008575,North Tyneside 030E,Violence and sexual offences,Status update unavailable,
30bd0af5efa080bd46e18bc08a9f30bd87964007eb040b51d004e0a78608deb5,2024-10,Northumbria Police,Northumbria Police,-1.536368,54.990081,On or near James Terrace,E01008575,North Tyneside 030E,Violence and sexual offences,Status update unavailable,
6c4d308d1d03d620f7c5e64537ea32e699f5d6a39594c4cf5be7265ada56d601,2024-10,Northumbria Police,Northumbria Police,-1.529623,54.989552,On or near Supermarket,E01008575,North Tyneside 030E,Violence and sexual offences,Status update unavailable,
845934cc1fb9bdf790cecb10e83669418c2f546080211c40a8f6d0146dbff54a,2024-10,Northumbria Police,Northumbria Police,-1.532608,54.989510,On or near Wallsend,E01008575,North Tyneside 030E,Violence and sexual offences,Status update unavailable,
d399992a05a0c0b77c654a65c2bb59a1675862d9adab6b69bdfd0e27de775539,2024-10,Northumbria Police,Northumbria Police,-1.536001,54.988013,On or near Tiberius Close,E01008575,North Tyneside 030E,Violence and sexual offences,Status update unavailable,
b4b06b4285c1ae5493d5375108390677ff1958873771a7cd02c00c9e1603b588,2024-10,Northumbria Police,Northumbria Police,-1.536368,54.990081,On or near James Terrace,E01008575,North Tyneside 030E,Violence and sexual offences,Status update unavailable,
8b3a43b4620bd948bc3eaa0f2b3822bbcd4cb1912c57704d968d612920aece87,2024-10,Northumbria Police,Northumbria Police,-1.538540,54.985983,On or near George Road,E01008575,North Tyneside 030E,Other crime,Investigation complete; no suspect identified,
a1b0b73f9fb5ce88dc1c2c5850ede1640a5e32e95a441bcfd4d687509e27bc7b,2024-10,Northumbria Police,Northumbria Police,-1.534379,54.990406,On or near Frank Street,E01008575,North Tyneside 030E,Other crime,Court result unavailable,
f6bde6b308cf7ee2ff25f9d9edfa0e9a6a6b25ae566fe2306462ff71acbf8f09,2024-10,Northumbria Police,Northumbria Police,-2.008376,55.779430,On or near Westfield Avenue,E01027376,Northumberland 001A,Criminal damage and arson,Status update unavailable,
73924e4fc23633e362a30fba36ccaf96533965a7c4b1bc739686627b38badb30,2024-10,Northumbria Police,Northumbria Police,-2.008504,55.782638,On or near Sea View,E01027376,Northumberland 001A,Criminal damage and arson,Investigation complete; no suspect identified,
3fbb7f808864030bf373ed6117412989302ee32edce31ae826dd5d4bb6685d2b,2024-10,Northumbria Police,Northumbria Police,-2.008376,55.779430,On or near Westfield Avenue,E01027376,Northumberland 001A,Drugs,Investigation complete; no suspect identified,
1a7c42334bbc349a31bda0c23a42b08c564f738bc74e3b4c36af3ea0c4648db1,2024-10,Northumbria Police,Northumbria Police,-2.008391,55.776474,On or near Percy Terrace,E01027376,Northumberland 001A,Other theft,Status update unavailable,
54c7026a87b1a02cadd516deef47062f27d061bedc5be4543800e6c21e80b8a0,2024-10,Northumbria Police,Northumbria Police,-2.008391,55.776474,On or near Percy Terrace,E01027376,Northumberland 001A,Public order,Investigation complete; no suspect identified,
9fc10f2e57c29ae32189bf8fa30326e8e4b1da82764b2f7f23d6909bde564376,2024-10,Northumbria Police,Northumbria Police,-2.009540,55.781677,On or near Magdalene Drive,E01027376,Northumberland 001A,Violence and sexual offences,Status update unavailable,
800e90c88d29908a5a2cac4d42fb328b7d21a5a136470536557068cd533bcd0c,2024-10,Northumbria Police,Northumbria Police,-2.008376,55.779430,On or near Westfield Avenue,E01027376,Northumberland 001A,Violence and sexual offences,Investigation complete; no suspect identified,
df2e1b19860464374e8920e190116b31babaf1cd25d931a82d2f9c4709035134,2024-10,Northumbria Police,Northumbria Police,-2.010975,55.781110,On or near North Road,E01027376,Northumberland 001A,Violence and sexual offences,Status update unavailable,
11932f3b4626fa42bea716dae498258913c8aa2243ea82ca6458410d3eb0476d,2024-10,Northumbria Police,Northumbria Police,-2.012252,55.785648,On or near Newfields,E01027376,Northumberland 001A,Violence and sexual offences,Status update unavailable,
45d1918d2e4c1c6d4c9a44658cca75cdc2ff3b08c6878d64c9f4520ab0828969,2024-10,Northumbria Police,Northumbria Police,-2.008376,55.779430,On or near Westfield Avenue,E01027376,Northumberland 001A,Violence and sexual offences,Investigation complete; no suspect identified,
33a0d9ea018f0bf0983cad9b783691e33fc6a201fd59032ed3f8e57a356fb6c7,2024-10,Northumbria Police,Northumbria Police,-2.008391,55.776474,On or near Percy Terrace,E01027376,Northumberland 001A,Violence and sexual offences,Status update unavailable,
e0a0b59e41c0ddc24be34625af4c207e91db739b2157406bb508c7f3b3f3b458,2024-10,Northumbria Police,Northumbria Police,-2.012252,55.785648,On or near Newfields,E01027376,Northumberland 001A,Violence and sexual offences,Investigation complete; no suspect identified,
,2024-10,Northumbria Police,Northumbria Police,-2.005425,55.770077,On or near Nightclub,E01027377,Northumberland 001B,Anti-social behaviour,,
,2024-10,Northumbria Police,Northumbria Police,-2.007306,55.771784,On or near Scott'S Place,E01027377,Northumberland 001B,Anti-social behaviour,,
,2024-10,Northumbria Police,Northumbria Police,-2.005584,55.768622,On or near Bridge End,E01027377,Northumberland 001B,Anti-social behaviour,,
,2024-10,Northumbria Police,Northumbria Police,-2.002078,55.770482,On or near Church Street,E01027377,Northumberland 001B,Anti-social behaviour,,
,2024-10,Northumbria Police,Northumbria Police,-2.007306,55.771784,On or near Scott'S Place,E01027377,Northumberland 001B,Anti-social behaviour,,
,2024-10,Northumbria Police,Northumbria Police,-2.004230,55.769960,On or near Marygate,E01027377,Northumberland 001B,Anti-social behaviour,,
,2024-10,Northumbria Police,Northumbria Police,-2.001456,55.768999,On or near Woolmarket,E01027377,Northumberland 001B,Anti-social behaviour,,
6d4002d65c4b70df5c63a30cbfa6c50e985b90568284e0a61ce2a9055dee5298,2024-10,Northumbria Police,Northumbria Police,-2.006748,55.769799,On or near Bank Hill,E01027377,Northumberland 001B,Criminal damage and arson,Court result unavailable,
8db471db4b25da8772d1528742dd2f55b9fa7d5b767644841d774a20172a01b9,2024-10,Northumbria Police,Northumbria Police,-2.002668,55.767346,On or near Foul Ford,E01027377,Northumberland 001B,Criminal damage and arson,Status update unavailable,
ac0439c14dcb624ae3bd0b958ff20779bb0f56342ddbb260348b82fd5a64a195,2024-10,Northumbria Police,Northumbria Police,-2.006015,55.769942,On or near Golden Square,E01027377,Northumberland 001B,Public order,Status update unavailable,
f902402e2bb11bdc5fd336d1d9e3761434a5e99badef2215b788affd3fe092cb,2024-10,Northumbria Police,Northumbria Police,-2.006748,55.769799,On or near Bank Hill,E01027377,Northumberland 001B,Public order,Status update unavailable,
d49d7ef5fb4690f4ded652baf4382ea617a6a21cdc62e210f0ab938ce82e5774,2024-10,Northumbria Police,Northumbria Police,-2.004851,55.769269,On or near West Street,E01027377,Northumberland 001B,Public order,Status update unavailable,
c394bdfcc17249953b382209055cc0c20904fdb93f3126a71b746147a823537f,2024-10,Northumbria Police,Northumbria Police,-2.004214,55.769035,On or near Eastern Lane,E01027377,Northumberland 001B,Shoplifting,Investigation complete; no suspect identified,
8366564492578856830508a17147f12066add4bb7d9ed18c49d5b0a1e895b72d,2024-10,Northumbria Police,Northumbria Police,-2.004230,55.769960,On or near Marygate,E01027377,Northumberland 001B,Shoplifting,Investigation complete; no suspect identified,
587ba45ccfce3838d29a9406b145c4136cb6710b348806a4fe4ec1ed8b2c4ce5,2024-10,Northumbria Police,Northumbria Police,-2.004214,55.769035,On or near Eastern Lane,E01027377,Northumberland 001B,Shoplifting,Investigation complete; no suspect identified,
71b1ebbb928e85e97314a6ce17d2cc3409dccaee41a89414907798d1561ed19d,2024-10,Northumbria Police,Northumbria Police,-2.006015,55.769942,On or near Golden Square,E01027377,Northumberland 001B,Theft from the person,Investigation complete; no suspect identified,
fdbdc17a36961e92594286f44b854c3a8078f257a8be21de3851e1f0cc2d4929,2024-10,Northumbria Police,Northumbria Police,-2.007976,55.774093,On or near High Greens,E01027377,Northumberland 001B,Vehicle crime,Investigation complete; no suspect identified,
f370b391f7756308d0e3ab17a3847e40c23bd610ed8b29acc1e2fd8f29193e4b,2024-10,Northumbria Police,Northumbria Police,-2.004230,55.769960,On or near Marygate,E01027377,Northumberland 001B,Vehicle crime,Investigation complete; no suspect identified,
4cb61a47aa78db871840904cd1ace0b4a8cd22756cf259e7f530d56b90e05dd0,2024-10,Northumbria Police,Northumbria Police,-2.006015,55.769942,On or near Golden Square,E01027377,Northumberland 001B,Violence and sexual offences,Investigation complete; no suspect identified,
8699ead3f59b60a6220470b3100aee6617781e3efe9017231a2880a5bf41aa06,2024-10,Northumbria Police,Northumbria Police,-2.006015,55.769942,On or near Golden Square,E01027377,Northumberland 001B,Violence and sexual offences,Investigation complete; no suspect identified,
991af02a5be9f8a8db826acf5edf3bb8ce427b1ed38819d2c3eeea5dc8bdccc3,2024-10,Northumbria Police,Northumbria Police,-2.001520,55.768882,On or near Parking Area,E01027377,Northumberland 001B,Violence and sexual offences,Status update unavailable,
18cc58c4e8a1ad69bdeec83fe71d1830e1a2061eabc7b69fdf2c6ecd12d2c9a7,2024-10,Northumbria Police,Northumbria Police,-2.004979,55.773285,On or near Hospital,E01027377,Northumberland 001B,Violence and sexual offences,Status update unavailable,
965b9eeed154029b5b2669823292dfa0024d20053666a57ff994658d3a6b0b93,2024-10,Northumbria Police,Northumbria Police,-2.002381,55.774426,On or near Lord'S Mount,E01027377,Northumberland 001B,Violence and sexual offences,Status update unavailable,
c106448f9e4df5d5922a8ee25e6d24d5d383010d6679a4f64ecd36219bb4890b,2024-10,Northumbria Police,Northumbria Police,-2.001568,55.771245,On or near Parade,E01027377,Northumberland 001B,Violence and sexual offences,Status update unavailable,
,2024-10,Northumbria Police,Northumbria Police,-2.008451,55.758118,On or near Northumberland Road,E01027385,Northumberland 001C,Anti-social behaviour,,
0e4e19f46b8d27d09830acc8d3d4372cb8e27eabf31a649294b01b23bb23dd5a,2024-10,Northumbria Police,Northumbria Police,-2.012897,55.758028,On or near The Oval,E01027385,Northumberland 001C,Public order,Status update unavailable,
a88d8de1f2ac3b6c0cacbd2250b16fd72d0d6e6b1efc89d311eaba3d8cae67da,2024-10,Northumbria Police,Northumbria Police,-2.013008,55.757659,On or near Parkside,E01027385,Northumberland 001C,Violence and sexual offences,Status update unavailable,
8295f299c6cb18f9a35e5e6ffcd1787fe03b22705218a3b453b22b919d9da6d5,2024-10,Northumbria Police,Northumbria Police,-2.013708,55.754434,On or near Hawthorne Crescent,E01027385,Northumberland 001C,Violence and sexual offences,Status update unavailable,
87c13df362346a673fda92dbc008705c27e68e82e721c048d4374efd7b22ad6d,2024-10,Northumbria Police,Northumbria Police,-2.013708,55.754434,On or near Hawthorne Crescent,E01027385,Northumberland 001C,Violence and sexual offences,Status update unavailable,
58f9308a58c227ca8d3f84634b8b99cbd3cdc53c6e5fd953dc28ffd67d4b0201,2024-10,Northumbria Police,Northumbria Police,-2.013008,55.757659,On or near Parkside,E01027385,Northumberland 001C,Violence and sexual offences,Investigation complete; no suspect identified,
41d3900483035d19b14ac36ba97d86e5d5a60af015937dd98fff5b786120ef6d,2024-10,Northumbria Police,Northumbria Police,-2.012497,55.753257,On or near Cemetery Lane,E01027385,Northumberland 001C,Violence and sexual offences,Investigation complete; no suspect identified,
56dfa7358150e370be4263ee8bd5112b860444ea38a8b066d9774c7d4de9195a,2024-10,Northumbria Police,Northumbria Police,-2.013616,55.763994,On or near Ladywell Place,E01027387,Northumberland 001D,Criminal damage and arson,Investigation complete; no suspect identified,
c21c1359e75002c581ceb78d34a732b10043833d211ab4a3b5500d9d38d90843,2024-10,Northumbria Police,Northumbria Police,-2.008468,55.762260,On or near Supermarket,E01027387,Northumberland 001D,Shoplifting,Investigation complete; no suspect identified,
8f67af9d36a60962834404cd52b5f29b94b982efd737de1e913889d72700054f,2024-10,Northumbria Police,Northumbria Police,-2.009536,55.763805,On or near Church Road,E01027387,Northumberland 001D,Theft from the person,Investigation complete; no suspect identified,
07c2ad8079330c4ff5b2468dd972c286d9242993cb4b97378c49f0ceff051673,2024-10,Northumbria Police,Northumbria Police,-2.013999,55.767022,On or near Osborne Crescent,E01027387,Northumberland 001D,Violence and sexual offences,Status update unavailable,
5996a314a88b7e15136e56bd0509321b4d38be518962ab2df63abdb1863d8035,2024-10,Northumbria Police,Northumbria Police,-2.013999,55.767022,On or near Osborne Crescent,E01027387,Northumberland 001D,Violence and sexual offences,Investigation complete; no suspect identified,
c80d575a600da9d75afd12be9c85a8c4ea39458ceb2220169dcf46f985b1819f,2024-10,Northumbria Police,Northumbria Police,-2.011370,55.766663,On or near Union Brae,E01027387,Northumberland 001D,Violence and sexual offences,Investigation complete; no suspect identified,
76e212463da0e660e9e3fc9b6be2f4119adbd3715662de321bb012972c29abfc,2024-10,Northumbria Police,Northumbria Police,-2.015402,55.768064,On or near West End Road,E01027387,Northumberland 001D,Violence and sexual offences,Investigation complete; no suspect identified,
9e1c15ef87daf01d70cc4132bce6b6363e5e510ad592524416ae02695662de8f,2024-10,Northumbria Police,Northumbria Police,-2.013362,55.767947,On or near Union Park Road,E01027387,Northumberland 001D,Other crime,Status update unavailable,
,2024-10,Northumbria Police,Northumbria Police,-2.002970,55.759529,On or near Parking Area,E01027388,Northumberland 001E,Anti-social behaviour,,
,2024-10,Northumbria Police,Northumbria Police,-2.001520,55.757444,On or near St Bartholomew'S Crescent,E01027388,Northumberland 001E,Anti-social behaviour,,
f97219d0f32e981415a6b822914231f85e7c3edfe3d6b7c67bd4a04a5b3732bf,2024-10,Northumbria Police,Northumbria Police,-2.001982,55.756303,On or near Further/Higher Educational Building,E01027388,Northumberland 001E,Drugs,Local resolution,
3bbd50ff8adfa12fbcee425dc39f4494b47e100e9a9c1a99238d10c92c505499,2024-10,Northumbria Police,Northumbria Police,-2.001982,55.756303,On or near Further/Higher Educational Building,E01027388,Northumberland 001E,Drugs,Investigation complete; no suspect identified,
e5f671c7ead0476ca4f4531b42211510c636afe23a491d1e71435388b2a87bff,2024-10,Northumbria Police,Northumbria Police,-1.995545,55.753931,On or near Eastcliffe,E01027388,Northumberland 001E,Other theft,Status update unavailable,
550af61a19cd3f2c37da74be2ba7e1c302107bc3e6d4e844a859c9cf87c017a3,2024-10,Northumbria Police,Northumbria Police,-2.001520,55.757444,On or near St Bartholomew'S Crescent,E01027388,Northumberland 001E,Public order,Status update unavailable,
,2024-10,Northumbria Police,Northumbria Police,-1.997122,55.759520,On or near Princes Street,E01027389,Northumberland 001F,Anti-social behaviour,,
,2024-10,Northumbria Police,Northumbria Police,-1.997122,55.759520,On or near Princes Street,E01027389,Northumberland 001F,Anti-social behaviour,,
,2024-10,Northumbria Police,Northumbria Police,-1.997122,55.759520,On or near Princes Street,E01027389,Northumberland 001F,Anti-social behaviour,,
,2024-10,Northumbria Police,Northumbria Police,-1.990032,55.755890,On or near Parking Area,E01027389,Northumberland 001F,Anti-social behaviour,,
f728b77973dca6801dafd47ddc779692fdd3ca6b0af8151698852eb63118d654,2024-10,Northumbria Police,Northumbria Police,-1.992836,55.756860,On or near Blenheim Place,E01027389,Northumberland 001F,Criminal damage and arson,Investigation complete; no suspect identified,
bebdc696f3543a43832fed49c62084b6fa761fd058776ad658cee65f85a48ad8,2024-10,Northumbria Police,Northumbria Police,-1.998636,55.746932,On or near Parking Area,E01027389,Northumberland 001F,Shoplifting,Court result unavailable,
29e608e45df0f40e9e0105dcefd3431c688c9c9c19e4933b70f11f4f4469667a,2024-10,Northumbria Police,Northumbria Police,-1.998445,55.753805,On or near Highcliffe,E01027389,Northumberland 001F,Violence and sexual offences,Status update unavailable,
2bfa11ff098fdc7fbfe1fde2cf38924043a875f2e1e3fe10d96e4be3b82ed741,2024-10,Northumbria Police,Northumbria Police,-1.992836,55.756860,On or near Blenheim Place,E01027389,Northumberland 001F,Violence and sexual offences,Investigation complete; no suspect identified,
f1cbd31530874e924aae37aadb6f1148a3191dae62cc37ede6315a2e890f8789,2024-10,Northumbria Police,Northumbria Police,-1.999974,55.751901,On or near Barley Rise,E01027389,Northumberland 001F,Violence and sexual offences,Status update unavailable,
d1136c26dcbbda75c5f07823cd611f4573610d56c526389ee1b85e4c107aad54,2024-10,Northumbria Police,Northumbria Police,-1.995402,55.752197,On or near Parking Area,E01027389,Northumberland 001F,Violence and sexual offences,Status update unavailable,
fb83409e6fe6c9f116ca30fdf55bef74d4d630f07c6cac82ced2fafe29f446d3,2024-10,Northumbria Police,Northumbria Police,-1.992836,55.756860,On or near Blenheim Place,E01027389,Northumberland 001F,Violence and sexual offences,Status update unavailable,
,2024-10,Northumbria Police,Northumbria Police,-2.015026,55.783186,On or near Countess Of Buchan Way,E01027378,Northumberland 002A,Anti-social behaviour,,
,2024-10,Northumbria Police,Northumbria Police,-2.015026,55.783186,On or near Countess Of Buchan Way,E01027378,Northumberland 002A,Anti-social behaviour,,
,2024-10,Northumbria Police,Northumbria Police,-2.020636,55.779905,On or near Grange Loaning,E01027378,Northumberland 002A,Anti-social behaviour,,
,2024-10,Northumbria Police,Northumbria Police,-2.008534,55.773240,On or near Castlegate,E01027378,Northumberland 002A,Anti-social behaviour,,
a70168d3fa734cc74490fc7a869a99d5b1d85290f6c2b11fc1a2a8a7085d93cd,2024-10,Northumbria Police,Northumbria Police,-2.015026,55.783186,On or near Countess Of Buchan Way,E01027378,Northumberland 002A,Criminal damage and arson,Investigation complete; no suspect identified,
9c54921550946e674f7b396f93d6cf8d6403f123f2d5d809550198eac4b94564,2024-10,Northumbria Police,Northumbria Police,-2.015026,55.783186,On or near Countess Of Buchan Way,E01027378,Northumberland 002A,Public order,Status update unavailable,
479aede6eb372e607abea69cde14027bc8fbc39698a83e6419d9952b427a4815,2024-10,Northumbria Police,Northumbria Police,-2.015026,55.783186,On or near Countess Of Buchan Way,E01027378,Northumberland 002A,Shoplifting,Court result unavailable,
0459eb1c36300d32e51ab068edf159dbbeef1dd1b34fc0b63030f0b48978ee36,2024-10,Northumbria Police,Northumbria Police,-2.015026,55.783186,On or near Countess Of Buchan Way,E01027378,Northumberland 002A,Shoplifting,Investigation complete; no suspect identified,
a573a827859bced3ec997e033019a75199f80bf73044e62ad8a9cf3ffaa92f0a,2024-10,Northumbria Police,Northumbria Police,-2.015026,55.783186,On or near Countess Of Buchan Way,E01027378,Northumberland 002A,Shoplifting,Investigation complete; no suspect identified,
c8b48550d67536d6a33828198ed5b62b8f6ca7793b55de5414491af13c14343f,2024-10,Northumbria Police,Northumbria Police,-2.016636,55.782224,On or near Douglas Close,E01027378,Northumberland 002A,Shoplifting,Investigation complete; no suspect identified,
8cf51a7593745b08889bc45ef8945506a344457ea08c4469f5d963f2e5ac8d4a,2024-10,Northumbria Police,Northumbria Police,-2.015026,55.783186,On or near Countess Of Buchan Way,E01027378,Northumberland 002A,Shoplifting,Status update unavailable,
b029f3a89a295265b2919addea3dc0b71d5f0f0fbd90057385293cf5aca9d36d,2024-10,Northumbria Police,Northumbria Police,-2.015026,55.783186,On or near Countess Of Buchan Way,E01027378,Northumberland 002A,Shoplifting,Status update unavailable,
e0a00a4aef0b87e1b408d76bc534c90cfb4b25cb58608f8e433ac7eed5cfa832,2024-10,Northumbria Police,Northumbria Police,-2.017367,55.777543,On or near Castle Terrace,E01027378,Northumberland 002A,Vehicle crime,Status update unavailable,
12e69e43fbe8ddc90c944f1f04e06d26714b2fbae4fc0f18c100999e4720d2b4,2024-10,Northumbria Police,Northumbria Police,-2.009235,55.772305,On or near Tweed Street,E01027378,Northumberland 002A,Violence and sexual offences,Status update unavailable,
543836dcd2cc38224cafaff24602fe403c18e2066494914d93f48f55344f612e,2024-10,Northumbria Police,Northumbria Police,-2.024337,55.758269,On or near Lomax Court,E01027379,Northumberland 002B,Other theft,Investigation complete; no suspect identified,
,2024-10,Northumbria Police,Northumbria Police,-1.931674,55.679893,On or near Parking Area,E01027380,Northumberland 002C,Anti-social behaviour,,
b82f8d93f7a92a00f1631be0abcd32a5bf60e8a64a773365b43f72143da9798b,2024-10,Northumbria Police,Northumbria Police,-1.931674,55.679893,On or near Parking Area,E01027380,Northumberland 002C,Burglary,Investigation complete; no suspect identified,
d15557ebd627f22184bd4670eae7310d23dbf744f9fc881a14bd3d089396d998,2024-10,Northumbria Police,Northumbria Police,-1.931674,55.679893,On or near Parking Area,E01027380,Northumberland 002C,Drugs,Offender given a caution,
7d2464dcc9cbfa4a265d0729d4a9856c0d790e15ba6079c5f0595a131fc06994,2024-10,Northumbria Police,Northumbria Police,-1.931674,55.679893,On or near Parking Area,E01027380,Northumberland 002C,Public order,Status update unavailable,
e68648a53c2510a088427d45d43b189c37e555add46df5c1893f02059ca03478,2024-10,Northumbria Police,Northumbria Police,-1.931674,55.679893,On or near Parking Area,E01027380,Northumberland 002C,Violence and sexual offences,Offender given a caution,
1cda39510ced18fc13a95db879e2251ccf53c740c84956c52ef62cd3f1982e42,2024-10,Northumbria Police,Northumbria Police,-2.000181,55.699500,On or near Bride'S Brae,E01027380,Northumberland 002C,Violence and sexual offences,Status update unavailable,
b76f8eb3b3d8eb36ac09e06918c487d6c8f98ff90e2610d22fea71c4866643f3,2024-10,Northumbria Police,Northumbria Police,-1.931674,55.679893,On or near Parking Area,E01027380,Northumberland 002C,Violence and sexual offences,Offender given a caution,
651b59b0a82b74aa0137053ee5715272c2470cf3c8816881d955c73b0e412e8a,2024-10,Northumbria Police,Northumbria Police,-1.990117,55.732178,On or near Parking Area,E01027380,Northumberland 002C,Violence and sexual offences,Status update unavailable,
d01bd487739cdabbca9e043e30286fa09d76797420e0e44499c054ac3347d0ef,2024-10,Northumbria Police,Northumbria Police,-1.931674,55.679893,On or near Parking Area,E01027380,Northumberland 002C,Violence and sexual offences,Investigation complete; no suspect identified,
a7067dc966c59f835e35cf739dc871e7176b114e7bdf4b5d277ef18e06f55b26,2024-10,Northumbria Police,Northumbria Police,-1.931674,55.679893,On or near Parking Area,E01027380,Northumberland 002C,Violence and sexual offences,Status update unavailable,
51dada7143a03fd8ec9cb0e2c1b312802ef9a084e5dee63d248ed9fc1ebcc538,2024-10,Northumbria Police,Northumbria Police,-1.931674,55.679893,On or near Parking Area,E01027380,Northumberland 002C,Violence and sexual offences,Investigation complete; no suspect identified,
8d804b3acc956120a98f495b7a56e8f0a735880d347c0269c3e297ae3d322f8a,2024-10,Northumbria Police,Northumbria Police,-1.931674,55.679893,On or near Parking Area,E01027380,Northumberland 002C,Violence and sexual offences,Status update unavailable,
a2d3f30a993265995a9972371f84913d7a7380e3aeabb298b1d318a1a02681cf,2024-10,Northumbria Police,Northumbria Police,-1.931674,55.679893,On or near Parking Area,E01027380,Northumberland 002C,Violence and sexual offences,Status update unavailable,
5feb466278f50dc83d067e645f1a1c7a091893f130c1a90a4b1853401f80bb11,2024-10,Northumbria Police,Northumbria Police,-1.931674,55.679893,On or near Parking Area,E01027380,Northumberland 002C,Violence and sexual offences,Investigation complete; no suspect identified,
b55ac9fe276628035c7c883bf02ef06597faa59dd05b3aeb6425da2bdb6343ed,2024-10,Northumbria Police,Northumbria Police,-1.931674,55.679893,On or near Parking Area,E01027380,Northumberland 002C,Violence and sexual offences,Status update unavailable,
,2024-10,Northumbria Police,Northumbria Police,-2.014775,55.752026,On or near Lamb Court,E01027386,Northumberland 002E,Anti-social behaviour,,
,2024-10,Northumbria Police,Northumbria Police,-2.018139,55.757919,On or near Ivinson Road,E01027386,Northumberland 002E,Anti-social behaviour,,
b5ad48d8aca42c9e1f5e06a87f7113198a91a625b9c8c56545c9095a09c06563,2024-10,Northumbria Police,Northumbria Police,-2.018601,55.758854,On or near Greenwood,E01027386,Northumberland 002E,Burglary,Status update unavailable,
7dbd1e09ac4a6062ae47d931ee8bcca556bb6252f8eacfcab99d517a5d266e78,2024-10,Northumbria Police,Northumbria Police,-2.016751,55.755089,On or near B6354,E01027386,Northumberland 002E,Burglary,Investigation complete; no suspect identified,
5bca07f7fc075b215a7cab46550380b6dbd838036d225418cc664ea7ad24fe64,2024-10,Northumbria Police,Northumbria Police,-2.016448,55.754200,On or near Etal Road,E01027386,Northumberland 002E,Drugs,Status update unavailable,
c26d6b84f700a1d1f72ebf02a428888583a609afbd151f8faae1547b1688e7af,2024-10,Northumbria Police,Northumbria Police,-2.016751,55.755089,On or near B6354,E01027386,Northumberland 002E,Public order,Investigation complete; no suspect identified,
0e85433faa2c3f8f743e84f458cdd04461ad5e196c4470844016c1fba8cb3987,2024-10,Northumbria Police,Northumbria Police,-2.018601,55.758854,On or near Greenwood,E01027386,Northumberland 002E,Public order,Status update unavailable,
c7203a6810318bcf40c6c7c758525ee0dec2f509436cd360b322024cb33fb655,2024-10,Northumbria Police,Northumbria Police,-2.018601,55.758854,On or near Greenwood,E01027386,Northumberland 002E,Shoplifting,Investigation complete; no suspect identified,
e9c006ca469250436698273693313687065aca5cb268390969582d6caee5e16c,2024-10,Northumbria Police,Northumbria Police,-2.007606,55.754865,On or near Sunnyside Mews,E01027386,Northumberland 002E,Violence and sexual offences,Investigation complete; no suspect identified,
1af2e3bf281dc39440f1b6d31b4c75feff57fb5015617b77d6fbb36635dcac84,2024-10,Northumbria Police,Northumbria Police,-2.018601,55.758854,On or near Greenwood,E01027386,Northumberland 002E,Violence and sexual offences,Status update unavailable,
ca9971ff3ef7cd40c543a17d05c45d2429d4ead8450708619982a43c42a824f9,2024-10,Northumbria Police,Northumbria Police,-2.007606,55.754865,On or near Sunnyside Mews,E01027386,Northumberland 002E,Violence and sexual offences,Investigation complete; no suspect identified,
399cdc6cfe803a9ddf1c4695178442ad8f8108982888ea1e2e094f31cb94f336,2024-10,Northumbria Police,Northumbria Police,-2.018601,55.758854,On or near Greenwood,E01027386,Northumberland 002E,Violence and sexual offences,Investigation complete; no suspect identified,
00c7040989cc590c93d229a5a0cb8e0bdf9ade5e7d2877c1699b26d75b0e4e90,2024-10,Northumbria Police,Northumbria Police,-2.007606,55.754865,On or near Sunnyside Mews,E01027386,Northumberland 002E,Violence and sexual offences,Investigation complete; no suspect identified,
df792b6ae9b4e9e30eaac29afe1b9db6ff2e63843635217e62820bda9390b7c9,2024-10,Northumbria Police,Northumbria Police,-2.018139,55.757919,On or near Ivinson Road,E01027386,Northumberland 002E,Violence and sexual offences,Status update unavailable,
9e38a6bfc32c9a659cf899cf5dd1bab5e7b734099ac898f9e2a27cd0f7c4c8ce,2024-10,Northumbria Police,Northumbria Police,-2.009422,55.754497,On or near Brickfield Lodge,E01027386,Northumberland 002E,Other crime,Court result unavailable,
,2024-10,Northumbria Police,Northumbria Police,-1.828273,55.597236,On or near High Street,E01027374,Northumberland 003A,Anti-social behaviour,,
,2024-10,Northumbria Police,Northumbria Police,-1.829281,55.598846,On or near Market Place,E01027374,Northumberland 003A,Anti-social behaviour,,
,2024-10,Northumbria Police,Northumbria Police,-1.832632,55.594502,On or near Yeavering Court,E01027374,Northumberland 003A,Anti-social behaviour,,
,2024-10,Northumbria Police,Northumbria Police,-1.829808,55.598110,On or near Supermarket,E01027374,Northumberland 003A,Anti-social behaviour,,
,2024-10,Northumbria Police,Northumbria Police,-1.829808,55.598110,On or near Supermarket,E01027374,Northumberland 003A,Anti-social behaviour,,
728947975d6dec1d1136dd552a0ecd773e75283fb1f37a0e7d5dd6244c42c9f3,2024-10,Northumbria Police,Northumbria Police,-1.830952,55.601562,On or near Cragside Avenue,E01027374,Northumberland 003A,Violence and sexual offences,Status update unavailable,
50fe4925056ec3699a1e35e97a40dc182a956316d4361d5df0c88ce02fe01f50,2024-10,Northumbria Police,Northumbria Police,-1.829281,55.598846,On or near Market Place,E01027374,Northumberland 003A,Violence and sexual offences,Status update unavailable,
,2024-10,Northumbria Police,Northumbria Police,-2.173089,55.630236,On or near Parking Area,E01027375,Northumberland 003B,Anti-social behaviour,,
e96bc62fcbbbdce71389c2ff4feb2704f228d0217bda1320b52380ef2913d64b,2024-10,Northumbria Police,Northumbria Police,-2.146821,55.566853,On or near Parking Area,E01027375,Northumberland 003B,Burglary,Investigation complete; no suspect identified,
e67e48a124b6275991d2a4db1a9b631d47a4b397e153f0c939da8336fe82a830,2024-10,Northumbria Police,Northumbria Police,-1.998753,55.530406,On or near Petrol Station,E01027375,Northumberland 003B,Public order,Status update unavailable,
f86b804dd5328ee49acd3b99db786cceaa0c4eea648fe4a1419280c73741a1d3,2024-10,Northumbria Police,Northumbria Police,-2.230514,55.629531,On or near Park/Open Space,E01027375,Northumberland 003B,Violence and sexual offences,Status update unavailable,
b444c403fbdbc15553352a7b28e990339e5e5ba8bed00cfd063c6c98525bb031,2024-10,Northumbria Police,Northumbria Police,-1.913703,55.549740,On or near Scout Hill,E01027375,Northumberland 003B,Violence and sexual offences,Status update unavailable,
dffe06aa84932ae2be8c34d28fa32f7032a964d8df932d14816b8818dccb9176,2024-10,Northumbria Police,Northumbria Police,-1.910170,55.549225,On or near New Road,E01027375,Northumberland 003B,Violence and sexual offences,Investigation complete; no suspect identified,
,2024-10,Northumbria Police,Northumbria Police,-1.971672,55.652127,On or near Lambton Avenue,E01027381,Northumberland 003C,Anti-social behaviour,,
ec742c75aeb26cc956b04a0a458c93c2d4a8e1b93376d3d1fd7aa24f58af7bdc,2024-10,Northumbria Police,Northumbria Police,-2.107836,55.598297,On or near Lime Tree Drive,E01027381,Northumberland 003C,Other theft,Status update unavailable,
de6bd22c11188983ae1f6d16d4a01363bb4ce431f8e209eda49e9a4c548e912e,2024-10,Northumbria Police,Northumbria Police,-2.014608,55.648517,On or near B6353,E01027381,Northumberland 003C,Violence and sexual offences,Offender given a caution,
b1c02c880a091a31157f6aa2b9634fb28aad6c9cfff92330fc4d48505d6d1c26,2024-10,Northumbria Police,Northumbria Police,-2.109731,55.612034,On or near Parking Area,E01027381,Northumberland 003C,Violence and sexual offences,Investigation complete; no suspect identified,
,2024-10,Northumbria Police,Northumbria Police,-1.655163,55.580528,On or near Main Street,E01027383,Northumberland 003D,Anti-social behaviour,,
54ca3f7118409b4f6d813566310e859412c9721e5722011ca33462cf1c06089a,2024-10,Northumbria Police,Northumbria Police,-1.650863,55.578907,On or near King Street,E01027383,Northumberland 003D,Criminal damage and arson,Status update unavailable,
7e95f34ece5150b98aa716f749c92598c348c8f8889df17e6b174911b030a453,2024-10,Northumbria Police,Northumbria Police,-1.666697,55.584028,On or near Castle Drive,E01027383,Northumberland 003D,Other theft,Investigation complete; no suspect identified,
1be15271c2cef58494e4f23ae0619f6db6b5df1b602c7a95245bfd1a9dd8b606,2024-10,Northumbria Police,Northumbria Police,-1.652441,55.581634,On or near Crumstone,E01027383,Northumberland 003D,Violence and sexual offences,Status update unavailable,
34bc0070b48d59fad92bbe60f0f58923e316ac3735e774f6fc54adf499cb0c7e,2024-10,Northumbria Police,Northumbria Police,-1.655316,55.582963,On or near Seafield Road,E01027383,Northumberland 003D,Violence and sexual offences,Status update unavailable,
e4445d80fd20084f9963f58e2ea9e836cadd1c615357a484a52abde277b65294,2024-10,Northumbria Police,Northumbria Police,-1.652596,55.580260,On or near Dunstan View,E01027383,Northumberland 003D,Violence and sexual offences,Investigation complete; no suspect identified,
82007006ffed9d7f4d173f7b5934e7f60db645d38de468d445d2915e5bd02610,2024-10,Northumbria Police,Northumbria Police,-1.650863,55.578907,On or near King Street,E01027383,Northumberland 003D,Violence and sexual offences,Status update unavailable,
b80c6230f15552fc2a54a8aa64617e0dc43d27095a6fd2951e2530f9bbead26c,2024-10,Northumbria Police,Northumbria Police,-1.706323,55.535177,On or near Bamburgh Court,E01027384,Northumberland 003E,Burglary,Investigation complete; no suspect identified,
d41b91ae7bc9b1712c132f504a8a6a82a0d58994f3689adebce0138811c5664b,2024-10,Northumbria Police,Northumbria Police,-1.730755,55.525843,On or near Maxwell Drive,E01027384,Northumberland 003E,Criminal damage and arson,Investigation complete; no suspect identified,
cd98b65d8656c2670555cf2e1dfd01086d3452bb6bfd7a98dcc528bc0cc517ea,2024-10,Northumbria Police,Northumbria Police,-1.747834,55.520272,On or near Parking Area,E01027384,Northumberland 003E,Violence and sexual offences,Investigation complete; no suspect identified,
,2024-10,Northumbria Police,Northumbria Police,-2.006866,55.542195,On or near Bridgend Park,E01027390,Northumberland 003F,Anti-social behaviour,,
e6ea46d29c070cc5974975a28c8126e5127b30ae612625f1ebb5417a0ee5c8cc,2024-10,Northumbria Police,Northumbria Police,-2.006866,55.542195,On or near Bridgend Park,E01027390,Northumberland 003F,Criminal damage and arson,Status update unavailable,
a9c5759e4cfe50f66913bf8e7b4659366607921649cb77d35abaf531e2f5a14e,2024-10,Northumbria Police,Northumbria Police,-2.017596,55.545222,On or near Ramsey Lane,E01027390,Northumberland 003F,Criminal damage and arson,Status update unavailable,
c7a6de33f56896962e2e447873c30a2d85e068b05da94027297aefec601e484b,2024-10,Northumbria Police,Northumbria Police,-2.017596,55.545222,On or near Ramsey Lane,E01027390,Northumberland 003F,Criminal damage and arson,Investigation complete; no suspect identified,
65433da2d2aa6a273da9b2f736c93e78d19225eaa8e0535479b3799dee900cb5,2024-10,Northumbria Police,Northumbria Police,-2.011511,55.547595,On or near South Road,E01027390,Northumberland 003F,Drugs,Status update unavailable,
826b6b20a46c6c0bceb806e856267f1f70a2a0a1c6f2a747632d821a1355e31d,2024-10,Northumbria Police,Northumbria Police,-2.016058,55.544575,On or near Horsdenside,E01027390,Northumberland 003F,Other theft,Investigation complete; no suspect identified,
1fa314c711507334c03f72c661196a3d7e34a4f7eb00a1613eaba1459143b5ab,2024-10,Northumbria Police,Northumbria Police,-2.011559,55.551405,On or near B6525,E01027390,Northumberland 003F,Public order,Investigation complete; no suspect identified,
526fd3d6bbfa68e1733252f891a3cdd45ae918ab13b1c9994427648f949262c4,2024-10,Northumbria Police,Northumbria Police,-2.014173,55.545456,On or near Supermarket,E01027390,Northumberland 003F,Shoplifting,Status update unavailable,
609fe1e01a1a55a973f57f2f122157491bf8da8dc4700320d4c983aff691cb0b,2024-10,Northumbria Police,Northumbria Police,-2.006866,55.542195,On or near Bridgend Park,E01027390,Northumberland 003F,Violence and sexual offences,Investigation complete; no suspect identified,
236613e8443c3ac290c4f25a4737c6ea48964411533d1feeccac05d2afce2428,2024-10,Northumbria Police,Northumbria Police,-2.006866,55.542195,On or near Bridgend Park,E01027390,Northumberland 003F,Violence and sexual offences,Status update unavailable,
,2024-10,Northumbria Police,Northumbria Police,-1.708802,55.401074,On or near Joiners Gardens,E01027356,Northumberland 004A,Anti-social behaviour,,
,2024-10,Northumbria Police,Northumbria Police,-1.706096,55.420962,On or near Parking Area,E01027356,Northumberland 004A,Anti-social behaviour,,
,2024-10,Northumbria Police,Northumbria Police,-1.726813,55.392651,On or near Rugley Road,E01027356,Northumberland 004A,Anti-social behaviour,,
,2024-10,Northumbria Police,Northumbria Police,-1.629815,55.391408,On or near Hipsburn Steadings,E01027356,Northumberland 004A,Anti-social behaviour,,
,2024-10,Northumbria Police,Northumbria Police,-1.708389,55.401406,On or near Whitesmiths Way,E01027356,Northumberland 004A,Anti-social behaviour,,
b8d44cd2bfcc9798e068a3f44409860cf2d66987c8efe5d84df8ad9828abb1be,2024-10,Northumbria Police,Northumbria Police,-1.630509,55.398185,On or near Alnside Court,E01027356,Northumberland 004A,Criminal damage and arson,Investigation complete; no suspect identified,
2ef18121a4905cedab5266636d06782864dd4a227bbbc1e01014ac40eca16e18,2024-10,Northumbria Police,Northumbria Police,-1.630509,55.398185,On or near Alnside Court,E01027356,Northumberland 004A,Public order,Investigation complete; no suspect identified,
151cf10aa46aadfaa21cf32443af183d989a78b1483c469b9a2d982ac5bf3729,2024-10,Northumbria Police,Northumbria Police,-1.630509,55.398185,On or near Alnside Court,E01027356,Northumberland 004A,Public order,Investigation complete; no suspect identified,
bcf59d617c7a6c85b50d54abc2d9696835919cac6beb87d8eff38326052d50a9,2024-10,Northumbria Police,Northumbria Police,-1.611605,55.387434,On or near Pease'S Lane,E01027356,Northumberland 004A,Violence and sexual offences,Status update unavailable,
4725543380be731d06cf3ebc639bc47c5edf319d8487f0f42a7114afe37e5d77,2024-10,Northumbria Police,Northumbria Police,-1.710524,55.400970,On or near Carpenters Crescent,E01027356,Northumberland 004A,Violence and sexual offences,Status update unavailable,
07d4ecef2d86ebef7c18e28a3b05400ffe650c22247e9e223d8161d41ee8fc1a,2024-10,Northumbria Police,Northumbria Police,-1.626560,55.401785,On or near Longhoughton Road,E01027356,Northumberland 004A,Other crime,Status update unavailable,
,2024-10,Northumbria Police,Northumbria Police,-1.681160,55.408086,On or near Lancaster Place,E01027357,Northumberland 004B,Anti-social behaviour,,
,2024-10,Northumbria Police,Northumbria Police,-1.688307,55.409021,On or near West Acres,E01027357,Northumberland 004B,Anti-social behaviour,,
,2024-10,Northumbria Police,Northumbria Police,-1.686759,55.406995,On or near Oaky Balks,E01027357,Northumberland 004B,Anti-social behaviour,,
,2024-10,Northumbria Police,Northumbria Police,-1.688307,55.409021,On or near West Acres,E01027357,Northumberland 004B,Anti-social behaviour,,
90d99fe61d26e791f520a73b2f5e7e00a2c3f10536d5ce1209e772c328d8ed1c,2024-10,Northumbria Police,Northumbria Police,-1.689995,55.409268,On or near Ravensmede,E01027357,Northumberland 004B,Public order,Investigation complete; no suspect identified,
3b4e6a957a3c9b50bfb35985343623a53eeeab99c5698d950fab4b2489bad44d,2024-10,Northumbria Police,Northumbria Police,-1.661355,55.502390,On or near Horsley Place,E01027366,Northumberland 004C,Violence and sexual offences,Status update unavailable,
b4b9dc568190eaba5e045b0a1b8c4621eba892295094ecd13f5fa71fd681de26,2024-10,Northumbria Police,Northumbria Police,-1.628601,55.519224,On or near Bickerton'S Field,E01027366,Northumberland 004C,Violence and sexual offences,Investigation complete; no suspect identified,
,2024-10,Northumbria Police,Northumbria Police,-1.616580,55.431146,On or near North End,E01027367,Northumberland 004D,Anti-social behaviour,,
,2024-10,Northumbria Police,Northumbria Police,-1.617296,55.432344,On or near Supermarket,E01027367,Northumberland 004D,Anti-social behaviour,,
d9ad4414413c15ae941341d14856adbfc8213910dc1983b632d88e929417091b,2024-10,Northumbria Police,Northumbria Police,-1.632042,55.454134,On or near B1339,E01027367,Northumberland 004D,Vehicle crime,Investigation complete; no suspect identified,
f41b023fe6d82cdb977a0b7ee664a30199f736cfa1dd5c6a71cef36844b6c845,2024-10,Northumbria Police,Northumbria Police,-1.620955,55.433020,On or near Elworthy Road,E01027367,Northumberland 004D,Other crime,Investigation complete; no suspect identified,
,2024-10,Northumbria Police,Northumbria Police,-1.691837,55.403854,On or near A1068,E01027358,Northumberland 005A,Anti-social behaviour,,
,2024-10,Northumbria Police,Northumbria Police,-1.697682,55.403608,On or near Cawledge View,E01027358,Northumberland 005A,Anti-social behaviour,,
,2024-10,Northumbria Police,Northumbria Police,-1.709996,55.414870,On or near Pottergate,E01027358,Northumberland 005A,Anti-social behaviour,,
29139bc352085ce7e02822797c39440ecb9cbdc5aa07c462b9dd49b811beb514,2024-10,Northumbria Police,Northumbria Police,-1.697974,55.408739,On or near Back Duke Street,E01027358,Northumberland 005A,Other theft,Investigation complete; no suspect identified,
103f82d05b068bd83a8aa53b5e17b54cdae6a1b962d09de9ada964fc6bb4e413,2024-10,Northumbria Police,Northumbria Police,-1.709996,55.414870,On or near Pottergate,E01027358,Northumberland 005A,Other theft,Court result unavailable,
57d97f34ef8bbb5751003ed3a69a461d614e9f3d99e31527bf922ef787fb0450,2024-10,Northumbria Police,Northumbria Police,-1.719730,55.414041,On or near Sports/Recreation Area,E01027358,Northumberland 005A,Other theft,Investigation complete; no suspect identified,
f21f980ab862fbe47b0860ed1e6b44338d6e5f6b62e9c78e2b3f256d137cc74a,2024-10,Northumbria Police,Northumbria Police,-1.691837,55.403854,On or near A1068,E01027358,Northumberland 005A,Shoplifting,Status update unavailable,
dba7c91b2cdc8d8d9361d6c338cb29065ff1653bfd6b0d526f83ac4125cc899e,2024-10,Northumbria Police,Northumbria Police,-1.693479,55.405719,On or near Supermarket,E01027358,Northumberland 005A,Shoplifting,Court result unavailable,
a90b7675fc5489c6fddf9920ab77b4ce11c0d7c5476b0130460445448825ea03,2024-10,Northumbria Police,Northumbria Police,-1.709786,55.417583,On or near Walkergate,E01027358,Northumberland 005A,Violence and sexual offences,Investigation complete; no suspect identified,
725d660ba7be2456c9a4f0b2962c11396f4b6d0e2184dd454a8bd82cb591dba5,2024-10,Northumbria Police,Northumbria Police,-1.719730,55.414041,On or near Sports/Recreation Area,E01027358,Northumberland 005A,Violence and sexual offences,Status update unavailable,
f9e35033801d3e14660ac8e5aaef62ecd3ddcac8174f93dfc334571ed494fcaa,2024-10,Northumbria Police,Northumbria Police,-1.709996,55.414870,On or near Pottergate,E01027358,Northumberland 005A,Violence and sexual offences,Status update unavailable,
,2024-10,Northumbria Police,Northumbria Police,-1.708522,55.413312,On or near Supermarket,E01027359,Northumberland 005B,Anti-social behaviour,,
,2024-10,Northumbria Police,Northumbria Police,-1.709811,55.414133,On or near New Row,E01027359,Northumberland 005B,Anti-social behaviour,,
,2024-10,Northumbria Police,Northumbria Police,-1.708522,55.413312,On or near Supermarket,E01027359,Northumberland 005B,Anti-social behaviour,,
,2024-10,Northumbria Police,Northumbria Police,-1.706511,55.413981,On or near Supermarket,E01027359,Northumberland 005B,Anti-social behaviour,,
,2024-10,Northumbria Police,Northumbria Police,-1.708984,55.412765,On or near Alnwick Bus Station,E01027359,Northumberland 005B,Anti-social behaviour,,
,2024-10,Northumbria Police,Northumbria Police,-1.719697,55.412224,On or near Upper Barresdale,E01027359,Northumberland 005B,Anti-social behaviour,,
,2024-10,Northumbria Police,Northumbria Police,-1.708072,55.414461,On or near Narrowgate,E01027359,Northumberland 005B,Anti-social behaviour,,
,2024-10,Northumbria Police,Northumbria Police,-1.708522,55.413312,On or near Supermarket,E01027359,Northumberland 005B,Anti-social behaviour,,
233814a3720f177c89206af18fcc05649477f75cc9267fe386d620b65a3cbb85,2024-10,Northumbria Police,Northumbria Police,-1.717001,55.411517,On or near Cedar Grove,E01027359,Northumberland 005B,Burglary,Investigation complete; no suspect identified,
e0e542a6de81f062c9b56c21257e4beda0dc123581e6a80a0100d1763f5a0c72,2024-10,Northumbria Police,Northumbria Police,-1.706511,55.413981,On or near Supermarket,E01027359,Northumberland 005B,Burglary,Court result unavailable,
b66a8a1d878f98f3555fcfac6127387b45623b1b296966c9e1418f6f09969000,2024-10,Northumbria Police,Northumbria Police,-1.717001,55.411517,On or near Cedar Grove,E01027359,Northumberland 005B,Criminal damage and arson,Investigation complete; no suspect identified,
0b8670e4ab90f0aa281e066ec32b57371398f3627b5327952b7eabd05bc6c0dd,2024-10,Northumbria Police,Northumbria Police,-1.708984,55.412765,On or near Alnwick Bus Station,E01027359,Northumberland 005B,Criminal damage and arson,Investigation complete; no suspect identified,
7bf62e4f25cea95b32d70855d8d61978108a509eb9b14c9018f58276ebd99158,2024-10,Northumbria Police,Northumbria Police,-1.714831,55.410254,On or near Clayport Gardens,E01027359,Northumberland 005B,Criminal damage and arson,Investigation complete; no suspect identified,
10d2f38766e6796063e10b19e4d834c7bd7512cb2dae40015bf4a5d8dc286289,2024-10,Northumbria Police,Northumbria Police,-1.708984,55.412765,On or near Alnwick Bus Station,E01027359,Northumberland 005B,Criminal damage and arson,Local resolution,
a30011daf9637e1a56a0d2586ffb471ccffda283630a0d42e0508a183c181312,2024-10,Northumbria Police,Northumbria Police,-1.708984,55.412765,On or near Alnwick Bus Station,E01027359,Northumberland 005B,Criminal damage and arson,Offender given a caution,
9fd3d76d3048834b0f3e311f05d97e511b6834960d2ca3270805d7914e317b14,2024-10,Northumbria Police,Northumbria Police,-1.717001,55.411517,On or near Cedar Grove,E01027359,Northumberland 005B,Criminal damage and arson,Investigation complete; no suspect identified,
fc5d7e28e83e6300aeb92fbbf9d3e4cfb15114e42058832c3c4ffc87c7d01d42,2024-10,Northumbria Police,Northumbria Police,-1.706511,55.413981,On or near Supermarket,E01027359,Northumberland 005B,Criminal damage and arson,Investigation complete; no suspect identified,
7c0e6e8bff36c30105a06bad89ec0658f7f2a3fb0a0c4b7ba42dfe3f15d95f52,2024-10,Northumbria Police,Northumbria Police,-1.710681,55.411843,On or near Clayport Street,E01027359,Northumberland 005B,Other theft,Investigation complete; no suspect identified,
af58a6bfcae3f8378ca2ca2f1e58b881e557475159e31834e5a9aa2a58bd61ff,2024-10,Northumbria Police,Northumbria Police,-1.716082,55.414102,On or near Alwynside,E01027359,Northumberland 005B,Public order,Status update unavailable,
4f6a7fac2a03ba1061abf1c7619cb196e9863114f3c31e54ac4e1b7000363be3,2024-10,Northumbria Police,Northumbria Police,-1.708072,55.414461,On or near Narrowgate,E01027359,Northumberland 005B,Public order,Investigation complete; no suspect identified,
84fd37081af7c06b1748b3ae7eb15ef84361b2d98f9c642d6f91d2a50f4a1154,2024-10,Northumbria Police,Northumbria Police,-1.708522,55.413312,On or near Supermarket,E01027359,Northumberland 005B,Shoplifting,Court result unavailable,
db260db54867448fe106833bb00082973812e0300b09991717ebae570c730899,2024-10,Northumbria Police,Northumbria Police,-1.708522,55.413312,On or near Supermarket,E01027359,Northumberland 005B,Shoplifting,Investigation complete; no suspect identified,
ba8e8cc3827675ddcbd31bb56df6777a10c8fb18f808ca9cc330e8d7a6537c21,2024-10,Northumbria Police,Northumbria Police,-1.708522,55.413312,On or near Supermarket,E01027359,Northumberland 005B,Shoplifting,Status update unavailable,
f5d97c3b442126cccd314a48042ece656872db8aa2b363b1ebae8a87d59c930b,2024-10,Northumbria Police,Northumbria Police,-1.708522,55.413312,On or near Supermarket,E01027359,Northumberland 005B,Shoplifting,Court result unavailable,
8868611acbe02483a2eb9b6961618e4ae93bfb5b634450d8ec57a179cd532ec7,2024-10,Northumbria Police,Northumbria Police,-1.719697,55.412224,On or near Upper Barresdale,E01027359,Northumberland 005B,Shoplifting,Status update unavailable,
dea6077d1f0370f9d360d04c516bf1cd87d0ca4f1432a2112c77dbe9d35d1ed1,2024-10,Northumbria Police,Northumbria Police,-1.717241,55.413269,On or near Lower Barresdale,E01027359,Northumberland 005B,Vehicle crime,Investigation complete; no suspect identified,
08932c78740b568c850a2b7451bce57d7c1a63af97a0434b27578f79789ec245,2024-10,Northumbria Police,Northumbria Police,-1.717001,55.411517,On or near Cedar Grove,E01027359,Northumberland 005B,Violence and sexual offences,Investigation complete; no suspect identified,
39801f12898ef7946a42e7ee69f9ad1a76ab2bc61848b6246295918d7b76959d,2024-10,Northumbria Police,Northumbria Police,-1.709811,55.414133,On or near New Row,E01027359,Northumberland 005B,Violence and sexual offences,Investigation complete; no suspect identified,
cd4f98cd04ad60394e76fd61d9b650863d5227b60a6ad177467456351eebc5a0,2024-10,Northumbria Police,Northumbria Police,-1.718540,55.410604,On or near Sycamore Avenue,E01027359,Northumberland 005B,Violence and sexual offences,Status update unavailable,
8d6ed10defb3873888c00d99233c25f523eac0d46e6fd3cfbbefbabb3d4e2f6d,2024-10,Northumbria Police,Northumbria Police,-1.717001,55.411517,On or near Cedar Grove,E01027359,Northumberland 005B,Violence and sexual offences,Status update unavailable,
659e1f71c93f742d0a22086c43bca9b73f0d899a38cddaf9648049a9f15784ff,2024-10,Northumbria Police,Northumbria Police,-1.719697,55.412224,On or near Upper Barresdale,E01027359,Northumberland 005B,Violence and sexual offences,Investigation complete; no suspect identified,
95f65f14a99a390fc00394ed5faec2dddeaf62c144302f78350b0ee9cbca51c4,2024-10,Northumbria Police,Northumbria Police,-1.717001,55.411517,On or near Cedar Grove,E01027359,Northumberland 005B,Violence and sexual offences,Investigation complete; no suspect identified,
133972b70622ef8c7923572eaae61112ae53359a7739e169580b008859a041f3,2024-10,Northumbria Police,Northumbria Police,-1.718710,55.408942,On or near Chapel Lands,E01027359,Northumberland 005B,Violence and sexual offences,Status update unavailable,
b46d344c14a849f2cc3103f46849f923191c6b563bd047358b2612ad80f4f558,2024-10,Northumbria Police,Northumbria Police,-1.717001,55.411517,On or near Cedar Grove,E01027359,Northumberland 005B,Violence and sexual offences,Investigation complete; no suspect identified,
3dad743fb696d647d19550b69ef19d35b49ba9ff75f0dcbd56285f422aec8933,2024-10,Northumbria Police,Northumbria Police,-1.709811,55.414133,On or near New Row,E01027359,Northumberland 005B,Violence and sexual offences,Investigation complete; no suspect identified,
23a5dfeba61d6d2907384037b6d6cdd7ca17a7e6d7c1b315719b3b314ccfffc2,2024-10,Northumbria Police,Northumbria Police,-1.718540,55.410604,On or near Sycamore Avenue,E01027359,Northumberland 005B,Violence and sexual offences,Status update unavailable,
,2024-10,Northumbria Police,Northumbria Police,-1.700603,55.409932,On or near Column Mews,E01033715,Northumberland 005D,Anti-social behaviour,,
,2024-10,Northumbria Police,Northumbria Police,-1.707353,55.411206,On or near Percy Street,E01033715,Northumberland 005D,Anti-social behaviour,,
,2024-10,Northumbria Police,Northumbria Police,-1.705602,55.413071,On or near Parking Area,E01033715,Northumberland 005D,Anti-social behaviour,,
556e57578eaacef59d5f0db5ec595cd2f4b7610dc6a7eeba46cded3b551de33e,2024-10,Northumbria Police,Northumbria Police,-1.705602,55.413071,On or near Parking Area,E01033715,Northumberland 005D,Burglary,Court result unavailable,
49f809d4f5aef9617fe195c13dd003c2548dec87d153d928b370ae799257a15f,2024-10,Northumbria Police,Northumbria Police,-1.706818,55.413047,On or near Market Street,E01033715,Northumberland 005D,Criminal damage and arson,Investigation complete; no suspect identified,
7fdfe97c320709a0c30f20f320ee76d0192c81921e98796c0f61223cfd991b5b,2024-10,Northumbria Police,Northumbria Police,-1.705602,55.413071,On or near Parking Area,E01033715,Northumberland 005D,Public order,Status update unavailable,
f75e8b3d6a153aaf306b57466d8f481867c51476c31a85a9bd99cb703e31a994,2024-10,Northumbria Police,Northumbria Police,-1.703993,55.410713,On or near Prudhoe Street,E01033715,Northumberland 005D,Public order,Court result unavailable,
79a3f0f786e33fc8efb8b58da82fbd6bfd4b48b761ebace41068eeff8fd01a78,2024-10,Northumbria Police,Northumbria Police,-1.706818,55.413047,On or near Market Street,E01033715,Northumberland 005D,Public order,Investigation complete; no suspect identified,
4107fc2feaa800aad69b8df5ebc7c76420c5d57cf58767b85b3204fee185384d,2024-10,Northumbria Police,Northumbria Police,-1.702166,55.410044,On or near Stott Street,E01033715,Northumberland 005D,Public order,Status update unavailable,
afcffef2a8a9a08e3bcb6392ec452a6698b47decb49dffb560c315230e787878,2024-10,Northumbria Police,Northumbria Police,-1.705602,55.413071,On or near Parking Area,E01033715,Northumberland 005D,Public order,Investigation complete; no suspect identified,
f5a5f88a4e66732459f1695eddd6a97055124042ecb852f5a7083109f28530f0,2024-10,Northumbria Police,Northumbria Police,-1.706818,55.413047,On or near Market Street,E01033715,Northumberland 005D,Shoplifting,Investigation complete; no suspect identified,
61091d34f1df8f1df742d1a7c96bb3e23400ff1df49bc636c5b781e8a7dbcab7,2024-10,Northumbria Police,Northumbria Police,-1.704377,55.412125,On or near Militia Court,E01033715,Northumberland 005D,Shoplifting,Local resolution,
7e4f058d0cc15b96dee5010e7d3b3d1c29d08a201e97f948219fc6aaebf358d5,2024-10,Northumbria Police,Northumbria Police,-1.705602,55.413071,On or near Parking Area,E01033715,Northumberland 005D,Violence and sexual offences,Status update unavailable,
4c4a0990e75a6f5164b1dd89bef41a0f7ae2a6d2e7be500906f697b9f5251efa,2024-10,Northumbria Police,Northumbria Police,-1.699194,55.408248,On or near Back Bridge Street,E01033715,Northumberland 005D,Violence and sexual offences,Status update unavailable,
b1e655d3c80e58507197cf153f082e93650b3fb32066bcc257cee79cbe5f642b,2024-10,Northumbria Police,Northumbria Police,-1.707445,55.411620,On or near Green Batt,E01033715,Northumberland 005D,Violence and sexual offences,Status update unavailable,
cbfb95a146d33fa98c048703a17c37fd2c9a8ff129b3c1a660753c315d31d5c0,2024-10,Northumbria Police,Northumbria Police,-1.705602,55.413071,On or near Parking Area,E01033715,Northumberland 005D,Violence and sexual offences,Status update unavailable,
8d5eccd9f3dcbc91baeb8e4677b0e0068b1c98ab56dac313b6f3074dd336b4e5,2024-10,Northumbria Police,Northumbria Police,-1.706967,55.412185,On or near St Michael'S Lane,E01033715,Northumberland 005D,Violence and sexual offences,Status update unavailable,
841e3f50aedf9465206ea612cfd734075dfc0576c139f6eebf2dd10ee77c5817,2024-10,Northumbria Police,Northumbria Police,-1.705602,55.413071,On or near Parking Area,E01033715,Northumberland 005D,Violence and sexual offences,Status update unavailable,
2b000266fa4812c3a2b1f86c4dccb164e3c871fb25edbe506c169d7be117bcb5,2024-10,Northumbria Police,Northumbria Police,-1.706818,55.413047,On or near Market Street,E01033715,Northumberland 005D,Violence and sexual offences,Status update unavailable,
,2024-10,Northumbria Police,Northumbria Police,-1.709835,55.410916,On or near King Street,E01033717,Northumberland 005E,Anti-social behaviour,,
,2024-10,Northumbria Police,Northumbria Police,-1.709835,55.410916,On or near King Street,E01033717,Northumberland 005E,Anti-social behaviour,,
,2024-10,Northumbria Police,Northumbria Police,-1.709835,55.410916,On or near King Street,E01033717,Northumberland 005E,Anti-social behaviour,,
,2024-10,Northumbria Police,Northumbria Police,-1.709835,55.410916,On or near King Street,E01033717,Northumberland 005E,Anti-social behaviour,,
,2024-10,Northumbria Police,Northumbria Police,-1.709835,55.410916,On or near King Street,E01033717,Northumberland 005E,Anti-social behaviour,,
3748e4b6d83768fc03fa1dcc7bfd3755779af0e2a40a7caa5e56baeca7089a6e,2024-10,Northumbria Police,Northumbria Police,-1.702454,55.407385,On or near Swansfield Park Road,E01033717,Northumberland 005E,Burglary,Status update unavailable,
b96f2f7474382dd90f0f209b5e76b7a44f32db1fb77e3067a9ff6249b717b862,2024-10,Northumbria Police,Northumbria Police,-1.709835,55.410916,On or near King Street,E01033717,Northumberland 005E,Criminal damage and arson,Investigation complete; no suspect identified,
1e8bc33d7764a78c4132174b2b8fff675b2ef8552079844a51faaa75091ce2df,2024-10,Northumbria Police,Northumbria Police,-1.709835,55.410916,On or near King Street,E01033717,Northumberland 005E,Criminal damage and arson,Investigation complete; no suspect identified,
c26d7ce0dfb8265dfd10b95cc59fed29fe080a11edfdefd13d01881d3b875898,2024-10,Northumbria Police,Northumbria Police,-1.709609,55.403035,On or near Aydon View,E01033717,Northumberland 005E,Criminal damage and arson,Investigation complete; no suspect identified,
32406e12290a83ce4519a3ab416942ebeaa6612ab392a708541a8dfab61ffba6,2024-10,Northumbria Police,Northumbria Police,-1.702454,55.407385,On or near Swansfield Park Road,E01033717,Northumberland 005E,Vehicle crime,Investigation complete; no suspect identified,
9fa76ced064bd23eaedcf3f80f09148e3afeae450d7f945e0318ddfa23fbaf37,2024-10,Northumbria Police,Northumbria Police,-1.709835,55.410916,On or near King Street,E01033717,Northumberland 005E,Violence and sexual offences,Status update unavailable,
,2024-10,Northumbria Police,Northumbria Police,-1.581187,55.335162,On or near Lawson Street,E01027361,Northumberland 006A,Anti-social behaviour,,
,2024-10,Northumbria Police,Northumbria Police,-1.575987,55.334965,On or near John Street,E01027361,Northumberland 006A,Anti-social behaviour,,
,2024-10,Northumbria Police,Northumbria Police,-1.585779,55.333129,On or near Supermarket,E01027361,Northumberland 006A,Anti-social behaviour,,
,2024-10,Northumbria Police,Northumbria Police,-1.578558,55.334821,On or near Smith Street,E01027361,Northumberland 006A,Anti-social behaviour,,
,2024-10,Northumbria Police,Northumbria Police,-1.585779,55.333129,On or near Supermarket,E01027361,Northumberland 006A,Anti-social behaviour,,
e5bbe5794b55b0e0d4cf3325efd3bf8be645cf54b107c2020e73f483dbcfac2c,2024-10,Northumbria Police,Northumbria Police,-1.585779,55.333129,On or near Supermarket,E01027361,Northumberland 006A,Bicycle theft,Status update unavailable,
913f61e8ab411390ae3256e478227b32125e1f5fdc731b8550c275f805fe5159,2024-10,Northumbria Police,Northumbria Police,-1.570292,55.333813,On or near Parking Area,E01027361,Northumberland 006A,Burglary,Investigation complete; no suspect identified,
c11a83f8ef0f9037808747ec06ca7caaf5fa626e2739872d86f59f84df7ac939,2024-10,Northumbria Police,Northumbria Police,-1.582003,55.333988,On or near George Street,E01027361,Northumberland 006A,Burglary,Status update unavailable,
b8028655a03070f0aeedbb57e913d4677b1d2f3c70fc68e2f9cc256e4e286d36,2024-10,Northumbria Police,Northumbria Police,-1.577020,55.335588,On or near Runciman Way,E01027361,Northumberland 006A,Burglary,Status update unavailable,
fa91d1ae6312166a020d2363ca7c30d1a9189ecae4ff22708c1c47258094d3ab,2024-10,Northumbria Police,Northumbria Police,-1.573079,55.335637,On or near Gordon Villas,E01027361,Northumberland 006A,Criminal damage and arson,Status update unavailable,
f2cd7150d7b27bcf1ad1e68daa7fab226e16011f2dbb2800764ee820cbff350f,2024-10,Northumbria Police,Northumbria Police,-1.581767,55.332433,On or near Straffen Court,E01027361,Northumberland 006A,Other theft,Investigation complete; no suspect identified,
b915e743ffdd52a878d290e1822fd8cb74ef618f4752426f624e6096bf15a1bd,2024-10,Northumbria Police,Northumbria Police,-1.583782,55.334201,On or near Turner Street,E01027361,Northumberland 006A,Public order,Status update unavailable,
8177c38fa7c5fccfede2d4a3a944fd03024af25f33a9196bf0e555044eb684ed,2024-10,Northumbria Police,Northumbria Police,-1.580016,55.334080,On or near Cartington Court,E01027361,Northumberland 006A,Public order,Status update unavailable,
86485df221f77321cad8ee409160151e7644817631516a63727192769bc26a37,2024-10,Northumbria Police,Northumbria Police,-1.582587,55.333945,On or near Bridge Street,E01027361,Northumberland 006A,Shoplifting,Court result unavailable,
d5c0142df8048455d98398758ab991f54c40e8b74e0628ff7dd9d55a151d0028,2024-10,Northumbria Police,Northumbria Police,-1.582587,55.333945,On or near Bridge Street,E01027361,Northumberland 006A,Shoplifting,Investigation complete; no suspect identified,
af1274dded005cb6b0b15dbdaf5acf276518097d1fb749b2fefa787f2f74f767,2024-10,Northumbria Police,Northumbria Police,-1.582587,55.333945,On or near Bridge Street,E01027361,Northumberland 006A,Shoplifting,Court result unavailable,
e3ff4ed8883bd8274e419401dad348a72651a338cc548b8737a0439ab3fd6913,2024-10,Northumbria Police,Northumbria Police,-1.582587,55.333945,On or near Bridge Street,E01027361,Northumberland 006A,Shoplifting,Offender given a caution,
eae08efc85f9055049ec1f1e705eb079ac995a57ee985be9d28189683a42c3ac,2024-10,Northumbria Police,Northumbria Police,-1.582587,55.333945,On or near Bridge Street,E01027361,Northumberland 006A,Shoplifting,Court result unavailable,
4ac164c9d17cfd5a8960869f104c5d3b50d986aca7dd6e6c1dbc5edf5d69b7fa,2024-10,Northumbria Police,Northumbria Police,-1.580016,55.334080,On or near Cartington Court,E01027361,Northumberland 006A,Violence and sexual offences,Status update unavailable,
ef422da034c65e3ffc61cebc412ce583a0a338ff4ec358ff64ad9e2bc9d3668e,2024-10,Northumbria Police,Northumbria Police,-1.577154,55.334888,On or near Newburgh Street,E01027361,Northumberland 006A,Violence and sexual offences,Investigation complete; no suspect identified,
f97c59c2c69313106093e56ba654ea63b05fc6971b533bb73f1ea2d341de7241,2024-10,Northumbria Police,Northumbria Police,-1.584293,55.333591,On or near Cross Street,E01027361,Northumberland 006A,Violence and sexual offences,Investigation complete; no suspect identified,
6bec75e1b0f7a8c3be72b57e7469cec4c9fb50a99e51f2f4dd378c27400718b3,2024-10,Northumbria Police,Northumbria Police,-1.580016,55.334080,On or near Cartington Court,E01027361,Northumberland 006A,Violence and sexual offences,Status update unavailable,
8e17ef7bbb5ff569d537f6851072611e7587966799823ee61c700a69f9b04b72,2024-10,Northumbria Police,Northumbria Police,-1.582003,55.333988,On or near George Street,E01027361,Northumberland 006A,Violence and sexual offences,Investigation complete; no suspect identified,
71ad8389a42eccef4fe5f473f80cce3fec5c7616efaf662aa63d9f9dad734821,2024-10,Northumbria Police,Northumbria Police,-1.581767,55.332433,On or near Straffen Court,E01027361,Northumberland 006A,Violence and sexual offences,Status update unavailable,
8252b0dfe2c22f4047fb74157a6717ed61cea33170de7bdf200265c933ddf5dc,2024-10,Northumbria Police,Northumbria Police,-1.581767,55.332433,On or near Straffen Court,E01027361,Northumberland 006A,Violence and sexual offences,Status update unavailable,
,2024-10,Northumbria Police,Northumbria Police,-1.582015,55.326844,On or near Petrol Station,E01027362,Northumberland 006B,Anti-social behaviour,,
,2024-10,Northumbria Police,Northumbria Police,-1.613133,55.306783,On or near Queen Street,E01027362,Northumberland 006B,Anti-social behaviour,,
,2024-10,Northumbria Police,Northumbria Police,-1.582656,55.325858,On or near Chillingham Court,E01027362,Northumberland 006B,Anti-social behaviour,,
,2024-10,Northumbria Police,Northumbria Police,-1.582015,55.326844,On or near Petrol Station,E01027362,Northumberland 006B,Anti-social behaviour,,
,2024-10,Northumbria Police,Northumbria Police,-1.582015,55.326844,On or near Petrol Station,E01027362,Northumberland 006B,Anti-social behaviour,,
2db7404f6885d56d932bc1cb5f6a8a96876e58cb6cdd41d3d837fbd9d5c08f85,2024-10,Northumbria Police,Northumbria Police,-1.586430,55.326635,On or near Bamburgh Close,E01027362,Northumberland 006B,Criminal damage and arson,Offender given a caution,
8c3255af306d59b8dc9fa9c58e303ebf27b3d0a169410cf62997f99e44a15540,2024-10,Northumbria Police,Northumbria Police,-1.582015,55.326844,On or near Petrol Station,E01027362,Northumberland 006B,Shoplifting,Court result unavailable,
1df6dac48cf1c54981415b50fc0441e40308368a3a0bbfb12a4c0a049037a69c,2024-10,Northumbria Police,Northumbria Police,-1.582015,55.326844,On or near Petrol Station,E01027362,Northumberland 006B,Shoplifting,Court result unavailable,
6420f787bf74e26212f1f6fa7d625a39146d9b466217dde8cdc57ac6cd2ba3c4,2024-10,Northumbria Police,Northumbria Police,-1.585621,55.325626,On or near Norham Drive,E01027362,Northumberland 006B,Violence and sexual offences,Status update unavailable,
4fc7692ff27d4905ef5dca427468a8e431d34a7957418c3c40d7e073376b7dc1,2024-10,Northumbria Police,Northumbria Police,-1.611147,55.308529,On or near North End Close,E01027362,Northumberland 006B,Other crime,Status update unavailable,
,2024-10,Northumbria Police,Northumbria Police,-1.574121,55.328075,On or near Tynedale,E01027363,Northumberland 006C,Anti-social behaviour,,
,2024-10,Northumbria Police,Northumbria Police,-1.565253,55.331917,On or near Parking Area,E01027363,Northumberland 006C,Anti-social behaviour,,
,2024-10,Northumbria Police,Northumbria Police,-1.575455,55.330173,On or near Andrew Drive,E01027363,Northumberland 006C,Anti-social behaviour,,
,2024-10,Northumbria Police,Northumbria Police,-1.574121,55.328075,On or near Tynedale,E01027363,Northumberland 006C,Anti-social behaviour,,
06cd94f49e6f54ff3addb58b0f89622385d65fd9e9b645202607f9952ff8c268,2024-10,Northumbria Police,Northumbria Police,-1.576349,55.333492,On or near St Lawrence Avenue,E01027363,Northumberland 006C,Criminal damage and arson,Status update unavailable,
1480b2ee8e6fcc481df8dd8beca3a376cc39ad7394ea1d0231d95aeeb00d2df9,2024-10,Northumbria Police,Northumbria Police,-1.574121,55.328075,On or near Tynedale,E01027363,Northumberland 006C,Violence and sexual offences,Status update unavailable,
41c408db8cfae28081f7fede4c9d6a36c2be0ae461365ba4138101df080df3f4,2024-10,Northumbria Police,Northumbria Police,-1.574121,55.328075,On or near Tynedale,E01027363,Northumberland 006C,Violence and sexual offences,Investigation complete; no suspect identified,
1322e8237f9c407285528be401391252f4c1d79951cb98af598f7a130dce71ec,2024-10,Northumbria Police,Northumbria Police,-1.574121,55.328075,On or near Tynedale,E01027363,Northumberland 006C,Other crime,Status update unavailable,
a01e4e935e1f52a6e14eb1d66f3495b8710e737c949fe54ba575e58180923dce,2024-10,Northumbria Police,Northumbria Police,-1.574121,55.328075,On or near Tynedale,E01027363,Northumberland 006C,Other crime,Status update unavailable,
,2024-10,Northumbria Police,Northumbria Police,-1.597099,55.326787,On or near Sheila'S Close,E01027364,Northumberland 006D,Anti-social behaviour,,
,2024-10,Northumbria Police,Northumbria Police,-1.590316,55.330395,On or near Acklington Street,E01027364,Northumberland 006D,Anti-social behaviour,,
,2024-10,Northumbria Police,Northumbria Police,-1.590316,55.330395,On or near Acklington Street,E01027364,Northumberland 006D,Anti-social behaviour,,
,2024-10,Northumbria Police,Northumbria Police,-1.597099,55.326787,On or near Sheila'S Close,E01027364,Northumberland 006D,Anti-social behaviour,,
63d529b961a2f36f6b77a3d5c973b90dc0153af328b16bc0402b16d49c5cc2a8,2024-10,Northumbria Police,Northumbria Police,-1.590729,55.331573,On or near West Avenue,E01027364,Northumberland 006D,Burglary,Investigation complete; no suspect identified,
7ca44b6b18989930a9f4868f911e54336c0d480a05c7a622849ce596c9f34857,2024-10,Northumbria Police,Northumbria Police,-1.590316,55.330395,On or near Acklington Street,E01027364,Northumberland 006D,Public order,Status update unavailable,
a97094c6fec168bd5ca498d4db9d15d8bd89936791bce733b60c38cca50376df,2024-10,Northumbria Police,Northumbria Police,-1.590316,55.330395,On or near Acklington Street,E01027364,Northumberland 006D,Violence and sexual offences,Status update unavailable,
533fb08bbf270af099afab999383d982c0b05ea14f42a86cbbfbe230a1b409cd,2024-10,Northumbria Police,Northumbria Police,-1.599141,55.327450,On or near Robsons Way,E01027364,Northumberland 006D,Violence and sexual offences,Status update unavailable,
dcd7258ad784e6956c1302d72176d1f7cc18921b33e8244444253b7e217e4417,2024-10,Northumbria Police,Northumbria Police,-1.590316,55.330395,On or near Acklington Street,E01027364,Northumberland 006D,Violence and sexual offences,Status update unavailable,
8cfceba14ea1abd24e65d46bb8fe1147b5106dc7ccaca640d1273a9de59d0779,2024-10,Northumbria Police,Northumbria Police,-1.587818,55.329551,On or near South Avenue,E01027364,Northumberland 006D,Violence and sexual offences,Status update unavailable,
1406da8d1b575855e11aa28eb89ac3f4f29b9ea7e396060ee453584fb5614cef,2024-10,Northumbria Police,Northumbria Police,-1.590316,55.330395,On or near Acklington Street,E01027364,Northumberland 006D,Violence and sexual offences,Status update unavailable,
,2024-10,Northumbria Police,Northumbria Police,-1.744673,55.328137,On or near Ferny Bank,E01027370,Northumberland 006E,Anti-social behaviour,,
4cba52f220a541a335b5cb9fb6bb44f42185220e00dd11b9fd06ce58ce01c1e0,2024-10,Northumbria Police,Northumbria Police,-1.735590,55.324074,On or near Low Wood,E01027370,Northumberland 006E,Burglary,Investigation complete; no suspect identified,
7b4a500f80a59d22b26894f95bfe3e45b99dee774e34c918f2ad30fd1ea07223,2024-10,Northumbria Police,Northumbria Police,-1.709723,55.296699,On or near The Peth,E01027370,Northumberland 006E,Other theft,Investigation complete; no suspect identified,
6aa3a3c1fb04d04cb491062a0daa452eeaf0c3f5a265a98bf1730716660a39ec,2024-10,Northumbria Police,Northumbria Police,-1.725119,55.334097,On or near Parking Area,E01027370,Northumberland 006E,Other theft,Investigation complete; no suspect identified,
33d88b9c5fedf715ebfd71169a15d92810a37cfce9029db3a1adb0d95b4d0de9,2024-10,Northumbria Police,Northumbria Police,-1.741906,55.327071,On or near Beechcroft,E01027370,Northumberland 006E,Violence and sexual offences,Investigation complete; no suspect identified,
8ea5af010f06523f01d17e573bd617824b3d067869cc836cb6d90adcd38b60b6,2024-10,Northumbria Police,Northumbria Police,-1.741906,55.327071,On or near Beechcroft,E01027370,Northumberland 006E,Other crime,Status update unavailable,
925b983367d81b590fbbe7bf1f9066f5444ba31e24cffaedb20595b20a2422a6,2024-10,Northumbria Police,Northumbria Police,-1.744021,55.311817,On or near Park Road,E01027370,Northumberland 006E,Other crime,Investigation complete; no suspect identified,
,2024-10,Northumbria Police,Northumbria Police,-1.685572,55.371454,On or near Lee Avenue,E01027371,Northumberland 006F,Anti-social behaviour,,
3f3570aa65ad7750c50d1cd5cae63fa57f5fc781c6708c566fe50e69f08c7a84,2024-10,Northumbria Police,Northumbria Police,-1.698075,55.370596,On or near Farne Road,E01027371,Northumberland 006F,Burglary,Investigation complete; no suspect identified,
2beb165db34b53e41573b522fb20537a4edf3170b70b20529745c250264ad62a,2024-10,Northumbria Police,Northumbria Police,-1.689150,55.371921,On or near The Haven,E01027371,Northumberland 006F,Burglary,Status update unavailable,
f742a1197e17604e594e02294995521c6c1af7b5f31bb183d746c6f471fcd074,2024-10,Northumbria Police,Northumbria Police,-1.673869,55.368979,On or near Garden Terrace,E01027371,Northumberland 006F,Criminal damage and arson,Investigation complete; no suspect identified,
ba7373e60a8e4531edcd15ad855fef5f477e1b77d968a870f06abb1afe3a3ada,2024-10,Northumbria Police,Northumbria Police,-1.689150,55.371921,On or near The Haven,E01027371,Northumberland 006F,Criminal damage and arson,Status update unavailable,
,2024-10,Northumbria Police,Northumbria Police,-1.609160,55.342345,On or near Miller'S Close,E01027372,Northumberland 006G,Anti-social behaviour,,
,2024-10,Northumbria Police,Northumbria Police,-1.611144,55.349063,On or near St Lawrence Terrace,E01027372,Northumberland 006G,Anti-social behaviour,,
,2024-10,Northumbria Police,Northumbria Police,-1.648766,55.319183,On or near Rake Lane,E01027372,Northumberland 006G,Anti-social behaviour,,
,2024-10,Northumbria Police,Northumbria Police,-1.612750,55.347747,On or near Brewery Lane,E01027372,Northumberland 006G,Anti-social behaviour,,
,2024-10,Northumbria Police,Northumbria Police,-1.612363,55.348537,On or near Dial Place,E01027372,Northumberland 006G,Anti-social behaviour,,
2f5d83b2089dc08b3120a451454acd7288c1134c46071c6450d8b9505d43c2b8,2024-10,Northumbria Police,Northumbria Police,-1.648766,55.319183,On or near Rake Lane,E01027372,Northumberland 006G,Criminal damage and arson,Investigation complete; no suspect identified,
721ddc9d76bf6603ff5732f62245a95845c3cf0b8a14a1016a395b8624473103,2024-10,Northumbria Police,Northumbria Police,-1.648766,55.319183,On or near Rake Lane,E01027372,Northumberland 006G,Criminal damage and arson,Investigation complete; no suspect identified,
2f3f559fcfc5354f2597d3b1497e4ad915e68579174329b96f2ed4b83f1ea101,2024-10,Northumbria Police,Northumbria Police,-1.611144,55.349063,On or near St Lawrence Terrace,E01027372,Northumberland 006G,Public order,Investigation complete; no suspect identified,
2f8fc9f491b335eeda88c3380a300a5ee944d202c7f73322934038f546677d35,2024-10,Northumbria Police,Northumbria Police,-1.648766,55.319183,On or near Rake Lane,E01027372,Northumberland 006G,Public order,Court result unavailable,
b9cb55915274419bea91339210400572b6dcce6666dafe30c89849b3c308327d,2024-10,Northumbria Police,Northumbria Police,-1.611144,55.349063,On or near St Lawrence Terrace,E01027372,Northumberland 006G,Public order,Investigation complete; no suspect identified,
6edd5f7788636b47bfbb81a63c86e1787308f60586d7228c976fb9f8f8557ee0,2024-10,Northumbria Police,Northumbria Police,-1.648766,55.319183,On or near Rake Lane,E01027372,Northumberland 006G,Public order,Court result unavailable,
62161984b8eea7581e37c6336ad01b43c58481f11f68ee70c391239341112ac7,2024-10,Northumbria Police,Northumbria Police,-1.610182,55.344289,On or near Woodlands,E01027372,Northumberland 006G,Violence and sexual offences,Court result unavailable,
d0ad3b07f0606b9342a1c1f3b7295eb586760e32f1a7c7d2d4208dfaf0642daa,2024-10,Northumbria Police,Northumbria Police,-1.610182,55.344289,On or near Woodlands,E01027372,Northumberland 006G,Violence and sexual offences,Investigation complete; no suspect identified,
81e8d72958b1c5fdc1878692a48d204b241c87ee83eea29af4f585eb5e94cd2b,2024-10,Northumbria Police,Northumbria Police,-1.648766,55.319183,On or near Rake Lane,E01027372,Northumberland 006G,Other crime,Court result unavailable,
65acb8ef011fd3b74deefa85ee03021b3ddd9ab97a2da311ab0d6a99a550188d,2024-10,Northumbria Police,Northumbria Police,-1.648766,55.319183,On or near Rake Lane,E01027372,Northumberland 006G,Other crime,Court result unavailable,
d56a000708169d87767981d59e6d41b91d2bd56f312a8d8982d29e515bb3d505,2024-10,Northumbria Police,Northumbria Police,-1.901564,55.440791,On or near Crawley Dene,E01027365,Northumberland 007A,Criminal damage and arson,Investigation complete; no suspect identified,
3e349ccfbd708d66a89997c50ea50d14c27d58341a0617c081a141c17837ed7b,2024-10,Northumbria Police,Northumbria Police,-1.840258,55.290469,On or near B6344,E01027365,Northumberland 007A,Violence and sexual offences,Status update unavailable,
f1e2c82e52eba2aa0dc3f9f4d6685bf58b05fcad37053afad116591a80fd00a8,2024-10,Northumbria Police,Northumbria Police,-1.840258,55.290469,On or near B6344,E01027365,Northumberland 007A,Violence and sexual offences,Investigation complete; no suspect identified,
46fd1cfdd6307b00a902c5cdf0fab91f05ba3646c46092e3cc15a2308cc13ddf,2024-10,Northumbria Police,Northumbria Police,-1.908362,55.310137,On or near Allerdene Court,E01027368,Northumberland 007B,Drugs,Investigation complete; no suspect identified,
483c4a7d79cd9835a9e688fc77ed35b0fbd81c707cabed3718e931d91c6fbeac,2024-10,Northumbria Police,Northumbria Police,-1.908598,55.310425,On or near Wright'S Square,E01027368,Northumberland 007B,Public order,Status update unavailable,
c99019a77872b3c43bd726e8398c7f71cbb54fd329104b4e21be7a845ea34bcb,2024-10,Northumbria Police,Northumbria Police,-1.865546,55.239029,On or near Ritton Bank,E01027368,Northumberland 007B,Public order,Status update unavailable,
8e3ef8a1d9a14e4e5457a0f65828997fa4da73134c7e5d855d80a00145fff509,2024-10,Northumbria Police,Northumbria Police,-1.946026,55.301425,On or near Carterside Road,E01027368,Northumberland 007B,Vehicle crime,Investigation complete; no suspect identified,
11086a87890a792719b125e6dec0107b26c52124b5f900a1b31057c1a86cc28a,2024-10,Northumbria Police,Northumbria Police,-1.900570,55.307848,On or near Wagtail Road,E01027368,Northumberland 007B,Violence and sexual offences,Status update unavailable,
41b2f6664fa58b21ffad910ce7d9750383c4d6cd738150719595a772b90bc2f4,2024-10,Northumbria Police,Northumbria Police,-1.911803,55.307381,On or near Whitton Bank Road,E01027369,Northumberland 007C,Criminal damage and arson,Status update unavailable,
8a3c183501c9d2237148a888da3a8a568109a1a20b3fdff4382c7dbc8ca9f838,2024-10,Northumbria Police,Northumbria Police,-1.913138,55.308972,On or near The Maltings,E01027369,Northumberland 007C,Criminal damage and arson,Status update unavailable,
5a2fdab9c57c307baf443d170e65542ee29795d716307ef31cf9d50b7b26a622,2024-10,Northumbria Police,Northumbria Police,-1.913138,55.308972,On or near The Maltings,E01027369,Northumberland 007C,Violence and sexual offences,Status update unavailable,
a1866f4b3214c6cc4827e991e4666c9dc85bd1fecd5cbdd01813a1d7d6079e77,2024-10,Northumbria Police,Northumbria Police,-1.913138,55.308972,On or near The Maltings,E01027369,Northumberland 007C,Violence and sexual offences,Status update unavailable,
50c6b58e53c4addff541b244baeaee212df6591f34ca8fcb9d852a8065dabd34,2024-10,Northumbria Police,Northumbria Police,-1.913138,55.308972,On or near The Maltings,E01027369,Northumberland 007C,Violence and sexual offences,Investigation complete; no suspect identified,
0549a3c1ec5d21a61c129fd490d0bad00fafef457e6a74ec82c0e94f2a330cca,2024-10,Northumbria Police,Northumbria Police,-2.094958,55.345412,On or near Green Lane,E01027373,Northumberland 007D,Criminal damage and arson,Investigation complete; no suspect identified,
c168692fd9fd0280eaa8aa68b535ce7b5d2314a197862837946e1f11749a3bda,2024-10,Northumbria Police,Northumbria Police,-2.094958,55.345412,On or near Green Lane,E01027373,Northumberland 007D,Criminal damage and arson,Status update unavailable,
dcda66753bc35e046e4d89e1759b01372288ae6271786270f0d560ba2a239ef6,2024-10,Northumbria Police,Northumbria Police,-1.895081,55.423803,On or near West Turnpike,E01027373,Northumberland 007D,Criminal damage and arson,Status update unavailable,
d7d8c3f170e8a975a0b5dfe2f9d2f1eb179b0c3938a580a341d687c6fc1e1353,2024-10,Northumbria Police,Northumbria Police,-2.128262,55.350970,On or near Parking Area,E01027373,Northumberland 007D,Criminal damage and arson,Investigation complete; no suspect identified,
a918cc5b6e59dd1c9fccfd877071e66aa48d3a3e2b46b808135f4547fc20e65a,2024-10,Northumbria Police,Northumbria Police,-2.021962,55.363616,On or near Harden View,E01027373,Northumberland 007D,Other theft,Status update unavailable,
258605895129619f1dbbcc6a832880d81daa381a9138021fababa2099112d371,2024-10,Northumbria Police,Northumbria Police,-2.094958,55.345412,On or near Green Lane,E01027373,Northumberland 007D,Public order,Status update unavailable,
94c533766b496b48ae1418080c6f6101a9ae2e72c145e5336eac617a5d63da60,2024-10,Northumbria Police,Northumbria Police,-2.102502,55.335800,On or near Richardson Lane,E01027373,Northumberland 007D,Public order,Investigation complete; no suspect identified,
5537c8733336c12d7303ea9d8c88edf3a3aacb733c0028dfb89e14d095af45af,2024-10,Northumbria Police,Northumbria Police,-2.021962,55.363616,On or near Harden View,E01027373,Northumberland 007D,Vehicle crime,Investigation complete; no suspect identified,
15badd198e34c8ead067cad6b9ddb03775f34a32cfe574f4eadd5e4ded9d5765,2024-10,Northumbria Police,Northumbria Police,-2.094958,55.345412,On or near Green Lane,E01027373,Northumberland 007D,Violence and sexual offences,Status update unavailable,
ff1485a77350d1e00317aaa1f2c07136288cb9231ca115c364d57d0805965021,2024-10,Northumbria Police,Northumbria Police,-2.068027,55.327737,On or near Parking Area,E01027373,Northumberland 007D,Violence and sexual offences,Investigation complete; no suspect identified,
23a9c2bdef6c2cced96efc06ab9f92f51abea7024de45cc0f3467162889960e7,2024-10,Northumbria Police,Northumbria Police,-2.102502,55.335800,On or near Richardson Lane,E01027373,Northumberland 007D,Violence and sexual offences,Status update unavailable,
846c407e46fc84beb697387cbec4a72ba2110c9221089e1c9d21f22d9f94ec42,2024-10,Northumbria Police,Northumbria Police,-1.892398,55.317986,On or near Park/Open Space,E01027373,Northumberland 007D,Violence and sexual offences,Investigation complete; no suspect identified,
93b4e57f777e113dd2d623941595b76b1388124aea110cccdb03d02eda35d1e3,2024-10,Northumbria Police,Northumbria Police,-2.102502,55.335800,On or near Richardson Lane,E01027373,Northumberland 007D,Violence and sexual offences,Investigation complete; no suspect identified,
,2024-10,Northumbria Police,Northumbria Police,-1.606029,55.295546,On or near Simonside Crescent,E01027443,Northumberland 008A,Anti-social behaviour,,
,2024-10,Northumbria Police,Northumbria Police,-1.601633,55.295837,On or near Chibburn Avenue,E01027443,Northumberland 008A,Anti-social behaviour,,
,2024-10,Northumbria Police,Northumbria Police,-1.601832,55.291605,On or near Linhope Crescent,E01027443,Northumberland 008A,Anti-social behaviour,,
,2024-10,Northumbria Police,Northumbria Police,-1.606294,55.295897,On or near Hartside Crescent,E01027443,Northumberland 008A,Anti-social behaviour,,
,2024-10,Northumbria Police,Northumbria Police,-1.596105,55.294237,On or near Ladyburn Way,E01027443,Northumberland 008A,Anti-social behaviour,,
,2024-10,Northumbria Police,Northumbria Police,-1.603902,55.294119,On or near Parking Area,E01027443,Northumberland 008A,Anti-social behaviour,,
,2024-10,Northumbria Police,Northumbria Police,-1.601633,55.295837,On or near Chibburn Avenue,E01027443,Northumberland 008A,Anti-social behaviour,,
642a8d35b02a29d6eeeae78e381acf028d50040353020b8d8a480ce98f6380a6,2024-10,Northumbria Police,Northumbria Police,-1.606294,55.295897,On or near Hartside Crescent,E01027443,Northumberland 008A,Criminal damage and arson,Investigation complete; no suspect identified,
a92bd73e43d2a31e3b52f6931f2cc8bf5b8259dc567ef3d0e398fab3508360a5,2024-10,Northumbria Police,Northumbria Police,-1.606029,55.295546,On or near Simonside Crescent,E01027443,Northumberland 008A,Criminal damage and arson,Status update unavailable,
d83ff0863c6289d3244944dd9d33e95f750bcd45fbb21dc519006120a55892cb,2024-10,Northumbria Police,Northumbria Police,-1.601633,55.295837,On or near Chibburn Avenue,E01027443,Northumberland 008A,Criminal damage and arson,Investigation complete; no suspect identified,
fc170a2fdef23cf6cc33c899025ff5df336e96c0945276e3c0fa087303e61651,2024-10,Northumbria Police,Northumbria Police,-1.602161,55.295012,On or near Lake View,E01027443,Northumberland 008A,Criminal damage and arson,Status update unavailable,
8b49bf9e0e1ce515f6e9b8a3e6b788c5fa6c4b53882d3be88a8b2eb06d8e511d,2024-10,Northumbria Police,Northumbria Police,-1.602161,55.295012,On or near Lake View,E01027443,Northumberland 008A,Criminal damage and arson,Investigation complete; no suspect identified,
f7a6287a1cc526353a04571690ce78196b7ee155e5ce34a15e6037b2457b6d62,2024-10,Northumbria Police,Northumbria Police,-1.601633,55.295837,On or near Chibburn Avenue,E01027443,Northumberland 008A,Criminal damage and arson,Investigation complete; no suspect identified,
bca10f383045773ccd8e57b94d55f161f7036b1c54af28b84ace2abd5552ed73,2024-10,Northumbria Police,Northumbria Police,-1.599232,55.294922,On or near Hadston Road,E01027443,Northumberland 008A,Criminal damage and arson,Status update unavailable,
0d3504ce65cfa5de07efecf9d5054d47980226d4252637664cca48bb17e5182f,2024-10,Northumbria Police,Northumbria Police,-1.599232,55.294922,On or near Hadston Road,E01027443,Northumberland 008A,Criminal damage and arson,Investigation complete; no suspect identified,
62c015eb40f99d3899ac958046a709d0c1eeaf7ec41f5b9e80451d618c5d362f,2024-10,Northumbria Police,Northumbria Police,-1.602161,55.295012,On or near Lake View,E01027443,Northumberland 008A,Other theft,Status update unavailable,
df8e874b0b039c7195274b5948a3533fa96f0abb2ea631ef4aea1fcfa0bf67af,2024-10,Northumbria Police,Northumbria Police,-1.606294,55.295897,On or near Hartside Crescent,E01027443,Northumberland 008A,Possession of weapons,Status update unavailable,
df835b1c6b7baaf2e23ddd8b99e7a38a6d4bbad0484baa86853fdbbb0d1f0a8b,2024-10,Northumbria Police,Northumbria Police,-1.603152,55.295042,On or near Lake Road,E01027443,Northumberland 008A,Public order,Investigation complete; no suspect identified,
0827a389c870d39407022e473104047a4deede4922c3c0d8a75a4189280094ff,2024-10,Northumbria Police,Northumbria Police,-1.606294,55.295897,On or near Hartside Crescent,E01027443,Northumberland 008A,Public order,Status update unavailable,
21898141935c92e8aebf847a024a0748594c670bc413004bdd1f3add3b3ff489,2024-10,Northumbria Police,Northumbria Police,-1.606294,55.295897,On or near Hartside Crescent,E01027443,Northumberland 008A,Public order,Status update unavailable,
205eeba37d3b2c45ffba2839ac78a16a4be5fceb24f2613a194943ed2cb357f9,2024-10,Northumbria Police,Northumbria Police,-1.603152,55.295042,On or near Lake Road,E01027443,Northumberland 008A,Public order,Investigation complete; no suspect identified,
3ddd495968214e9f4165efcbd34d660e26c3b8d494fe6920a257cb1463f20902,2024-10,Northumbria Police,Northumbria Police,-1.606029,55.295546,On or near Simonside Crescent,E01027443,Northumberland 008A,Public order,Investigation complete; no suspect identified,
0752b5b1ea5eead59c025ca74b9f932592ee9c9b388561c47f0a8c583321b983,2024-10,Northumbria Police,Northumbria Police,-1.606029,55.295546,On or near Simonside Crescent,E01027443,Northumberland 008A,Public order,Status update unavailable,
1bf4734d35a91e229ab94fd6d1920bfb3b4b1af7c20b37b7e483a5c8f72d531d,2024-10,Northumbria Police,Northumbria Police,-1.603902,55.294119,On or near Parking Area,E01027443,Northumberland 008A,Shoplifting,Court result unavailable,
f2c7e236d291565c7c298129a2dbc49a48a28febc4835c6365c7169aba21fd25,2024-10,Northumbria Police,Northumbria Police,-1.603902,55.294119,On or near Parking Area,E01027443,Northumberland 008A,Theft from the person,Investigation complete; no suspect identified,
30046ad3462961bfac609611a071c25ef920f4d5280dad81901f75684da01782,2024-10,Northumbria Police,Northumbria Police,-1.599558,55.293817,On or near Woodside Crescent,E01027443,Northumberland 008A,Violence and sexual offences,Status update unavailable,
f847d09fb20875964441998d9219be7fba6f1000fb0b8bffe8bfd8479bd18271,2024-10,Northumbria Police,Northumbria Police,-1.603152,55.295042,On or near Lake Road,E01027443,Northumberland 008A,Violence and sexual offences,Investigation complete; no suspect identified,
cb3b9c51c29357bc8d1b14833efe9459898421607600d62c59b9b9567db9229a,2024-10,Northumbria Police,Northumbria Police,-1.602161,55.295012,On or near Lake View,E01027443,Northumberland 008A,Violence and sexual offences,Status update unavailable,
65d5d9e16c06fc63f924df258398ba879c8aedf4ff274c2e33efff1139491d2c,2024-10,Northumbria Police,Northumbria Police,-1.602486,55.295516,On or near Willow Close,E01027443,Northumberland 008A,Violence and sexual offences,Investigation complete; no suspect identified,
58b5dd02add98fda9ca665235b2befe9d7da7ddc01cb3db1669aea6e0c44eaf3,2024-10,Northumbria Police,Northumbria Police,-1.603152,55.295042,On or near Lake Road,E01027443,Northumberland 008A,Violence and sexual offences,Investigation complete; no suspect identified,
b215af4f42cc5ed4169c2d4d1ed5ae552ca4a5c64fb44f959fd89470a62da7d0,2024-10,Northumbria Police,Northumbria Police,-1.603152,55.295042,On or near Lake Road,E01027443,Northumberland 008A,Violence and sexual offences,Investigation complete; no suspect identified,
,2024-10,Northumbria Police,Northumbria Police,-1.573107,55.291895,On or near Parking Area,E01027444,Northumberland 008B,Anti-social behaviour,,
dbd05c46b5a3c0f8bcaaa3ec3b243733e8f0d6f81b0f01f07fb58b7080bd985e,2024-10,Northumbria Police,Northumbria Police,-1.612390,55.302153,On or near Manor Grange,E01027444,Northumberland 008B,Criminal damage and arson,Investigation complete; no suspect identified,
7a21497f143d38050530e6719fc484d034261effdde66db10ecc30e8855c7f37,2024-10,Northumbria Police,Northumbria Police,-1.635300,55.296086,On or near Prison,E01027444,Northumberland 008B,Other theft,Investigation complete; no suspect identified,
48e84b71bcadf0bdcc681042a22f00f78f816ad2b9a2d12ac1c808619e91bb22,2024-10,Northumbria Police,Northumbria Police,-1.606585,55.293481,On or near St Johns Estate,E01027444,Northumberland 008B,Robbery,Investigation complete; no suspect identified,
4f3a2148969a5b49a6fd3b366ec33c4ce165803479d016e962d38f1daaae7f92,2024-10,Northumbria Police,Northumbria Police,-1.635300,55.296086,On or near Prison,E01027444,Northumberland 008B,Violence and sexual offences,Awaiting court outcome,
5b3cd43486e1a0c02ee840b3fa5facc6c7a71ca5378e028b7ecf31e462115a88,2024-10,Northumbria Police,Northumbria Police,-1.635300,55.296086,On or near Prison,E01027444,Northumberland 008B,Violence and sexual offences,Status update unavailable,
9afdbb43f48e8f4aa2623f146bab18ee3edfedadb71d09ec6fecd49559c8726a,2024-10,Northumbria Police,Northumbria Police,-1.635300,55.296086,On or near Prison,E01027444,Northumberland 008B,Violence and sexual offences,Status update unavailable,
6437a595c51818790d39a5325be176365a44f3d567dc4210199e609a77836a0b,2024-10,Northumbria Police,Northumbria Police,-1.635300,55.296086,On or near Prison,E01027444,Northumberland 008B,Violence and sexual offences,Investigation complete; no suspect identified,
776af4f9f2be0915d010b5a4324d059703168a54b180b596721060b08ccb84ee,2024-10,Northumbria Police,Northumbria Police,-1.635300,55.296086,On or near Prison,E01027444,Northumberland 008B,Violence and sexual offences,Status update unavailable,
96d7a30a84b5e4472647562af9df312ef97d36bd318d909d26b113d90f3f50b2,2024-10,Northumbria Police,Northumbria Police,-1.635300,55.296086,On or near Prison,E01027444,Northumberland 008B,Violence and sexual offences,Status update unavailable,
bff05b9874c5a34786e9dc07269fb46ab44374894f0a9f7eaeb146b52580feef,2024-10,Northumbria Police,Northumbria Police,-1.635300,55.296086,On or near Prison,E01027444,Northumberland 008B,Other crime,Status update unavailable,
,2024-10,Northumbria Police,Northumbria Police,-1.559984,55.219764,On or near Holly Way,E01027445,Northumberland 008C,Anti-social behaviour,,
,2024-10,Northumbria Police,Northumbria Police,-1.571669,55.228027,On or near Warkworth Lane,E01027445,Northumberland 008C,Anti-social behaviour,,
,2024-10,Northumbria Police,Northumbria Police,-1.571669,55.228027,On or near Warkworth Lane,E01027445,Northumberland 008C,Anti-social behaviour,,
,2024-10,Northumbria Police,Northumbria Police,-1.589740,55.213577,On or near Orchard View,E01027445,Northumberland 008C,Anti-social behaviour,,
,2024-10,Northumbria Police,Northumbria Police,-1.531754,55.230496,On or near Parking Area,E01027445,Northumberland 008C,Anti-social behaviour,,
,2024-10,Northumbria Police,Northumbria Police,-1.586061,55.216903,On or near Sports/Recreation Area,E01027445,Northumberland 008C,Anti-social behaviour,,
,2024-10,Northumbria Police,Northumbria Police,-1.571669,55.228027,On or near Warkworth Lane,E01027445,Northumberland 008C,Anti-social behaviour,,
5dc37a74c954d5a1a747ec05cf17c5e1f1e6f76610cac411e7981d14253f26bd,2024-10,Northumbria Police,Northumbria Police,-1.561332,55.220128,On or near Ivy Close,E01027445,Northumberland 008C,Burglary,Investigation complete; no suspect identified,
8c4f9d9a0ce3281731e54dd5328eb20a16638d214ebd6396f4c9ad8676b3d0b2,2024-10,Northumbria Police,Northumbria Police,-1.571669,55.228027,On or near Warkworth Lane,E01027445,Northumberland 008C,Criminal damage and arson,Investigation complete; no suspect identified,
a814965dedd649e68d4a9fdb500b93fdb898bdf897cf36c5bd002cac2d204e76,2024-10,Northumbria Police,Northumbria Police,-1.557913,55.219442,On or near Tulip Close,E01027445,Northumberland 008C,Criminal damage and arson,Status update unavailable,
54c1b9da7bbf10f458d9b64fe1db5e55242128eb20445ceb4022bb641730b8f1,2024-10,Northumbria Police,Northumbria Police,-1.571669,55.228027,On or near Warkworth Lane,E01027445,Northumberland 008C,Criminal damage and arson,Investigation complete; no suspect identified,
19c1eb3b571e0df2468571db8a38194e68ac71b075930b428ed7308c357fc627,2024-10,Northumbria Police,Northumbria Police,-1.557913,55.219442,On or near Tulip Close,E01027445,Northumberland 008C,Other theft,Investigation complete; no suspect identified,
4596086c24adc00478fe3fce3c0db4696cb46b0c3fa257806719aace28478c80,2024-10,Northumbria Police,Northumbria Police,-1.586061,55.216903,On or near Sports/Recreation Area,E01027445,Northumberland 008C,Possession of weapons,Investigation complete; no suspect identified,
131b66c878919bf134ee5f9cb4dfb4f26ab5f77a0576518c0576cc7d6b0ae042,2024-10,Northumbria Police,Northumbria Police,-1.586061,55.216903,On or near Sports/Recreation Area,E01027445,Northumberland 008C,Possession of weapons,Court result unavailable,
de0a55b7ab6843e4a5792d300d8cb337d1c8b45a15c2f5a5b4a9e7316e10a81c,2024-10,Northumbria Police,Northumbria Police,-1.558854,55.219607,On or near Primrose Way,E01027445,Northumberland 008C,Shoplifting,Court result unavailable,
b6ce8de68dfcc577e740f71bafc2b8e17aa46bc91eac9bd53a5e93a5740b7ff8,2024-10,Northumbria Police,Northumbria Police,-1.558854,55.219607,On or near Primrose Way,E01027445,Northumberland 008C,Shoplifting,Status update unavailable,
d686f461c9e43b9585869090ce1e7ceff166842a3f192b665041f228e0778bf5,2024-10,Northumbria Police,Northumbria Police,-1.558854,55.219607,On or near Primrose Way,E01027445,Northumberland 008C,Shoplifting,Court result unavailable,
65c592732bf6d9390e9c3ce362b01ed1c954f8dfd918a17daab1bb1be43cfa59,2024-10,Northumbria Police,Northumbria Police,-1.558854,55.219607,On or near Primrose Way,E01027445,Northumberland 008C,Shoplifting,Court result unavailable,
85468393898ecedc4b8b226c13977b89e977c88879ead704e65e19106f611cb0,2024-10,Northumbria Police,Northumbria Police,-1.560358,55.220106,On or near Willow Way,E01027445,Northumberland 008C,Vehicle crime,Investigation complete; no suspect identified,
fcf38e9701deb04b5550895f8cf8ec1594a34d86582828062fa3b02005332cac,2024-10,Northumbria Police,Northumbria Police,-1.561332,55.220128,On or near Ivy Close,E01027445,Northumberland 008C,Vehicle crime,Investigation complete; no suspect identified,
8cbd645563dbb9e24fd5e5c11e094fe1c73f810f58a6b469c9eb773f0b6ad7c4,2024-10,Northumbria Police,Northumbria Police,-1.559984,55.219764,On or near Holly Way,E01027445,Northumberland 008C,Vehicle crime,Investigation complete; no suspect identified,
dda532dc4f9809c0b996e6da23d2ecf7f03a90d4d5b6dd8572b0a5b70d7e6c79,2024-10,Northumbria Police,Northumbria Police,-1.559984,55.219764,On or near Holly Way,E01027445,Northumberland 008C,Vehicle crime,Investigation complete; no suspect identified,
b92cd14673a131f99478daba72ddf0703a69339dc066c02b53998d1220b97a87,2024-10,Northumbria Police,Northumbria Police,-1.561332,55.220128,On or near Ivy Close,E01027445,Northumberland 008C,Vehicle crime,Investigation complete; no suspect identified,
8824186a2044c68d7e200ace0d60de91d3b2b448e7d23f0b0c5d224aca37d3f5,2024-10,Northumbria Police,Northumbria Police,-1.558854,55.219607,On or near Primrose Way,E01027445,Northumberland 008C,Violence and sexual offences,Investigation complete; no suspect identified,
,2024-10,Northumbria Police,Northumbria Police,-1.558554,55.224000,On or near Glenside,E01027446,Northumberland 008D,Anti-social behaviour,,
,2024-10,Northumbria Police,Northumbria Police,-1.558554,55.224000,On or near Glenside,E01027446,Northumberland 008D,Anti-social behaviour,,
00b5e2285c0fa0121f2fcaf0c58476315e97070aed4c46d6841c98515c041fe5,2024-10,Northumbria Police,Northumbria Police,-1.559868,55.226008,On or near Fontburn,E01027446,Northumberland 008D,Burglary,Court result unavailable,
,2024-10,Northumbria Police,Northumbria Police,-1.541906,55.211763,On or near Park Road,E01027451,Northumberland 008E,Anti-social behaviour,,
,2024-10,Northumbria Police,Northumbria Police,-1.540218,55.210083,On or near Sports/Recreation Area,E01027451,Northumberland 008E,Anti-social behaviour,,
,2024-10,Northumbria Police,Northumbria Police,-1.539962,55.214011,On or near Dalton Avenue,E01027451,Northumberland 008E,Anti-social behaviour,,
d6329238a6552cfeb8389887306bc40bfa6b264f2c0239afc632c54b5d3ad9c5,2024-10,Northumbria Police,Northumbria Police,-1.536204,55.212873,On or near West Market Street,E01027451,Northumberland 008E,Burglary,Investigation complete; no suspect identified,
3713258e0a7853e7a9dd5dac20870fb83994112e2310e9e46ce85bf4c0d6e8ac,2024-10,Northumbria Police,Northumbria Police,-1.539057,55.212093,On or near Oakland Terrace,E01027451,Northumberland 008E,Burglary,Investigation complete; no suspect identified,
630a07b9fecf49da3d6880cb4081f8619322f787ff52c73d63e143d36e966f87,2024-10,Northumbria Police,Northumbria Police,-1.539057,55.212093,On or near Oakland Terrace,E01027451,Northumberland 008E,Burglary,Investigation complete; no suspect identified,
c96a3992b5bdecfa8be51e468b5c6a9dea708e64e124b19d27325698f7675311,2024-10,Northumbria Police,Northumbria Police,-1.540787,55.213376,On or near Albion Terrace,E01027451,Northumberland 008E,Criminal damage and arson,Investigation complete; no suspect identified,
578fb271068139ec7799e33404efe1923a7c943b6c3efcd5fa5f22665a052836,2024-10,Northumbria Police,Northumbria Police,-1.539057,55.212093,On or near Oakland Terrace,E01027451,Northumberland 008E,Criminal damage and arson,Investigation complete; no suspect identified,
76cb3c97a00ae084dc793a1276c5c88522b11b555a877f76c66b772c699c7d6c,2024-10,Northumbria Police,Northumbria Police,-1.535298,55.212385,On or near Sea View,E01027451,Northumberland 008E,Other theft,Investigation complete; no suspect identified,
24b1a5a22746f335bed37a44544bafc8f738a60e621b8efa3d6f400dd6e4778e,2024-10,Northumbria Police,Northumbria Police,-1.535298,55.212385,On or near Sea View,E01027451,Northumberland 008E,Other theft,Investigation complete; no suspect identified,
6faef839b37b0f40eea3623ffa543db3290399f759ef0e11666e05a18153a34f,2024-10,Northumbria Police,Northumbria Police,-1.540787,55.213376,On or near Albion Terrace,E01027451,Northumberland 008E,Other theft,Investigation complete; no suspect identified,
7b232fbaeab77a4f6e9c3b021d906e6593fa0de71ce713c1c8f89f2da4656353,2024-10,Northumbria Police,Northumbria Police,-1.536883,55.212598,On or near Supermarket,E01027451,Northumberland 008E,Public order,Status update unavailable,
34a10cd31dbca312eb01403bbe093d60fb2d2d577a960cbb121b328303db8073,2024-10,Northumbria Police,Northumbria Police,-1.539962,55.214011,On or near Dalton Avenue,E01027451,Northumberland 008E,Public order,Status update unavailable,
c9d3cf0befa45b6b4805eb498c9eb9902303e958b85372301f63f1a360f91e2f,2024-10,Northumbria Police,Northumbria Police,-1.539962,55.214011,On or near Dalton Avenue,E01027451,Northumberland 008E,Public order,Investigation complete; no suspect identified,
afd2b084ac433e2c8435f6609be63a4bf601e9a0efb18e15bda5c6055e91b64e,2024-10,Northumbria Police,Northumbria Police,-1.540798,55.212378,On or near Kingsley Road,E01027451,Northumberland 008E,Violence and sexual offences,Status update unavailable,
f73b06700bfda22bdf4cd3ed8e792ce2b472000d8c9cb252eb8af59dc8bd5a72,2024-10,Northumbria Police,Northumbria Police,-1.539962,55.214011,On or near Dalton Avenue,E01027451,Northumberland 008E,Violence and sexual offences,Status update unavailable,
bb05a75cdf187550ef515e3d4f23ecf6ba20ba131bdf3113e6218bc571cbf57f,2024-10,Northumbria Police,Northumbria Police,-1.543961,55.214781,On or near Boland Road,E01027451,Northumberland 008E,Violence and sexual offences,Status update unavailable,
2e040f3398e0135c05b533d3a99754dc269c91a48170f966d667d4bcd9d9e295,2024-10,Northumbria Police,Northumbria Police,-1.546168,55.212866,On or near Fenham Road,E01027451,Northumberland 008E,Violence and sexual offences,Status update unavailable,
,2024-10,Northumbria Police,Northumbria Police,-1.617094,55.238880,On or near De Merley Gardens,E01027474,Northumberland 008F,Anti-social behaviour,,
c0ecacb7c4d7b2599dd84e5335531a63ffbb8e84ecfc2cb2ad96566498e57376,2024-10,Northumbria Police,Northumbria Police,-1.613986,55.236714,On or near East Acres,E01027474,Northumberland 008F,Burglary,Investigation complete; no suspect identified,
05f1a3c48e749bc66d023318adcb07c24b8b2c9494169c0411c032ca7ee55775,2024-10,Northumbria Police,Northumbria Police,-1.610751,55.237818,On or near Gables End,E01027474,Northumberland 008F,Criminal damage and arson,Investigation complete; no suspect identified,
e9d5fa8f4f104b917530a0f84335ce9b57e50864705abdb20b6884ef314bfcde,2024-10,Northumbria Police,Northumbria Police,-1.617094,55.238880,On or near De Merley Gardens,E01027474,Northumberland 008F,Public order,Status update unavailable,
2dee723f3d0c90f2276c79850dc612592ceb034019fdfa7a1478460e6c26f615,2024-10,Northumbria Police,Northumbria Police,-1.617094,55.238880,On or near De Merley Gardens,E01027474,Northumberland 008F,Public order,Investigation complete; no suspect identified,
471ba6c52e2bab459b6a94047c42e970210f9fc0a1cfb8675a406db1753f0896,2024-10,Northumbria Police,Northumbria Police,-1.618952,55.241941,On or near Chestnut Way,E01027474,Northumberland 008F,Vehicle crime,Investigation complete; no suspect identified,
86c088110a2b8ab99c5967e795c9715f563520f81779965e3ad981315a1df37d,2024-10,Northumbria Police,Northumbria Police,-1.617094,55.238880,On or near De Merley Gardens,E01027474,Northumberland 008F,Violence and sexual offences,Status update unavailable,
274efb6fdb3088cad6c6004c9f6d1cf142c4fc14eccc4b11a0abf41d746c4172,2024-10,Northumbria Police,Northumbria Police,-1.616379,55.236452,On or near Elizabeth Street,E01027474,Northumberland 008F,Violence and sexual offences,Status update unavailable,
,2024-10,Northumbria Police,Northumbria Police,-1.627275,55.244932,On or near Grangewood,E01027475,Northumberland 008G,Anti-social behaviour,,
438817dbc627093a6d674b570130fa013b96820059c0baec043112efde33f3f9,2024-10,Northumbria Police,Northumbria Police,-1.618789,55.228945,On or near Parking Area,E01027475,Northumberland 008G,Criminal damage and arson,Investigation complete; no suspect identified,
eb98974efeb2ce23deb13e2b7d50bb018af3047d6c2dcd290f475567790775b6,2024-10,Northumbria Police,Northumbria Police,-1.618789,55.228945,On or near Parking Area,E01027475,Northumberland 008G,Criminal damage and arson,Status update unavailable,
876979be2d54fc2d4f2a841bc97f7090cf3732260269b96eb7979f7f918f09c8,2024-10,Northumbria Police,Northumbria Police,-1.616142,55.241384,On or near Parking Area,E01027475,Northumberland 008G,Criminal damage and arson,Investigation complete; no suspect identified,
8bfdf2d9586c0aa14027319890a9ca86eebd1f71d67b0366fd2043e6c8cd536d,2024-10,Northumbria Police,Northumbria Police,-1.612722,55.238929,On or near The Gables,E01027475,Northumberland 008G,Vehicle crime,Investigation complete; no suspect identified,
46467d691cd5185b4e37b6ebcd611a4639ef90a8d5695ff88319fbf1dfb9f99e,2024-10,Northumbria Police,Northumbria Police,-1.616142,55.241384,On or near Parking Area,E01027475,Northumberland 008G,Violence and sexual offences,Status update unavailable,
,2024-10,Northumbria Police,Northumbria Police,-1.505247,55.187241,On or near Prospect Place,E01027541,Northumberland 009A,Anti-social behaviour,,
,2024-10,Northumbria Police,Northumbria Police,-1.519137,55.188006,On or near Lynwood Avenue,E01027541,Northumberland 009A,Anti-social behaviour,,
,2024-10,Northumbria Police,Northumbria Police,-1.507153,55.186817,On or near Queens Place,E01027541,Northumberland 009A,Anti-social behaviour,,
,2024-10,Northumbria Police,Northumbria Police,-1.515748,55.182592,On or near Aqua Terrace,E01027541,Northumberland 009A,Anti-social behaviour,,
cb21774b3220c94f66eba05953affa0f02ec03189147495af38fbe62613225a6,2024-10,Northumbria Police,Northumbria Police,-1.509089,55.186483,On or near Moor Croft,E01027541,Northumberland 009A,Criminal damage and arson,Investigation complete; no suspect identified,
649ea77da7d5cba2f411f22e4e38c0c47f3e7d46fcb6e793d43d5eabf1028eb2,2024-10,Northumbria Police,Northumbria Police,-1.509089,55.186483,On or near Moor Croft,E01027541,Northumberland 009A,Criminal damage and arson,Investigation complete; no suspect identified,
953fa62ab2767dc14b3c6dea918def66eb6f4e0461adf3a7a415401743e7301c,2024-10,Northumbria Police,Northumbria Police,-1.512690,55.184826,On or near Front Street,E01027541,Northumberland 009A,Criminal damage and arson,Investigation complete; no suspect identified,
b4bbdcb02635dcbf04feb7cee2b3b8b9997c94e49c3234101f88cd0875777a8a,2024-10,Northumbria Police,Northumbria Police,-1.512690,55.184826,On or near Front Street,E01027541,Northumberland 009A,Other theft,Status update unavailable,
74b5027ad9d6b29d5edf412b6a85a12e3b2c8bcc38ca66a86bb743af1c96d760,2024-10,Northumbria Police,Northumbria Police,-1.509224,55.185693,On or near Supermarket,E01027541,Northumberland 009A,Shoplifting,Court result unavailable,
d25651e758bc2c932f341f75fdbdf69865c19a34e238db65b124e2511e229a89,2024-10,Northumbria Police,Northumbria Police,-1.509224,55.185693,On or near Supermarket,E01027541,Northumberland 009A,Shoplifting,Court result unavailable,
b55e36080b19cbee878d93d12522419b9e8f9d5a9c1642e4f340a23915bf5713,2024-10,Northumbria Police,Northumbria Police,-1.509224,55.185693,On or near Supermarket,E01027541,Northumberland 009A,Shoplifting,Investigation complete; no suspect identified,
5b9d71212d68bf2fff620cbc676da92b6ad27b3ae1ad9ce8d27ab240cf4ac31a,2024-10,Northumbria Police,Northumbria Police,-1.509224,55.185693,On or near Supermarket,E01027541,Northumberland 009A,Shoplifting,Investigation complete; no suspect identified,
70d26a8256944fa41f00c1f7e61b64f3a20d3cbf9f7c705f117bdd932b2c1eaf,2024-10,Northumbria Police,Northumbria Police,-1.509224,55.185693,On or near Supermarket,E01027541,Northumberland 009A,Shoplifting,Court result unavailable,
9fbed431161876e9730260f615b9a9f7f601e87cbbe75c6965634c924c77f909,2024-10,Northumbria Police,Northumbria Police,-1.509224,55.185693,On or near Supermarket,E01027541,Northumberland 009A,Shoplifting,Investigation complete; no suspect identified,
83be7f6b37b25d31e11907659bf2fef78b5366a43efd3cf210352a4a6983bff8,2024-10,Northumbria Police,Northumbria Police,-1.509224,55.185693,On or near Supermarket,E01027541,Northumberland 009A,Shoplifting,Status update unavailable,
50cc691d1c93120f160ca272501252f4381cc2a281d7561fb94bfda20ac0b380,2024-10,Northumbria Police,Northumbria Police,-1.509224,55.185693,On or near Supermarket,E01027541,Northumberland 009A,Shoplifting,Investigation complete; no suspect identified,
0413e78f790f78b2b4f08912a192818fe9942d8eafa0004864846e85b38a97d3,2024-10,Northumbria Police,Northumbria Police,-1.509224,55.185693,On or near Supermarket,E01027541,Northumberland 009A,Shoplifting,Court result unavailable,
6918c030c600b145125dcbccf3f869635daa59b37f62871eaef5eee339bbcb80,2024-10,Northumbria Police,Northumbria Police,-1.509224,55.185693,On or near Supermarket,E01027541,Northumberland 009A,Shoplifting,Court result unavailable,
1505f83723571872d5cef183aeaa8169b7393a853a1282cab02ab25d1d4ae0ea,2024-10,Northumbria Police,Northumbria Police,-1.509224,55.185693,On or near Supermarket,E01027541,Northumberland 009A,Shoplifting,Suspect charged as part of another case,
d9e9b29bb4f4918514bc6e442793fcb2c2180de2bbd5cf12838d63178908019c,2024-10,Northumbria Police,Northumbria Police,-1.509224,55.185693,On or near Supermarket,E01027541,Northumberland 009A,Shoplifting,Court result unavailable,
b3b38dcd192e13949d088f708b3d3363092c1674cbeec3619c097dd2b2719fc4,2024-10,Northumbria Police,Northumbria Police,-1.509224,55.185693,On or near Supermarket,E01027541,Northumberland 009A,Shoplifting,Investigation complete; no suspect identified,
f3586aa3badf0a7e658a2c6fb687c6f53f13e32c1c6a4b49b980168857579e0e,2024-10,Northumbria Police,Northumbria Police,-1.509224,55.185693,On or near Supermarket,E01027541,Northumberland 009A,Shoplifting,Investigation complete; no suspect identified,
9cd26e90e36e36234c40074727b5606445f86259ebbd4796b4802a0e714494dd,2024-10,Northumbria Police,Northumbria Police,-1.509224,55.185693,On or near Supermarket,E01027541,Northumberland 009A,Shoplifting,Court result unavailable,
7722e23ddf4d021b870482c63ecd3e80716d177c1e3527a84a2a3866479a2788,2024-10,Northumbria Police,Northumbria Police,-1.509224,55.185693,On or near Supermarket,E01027541,Northumberland 009A,Shoplifting,Court result unavailable,
775c8555d0d58b372ac3560f72af1394bdf5987246529cef45497679a9356969,2024-10,Northumbria Police,Northumbria Police,-1.509224,55.185693,On or near Supermarket,E01027541,Northumberland 009A,Shoplifting,Court result unavailable,
b0d4681290591988dbb5cab24eb88cdbfb10afaf5594f087669bb16d734cbca6,2024-10,Northumbria Police,Northumbria Police,-1.509224,55.185693,On or near Supermarket,E01027541,Northumberland 009A,Shoplifting,Investigation complete; no suspect identified,
90589e1271c253ead0147af0c39cb20d072f3745e1f9681888b97e5dcfd2cc25,2024-10,Northumbria Police,Northumbria Police,-1.509224,55.185693,On or near Supermarket,E01027541,Northumberland 009A,Shoplifting,Status update unavailable,
44a5923b6d694d1794aa4632c7d7527f1eadc7993e2dac32e7890a4f6768c8be,2024-10,Northumbria Police,Northumbria Police,-1.509224,55.185693,On or near Supermarket,E01027541,Northumberland 009A,Shoplifting,Status update unavailable,
c8a99e7ba6c009305e149f3a39574f31b3e7a049af950de10bfa3ebd72bcb20a,2024-10,Northumbria Police,Northumbria Police,-1.510488,55.185087,On or near Bridge Street,E01027541,Northumberland 009A,Violence and sexual offences,Status update unavailable,
6a67ddf75d99c94d5b96eef6cfdc29546847ebc67fcfaee7d85aed106b21cb70,2024-10,Northumbria Police,Northumbria Police,-1.515864,55.182080,On or near Windsor Road,E01027541,Northumberland 009A,Violence and sexual offences,Status update unavailable,
6cad27d39bd62bcc2a3930cd3c5cd27bf573c55f7c6c153606d6687ffa14ddd3,2024-10,Northumbria Police,Northumbria Police,-1.512690,55.184826,On or near Front Street,E01027541,Northumberland 009A,Violence and sexual offences,Status update unavailable,
f4575e6e4f806432e17cbf39c525868fb213c75cf65089b767b9fdca589272b0,2024-10,Northumbria Police,Northumbria Police,-1.512690,55.184826,On or near Front Street,E01027541,Northumberland 009A,Violence and sexual offences,Status update unavailable,
201d5e33a6321654cf82f6f5472ff0e6fc791b2bf128d7a7e33093ecde15bb0a,2024-10,Northumbria Police,Northumbria Police,-1.510488,55.185087,On or near Bridge Street,E01027541,Northumberland 009A,Violence and sexual offences,Investigation complete; no suspect identified,
556990e7e9bbe0f6b7a313230900aedd2d778e2d0c8b3bd28382528046d39a04,2024-10,Northumbria Police,Northumbria Police,-1.506436,55.186374,On or near Sandridge,E01027541,Northumberland 009A,Violence and sexual offences,Investigation complete; no suspect identified,
06d0ee38c193c9d6aa04d5d124fe00ab6d79916cf90557140b12ea2de7060ff4,2024-10,Northumbria Police,Northumbria Police,-1.510488,55.185087,On or near Bridge Street,E01027541,Northumberland 009A,Violence and sexual offences,Status update unavailable,
6cc9adec672f4bb1c0f0b912ea3052b9b3e55f669303e56c17f856b02640c1c6,2024-10,Northumbria Police,Northumbria Police,-1.510488,55.185087,On or near Bridge Street,E01027541,Northumberland 009A,Violence and sexual offences,Status update unavailable,
,2024-10,Northumbria Police,Northumbria Police,-1.511687,55.189801,On or near East Lea,E01027542,Northumberland 009B,Anti-social behaviour,,
,2024-10,Northumbria Police,Northumbria Police,-1.518801,55.185669,On or near Sports/Recreation Area,E01027542,Northumberland 009B,Anti-social behaviour,,
,2024-10,Northumbria Police,Northumbria Police,-1.529554,55.193052,On or near Parking Area,E01027542,Northumberland 009B,Anti-social behaviour,,
,2024-10,Northumbria Police,Northumbria Police,-1.520145,55.186527,On or near Allan Road,E01027542,Northumberland 009B,Anti-social behaviour,,
,2024-10,Northumbria Police,Northumbria Police,-1.511687,55.189801,On or near East Lea,E01027542,Northumberland 009B,Anti-social behaviour,,
,2024-10,Northumbria Police,Northumbria Police,-1.520145,55.186527,On or near Allan Road,E01027542,Northumberland 009B,Anti-social behaviour,,
,2024-10,Northumbria Police,Northumbria Police,-1.522273,55.187183,On or near Storey Crescent,E01027542,Northumberland 009B,Anti-social behaviour,,
,2024-10,Northumbria Police,Northumbria Police,-1.522273,55.187183,On or near Storey Crescent,E01027542,Northumberland 009B,Anti-social behaviour,,
738c3c3b27ebd216a063cd3964b7c029c47907ecd711b4aaa3f3a043023c6a2d,2024-10,Northumbria Police,Northumbria Police,-1.518801,55.185669,On or near Sports/Recreation Area,E01027542,Northumberland 009B,Burglary,Investigation complete; no suspect identified,
1387caf34d17db4d57fea638a32f00564af398bbdfce887942a6bd6dfcf5eb72,2024-10,Northumbria Police,Northumbria Police,-1.520145,55.186527,On or near Allan Road,E01027542,Northumberland 009B,Criminal damage and arson,Investigation complete; no suspect identified,
4305681e0240c28eba2f49a7d13aa22e49204092692a8b52e0c2d4e6cadb16fb,2024-10,Northumbria Police,Northumbria Police,-1.511687,55.189801,On or near East Lea,E01027542,Northumberland 009B,Criminal damage and arson,Investigation complete; no suspect identified,
bcf7159fe914e753fe60251d11dec2ce8cae2bffe78f6ee7e72e14ebc9406cd6,2024-10,Northumbria Police,Northumbria Police,-1.511687,55.189801,On or near East Lea,E01027542,Northumberland 009B,Criminal damage and arson,Investigation complete; no suspect identified,
659bc24d49c0918be7c3ab14293bd5f89fec9dea1da6262bd91c83022201e87b,2024-10,Northumbria Police,Northumbria Police,-1.518801,55.185669,On or near Sports/Recreation Area,E01027542,Northumberland 009B,Drugs,Court result unavailable,
0030fb57d5fda253b382fe3460f49601b07acaea187859579a71e8155ce9eb96,2024-10,Northumbria Police,Northumbria Police,-1.511687,55.189801,On or near East Lea,E01027542,Northumberland 009B,Violence and sexual offences,Status update unavailable,
65b59d98c0dc8ffb0c5add1bc46574398430618ab5933f27b66b21b10f7955ee,2024-10,Northumbria Police,Northumbria Police,-1.511687,55.189801,On or near East Lea,E01027542,Northumberland 009B,Violence and sexual offences,Investigation complete; no suspect identified,
1985f0bf45c7bdc7202e07962f36125420e337aa0d4aaf4307e3026e90c2c67e,2024-10,Northumbria Police,Northumbria Police,-1.511687,55.189801,On or near East Lea,E01027542,Northumberland 009B,Violence and sexual offences,Status update unavailable,
a0353f62cbd0334f9d37c6f321337b516224b96c57ec1ebb3e8973aa3306be6e,2024-10,Northumbria Police,Northumbria Police,-1.511687,55.189801,On or near East Lea,E01027542,Northumberland 009B,Violence and sexual offences,Investigation complete; no suspect identified,
902a861ab2a7799a97f627e792041b29ef5356349aed42da2238a0522ee7bcc3,2024-10,Northumbria Police,Northumbria Police,-1.510201,55.187952,On or near Holmcroft,E01027542,Northumberland 009B,Violence and sexual offences,Status update unavailable,
965d2926707becfe45e613a0cca46b11e0178802252a5023445ba6b9c55b13e7,2024-10,Northumbria Police,Northumbria Police,-1.508567,55.190597,On or near Sea Crest Road,E01027542,Northumberland 009B,Violence and sexual offences,Status update unavailable,
1add7ef7a777e5fcec78ed9ac87b22ed206f73ececd38a17f2d6c0bc45b684e6,2024-10,Northumbria Police,Northumbria Police,-1.508567,55.190597,On or near Sea Crest Road,E01027542,Northumberland 009B,Violence and sexual offences,Status update unavailable,
a9ace195db04752cdc19deed18c47ab7cd0ab5bc0bfb4541af20d781226300bd,2024-10,Northumbria Police,Northumbria Police,-1.520145,55.186527,On or near Allan Road,E01027542,Northumberland 009B,Other crime,Investigation complete; no suspect identified,
06ba0efb186691331ac156e992d7b8fb353296eaed3787ff8f000745a13c6a03,2024-10,Northumbria Police,Northumbria Police,-1.510201,55.187952,On or near Holmcroft,E01027542,Northumberland 009B,Other crime,Status update unavailable,
53005d216d886ed9c3bdcebdf441b51d0e44562a85a2315767adc9991325bfab,2024-10,Northumbria Police,Northumbria Police,-1.520145,55.186527,On or near Allan Road,E01027542,Northumberland 009B,Other crime,Status update unavailable,
2e030292afef6384e818ddfc7eb0ab046370c25843b41143076f577a94e56c8c,2024-10,Northumbria Police,Northumbria Police,-1.527150,55.181145,On or near Rydal Mount,E01027543,Northumberland 009C,Drugs,Status update unavailable,
1f2d99aeab6f1ca0ae78e23c797ded97831e8e6b47e576feedf34194a7f23038,2024-10,Northumbria Police,Northumbria Police,-1.524169,55.181160,On or near Sports/Recreation Area,E01027543,Northumberland 009C,Violence and sexual offences,Status update unavailable,
1b67394275b006d265d7583f3556cd134a5fde23824acf48100a7cb9f803c3f1,2024-10,Northumbria Police,Northumbria Police,-1.520391,55.182997,On or near Cleveland Avenue,E01027543,Northumberland 009C,Violence and sexual offences,Status update unavailable,
6a06db9e925cebce5a4b13f510408fc7f40e23b7ae4747fa1a9b014f5e1a6fb9,2024-10,Northumbria Police,Northumbria Police,-1.520391,55.182997,On or near Cleveland Avenue,E01027543,Northumberland 009C,Violence and sexual offences,Investigation complete; no suspect identified,
f1bcef38a0c7d182d5b3d4df2f63eb4712dc0837a7873fe8b3dbcdf556a49498,2024-10,Northumbria Police,Northumbria Police,-1.524169,55.181160,On or near Sports/Recreation Area,E01027543,Northumberland 009C,Violence and sexual offences,Status update unavailable,
21eb0eb38cd6b8ff1612f041ee6be8e243a2b30e3142f30a809722c8845bd039,2024-10,Northumbria Police,Northumbria Police,-1.524169,55.181160,On or near Sports/Recreation Area,E01027543,Northumberland 009C,Violence and sexual offences,Status update unavailable,
,2024-10,Northumbria Police,Northumbria Police,-1.516311,55.180141,On or near Sidney Crescent,E01027544,Northumberland 009D,Anti-social behaviour,,
b13577619a6dc3e6abbdd6721c48a1876c14c1e83611b64f00a94a58092e6082,2024-10,Northumbria Police,Northumbria Police,-1.517100,55.182481,On or near Cleveland Terrace,E01027544,Northumberland 009D,Bicycle theft,Investigation complete; no suspect identified,
5b96d6a1d7fecf3f68376e2a2932cc77cf6f5ff9b8682024656994172357ff19,2024-10,Northumbria Police,Northumbria Police,-1.517100,55.182481,On or near Cleveland Terrace,E01027544,Northumberland 009D,Shoplifting,Investigation complete; no suspect identified,
166a48eaeae586aef2604e0ce1c9700cf9863742fcdd18ae07c89539745b8599,2024-10,Northumbria Police,Northumbria Police,-1.517100,55.182481,On or near Cleveland Terrace,E01027544,Northumberland 009D,Shoplifting,Status update unavailable,
24bf4231eaf82e79f5c8a9feb576ae3d7792779f599974ba83b5f39c96138343,2024-10,Northumbria Police,Northumbria Police,-1.518372,55.182468,On or near Maitland Terrace,E01027544,Northumberland 009D,Violence and sexual offences,Investigation complete; no suspect identified,
d8e744e287c70220839a53c063c1334f3f17c0d35e010bcec8c464478bbe7101,2024-10,Northumbria Police,Northumbria Police,-1.518372,55.182468,On or near Maitland Terrace,E01027544,Northumberland 009D,Violence and sexual offences,Investigation complete; no suspect identified,
,2024-10,Northumbria Police,Northumbria Police,-1.565714,55.184308,On or near Parking Area,E01027528,Northumberland 010A,Anti-social behaviour,,
,2024-10,Northumbria Police,Northumbria Police,-1.567857,55.183677,On or near Ashington Bus Station,E01027528,Northumberland 010A,Anti-social behaviour,,
,2024-10,Northumbria Police,Northumbria Police,-1.565969,55.179609,On or near Parking Area,E01027528,Northumberland 010A,Anti-social behaviour,,
,2024-10,Northumbria Police,Northumbria Police,-1.567857,55.183677,On or near Ashington Bus Station,E01027528,Northumberland 010A,Anti-social behaviour,,
,2024-10,Northumbria Police,Northumbria Police,-1.567857,55.183677,On or near Ashington Bus Station,E01027528,Northumberland 010A,Anti-social behaviour,,
,2024-10,Northumbria Police,Northumbria Police,-1.567857,55.183677,On or near Ashington Bus Station,E01027528,Northumberland 010A,Anti-social behaviour,,
,2024-10,Northumbria Police,Northumbria Police,-1.567857,55.183677,On or near Ashington Bus Station,E01027528,Northumberland 010A,Anti-social behaviour,,
,2024-10,Northumbria Police,Northumbria Police,-1.567857,55.183677,On or near Ashington Bus Station,E01027528,Northumberland 010A,Anti-social behaviour,,
,2024-10,Northumbria Police,Northumbria Police,-1.566037,55.182089,On or near Parking Area,E01027528,Northumberland 010A,Anti-social behaviour,,
,2024-10,Northumbria Police,Northumbria Police,-1.568919,55.178343,On or near Roseneath Court,E01027528,Northumberland 010A,Anti-social behaviour,,
,2024-10,Northumbria Police,Northumbria Police,-1.566037,55.182089,On or near Parking Area,E01027528,Northumberland 010A,Anti-social behaviour,,
,2024-10,Northumbria Police,Northumbria Police,-1.567857,55.183677,On or near Ashington Bus Station,E01027528,Northumberland 010A,Anti-social behaviour,,
654c1d63df2585e9cfb0704066cd6e22f916f309e55c9ec77a47a245b663957b,2024-10,Northumbria Police,Northumbria Police,-1.567857,55.183677,On or near Ashington Bus Station,E01027528,Northumberland 010A,Burglary,Investigation complete; no suspect identified,
a885b614fd703884a2634444a5933edb72ab6c03b1756a31e1272c28a2f90f2f,2024-10,Northumbria Police,Northumbria Police,-1.566985,55.180071,On or near Acacia Terrace,E01027528,Northumberland 010A,Burglary,Investigation complete; no suspect identified,
20175fc667f38b3e3aa867692d43826d35ffad4adf3555dadec88bec923a95dc,2024-10,Northumbria Police,Northumbria Police,-1.567857,55.183677,On or near Ashington Bus Station,E01027528,Northumberland 010A,Burglary,Investigation complete; no suspect identified,
15f7266f7c50f18c4055d6eaee0212500436bfd31b91b9f6641ed7d20c9acbf3,2024-10,Northumbria Police,Northumbria Police,-1.566985,55.180071,On or near Acacia Terrace,E01027528,Northumberland 010A,Burglary,Investigation complete; no suspect identified,
e58cc7e12165bafa2bd358d4363bd3395b6ea313236ef3ee3f05ab93da3bb1c4,2024-10,Northumbria Police,Northumbria Police,-1.567857,55.183677,On or near Ashington Bus Station,E01027528,Northumberland 010A,Burglary,Investigation complete; no suspect identified,
58e97f815d577e005c97e577c364b26979326e6051c7004a532967a69b7f5eb6,2024-10,Northumbria Police,Northumbria Police,-1.567857,55.183677,On or near Ashington Bus Station,E01027528,Northumberland 010A,Burglary,Investigation complete; no suspect identified,
39d29a6807d8d1fc090c02721646c7dcb7a86c85dcd9c2bdc61995cb2c7a92a6,2024-10,Northumbria Police,Northumbria Police,-1.566265,55.181290,On or near Poplar Street,E01027528,Northumberland 010A,Criminal damage and arson,Investigation complete; no suspect identified,
5fb7e19dab152c82879d9e4bd38e7cf29d05537c41da10e24d362667e754f986,2024-10,Northumbria Police,Northumbria Police,-1.566037,55.182089,On or near Parking Area,E01027528,Northumberland 010A,Criminal damage and arson,Investigation complete; no suspect identified,
21313199100502b1d16e480f90695ada2169a33fb68c157d4fc026acc7de1b61,2024-10,Northumbria Police,Northumbria Police,-1.566985,55.180071,On or near Acacia Terrace,E01027528,Northumberland 010A,Criminal damage and arson,Investigation complete; no suspect identified,
a54bb38ab8d1d155e01cf89cce0adf70cbd108fac9a7b49b18a99fe7d93fc607,2024-10,Northumbria Police,Northumbria Police,-1.567681,55.181026,On or near Laburnum Terrace,E01027528,Northumberland 010A,Criminal damage and arson,Investigation complete; no suspect identified,
27ab3ca10fb2950dde64f42ef47844fa21d1d1c77a52bc5e5548789fafb0f3cc,2024-10,Northumbria Police,Northumbria Police,-1.566265,55.181290,On or near Poplar Street,E01027528,Northumberland 010A,Drugs,Investigation complete; no suspect identified,
bfc94c60059de423b58cc374145bd70305bcce55da3632052c914fd4773e2510,2024-10,Northumbria Police,Northumbria Police,-1.566823,55.179100,On or near Cavendish Gardens,E01027528,Northumberland 010A,Drugs,Offender given a caution,
4d74d807ed4732748db621c910eedcfbd604edfa12e20240fb2e8c4791d8bfa6,2024-10,Northumbria Police,Northumbria Police,-1.566823,55.179100,On or near Cavendish Gardens,E01027528,Northumberland 010A,Other theft,Investigation complete; no suspect identified,
320ea0e8dc4b9ca0f851d683053cdebd5f6fbf5d86f93d5072d628e6da99ccf0,2024-10,Northumbria Police,Northumbria Police,-1.566037,55.182089,On or near Parking Area,E01027528,Northumberland 010A,Public order,Investigation complete; no suspect identified,
9df3998ed17fc7102285680c05a2272aaa7dcf0e124bf43c9b45c0bd4be494db,2024-10,Northumbria Police,Northumbria Police,-1.567857,55.183677,On or near Ashington Bus Station,E01027528,Northumberland 010A,Public order,Investigation complete; no suspect identified,
59bc44938c24ec816cb2f740ff2e05fb582ab57e7d9e1891c9a43a1f081b8690,2024-10,Northumbria Police,Northumbria Police,-1.567857,55.183677,On or near Ashington Bus Station,E01027528,Northumberland 010A,Shoplifting,Suspect charged as part of another case,
e5fe1e8d4d3cad4487bb010622a2db9f64c2af35bddacad679f5094987e30c0c,2024-10,Northumbria Police,Northumbria Police,-1.567857,55.183677,On or near Ashington Bus Station,E01027528,Northumberland 010A,Shoplifting,Status update unavailable,
eb8e2f97c52330cf526a00c22bfc109f74bb11484a6ed20bdee61a62598a42b0,2024-10,Northumbria Police,Northumbria Police,-1.567857,55.183677,On or near Ashington Bus Station,E01027528,Northumberland 010A,Shoplifting,Court result unavailable,
0eaf06d27d5d68151fd97df04960b068af6b185edf7ac46c8856f82728728144,2024-10,Northumbria Police,Northumbria Police,-1.567857,55.183677,On or near Ashington Bus Station,E01027528,Northumberland 010A,Shoplifting,Suspect charged as part of another case,
682c828476a266cfaf81ecb06f1b1c1515c2c101ae0ef46757e89c284b2ee1b1,2024-10,Northumbria Police,Northumbria Police,-1.567857,55.183677,On or near Ashington Bus Station,E01027528,Northumberland 010A,Shoplifting,Suspect charged as part of another case,
14b22e5823f9d9b83b6b9f9038dd77ff2e1d5ab8c88a0e41108681e732976877,2024-10,Northumbria Police,Northumbria Police,-1.567857,55.183677,On or near Ashington Bus Station,E01027528,Northumberland 010A,Shoplifting,Suspect charged as part of another case,
d7a110f2b6de03afa746ac1b686f060320a31bea22e10f18b4970f7a9471c69e,2024-10,Northumbria Police,Northumbria Police,-1.567857,55.183677,On or near Ashington Bus Station,E01027528,Northumberland 010A,Shoplifting,Suspect charged as part of another case,
19212b297fe13e6817f385aea780e205015088999470cee20dd2b01594030cf6,2024-10,Northumbria Police,Northumbria Police,-1.567857,55.183677,On or near Ashington Bus Station,E01027528,Northumberland 010A,Shoplifting,Investigation complete; no suspect identified,
b3f82db31e01924eee80b098869aa9265b6b0f21a47d5bb79aa9e3e68e3ba1ce,2024-10,Northumbria Police,Northumbria Police,-1.567857,55.183677,On or near Ashington Bus Station,E01027528,Northumberland 010A,Shoplifting,Court result unavailable,
31c4a84baaa2e89fa566c59462b77eb11f5586006c968a37630d3c53a3f18e70,2024-10,Northumbria Police,Northumbria Police,-1.565714,55.184308,On or near Parking Area,E01027528,Northumberland 010A,Vehicle crime,Investigation complete; no suspect identified,
bdf5342a1278286501458cdffeb13eda96ffe9ac8847fbf6055b6db62e486af1,2024-10,Northumbria Police,Northumbria Police,-1.567857,55.183677,On or near Ashington Bus Station,E01027528,Northumberland 010A,Violence and sexual offences,Status update unavailable,
8a81e73838a585411aab7fbc0feb279c21be6da3dd35c053e9afed0e56acf5c1,2024-10,Northumbria Police,Northumbria Police,-1.565714,55.184308,On or near Parking Area,E01027528,Northumberland 010A,Violence and sexual offences,Investigation complete; no suspect identified,
ec8ca658ce958e20b76fe2dc344162090527a7f7e3d754e8cf9c30e6d6f3a9fc,2024-10,Northumbria Police,Northumbria Police,-1.569530,55.180017,On or near Breamish Court,E01027528,Northumberland 010A,Violence and sexual offences,Status update unavailable,
03819a03e776c1bcc25c5b1b8198c5c398e923b97373a8279f6da09cba70bf27,2024-10,Northumbria Police,Northumbria Police,-1.566265,55.181290,On or near Poplar Street,E01027528,Northumberland 010A,Violence and sexual offences,Status update unavailable,
0dd1d570dc95871ddff0c5569048c3dd63ccda1c3c85ebebe528477a34f7600f,2024-10,Northumbria Police,Northumbria Police,-1.569530,55.180017,On or near Breamish Court,E01027528,Northumberland 010A,Violence and sexual offences,Status update unavailable,
9ab0dc7ee82d9f9b76a91f0256d7fa71752b61e196a25d19c6ac9feebad81e3e,2024-10,Northumbria Police,Northumbria Police,-1.567681,55.181026,On or near Laburnum Terrace,E01027528,Northumberland 010A,Violence and sexual offences,Investigation complete; no suspect identified,
72230f44240fe0065dd0dac97fbb44b081cc1de3b8341e0953e8efe6dc8bf3a9,2024-10,Northumbria Police,Northumbria Police,-1.566265,55.181290,On or near Poplar Street,E01027528,Northumberland 010A,Violence and sexual offences,Investigation complete; no suspect identified,
77cc49f4ce15023e65013b7611782a4ee221cd4556a99728f1e10aac00183b4f,2024-10,Northumbria Police,Northumbria Police,-1.565760,55.183005,On or near Parking Area,E01027528,Northumberland 010A,Violence and sexual offences,Investigation complete; no suspect identified,
16ac516c97039ba93509e49c168e560603146a8377816532825b26cb968f7d58,2024-10,Northumbria Police,Northumbria Police,-1.565760,55.183005,On or near Parking Area,E01027528,Northumberland 010A,Violence and sexual offences,Status update unavailable,
98d65f92ab57e972e215bdc841a0690416cfd6dc084cc34208b9bd36a404a564,2024-10,Northumbria Police,Northumbria Police,-1.565714,55.184308,On or near Parking Area,E01027528,Northumberland 010A,Violence and sexual offences,Investigation complete; no suspect identified,
f27918b36b42d74a5356af557f1c58b9f54a86cfc1eb120fc549d471dc42b48a,2024-10,Northumbria Police,Northumbria Police,-1.565714,55.184308,On or near Parking Area,E01027528,Northumberland 010A,Violence and sexual offences,Investigation complete; no suspect identified,
9fa6d266d2c5628a0df2868c09d6706f9f1f964dc0ec72def4838ece41d44ded,2024-10,Northumbria Police,Northumbria Police,-1.567857,55.183677,On or near Ashington Bus Station,E01027528,Northumberland 010A,Violence and sexual offences,Investigation complete; no suspect identified,
80537720172b0c453f09f33a5c7ec280f3fea89851905b8f213c6a6c3595275c,2024-10,Northumbria Police,Northumbria Police,-1.565714,55.184308,On or near Parking Area,E01027528,Northumberland 010A,Violence and sexual offences,Investigation complete; no suspect identified,
22bddc942e0044376ef20c6bb67f71441884b7bd702eb7d6a825e2449fbab320,2024-10,Northumbria Police,Northumbria Police,-1.565760,55.183005,On or near Parking Area,E01027528,Northumberland 010A,Violence and sexual offences,Investigation complete; no suspect identified,
9fb1bf95b5e7616ca83c6a816b14c19e357101e69e4284b9276fe82ac1f64a93,2024-10,Northumbria Police,Northumbria Police,-1.567857,55.183677,On or near Ashington Bus Station,E01027528,Northumberland 010A,Violence and sexual offences,Investigation complete; no suspect identified,
4646b10cc8c01d75ce09d735fb7e46f72accc2bb496075c4d1469ca14377f209,2024-10,Northumbria Police,Northumbria Police,-1.567857,55.183677,On or near Ashington Bus Station,E01027528,Northumberland 010A,Violence and sexual offences,Status update unavailable,
1c9c471b0b3360bbfc1d91d2945b31c42a3dc258147f5aea61717f583c63469e,2024-10,Northumbria Police,Northumbria Police,-1.567857,55.183677,On or near Ashington Bus Station,E01027528,Northumberland 010A,Violence and sexual offences,Status update unavailable,
e5c942514077d68447002037dee8d26ae495e22a48286d0e15e9200af5a324d3,2024-10,Northumbria Police,Northumbria Police,-1.567681,55.181026,On or near Laburnum Terrace,E01027528,Northumberland 010A,Violence and sexual offences,Investigation complete; no suspect identified,
8991bef9a7e70d2c1c6217242e59ab48efaf44eed5a4e686fb493ddb4e9d98ee,2024-10,Northumbria Police,Northumbria Police,-1.567857,55.183677,On or near Ashington Bus Station,E01027528,Northumberland 010A,Violence and sexual offences,Investigation complete; no suspect identified,
,2024-10,Northumbria Police,Northumbria Police,-1.571835,55.184653,On or near Petrol Station,E01027529,Northumberland 010B,Anti-social behaviour,,
,2024-10,Northumbria Police,Northumbria Police,-1.572728,55.183547,On or near Shopping Area,E01027529,Northumberland 010B,Anti-social behaviour,,
,2024-10,Northumbria Police,Northumbria Police,-1.571835,55.184653,On or near Petrol Station,E01027529,Northumberland 010B,Anti-social behaviour,,
,2024-10,Northumbria Police,Northumbria Police,-1.571835,55.184653,On or near Petrol Station,E01027529,Northumberland 010B,Anti-social behaviour,,
,2024-10,Northumbria Police,Northumbria Police,-1.573377,55.182924,On or near Shopping Area,E01027529,Northumberland 010B,Anti-social behaviour,,
,2024-10,Northumbria Police,Northumbria Police,-1.571835,55.184653,On or near Petrol Station,E01027529,Northumberland 010B,Anti-social behaviour,,
,2024-10,Northumbria Police,Northumbria Police,-1.571835,55.184653,On or near Petrol Station,E01027529,Northumberland 010B,Anti-social behaviour,,
,2024-10,Northumbria Police,Northumbria Police,-1.575977,55.183625,On or near Haldane Street,E01027529,Northumberland 010B,Anti-social behaviour,,
,2024-10,Northumbria Police,Northumbria Police,-1.575977,55.183625,On or near Haldane Street,E01027529,Northumberland 010B,Anti-social behaviour,,
662eccf5c5f9e7466a5c8c818cd8a02297a1b4a3c2e62fd1683859c80d284a21,2024-10,Northumbria Police,Northumbria Police,-1.572728,55.183547,On or near Shopping Area,E01027529,Northumberland 010B,Criminal damage and arson,Status update unavailable,
8ce3b7aa9cd5da230c23d95b6ec7a8226bcc5c6f84949d4e2252bc0ae8ca5965,2024-10,Northumbria Police,Northumbria Police,-1.575977,55.183625,On or near Haldane Street,E01027529,Northumberland 010B,Criminal damage and arson,Investigation complete; no suspect identified,
b1dcd6425bb50a80187a345c0d184e02deb772dad822dd68acfcec0ea7170d50,2024-10,Northumbria Police,Northumbria Police,-1.577536,55.183145,On or near Station Road,E01027529,Northumberland 010B,Criminal damage and arson,Investigation complete; no suspect identified,
248b8bb37e8c69f546b1ead23d1fae9955b2bc253c7aa859224206a0d2f909f9,2024-10,Northumbria Police,Northumbria Police,-1.573377,55.182924,On or near Shopping Area,E01027529,Northumberland 010B,Criminal damage and arson,Investigation complete; no suspect identified,
36caf6c9c7101729829ae3bd3fc556f0f66688245d871f791a5d54b72f980527,2024-10,Northumbria Police,Northumbria Police,-1.572728,55.183547,On or near Shopping Area,E01027529,Northumberland 010B,Drugs,Court result unavailable,
e1925a69db3a6d3039d05d5b1543f22b9551d53bb34094132da1ef9ccf5149f0,2024-10,Northumbria Police,Northumbria Police,-1.571667,55.182765,On or near Parking Area,E01027529,Northumberland 010B,Public order,Status update unavailable,
37bd18f64df423fe802060b1324493c6deb155145f15c7be02aee58f3e7de2d1,2024-10,Northumbria Police,Northumbria Police,-1.572728,55.183547,On or near Shopping Area,E01027529,Northumberland 010B,Public order,Status update unavailable,
f7dc1eab30b33227f100a34bc9baf5024f6dcc7f438fed8bf105604c69be8a97,2024-10,Northumbria Police,Northumbria Police,-1.571667,55.182765,On or near Parking Area,E01027529,Northumberland 010B,Public order,Status update unavailable,
44eb340c6c1d81730faca250193e21d89e3a50abd848cc7aada75bf9ab61837f,2024-10,Northumbria Police,Northumbria Police,-1.571835,55.184653,On or near Petrol Station,E01027529,Northumberland 010B,Public order,Status update unavailable,
9283e0a64d703ce75d05dcb372e2da7e66b5f5d76c3c18a364fba953eadf41dd,2024-10,Northumbria Police,Northumbria Police,-1.571667,55.182765,On or near Parking Area,E01027529,Northumberland 010B,Shoplifting,Status update unavailable,
ab370a43b18b27c88318360a7d702ef33c96a7449f6bb2dc26b0d435ac8a693d,2024-10,Northumbria Police,Northumbria Police,-1.571835,55.184653,On or near Petrol Station,E01027529,Northumberland 010B,Shoplifting,Court result unavailable,
4c8c130053339f633428f51441f7b7ba688f970f66dd922ea29d446609a2758a,2024-10,Northumbria Police,Northumbria Police,-1.571667,55.182765,On or near Parking Area,E01027529,Northumberland 010B,Shoplifting,Status update unavailable,
30cb3cc2b3f60deb06f8b4334b9ec1e845cbbb76e32c59383600d4d2da1ac725,2024-10,Northumbria Police,Northumbria Police,-1.571667,55.182765,On or near Parking Area,E01027529,Northumberland 010B,Shoplifting,Suspect charged as part of another case,
3bfbd9fc3f719713faca51c1647da6828ab0d6a6c153cb730b9a97bfc3484fd5,2024-10,Northumbria Police,Northumbria Police,-1.571667,55.182765,On or near Parking Area,E01027529,Northumberland 010B,Shoplifting,Court result unavailable,
8430a9c5ca8164a889dc7c4641087bc71f92d7df3b3c59ccd46ded6f725dd432,2024-10,Northumbria Police,Northumbria Police,-1.571667,55.182765,On or near Parking Area,E01027529,Northumberland 010B,Shoplifting,Court result unavailable,
ff8a635e3ed3eb6bdf731c654df55dfe547c535ee2c5082a7129f7222ce4b72c,2024-10,Northumbria Police,Northumbria Police,-1.571835,55.184653,On or near Petrol Station,E01027529,Northumberland 010B,Shoplifting,Court result unavailable,
84df40ca300b02ab405907abaafc9360445e5144948562d6013b60963bd2a6d0,2024-10,Northumbria Police,Northumbria Police,-1.571667,55.182765,On or near Parking Area,E01027529,Northumberland 010B,Shoplifting,Status update unavailable,
fa246ca72730d1a6b2ecf3bca595f806a4cc284f8b9da95a5fe753b8bdad8f22,2024-10,Northumbria Police,Northumbria Police,-1.571835,55.184653,On or near Petrol Station,E01027529,Northumberland 010B,Shoplifting,Investigation complete; no suspect identified,
a7c4deecce8c49edc097f7c6d3481db3916e934d770209aa5275c4e912fe6139,2024-10,Northumbria Police,Northumbria Police,-1.577536,55.183145,On or near Station Road,E01027529,Northumberland 010B,Vehicle crime,Status update unavailable,
4cc568a23cf93ac2d14d6789c3ffb9e17c64bcff40926c693edf930b2f02b379,2024-10,Northumbria Police,Northumbria Police,-1.575977,55.183625,On or near Haldane Street,E01027529,Northumberland 010B,Vehicle crime,Investigation complete; no suspect identified,
d3c4fdcdad36beb35e9caf8b8987b588bdaa70f47f700045f2f9667d700b233b,2024-10,Northumbria Police,Northumbria Police,-1.577536,55.183145,On or near Station Road,E01027529,Northumberland 010B,Violence and sexual offences,Status update unavailable,
60bd55e6dcaa901529a358818193369eb511de64f26317f5d2829e7fc98bd1db,2024-10,Northumbria Police,Northumbria Police,-1.577536,55.183145,On or near Station Road,E01027529,Northumberland 010B,Violence and sexual offences,Investigation complete; no suspect identified,
5cb04cab6b20887bd614ed62b42ae787262a25feb414163208b13ea2c4916800,2024-10,Northumbria Police,Northumbria Police,-1.571835,55.184653,On or near Petrol Station,E01027529,Northumberland 010B,Violence and sexual offences,Status update unavailable,
4e3e29744fcac1a64ebfed56ec2e8131ec5e7e62fb04160d19a6261df80facf4,2024-10,Northumbria Police,Northumbria Police,-1.571667,55.182765,On or near Parking Area,E01027529,Northumberland 010B,Violence and sexual offences,Status update unavailable,
6c1df17538268cd30dc361ffc1520db744ddcacf4c265b9ecbe5a7fec6dd1411,2024-10,Northumbria Police,Northumbria Police,-1.572728,55.183547,On or near Shopping Area,E01027529,Northumberland 010B,Violence and sexual offences,Investigation complete; no suspect identified,
258e292233d878b479cdfb367e72aa37d277790494a30b6c5608ae27622cf714,2024-10,Northumbria Police,Northumbria Police,-1.574639,55.182389,On or near Parking Area,E01027529,Northumberland 010B,Violence and sexual offences,Status update unavailable,
acc915adf81118d53cbec58b47cc7c6de1c99c148f23aefe3ed64178453667d1,2024-10,Northumbria Police,Northumbria Police,-1.572728,55.183547,On or near Shopping Area,E01027529,Northumberland 010B,Violence and sexual offences,Status update unavailable,
0c272e43fc6431be47b9d35d16ab1c98861113fe498060e40b8fe11cac80c362,2024-10,Northumbria Police,Northumbria Police,-1.571835,55.184653,On or near Petrol Station,E01027529,Northumberland 010B,Violence and sexual offences,Status update unavailable,
ff28787518a3ae87b9b97950369a072e2dd31e600643056c160ef875d9d63af2,2024-10,Northumbria Police,Northumbria Police,-1.572728,55.183547,On or near Shopping Area,E01027529,Northumberland 010B,Violence and sexual offences,Status update unavailable,
7e8e6a18db7efcfc0750661093869ffc520597b3e722772d1c0bac748160eb8e,2024-10,Northumbria Police,Northumbria Police,-1.572728,55.183547,On or near Shopping Area,E01027529,Northumberland 010B,Violence and sexual offences,Status update unavailable,
21175fe0154c9415f8786c374d008cb48cad5c7b8a807edc1608787d313d018b,2024-10,Northumbria Police,Northumbria Police,-1.571835,55.184653,On or near Petrol Station,E01027529,Northumberland 010B,Violence and sexual offences,Investigation complete; no suspect identified,
20122992a7a692c46a10e3057bbe3dc10c9d410c8c65c40d891c7c56769726c5,2024-10,Northumbria Police,Northumbria Police,-1.571835,55.184653,On or near Petrol Station,E01027529,Northumberland 010B,Violence and sexual offences,Investigation complete; no suspect identified,
94550ce1c64ade75a047ff937d00100a7a6dc3364edd8fdfcf47af7ec86a85cb,2024-10,Northumbria Police,Northumbria Police,-1.573377,55.182924,On or near Shopping Area,E01027529,Northumberland 010B,Violence and sexual offences,Status update unavailable,
,2024-10,Northumbria Police,Northumbria Police,-1.558928,55.184508,On or near Castle Terrace,E01027539,Northumberland 010C,Anti-social behaviour,,
,2024-10,Northumbria Police,Northumbria Police,-1.561600,55.181372,On or near Rosalind Street,E01027539,Northumberland 010C,Anti-social behaviour,,
,2024-10,Northumbria Police,Northumbria Police,-1.565066,55.184674,On or near Reiverdale Road,E01027539,Northumberland 010C,Anti-social behaviour,,
,2024-10,Northumbria Police,Northumbria Police,-1.561205,55.183105,On or near First Avenue,E01027539,Northumberland 010C,Anti-social behaviour,,
,2024-10,Northumbria Police,Northumbria Police,-1.565066,55.184674,On or near Reiverdale Road,E01027539,Northumberland 010C,Anti-social behaviour,,
44feb5f0baaf786bc015c83e4ba70e99a7df0f550d91240929af39ed25ef1a36,2024-10,Northumbria Police,Northumbria Police,-1.561205,55.183105,On or near First Avenue,E01027539,Northumberland 010C,Criminal damage and arson,Offender given a caution,
59375989a3e35cbc83a56df47b7b4c44a0f94c4223b88c687e5b043f9c70ef28,2024-10,Northumbria Police,Northumbria Police,-1.561600,55.181372,On or near Rosalind Street,E01027539,Northumberland 010C,Criminal damage and arson,Investigation complete; no suspect identified,
122809ece1b7761e90a56f5b9f2c64f47ae28f6c1f9a32fbb66dc8270e6df9ac,2024-10,Northumbria Police,Northumbria Police,-1.558928,55.184508,On or near Castle Terrace,E01027539,Northumberland 010C,Criminal damage and arson,Investigation complete; no suspect identified,
0882baaa8d25434108429bac384c800b05c0ec7eed3148e2f285e18c25c6dac6,2024-10,Northumbria Police,Northumbria Police,-1.565066,55.184674,On or near Reiverdale Road,E01027539,Northumberland 010C,Criminal damage and arson,Investigation complete; no suspect identified,
9ced6c35bda40d70a213a6aa19418a164362e2a4a0e154e32fc1e3b0a8138bbb,2024-10,Northumbria Police,Northumbria Police,-1.558928,55.184508,On or near Castle Terrace,E01027539,Northumberland 010C,Drugs,Court result unavailable,
110d84cf70c27bb927247b1baa8d15e517cb289d657fff07937c54b042e9c891,2024-10,Northumbria Police,Northumbria Police,-1.560939,55.181541,On or near Second Avenue,E01027539,Northumberland 010C,Drugs,Status update unavailable,
700f10079942c41211a07b2354c10c96a11fd9d46998988477d739f4f9813d49,2024-10,Northumbria Police,Northumbria Police,-1.561600,55.181372,On or near Rosalind Street,E01027539,Northumberland 010C,Other theft,Status update unavailable,
5317f847d1ee7f97028bb11806aa5223c85650ae149fd2922e31da363fb5ca7a,2024-10,Northumbria Police,Northumbria Police,-1.558928,55.184508,On or near Castle Terrace,E01027539,Northumberland 010C,Other theft,Investigation complete; no suspect identified,
95ad6836b99b9b0c98780086cc8d615cf70fbae4ca7b7246b7d376ea6391e3eb,2024-10,Northumbria Police,Northumbria Police,-1.558928,55.184508,On or near Castle Terrace,E01027539,Northumberland 010C,Other theft,Investigation complete; no suspect identified,
94c0d03ea2c502e25faeb394291bf398563927a0425b4f3a03a96a2728ac334a,2024-10,Northumbria Police,Northumbria Police,-1.565066,55.184674,On or near Reiverdale Road,E01027539,Northumberland 010C,Possession of weapons,Court result unavailable,
c36391f2db08147a764c759d0be53a2b28232f476e8bda114c78ed9b802a6dcb,2024-10,Northumbria Police,Northumbria Police,-1.565066,55.184674,On or near Reiverdale Road,E01027539,Northumberland 010C,Public order,Court result unavailable,
4176e833e96bb6d8dc2727cf7784f6e26f003235d7c5257750ac1ac80df446f8,2024-10,Northumbria Police,Northumbria Police,-1.565066,55.184674,On or near Reiverdale Road,E01027539,Northumberland 010C,Robbery,Status update unavailable,
10c3e39079060377411004492e7dc5ebf526986d5eafcea085c001b978a4330b,2024-10,Northumbria Police,Northumbria Police,-1.558928,55.184508,On or near Castle Terrace,E01027539,Northumberland 010C,Robbery,Investigation complete; no suspect identified,
f9aecf2c787ce7267a4840a591123f1fb10954897cd21718d7d06383ee5d7dbf,2024-10,Northumbria Police,Northumbria Police,-1.565066,55.184674,On or near Reiverdale Road,E01027539,Northumberland 010C,Shoplifting,Court result unavailable,
817cb16f090c6c9ebca38ce0f23e501b2daef6a0ba33de27a8419634fae4e434,2024-10,Northumbria Police,Northumbria Police,-1.565066,55.184674,On or near Reiverdale Road,E01027539,Northumberland 010C,Vehicle crime,Investigation complete; no suspect identified,
b6e61ba32c53f6614a788557fefc2bda85df8e79750c1bdf7943383689576889,2024-10,Northumbria Police,Northumbria Police,-1.560939,55.181541,On or near Second Avenue,E01027539,Northumberland 010C,Vehicle crime,Investigation complete; no suspect identified,
16c56b28a297bab0728ba89ab2f021350666b8b5b600c4ea568fa7bc1c7fa89d,2024-10,Northumbria Police,Northumbria Police,-1.559346,55.184986,On or near Woodhorn Road,E01027539,Northumberland 010C,Vehicle crime,Status update unavailable,
56eb47b062aebbeb984ce4e96b9320639c1d2783db3c8515d30ab3ee96498c33,2024-10,Northumbria Police,Northumbria Police,-1.561205,55.183105,On or near First Avenue,E01027539,Northumberland 010C,Violence and sexual offences,Status update unavailable,
9dbb63267793603247d00250488cd3396eeabee466c3f720229d29e94131057c,2024-10,Northumbria Police,Northumbria Police,-1.558928,55.184508,On or near Castle Terrace,E01027539,Northumberland 010C,Violence and sexual offences,Investigation complete; no suspect identified,
0ad2b3a4a8aa76d56ee4f403b4de2c609901147f4d8d636e9d3b17201ff26f08,2024-10,Northumbria Police,Northumbria Police,-1.558928,55.184508,On or near Castle Terrace,E01027539,Northumberland 010C,Violence and sexual offences,Status update unavailable,
83a5418da86cc533237ce1bbe89ec50d87f31e525a245621d77cc5a4b2e886a5,2024-10,Northumbria Police,Northumbria Police,-1.558928,55.184508,On or near Castle Terrace,E01027539,Northumberland 010C,Violence and sexual offences,Status update unavailable,
a194d1aa8720b0dc0f2c2553d077aebe3fe9ab4d9d8347f5e9e6ca50b4ae8101,2024-10,Northumbria Police,Northumbria Police,-1.559346,55.184986,On or near Woodhorn Road,E01027539,Northumberland 010C,Violence and sexual offences,Status update unavailable,
b09611785f4a2972cf6b11a4bf0eb36314cd1857c5e004293715da3a462624aa,2024-10,Northumbria Police,Northumbria Police,-1.560837,55.185117,On or near Woodhorn Court,E01027539,Northumberland 010C,Violence and sexual offences,Investigation complete; no suspect identified,
47cfb7d81980b4cf378037fe6785719486081fe47e537b9d3d56bf0aeb44ae6e,2024-10,Northumbria Police,Northumbria Police,-1.560939,55.181541,On or near Second Avenue,E01027539,Northumberland 010C,Violence and sexual offences,Status update unavailable,
144a759ca542aa4339af6f30e423004358c9eed4d640cdfea940bad3476fe662,2024-10,Northumbria Police,Northumbria Police,-1.561205,55.183105,On or near First Avenue,E01027539,Northumberland 010C,Violence and sexual offences,Investigation complete; no suspect identified,
86e0a6c737d1624e49fca2b923751749feaad442a2f45c89e7f95da4ffe0c34b,2024-10,Northumbria Police,Northumbria Police,-1.560837,55.185117,On or near Woodhorn Court,E01027539,Northumberland 010C,Violence and sexual offences,Status update unavailable,
80891fc5fd4c3ae975b8b38ae65fe308c1f8305c66b17246d1d835e9df16781f,2024-10,Northumbria Police,Northumbria Police,-1.558928,55.184508,On or near Castle Terrace,E01027539,Northumberland 010C,Violence and sexual offences,Investigation complete; no suspect identified,
2cab1e3d21b87867184fd5b81ccaba82f3c90b3e8d42a4ab8fd25af5961ed7bf,2024-10,Northumbria Police,Northumbria Police,-1.561205,55.183105,On or near First Avenue,E01027539,Northumberland 010C,Violence and sexual offences,Investigation complete; no suspect identified,
97332c6f045aacd221afa1920e8ddc6c1de0c000e5c770d3f3b059628c6cff9f,2024-10,Northumbria Police,Northumbria Police,-1.561205,55.183105,On or near First Avenue,E01027539,Northumberland 010C,Violence and sexual offences,Status update unavailable,
3340b9c8d4a45519253ec246db16f6b44c6b882372671fdec7ec4b9f1509b41e,2024-10,Northumbria Police,Northumbria Police,-1.560939,55.181541,On or near Second Avenue,E01027539,Northumberland 010C,Other crime,Investigation complete; no suspect identified,
4bdaa27f36ddc53912363cefd010c7102fb780510ff65c3134c51047dba7222d,2024-10,Northumbria Police,Northumbria Police,-1.561600,55.181372,On or near Rosalind Street,E01027539,Northumberland 010C,Other crime,Status update unavailable,
,2024-10,Northumbria Police,Northumbria Police,-1.561134,55.176707,On or near Fifth Avenue,E01027545,Northumberland 010D,Anti-social behaviour,,
,2024-10,Northumbria Police,Northumbria Police,-1.562124,55.178068,On or near Fourth Avenue,E01027545,Northumberland 010D,Anti-social behaviour,,
,2024-10,Northumbria Police,Northumbria Police,-1.564562,55.179065,On or near Pont Street,E01027545,Northumberland 010D,Anti-social behaviour,,
,2024-10,Northumbria Police,Northumbria Police,-1.564562,55.179065,On or near Pont Street,E01027545,Northumberland 010D,Anti-social behaviour,,
,2024-10,Northumbria Police,Northumbria Police,-1.553816,55.180976,On or near Brinkburn Crescent,E01027545,Northumberland 010D,Anti-social behaviour,,
,2024-10,Northumbria Police,Northumbria Police,-1.557231,55.176055,On or near Sixth Avenue,E01027545,Northumberland 010D,Anti-social behaviour,,
,2024-10,Northumbria Police,Northumbria Police,-1.557231,55.176055,On or near Sixth Avenue,E01027545,Northumberland 010D,Anti-social behaviour,,
,2024-10,Northumbria Police,Northumbria Police,-1.553639,55.178522,On or near Alexandra Road,E01027545,Northumberland 010D,Anti-social behaviour,,
,2024-10,Northumbria Police,Northumbria Police,-1.561134,55.176707,On or near Fifth Avenue,E01027545,Northumberland 010D,Anti-social behaviour,,
a50060a67cfec556da4ea2dd3745731f56df296fb3a0c2a4f40dfe3f47d45bb7,2024-10,Northumbria Police,Northumbria Police,-1.553639,55.178522,On or near Alexandra Road,E01027545,Northumberland 010D,Burglary,Investigation complete; no suspect identified,
915f217c306781d7b112751df88c35e9b58d6137489f21aec61bed52f1662164,2024-10,Northumbria Police,Northumbria Police,-1.562124,55.178068,On or near Fourth Avenue,E01027545,Northumberland 010D,Burglary,Investigation complete; no suspect identified,
8d39f0ec5ff7c63028de639c1d0f91701b25a077e51e82c34f1fc0375ce4c124,2024-10,Northumbria Police,Northumbria Police,-1.561134,55.176707,On or near Fifth Avenue,E01027545,Northumberland 010D,Burglary,Investigation complete; no suspect identified,
a01e6ab8cac2c50298c11b4b28f215f34750064178c348d8dcb486ed5219fa7a,2024-10,Northumbria Police,Northumbria Police,-1.554653,55.179182,On or near Ariel Street,E01027545,Northumberland 010D,Criminal damage and arson,Investigation complete; no suspect identified,
081c838c3e1b53541987e81c74086a11ac326e6cf8839664e4dc58332ef49ea9,2024-10,Northumbria Police,Northumbria Police,-1.562438,55.175139,On or near Milburn Road,E01027545,Northumberland 010D,Criminal damage and arson,Investigation complete; no suspect identified,
7f452c1ff12436991c5e75aea8e5c7ae28524f808fdfe3936888862d0d0e7645,2024-10,Northumbria Police,Northumbria Police,-1.562124,55.178068,On or near Fourth Avenue,E01027545,Northumberland 010D,Criminal damage and arson,Investigation complete; no suspect identified,
418361284d90c30ba61a15d3cc3090aaad5e77563bd243d152add4abb1faa18e,2024-10,Northumbria Police,Northumbria Police,-1.564562,55.179065,On or near Pont Street,E01027545,Northumberland 010D,Criminal damage and arson,Status update unavailable,
a68a07b75f2d3d77941a8f70f6302a0b00c023946070054d30a2e5621296e5ab,2024-10,Northumbria Police,Northumbria Police,-1.553629,55.179492,On or near Hebron Place,E01027545,Northumberland 010D,Criminal damage and arson,Investigation complete; no suspect identified,
e52c843012e88508c5896c31c31c396e60b0993ef039dd686a7a1d680b858bba,2024-10,Northumbria Police,Northumbria Police,-1.561134,55.176707,On or near Fifth Avenue,E01027545,Northumberland 010D,Criminal damage and arson,Offender given a caution,
4432ef00ecded080253b20ea03c73c217f598d82f5ee54cc8abf115de1a8c0c5,2024-10,Northumbria Police,Northumbria Police,-1.561134,55.176707,On or near Fifth Avenue,E01027545,Northumberland 010D,Criminal damage and arson,Investigation complete; no suspect identified,
f5e47f115652cc93c1388117e247996ced5a93d7676f522e7113ff8dfe8a26f6,2024-10,Northumbria Police,Northumbria Police,-1.553629,55.179492,On or near Hebron Place,E01027545,Northumberland 010D,Criminal damage and arson,Investigation complete; no suspect identified,
7dea821b7ec10bfd3204b348dbbfae2552f3ab18a03e873e6af534f0e920f6cf,2024-10,Northumbria Police,Northumbria Police,-1.553816,55.180976,On or near Brinkburn Crescent,E01027545,Northumberland 010D,Criminal damage and arson,Investigation complete; no suspect identified,
f1b824f9d2f796553af3d0c1af351de59f3c9198a070002c7ad2dd690fb519a6,2024-10,Northumbria Police,Northumbria Police,-1.557231,55.176055,On or near Sixth Avenue,E01027545,Northumberland 010D,Drugs,Offender given a caution,
61953f282a8164c9551a77d60151f692e60ebeca41a0f3cacb531e7893f9f59a,2024-10,Northumbria Police,Northumbria Police,-1.553639,55.178522,On or near Alexandra Road,E01027545,Northumberland 010D,Other theft,Status update unavailable,
2beeafa69280463042121effd11e687eb54499c871960cc5409d0eff7f48dc35,2024-10,Northumbria Police,Northumbria Police,-1.561134,55.176707,On or near Fifth Avenue,E01027545,Northumberland 010D,Other theft,Investigation complete; no suspect identified,
c3ff54c7f4606dcaf8eeae8b92ed60d1351d02e992906b1a304d5129170822a4,2024-10,Northumbria Police,Northumbria Police,-1.561134,55.176707,On or near Fifth Avenue,E01027545,Northumberland 010D,Public order,Investigation complete; no suspect identified,
f11c8951cf669caf61fc01a106445d2c76fe4061252405c3a3aa221ed3aeb26c,2024-10,Northumbria Police,Northumbria Police,-1.564562,55.179065,On or near Pont Street,E01027545,Northumberland 010D,Public order,Investigation complete; no suspect identified,
b66dc239c5f087a787e0cc5c07a3d14323a2a287d43e7a55258d76bf4c78c848,2024-10,Northumbria Police,Northumbria Police,-1.553629,55.179492,On or near Hebron Place,E01027545,Northumberland 010D,Public order,Status update unavailable,
a140dc8d4b2aafa7e59188d27b17429e3a5da6768f96535529e96a405dfbf0c3,2024-10,Northumbria Police,Northumbria Police,-1.561134,55.176707,On or near Fifth Avenue,E01027545,Northumberland 010D,Robbery,Court result unavailable,
1eec5de825eb13cc9dc59cfbcebf450f5e058d07f7cf3326017e5a50d185ff21,2024-10,Northumbria Police,Northumbria Police,-1.562124,55.178068,On or near Fourth Avenue,E01027545,Northumberland 010D,Vehicle crime,Investigation complete; no suspect identified,
4c7203b4965452dfd3465168e59fb6727648effff4dc3aa4d2d4ca0343b81f57,2024-10,Northumbria Police,Northumbria Police,-1.557231,55.176055,On or near Sixth Avenue,E01027545,Northumberland 010D,Vehicle crime,Investigation complete; no suspect identified,
ae53722e7e06c05775cb23c86e5d3a5ad0348c89cd550a630dbec52860830dde,2024-10,Northumbria Police,Northumbria Police,-1.562438,55.175139,On or near Milburn Road,E01027545,Northumberland 010D,Vehicle crime,Status update unavailable,
a71c2480bf67e3cbf8e38b7c02e133a76ca831603aefea371198234412ed4540,2024-10,Northumbria Police,Northumbria Police,-1.561134,55.176707,On or near Fifth Avenue,E01027545,Northumberland 010D,Violence and sexual offences,Investigation complete; no suspect identified,
21c43deeaf03051f79fb6c75dbca0a340c8479c3956e67a807bfd7fced219820,2024-10,Northumbria Police,Northumbria Police,-1.554653,55.179182,On or near Ariel Street,E01027545,Northumberland 010D,Violence and sexual offences,Status update unavailable,
2ef204a587f73203dba38bf84b910495d5ef1e5ca5fdb0758e40309c15ec2f16,2024-10,Northumbria Police,Northumbria Police,-1.564562,55.179065,On or near Pont Street,E01027545,Northumberland 010D,Violence and sexual offences,Status update unavailable,
343063ee0acf46a244502e91e43625cf5d08773f0c016aab2470188452c8de2f,2024-10,Northumbria Police,Northumbria Police,-1.561134,55.176707,On or near Fifth Avenue,E01027545,Northumberland 010D,Violence and sexual offences,Investigation complete; no suspect identified,
c998e3826e10cc880b7f0a790f95358f6db73b7077ad05cf751fa99cd5c35bb6,2024-10,Northumbria Police,Northumbria Police,-1.554653,55.179182,On or near Ariel Street,E01027545,Northumberland 010D,Violence and sexual offences,Offender given a caution,
e92d8c34ab3f30c313680382eb429fc8dbbea235376b65b6bbbe280c61819c9d,2024-10,Northumbria Police,Northumbria Police,-1.561134,55.176707,On or near Fifth Avenue,E01027545,Northumberland 010D,Violence and sexual offences,Investigation complete; no suspect identified,
93db5a05dc3fb29108389d4a5a86f5b27e285860fb898f950427a801e96dafb0,2024-10,Northumbria Police,Northumbria Police,-1.561134,55.176707,On or near Fifth Avenue,E01027545,Northumberland 010D,Violence and sexual offences,Status update unavailable,
5985286187c6cc32440450f79aa00ad13c4f7adb90fba1786b4bffa709adb9f6,2024-10,Northumbria Police,Northumbria Police,-1.562438,55.175139,On or near Milburn Road,E01027545,Northumberland 010D,Violence and sexual offences,Status update unavailable,
200d73cdd80b8e8a43c9bf840548a44bb081bccb463e510349d6d7f03f676d3a,2024-10,Northumbria Police,Northumbria Police,-1.561134,55.176707,On or near Fifth Avenue,E01027545,Northumberland 010D,Violence and sexual offences,Investigation complete; no suspect identified,
90d7fb8b273e8525a227f71f6bac6f91710e95a0b4fc7bfb81c91bfff704c7fb,2024-10,Northumbria Police,Northumbria Police,-1.562124,55.178068,On or near Fourth Avenue,E01027545,Northumberland 010D,Violence and sexual offences,Status update unavailable,
a624f3ccdad4b42f86da677430a9ba4196038e90bc83290e67422e7488256d04,2024-10,Northumbria Police,Northumbria Police,-1.564562,55.179065,On or near Pont Street,E01027545,Northumberland 010D,Violence and sexual offences,Status update unavailable,
5914ac0099e2b1c09b957c359f2420c4d91101879aa854b1ea6a9a73c10c75b9,2024-10,Northumbria Police,Northumbria Police,-1.561134,55.176707,On or near Fifth Avenue,E01027545,Northumberland 010D,Violence and sexual offences,Investigation complete; no suspect identified,
45b0363e524e7780a67958c58bdc3e9848750ca717660c42f780503c9656f208,2024-10,Northumbria Police,Northumbria Police,-1.554653,55.179182,On or near Ariel Street,E01027545,Northumberland 010D,Violence and sexual offences,Investigation complete; no suspect identified,
5e4c4187c01e6d6b7513668a381ffb44a2f8652695c7ec7ba84f0b08829a79d8,2024-10,Northumbria Police,Northumbria Police,-1.553639,55.178522,On or near Alexandra Road,E01027545,Northumberland 010D,Violence and sexual offences,Status update unavailable,
0a92e14b338a9c5ab714a3671db61c7fefa97798d7af72a7ebcf55568be03fb3,2024-10,Northumbria Police,Northumbria Police,-1.557231,55.176055,On or near Sixth Avenue,E01027545,Northumberland 010D,Violence and sexual offences,Status update unavailable,
ae36d85f717b4b75741e1eea85574790dc6956328665bacde670fbf47da5b27f,2024-10,Northumbria Police,Northumbria Police,-1.557231,55.176055,On or near Sixth Avenue,E01027545,Northumberland 010D,Violence and sexual offences,Status update unavailable,
5bd8231a132d1fca2eb4823f99b70b4abbd2038928408e46166e7bdf42746ca4,2024-10,Northumbria Police,Northumbria Police,-1.564562,55.179065,On or near Pont Street,E01027545,Northumberland 010D,Violence and sexual offences,Status update unavailable,
17cf938c5ac5b71dd77a318659cb4489ad99cc6cf58166e4fed923afe0593f50,2024-10,Northumbria Police,Northumbria Police,-1.553639,55.178522,On or near Alexandra Road,E01027545,Northumberland 010D,Other crime,Status update unavailable,
9143d9afc03a80ab9e15cf34a4cb6c0630660c149b7e835b260ca65ce83df506,2024-10,Northumbria Police,Northumbria Police,-1.553629,55.179492,On or near Hebron Place,E01027545,Northumberland 010D,Other crime,Status update unavailable,
,2024-10,Northumbria Police,Northumbria Police,-1.560311,55.180101,On or near Third Avenue,E01027546,Northumberland 010E,Anti-social behaviour,,
855c24993ee3dae9078a8a4789cf1e083ac0b5e49d06472d2b0fab297d3ea213,2024-10,Northumbria Police,Northumbria Police,-1.560914,55.179537,On or near Hawthorn Road,E01027546,Northumberland 010E,Burglary,Investigation complete; no suspect identified,
a41ce01e4c80f3c1ec6a4d1c950818f925eeccf2c768732f79222349859e78cf,2024-10,Northumbria Police,Northumbria Police,-1.560311,55.180101,On or near Third Avenue,E01027546,Northumberland 010E,Burglary,Status update unavailable,
dc7361fee80fab737b932ea8a006ba2f06757f2af4370630c7f44b9b612d66bb,2024-10,Northumbria Police,Northumbria Police,-1.560311,55.180101,On or near Third Avenue,E01027546,Northumberland 010E,Criminal damage and arson,Investigation complete; no suspect identified,
af4f04d93e3991e862ca0f4e2cd98618c9e34136018ad018187c6bec63e1b00b,2024-10,Northumbria Police,Northumbria Police,-1.560311,55.180101,On or near Third Avenue,E01027546,Northumberland 010E,Possession of weapons,Investigation complete; no suspect identified,
79f8a38b4f27959131c99edc6b7d93122452e241a96dea41d81ee578b2739156,2024-10,Northumbria Police,Northumbria Police,-1.560914,55.179537,On or near Hawthorn Road,E01027546,Northumberland 010E,Public order,Status update unavailable,
95341af3774b254bf0936a57d734701c4cf41fa53d8ddd0aa77a87834074ba44,2024-10,Northumbria Police,Northumbria Police,-1.560311,55.180101,On or near Third Avenue,E01027546,Northumberland 010E,Violence and sexual offences,Status update unavailable,
69caa9b08744e3266cf33ad3596eb2f6ad5575ddcee900f9e8cb18fcef50fbec,2024-10,Northumbria Police,Northumbria Police,-1.560311,55.180101,On or near Third Avenue,E01027546,Northumberland 010E,Violence and sexual offences,Investigation complete; no suspect identified,
7252df5d100e87bcaec644c7dfab893a21003ec3e52f2e7e8f9391735a3c86b3,2024-10,Northumbria Police,Northumbria Police,-1.560914,55.179537,On or near Hawthorn Road,E01027546,Northumberland 010E,Violence and sexual offences,Status update unavailable,
,2024-10,Northumbria Police,Northumbria Police,-1.687233,55.170563,On or near Howard Road,E01027457,Northumberland 011A,Anti-social behaviour,,
b70d13dd45ca56c0ec00dcaa22479e36bde6cebfeaaeeb2e616e3e78cf304844,2024-10,Northumbria Police,Northumbria Police,-1.680493,55.177096,On or near Howburn Court,E01027457,Northumberland 011A,Burglary,Investigation complete; no suspect identified,
d3f5326b78b8fb6175ae2969d09b45756201b1a52135f196690760bdecf417aa,2024-10,Northumbria Police,Northumbria Police,-1.685331,55.174781,On or near Shaftsbury Close,E01027457,Northumberland 011A,Burglary,Investigation complete; no suspect identified,
ce0eaea518fcb96f0eb55d3810128b5d273f854fa9209454c6d6298e5a71c488,2024-10,Northumbria Police,Northumbria Police,-1.680493,55.177096,On or near Howburn Court,E01027457,Northumberland 011A,Criminal damage and arson,Status update unavailable,
4842c14cde62789fb91d751d633c47acc7762823a9023f6bed7c16ae522328c4,2024-10,Northumbria Police,Northumbria Police,-1.680493,55.177096,On or near Howburn Court,E01027457,Northumberland 011A,Criminal damage and arson,Status update unavailable,
1b488f09385f2912b29fb6eaf502412e45d87b5565b89da3a87a2509fe45c061,2024-10,Northumbria Police,Northumbria Police,-1.680493,55.177096,On or near Howburn Court,E01027457,Northumberland 011A,Criminal damage and arson,Status update unavailable,
4a9a47413fb20509ea6ba1ef897e94fdf47a7e7ece6661fd028b26e45d606232,2024-10,Northumbria Police,Northumbria Police,-1.680493,55.177096,On or near Howburn Court,E01027457,Northumberland 011A,Criminal damage and arson,Status update unavailable,
355f7edd777cdef9d5693c3b31b59093866a5a2bdd2fb6a8f091fbefbb6dc189,2024-10,Northumbria Police,Northumbria Police,-1.680493,55.177096,On or near Howburn Court,E01027457,Northumberland 011A,Criminal damage and arson,Status update unavailable,
d0d4d4e72428fec80dc8c5024280d749fa7eec59507161f4efea6dfc5ac8e641,2024-10,Northumbria Police,Northumbria Police,-1.680493,55.177096,On or near Howburn Court,E01027457,Northumberland 011A,Criminal damage and arson,Status update unavailable,
38be3146d21041e7fe472b777a6678d8eb1fcd72b61f4090e08df4eeeb823302,2024-10,Northumbria Police,Northumbria Police,-1.680493,55.177096,On or near Howburn Court,E01027457,Northumberland 011A,Criminal damage and arson,Status update unavailable,
5ac8e7533741b30af8f3b62d652f5af28ddd992a89e6229fe270890f2b15f33f,2024-10,Northumbria Police,Northumbria Police,-1.695768,55.171186,On or near Dogger Bank,E01027457,Northumberland 011A,Drugs,Status update unavailable,
e36cfbc75ab8af40d68edd1263995feaf3f54582afc70b72e513e498a92aee76,2024-10,Northumbria Police,Northumbria Police,-1.695768,55.171186,On or near Dogger Bank,E01027457,Northumberland 011A,Drugs,Status update unavailable,
6a5650db56f6cd7113a5e32f5a8d8257606d154268290db49717e8b90eca04bb,2024-10,Northumbria Police,Northumbria Police,-1.695768,55.171186,On or near Dogger Bank,E01027457,Northumberland 011A,Drugs,Local resolution,
a6522c5c3564fe616b9151ad473c4100547787b27191dd3b6cf33a1569405589,2024-10,Northumbria Police,Northumbria Police,-1.680493,55.177096,On or near Howburn Court,E01027457,Northumberland 011A,Other theft,Status update unavailable,
6efa8884b23bab59c2b8456f702b92888be385113ad682d961598013e2eea090,2024-10,Northumbria Police,Northumbria Police,-1.680493,55.177096,On or near Howburn Court,E01027457,Northumberland 011A,Public order,Status update unavailable,
e969fb6d39cd9e05ec245146db3cac06ba2ccee63d2f18a8b07b269f64f36b58,2024-10,Northumbria Police,Northumbria Police,-1.680493,55.177096,On or near Howburn Court,E01027457,Northumberland 011A,Public order,Status update unavailable,
2c5ca5701b73fd9ddce0cfe7e3af370e6520ead12e2ee465f55d6d92458e21d4,2024-10,Northumbria Police,Northumbria Police,-1.680493,55.177096,On or near Howburn Court,E01027457,Northumberland 011A,Public order,Status update unavailable,
78d1ea9d95532d2b00c5ffca87a8658aa98dcf1274037992d3efbbdecbecab47,2024-10,Northumbria Police,Northumbria Police,-1.680493,55.177096,On or near Howburn Court,E01027457,Northumberland 011A,Public order,Investigation complete; no suspect identified,
9093962c7c3514a8ab0b34359d83ddfbc9e71052397cdfa8dc75d626b616f09e,2024-10,Northumbria Police,Northumbria Police,-1.680493,55.177096,On or near Howburn Court,E01027457,Northumberland 011A,Public order,Investigation complete; no suspect identified,
851c004d28cf6bbc37bb9a3c793e3dfddb4ef578f2ea24ebf66015f3657c2d58,2024-10,Northumbria Police,Northumbria Police,-1.680493,55.177096,On or near Howburn Court,E01027457,Northumberland 011A,Public order,Investigation complete; no suspect identified,
74cfe1917169eaa3261d54e9f4d88dc0921816dece2faacc08b7b05e0c3316a1,2024-10,Northumbria Police,Northumbria Police,-1.680493,55.177096,On or near Howburn Court,E01027457,Northumberland 011A,Public order,Status update unavailable,
80b225c8364924e388c76ccd86694a29fea82f3b01d5c9945b35a5c00f3915fe,2024-10,Northumbria Police,Northumbria Police,-1.680493,55.177096,On or near Howburn Court,E01027457,Northumberland 011A,Public order,Investigation complete; no suspect identified,
5f95715d1dc195b07754d4d8f1ac297a3a3c5f12376df9400bbca2943ed42f43,2024-10,Northumbria Police,Northumbria Police,-1.680493,55.177096,On or near Howburn Court,E01027457,Northumberland 011A,Public order,Status update unavailable,
0951982d16887bcc86fe03b3f824a8c42c8e24610c814ed59b2ad25f1a11b1e3,2024-10,Northumbria Police,Northumbria Police,-1.680493,55.177096,On or near Howburn Court,E01027457,Northumberland 011A,Public order,Status update unavailable,
858d4767405b5fdd09ae79eb29feef29d1fb7b42cb01772532a31767a5d97878,2024-10,Northumbria Police,Northumbria Police,-1.680493,55.177096,On or near Howburn Court,E01027457,Northumberland 011A,Public order,Investigation complete; no suspect identified,
d60b1b1ebacb31f64931c1ea0b10fc37bb232ea7224d88c24fc90d0cb24a66af,2024-10,Northumbria Police,Northumbria Police,-1.680493,55.177096,On or near Howburn Court,E01027457,Northumberland 011A,Public order,Status update unavailable,
933e7c0213f5625b03adb17b342c3551405f91c64d1428732a9d240488afef38,2024-10,Northumbria Police,Northumbria Police,-1.680493,55.177096,On or near Howburn Court,E01027457,Northumberland 011A,Public order,Status update unavailable,
5145d9fe7662cc1af54e1386d64bf7a7df2d453eefe6bde1364dd9fe2ce9533d,2024-10,Northumbria Police,Northumbria Police,-1.678871,55.171790,On or near Whorral Bank,E01027457,Northumberland 011A,Vehicle crime,Investigation complete; no suspect identified,
27dcf62c1a888873a0c3aecb67f0eaea476bb6ab402af5963520981bb16d29c8,2024-10,Northumbria Police,Northumbria Police,-1.680493,55.177096,On or near Howburn Court,E01027457,Northumberland 011A,Violence and sexual offences,Status update unavailable,
166fc53ba48bc75676c62afac46fd4ec22b36fd46b0ec38f0d6fdc66899746a7,2024-10,Northumbria Police,Northumbria Police,-1.680493,55.177096,On or near Howburn Court,E01027457,Northumberland 011A,Violence and sexual offences,Status update unavailable,
0cf720049d1a630fee7feafa211e82700cb64189c97904e4127bec0456406b12,2024-10,Northumbria Police,Northumbria Police,-1.680493,55.177096,On or near Howburn Court,E01027457,Northumberland 011A,Violence and sexual offences,Status update unavailable,
976c6e2ac7979c470f3f4d3d6137c731f4e0c167adb2872855065154751397b3,2024-10,Northumbria Police,Northumbria Police,-1.680493,55.177096,On or near Howburn Court,E01027457,Northumberland 011A,Violence and sexual offences,Status update unavailable,
31f713e672d7169e926269ff859d0fde3c0028a89f46448e98a60a488bb6e548,2024-10,Northumbria Police,Northumbria Police,-1.680493,55.177096,On or near Howburn Court,E01027457,Northumberland 011A,Violence and sexual offences,Status update unavailable,
786ad2e09a080b24da556f8e8feae8f555d83450291baa61325bb2f91c03c129,2024-10,Northumbria Police,Northumbria Police,-1.680493,55.177096,On or near Howburn Court,E01027457,Northumberland 011A,Violence and sexual offences,Status update unavailable,
8533e6c517189709689755ae131aeeb2014aa0becaf1cb10cecf56e4f8768490,2024-10,Northumbria Police,Northumbria Police,-1.680493,55.177096,On or near Howburn Court,E01027457,Northumberland 011A,Violence and sexual offences,Status update unavailable,
76ad5109b1cada2536235e5f3946c5e6e04b61fc3bf377bc698ab223457fd15b,2024-10,Northumbria Police,Northumbria Police,-1.680493,55.177096,On or near Howburn Court,E01027457,Northumberland 011A,Violence and sexual offences,Status update unavailable,
60fe0c94da86f23e8f1186c8ab3786e81f79cc8be68b37bc45fc65d91871cbda,2024-10,Northumbria Police,Northumbria Police,-1.680493,55.177096,On or near Howburn Court,E01027457,Northumberland 011A,Violence and sexual offences,Status update unavailable,
f3a0edd32219ae9ab07f8f2a901e6c168fd3252852968117f2fa16ce660ca642,2024-10,Northumbria Police,Northumbria Police,-1.695326,55.171554,On or near Bullers Green,E01027457,Northumberland 011A,Violence and sexual offences,Investigation complete; no suspect identified,
e9d83d49223fc2e9953d1ec495872d690011e3331ec9cf4c5d42c11066d8daeb,2024-10,Northumbria Police,Northumbria Police,-1.680493,55.177096,On or near Howburn Court,E01027457,Northumberland 011A,Violence and sexual offences,Status update unavailable,
59dc2f6c6e6f432f6e0124b4a605457c338d61439eafa3be09894f55cc34673b,2024-10,Northumbria Police,Northumbria Police,-1.680493,55.177096,On or near Howburn Court,E01027457,Northumberland 011A,Violence and sexual offences,Status update unavailable,
59acd95328739929d94a1d711185d76ac36f8cc62469296db4d250dfa57e88b8,2024-10,Northumbria Police,Northumbria Police,-1.680493,55.177096,On or near Howburn Court,E01027457,Northumberland 011A,Violence and sexual offences,Status update unavailable,
95685a5793e64af731f9f19587858a66e028996ae5ef6087a20d3f3f5ec600bd,2024-10,Northumbria Police,Northumbria Police,-1.680493,55.177096,On or near Howburn Court,E01027457,Northumberland 011A,Violence and sexual offences,Status update unavailable,
795cdda86e70d110e7f8abde5d8fcbd3e750f2d963138df972d8558b66b41d75,2024-10,Northumbria Police,Northumbria Police,-1.680493,55.177096,On or near Howburn Court,E01027457,Northumberland 011A,Violence and sexual offences,Status update unavailable,
76be2eae89da4b65b2b3d2c4724b647b35469733d03bab30ba31d83fd3462295,2024-10,Northumbria Police,Northumbria Police,-1.690080,55.171783,On or near Kings Avenue,E01027457,Northumberland 011A,Violence and sexual offences,Status update unavailable,
feb97251222b8fd948d1aadd5d318f4c702eee6ae38dca37e09de3587b694f83,2024-10,Northumbria Police,Northumbria Police,-1.680493,55.177096,On or near Howburn Court,E01027457,Northumberland 011A,Violence and sexual offences,Status update unavailable,
485cf9c87ce41bcd29613b8fb1f6e840fae787f8adf3f76bec70bcdedbd050b3,2024-10,Northumbria Police,Northumbria Police,-1.680493,55.177096,On or near Howburn Court,E01027457,Northumberland 011A,Violence and sexual offences,Status update unavailable,
23bf7d5c78910e9798429e10e6362ec36c55e8bb2e3dcf597b1964372a203ab1,2024-10,Northumbria Police,Northumbria Police,-1.680493,55.177096,On or near Howburn Court,E01027457,Northumberland 011A,Violence and sexual offences,Status update unavailable,
71578a3fb3d8a8ca6da94d1b72a91f464617fb7f435672c11142c1d26bf0ce37,2024-10,Northumbria Police,Northumbria Police,-1.680493,55.177096,On or near Howburn Court,E01027457,Northumberland 011A,Violence and sexual offences,Investigation complete; no suspect identified,
70671c3392fc91de82cac828011d11e3bbeaf1432232310fb0d6a7cfdb1a34a2,2024-10,Northumbria Police,Northumbria Police,-1.680493,55.177096,On or near Howburn Court,E01027457,Northumberland 011A,Violence and sexual offences,Status update unavailable,
00537694d0c690ff3c97b43b9bab5847e1a644eb4f4ff5d75bf4e621a27752c1,2024-10,Northumbria Police,Northumbria Police,-1.680493,55.177096,On or near Howburn Court,E01027457,Northumberland 011A,Violence and sexual offences,Status update unavailable,
0ba37feaa749a44761ab60639147a06eda2f56239755cc99f325965bb3117f0c,2024-10,Northumbria Police,Northumbria Police,-1.680493,55.177096,On or near Howburn Court,E01027457,Northumberland 011A,Violence and sexual offences,Status update unavailable,
18327681118fa4d12adf8927b6e6bd83e17fd4d51c706de0052626c6d32bef05,2024-10,Northumbria Police,Northumbria Police,-1.680493,55.177096,On or near Howburn Court,E01027457,Northumberland 011A,Violence and sexual offences,Status update unavailable,
6543112ee8d5a2be8969f7811647ad9879871a8eb5482d8db19f0753061544ac,2024-10,Northumbria Police,Northumbria Police,-1.680493,55.177096,On or near Howburn Court,E01027457,Northumberland 011A,Violence and sexual offences,Status update unavailable,
77e8d993d12156273adfc4aba3e710a5f101ff9b1057c2758b1a646928936b4b,2024-10,Northumbria Police,Northumbria Police,-1.680493,55.177096,On or near Howburn Court,E01027457,Northumberland 011A,Violence and sexual offences,Status update unavailable,
48a18991e16b1ff32a56a3bc0819f87b3365be1fb52a92a40e5503d785ff505e,2024-10,Northumbria Police,Northumbria Police,-1.680493,55.177096,On or near Howburn Court,E01027457,Northumberland 011A,Violence and sexual offences,Status update unavailable,
903a728002a3bdb395191de9fc26a0ccae332090381d17db322129c9726d4186,2024-10,Northumbria Police,Northumbria Police,-1.680493,55.177096,On or near Howburn Court,E01027457,Northumberland 011A,Violence and sexual offences,Status update unavailable,
3c30067dc2032228762f6a9ee0bf6ad29beedbc7c977c59873f2c4c08e1dd462,2024-10,Northumbria Police,Northumbria Police,-1.690080,55.171783,On or near Kings Avenue,E01027457,Northumberland 011A,Violence and sexual offences,Status update unavailable,
,2024-10,Northumbria Police,Northumbria Police,-1.643836,55.178163,On or near Pegswood,E01027462,Northumberland 011B,Anti-social behaviour,,
,2024-10,Northumbria Police,Northumbria Police,-1.648142,55.179460,On or near Whitefield Crescent,E01027462,Northumberland 011B,Anti-social behaviour,,
,2024-10,Northumbria Police,Northumbria Police,-1.650750,55.179324,On or near West View,E01027462,Northumberland 011B,Anti-social behaviour,,
,2024-10,Northumbria Police,Northumbria Police,-1.651157,55.181311,On or near Blenheim Gardens,E01027462,Northumberland 011B,Anti-social behaviour,,
,2024-10,Northumbria Police,Northumbria Police,-1.643836,55.178163,On or near Pegswood,E01027462,Northumberland 011B,Anti-social behaviour,,
,2024-10,Northumbria Police,Northumbria Police,-1.651989,55.177665,On or near De Walden Square,E01027462,Northumberland 011B,Anti-social behaviour,,
96a719a54b6405d2b7a069ea4132cd084802375bb20a2ae5226be2b83eb61d5c,2024-10,Northumbria Police,Northumbria Police,-1.650750,55.179324,On or near West View,E01027462,Northumberland 011B,Burglary,Investigation complete; no suspect identified,
100588d9411ec7f851801cf7aa7aeff35b3a0fb3b5a1fa78e355f901fcc76ec7,2024-10,Northumbria Police,Northumbria Police,-1.648142,55.179460,On or near Whitefield Crescent,E01027462,Northumberland 011B,Criminal damage and arson,Investigation complete; no suspect identified,
9d0ef54582b809a3324aabd55dc2ed5b229de9cb21fbdb280a67cfcc1499dda3,2024-10,Northumbria Police,Northumbria Police,-1.643836,55.178163,On or near Pegswood,E01027462,Northumberland 011B,Criminal damage and arson,Investigation complete; no suspect identified,
f9f3882f8fe9a91aeba0e132f4e55eac64445d6e1000d2f515b03b4c9dce0fd5,2024-10,Northumbria Police,Northumbria Police,-1.647898,55.180448,On or near Pegswood Precinct,E01027462,Northumberland 011B,Shoplifting,Investigation complete; no suspect identified,
042344388af62e91cb345ac1b0ae40337ce9fb597feb5c12b3fadc192084059e,2024-10,Northumbria Police,Northumbria Police,-1.647898,55.180448,On or near Pegswood Precinct,E01027462,Northumberland 011B,Shoplifting,Investigation complete; no suspect identified,
923c1db18c5d70191857c242b5c3c434504ddbfd8804ba8a090c02ae4122b8e6,2024-10,Northumbria Police,Northumbria Police,-1.647898,55.180448,On or near Pegswood Precinct,E01027462,Northumberland 011B,Shoplifting,Investigation complete; no suspect identified,
44fd397b021bcdff49661faafd74e9412595428daeef7b2050614b8bd5bb57d1,2024-10,Northumbria Police,Northumbria Police,-1.651913,55.181061,On or near Dark Lane,E01027462,Northumberland 011B,Vehicle crime,Investigation complete; no suspect identified,
21bd9b97609f0d428abad169ce62115859f5116e57e63092c7e4ebda111f1361,2024-10,Northumbria Police,Northumbria Police,-1.647898,55.180448,On or near Pegswood Precinct,E01027462,Northumberland 011B,Vehicle crime,Investigation complete; no suspect identified,
840ff901a2d62cc87b26a0b9fb8b906c245f7d6092cdd1824718041a6a3dcbb2,2024-10,Northumbria Police,Northumbria Police,-1.647012,55.179457,On or near Charles Street,E01027462,Northumberland 011B,Violence and sexual offences,Investigation complete; no suspect identified,
2f0ae813078c0942430ce954fd972ab5c15f610a45adaed8c5f106d70c51066e,2024-10,Northumbria Police,Northumbria Police,-1.653937,55.177536,On or near Tranwell Close,E01027462,Northumberland 011B,Violence and sexual offences,Status update unavailable,
bcbe8ab58a11d239654cd06b169ce9b12d038bbb3b553c68ee05897197e85e27,2024-10,Northumbria Police,Northumbria Police,-1.647898,55.180448,On or near Pegswood Precinct,E01027462,Northumberland 011B,Violence and sexual offences,Investigation complete; no suspect identified,
02ae4c205c8d9213b82bc8f2bf51419f5dbd717af171df2ec717bb6ae90bd042,2024-10,Northumbria Police,Northumbria Police,-1.654402,55.181904,On or near Hebron Avenue,E01027462,Northumberland 011B,Violence and sexual offences,Status update unavailable,
b90e724359bd6910fa37591efbaba0809d68108fb52863cc286b4d271eff2e90,2024-10,Northumbria Police,Northumbria Police,-1.647012,55.179457,On or near Charles Street,E01027462,Northumberland 011B,Violence and sexual offences,Investigation complete; no suspect identified,
b360cf0e3fe7da1570da67551f4fbbb488fddb3712abf0792294307c288321d7,2024-10,Northumbria Police,Northumbria Police,-1.647898,55.180448,On or near Pegswood Precinct,E01027462,Northumberland 011B,Violence and sexual offences,Investigation complete; no suspect identified,
5c7838db864f3c097fbed5d7491036e37b769b2335b59478c0af4f30addbcca7,2024-10,Northumbria Police,Northumbria Police,-1.650750,55.179324,On or near West View,E01027462,Northumberland 011B,Violence and sexual offences,Offender given a caution,
ad179e9f9fc4f39eb21cc51f4aa0af8d095aa8bed3255f4231f61aa93c9fd69a,2024-10,Northumbria Police,Northumbria Police,-1.643836,55.178163,On or near Pegswood,E01027462,Northumberland 011B,Violence and sexual offences,Investigation complete; no suspect identified,
c2a36f942b5e8ba1e9820a17e2ffb18a0d22954c759e9b529c81cd19e7f1e5b5,2024-10,Northumbria Police,Northumbria Police,-1.643836,55.178163,On or near Pegswood,E01027462,Northumberland 011B,Violence and sexual offences,Investigation complete; no suspect identified,
32ad0e7a17b05419b094c05ad754d03e2393383c04f668e482183fc59f43cdb4,2024-10,Northumbria Police,Northumbria Police,-1.647012,55.179457,On or near Charles Street,E01027462,Northumberland 011B,Violence and sexual offences,Investigation complete; no suspect identified,
55c03dfdbe3ec27a078f03285e27367f09a484206d434e84bc4d061a1b149e84,2024-10,Northumbria Police,Northumbria Police,-1.651913,55.181061,On or near Dark Lane,E01027462,Northumberland 011B,Violence and sexual offences,Offender given a caution,
,2024-10,Northumbria Police,Northumbria Police,-1.645246,55.181977,On or near Longhirst Road,E01027463,Northumberland 011C,Anti-social behaviour,,
91ea66998db7cb0be7d944cf09cfbb85774998b5dc8d555ff06f342453483245,2024-10,Northumbria Police,Northumbria Police,-1.648242,55.196659,On or near Longhirst Village,E01027463,Northumberland 011C,Burglary,Investigation complete; no suspect identified,
514dff646abcd803f6e651180f9e1711f3362fa0a1a11722fb5cff5e209ff94b,2024-10,Northumbria Police,Northumbria Police,-1.655846,55.178377,On or near Cheviot Grove,E01027463,Northumberland 011C,Criminal damage and arson,Investigation complete; no suspect identified,
b253d1021307139676022225dcab48b0f9761aec3a20d65f2e21ed0204bb8dd7,2024-10,Northumbria Police,Northumbria Police,-1.655840,55.177209,On or near Chevington Close,E01027463,Northumberland 011C,Violence and sexual offences,Status update unavailable,
530397e483ca00271963280d602d45eac9720f43ae3bbcd3e73530957ffaa579,2024-10,Northumbria Police,Northumbria Police,-1.648121,55.196165,On or near Longhirst Village,E01027463,Northumberland 011C,Violence and sexual offences,Status update unavailable,
,2024-10,Northumbria Police,Northumbria Police,-1.551227,55.176608,On or near Milton Grove,E01027533,Northumberland 013A,Anti-social behaviour,,
,2024-10,Northumbria Police,Northumbria Police,-1.551227,55.176608,On or near Milton Grove,E01027533,Northumberland 013A,Anti-social behaviour,,
,2024-10,Northumbria Police,Northumbria Police,-1.552335,55.175848,On or near Byron Place,E01027533,Northumberland 013A,Anti-social behaviour,,
,2024-10,Northumbria Police,Northumbria Police,-1.548754,55.173103,On or near Canterbury Close,E01027533,Northumberland 013A,Anti-social behaviour,,
,2024-10,Northumbria Police,Northumbria Police,-1.552335,55.175848,On or near Byron Place,E01027533,Northumberland 013A,Anti-social behaviour,,
,2024-10,Northumbria Police,Northumbria Police,-1.555690,55.174818,On or near Redwood Court,E01027533,Northumberland 013A,Anti-social behaviour,,
4c9d76c7d9965fe6d19a01ee2693d1a515653acb3bdb0947ebd9303b8d034f58,2024-10,Northumbria Police,Northumbria Police,-1.552014,55.172208,On or near Wallington Road,E01027533,Northumberland 013A,Bicycle theft,Status update unavailable,
12af7a7699feddf1fb87ee0b199ce183c6b5fd863521d06707af510e9d2d2aab,2024-10,Northumbria Police,Northumbria Police,-1.554832,55.174330,On or near Bolam Drive,E01027533,Northumberland 013A,Burglary,Investigation complete; no suspect identified,
a7342bc32ac09e83c4f112b2ad230e0791df87b5bdd077dbef64182e0fa9c8ae,2024-10,Northumbria Police,Northumbria Police,-1.552014,55.172208,On or near Wallington Road,E01027533,Northumberland 013A,Burglary,Status update unavailable,
065d946952cd6e9fb7d85821cee4d2b221c1fc6147829d28beb38419382ffe31,2024-10,Northumbria Police,Northumbria Police,-1.551758,55.174031,On or near Simonburn Lane,E01027533,Northumberland 013A,Criminal damage and arson,Investigation complete; no suspect identified,
0d134cbce713d7f608601d24f9e19a366fc0fe51d9207255926f91ddb30f0cfc,2024-10,Northumbria Police,Northumbria Police,-1.551758,55.174031,On or near Simonburn Lane,E01027533,Northumberland 013A,Criminal damage and arson,Investigation complete; no suspect identified,
29b39910047f7bf471aec51f97ca6123e779eac7fc2d1959e1436d987e97d190,2024-10,Northumbria Police,Northumbria Police,-1.548754,55.173103,On or near Canterbury Close,E01027533,Northumberland 013A,Other theft,Status update unavailable,
1bebdf343fed8fd40afcd885a34521fe71c453b541baaec2bbd5f0cfe4efa388,2024-10,Northumbria Police,Northumbria Police,-1.551758,55.174031,On or near Simonburn Lane,E01027533,Northumberland 013A,Other theft,Investigation complete; no suspect identified,
6d97752f965193388b78421b6fb558b900c4dcd69c22873bf379112f3d42fa00,2024-10,Northumbria Police,Northumbria Police,-1.551227,55.176608,On or near Milton Grove,E01027533,Northumberland 013A,Violence and sexual offences,Status update unavailable,
4d8a7adbd655f26dcef320e29945d6a2861cf85ec824b49529c00fd256ae02f5,2024-10,Northumbria Police,Northumbria Police,-1.551227,55.176608,On or near Milton Grove,E01027533,Northumberland 013A,Violence and sexual offences,Status update unavailable,
39f98947c447643af4f8f8d197de0f968e0badc06a781c09139e1491360cbcb0,2024-10,Northumbria Police,Northumbria Police,-1.551938,55.171983,On or near Hesleyside,E01027533,Northumberland 013A,Violence and sexual offences,Status update unavailable,
6ec0e33ac4ae861cab048171f1e90a934b99251479a212941138775bc056fd09,2024-10,Northumbria Police,Northumbria Police,-1.551938,55.171983,On or near Hesleyside,E01027533,Northumberland 013A,Violence and sexual offences,Investigation complete; no suspect identified,
,2024-10,Northumbria Police,Northumbria Police,-1.557875,55.185960,On or near Cheviot View,E01027540,Northumberland 013B,Anti-social behaviour,,
,2024-10,Northumbria Police,Northumbria Police,-1.550032,55.186551,On or near St Nicholas Close,E01027540,Northumberland 013B,Anti-social behaviour,,
b9791a5337925bef7b91d0fa6b22aca0e6555449e9d5d24c3da7ef645850517a,2024-10,Northumbria Police,Northumbria Police,-1.557875,55.185960,On or near Cheviot View,E01027540,Northumberland 013B,Bicycle theft,Investigation complete; no suspect identified,
55d3d299b51c55b99758abb6b81f8100361c7e5f495bd856d3e09b108c08a79d,2024-10,Northumbria Police,Northumbria Police,-1.545919,55.186383,On or near Coneygarth Place,E01027540,Northumberland 013B,Burglary,Investigation complete; no suspect identified,
f8da02e09262d68e75c9d751417df18ed880077a65af697f1e130578470c64ac,2024-10,Northumbria Police,Northumbria Police,-1.555572,55.181198,On or near Welfare Crescent,E01027540,Northumberland 013B,Criminal damage and arson,Investigation complete; no suspect identified,
df3fe942f87c7721f62ab8a2875d77e4db45c35b6678d050e6010d2a0e92a106,2024-10,Northumbria Police,Northumbria Police,-1.555569,55.181503,On or near Berrymoor,E01027540,Northumberland 013B,Criminal damage and arson,Investigation complete; no suspect identified,
43a6cdd0e99e3792ddef816c9f92de66d6226e3abf98eccdaff4c4de496070b0,2024-10,Northumbria Police,Northumbria Police,-1.548974,55.185613,On or near St Christophers Close,E01027540,Northumberland 013B,Criminal damage and arson,Status update unavailable,
c9c3877fcd1b21426114f4d32f2f69aea563bff9e73c505b977af31fc89df43e,2024-10,Northumbria Police,Northumbria Police,-1.553954,55.185460,On or near Tyne Street,E01027540,Northumberland 013B,Drugs,Offender given a caution,
47501f91f05794f32dfa3be59d0a9d67da3af9e6c0a2b219b050c44da6d0fbc7,2024-10,Northumbria Police,Northumbria Police,-1.553954,55.185460,On or near Tyne Street,E01027540,Northumberland 013B,Drugs,Offender given a caution,
af36b510928cbb2628a4397967530b5d9ba39d1376877166d294925445e8f81c,2024-10,Northumbria Police,Northumbria Police,-1.550032,55.186551,On or near St Nicholas Close,E01027540,Northumberland 013B,Drugs,Local resolution,
0c27304bcf7ccddbc6704c95e0723cb4f0cd0f247182f35d4b310d5fb81f42a7,2024-10,Northumbria Police,Northumbria Police,-1.548907,55.187356,On or near St Pauls Close,E01027540,Northumberland 013B,Drugs,Investigation complete; no suspect identified,
49f4fda7791754fb67ac2cb41626473bdaf1ebcae8d7e841cc492f2fcf8cfb4e,2024-10,Northumbria Police,Northumbria Police,-1.545919,55.186383,On or near Coneygarth Place,E01027540,Northumberland 013B,Other theft,Investigation complete; no suspect identified,
88c4a07f12213190251f9b981668aade76df990b3b46e2defe86ebe2581b883c,2024-10,Northumbria Police,Northumbria Police,-1.553954,55.185460,On or near Tyne Street,E01027540,Northumberland 013B,Vehicle crime,Investigation complete; no suspect identified,
ceba413c84c6ad99cb9a6ee51bcdef2697d52096749050ccc031c4285ae383a5,2024-10,Northumbria Police,Northumbria Police,-1.545919,55.186383,On or near Coneygarth Place,E01027540,Northumberland 013B,Vehicle crime,Investigation complete; no suspect identified,
434a45084fd921d9855eee0b949306f86b33d18b6a21ee3f00e9869e8d636126,2024-10,Northumbria Police,Northumbria Police,-1.554748,55.184708,On or near Tweed Street,E01027540,Northumberland 013B,Vehicle crime,Investigation complete; no suspect identified,
223c7dcf5f424c4b2f154ea1c8e41cbb2a0151bd8351c8a4897e8e5a643022de,2024-10,Northumbria Police,Northumbria Police,-1.550721,55.181153,On or near Catcleugh Walk,E01027540,Northumberland 013B,Violence and sexual offences,Status update unavailable,
80da1d74235719caf3a59de7040fb2651564e5900f77568946bde02e3c494ad3,2024-10,Northumbria Police,Northumbria Police,-1.551603,55.180842,On or near Heatherhope,E01027540,Northumberland 013B,Violence and sexual offences,Status update unavailable,
25a8c12a0d2999f395342b8e3c2275f91a7b4321a9fefe293aef1a88a94e825b,2024-10,Northumbria Police,Northumbria Police,-1.552082,55.185813,On or near Woodhorn Villas,E01027540,Northumberland 013B,Violence and sexual offences,Investigation complete; no suspect identified,
6f222d159afe4070c7611ab593485076246b19b2c6a6ef30807f5188694fa7d5,2024-10,Northumbria Police,Northumbria Police,-1.551603,55.180842,On or near Heatherhope,E01027540,Northumberland 013B,Violence and sexual offences,Status update unavailable,
ee3706f39be727e9bdb654ddaea83292d1ee133e96903f540ade77401aba99e1,2024-10,Northumbria Police,Northumbria Police,-1.557875,55.185960,On or near Cheviot View,E01027540,Northumberland 013B,Violence and sexual offences,Status update unavailable,
42187fc4faa9b701df6dfd1618928572877dfc9be58377aaa7099bd36689beaf,2024-10,Northumbria Police,Northumbria Police,-1.545919,55.186383,On or near Coneygarth Place,E01027540,Northumberland 013B,Violence and sexual offences,Status update unavailable,
6e97d545938cf602a7e9a2fcd16b40a40b756bb715dfe9d37f80dea78e647963,2024-10,Northumbria Police,Northumbria Police,-1.545919,55.186383,On or near Coneygarth Place,E01027540,Northumberland 013B,Violence and sexual offences,Status update unavailable,
5e9efca1edb412a164a7601f5dbe1a5024ec201d536fa4f5add9ec8487263663,2024-10,Northumbria Police,Northumbria Police,-1.555572,55.181198,On or near Welfare Crescent,E01027540,Northumberland 013B,Violence and sexual offences,Status update unavailable,
584deadc2943e1008aaddaf0aee59594a2a800ddf52b732a9a31da7f77bd12d2,2024-10,Northumbria Police,Northumbria Police,-1.554748,55.184708,On or near Tweed Street,E01027540,Northumberland 013B,Violence and sexual offences,Investigation complete; no suspect identified,
9b29c70fe2302d7bcec2941d4b227bff26b5f2a3a79de7aa8c01b1c3774b46a8,2024-10,Northumbria Police,Northumbria Police,-1.545919,55.186383,On or near Coneygarth Place,E01027540,Northumberland 013B,Other crime,Status update unavailable,
3955e0b4faa5225c879698ec9373bba9d564a4c11252f4692bf3958b96ad0a85,2024-10,Northumbria Police,Northumbria Police,-1.557875,55.185960,On or near Cheviot View,E01027540,Northumberland 013B,Other crime,Status update unavailable,
,2024-10,Northumbria Police,Northumbria Police,-1.538887,55.179240,On or near Simpson Court,E01027549,Northumberland 013E,Anti-social behaviour,,
,2024-10,Northumbria Police,Northumbria Police,-1.545148,55.179551,On or near Carnoustie Close,E01027549,Northumberland 013E,Anti-social behaviour,,
,2024-10,Northumbria Police,Northumbria Police,-1.548226,55.179598,On or near Waterville Grove,E01027549,Northumberland 013E,Anti-social behaviour,,
,2024-10,Northumbria Police,Northumbria Police,-1.546602,55.184310,On or near Hospital,E01027549,Northumberland 013E,Anti-social behaviour,,
4cf0d6d39428cc7b2f846ebea6dd435eed9588aa7955d928aa8657e79b49419b,2024-10,Northumbria Police,Northumbria Police,-1.536548,55.177802,On or near Barnston,E01027549,Northumberland 013E,Burglary,Investigation complete; no suspect identified,
2cfc62a3feef433dedec9f5b45342cab874d820bb68c9fcd4d0d15b91b62bf89,2024-10,Northumbria Police,Northumbria Police,-1.536548,55.177802,On or near Barnston,E01027549,Northumberland 013E,Burglary,Investigation complete; no suspect identified,
6205e784892cf50781574b3d674b215f14ef21f42217cb10e0bd07380f4fa403,2024-10,Northumbria Police,Northumbria Police,-1.537223,55.179171,On or near Keeble Court,E01027549,Northumberland 013E,Burglary,Investigation complete; no suspect identified,
4c64cae15d6f0c55d4441f1c6a020e860b7bf6112f2cd0b252ec0f4f18e13613,2024-10,Northumbria Police,Northumbria Police,-1.537223,55.179171,On or near Keeble Court,E01027549,Northumberland 013E,Burglary,Investigation complete; no suspect identified,
92ab3cbd62696ae165814fd65673c37aa698c42178df733979f80c0dfdb132ac,2024-10,Northumbria Police,Northumbria Police,-1.536548,55.177802,On or near Barnston,E01027549,Northumberland 013E,Burglary,Investigation complete; no suspect identified,
27035aa68c5ae6c30476b88dc8afef746eb27e0cf7e73c257f7fdb1d63b69e56,2024-10,Northumbria Police,Northumbria Police,-1.546602,55.184310,On or near Hospital,E01027549,Northumberland 013E,Criminal damage and arson,Investigation complete; no suspect identified,
9da37f528575845d2e1de6f0c0091b722b097c0ca3c748fcda355f05813820b0,2024-10,Northumbria Police,Northumbria Police,-1.546602,55.184310,On or near Hospital,E01027549,Northumberland 013E,Shoplifting,Suspect charged as part of another case,
16ee2667b9a81d3bc8c43caa2a71c4ce486d7e5b5c36250f5c2e0835ebfda988,2024-10,Northumbria Police,Northumbria Police,-1.546602,55.184310,On or near Hospital,E01027549,Northumberland 013E,Shoplifting,Suspect charged as part of another case,
c21dfebe92baac9ccb29029154618f48408502e2585ced8545e49d3b4cd2a72d,2024-10,Northumbria Police,Northumbria Police,-1.540915,55.180380,On or near Belfry Close,E01027549,Northumberland 013E,Vehicle crime,Investigation complete; no suspect identified,
f3eca5555e370c6981cceb51f988e81b3bcabb4942cfbaf790d2afc58ef62da9,2024-10,Northumbria Police,Northumbria Police,-1.540255,55.179065,On or near Stokoe Drive,E01027549,Northumberland 013E,Vehicle crime,Investigation complete; no suspect identified,
dd1a23771221721d6180e8ea468909e4b51f0f9f513f1a68bef0e1abba5dc2ae,2024-10,Northumbria Police,Northumbria Police,-1.547724,55.183676,On or near Eagle Close,E01027549,Northumberland 013E,Violence and sexual offences,Status update unavailable,
feef5fc1fb75f253e006724b0672960ca816dd2d06e521392f5733412ead3fdc,2024-10,Northumbria Police,Northumbria Police,-1.545148,55.179551,On or near Carnoustie Close,E01027549,Northumberland 013E,Violence and sexual offences,Status update unavailable,
4f0e7876c6a43aa5382cea71192a818120fe207f88a40aca2cf6a6c2532d53a6,2024-10,Northumbria Police,Northumbria Police,-1.546602,55.184310,On or near Hospital,E01027549,Northumberland 013E,Violence and sexual offences,Investigation complete; no suspect identified,
59820df18fad90370b9e5f460780cb0cef29852e106e0fbec75bf51502058abe,2024-10,Northumbria Police,Northumbria Police,-1.545148,55.179551,On or near Carnoustie Close,E01027549,Northumberland 013E,Violence and sexual offences,Status update unavailable,
3be7332e4cd8af339a54274c0eef1cce24d89c4fb48b60c6832440843af3ddea,2024-10,Northumbria Police,Northumbria Police,-1.545559,55.182114,On or near Casey Court,E01027549,Northumberland 013E,Violence and sexual offences,Status update unavailable,
368c3b0101e748d48d275148228da10ee5d32fc27898cca2e6cbeabb9ccdbfea,2024-10,Northumbria Police,Northumbria Police,-1.546602,55.184310,On or near Hospital,E01027549,Northumberland 013E,Violence and sexual offences,Status update unavailable,
7fecd2503cb5e88d74cc6c51379ac98e9c5c3a6917698d3fab91beb352a86dc6,2024-10,Northumbria Police,Northumbria Police,-1.543276,55.178529,On or near Harvey Close,E01027549,Northumberland 013E,Violence and sexual offences,Offender given a caution,
5d3975e490483a363bbb0859e39a807ffdaeba8d96b8fb240bc49b48dcea6698,2024-10,Northumbria Police,Northumbria Police,-1.543276,55.178529,On or near Harvey Close,E01027549,Northumberland 013E,Violence and sexual offences,Offender given a caution,
56be78b5eaf2a8fabf49520a5214d11c6332222eeb82c689413302957493e012,2024-10,Northumbria Police,Northumbria Police,-1.543276,55.178529,On or near Harvey Close,E01027549,Northumberland 013E,Violence and sexual offences,Status update unavailable,
8676d3a1af2d7529d1b25981bc23c27516ef3bce96751aab6fe672df4d3b0d06,2024-10,Northumbria Police,Northumbria Police,-1.546602,55.184310,On or near Hospital,E01027549,Northumberland 013E,Violence and sexual offences,Investigation complete; no suspect identified,
b92b94a18d5b6b1e62d00b1f79389d9ee26ff1fed6520e5ad293b89b0ae16fca,2024-10,Northumbria Police,Northumbria Police,-1.545559,55.182114,On or near Casey Court,E01027549,Northumberland 013E,Violence and sexual offences,Investigation complete; no suspect identified,
dfc9bdb8372048d0531aa8929e7df33d385c681c0c0d4e7e42bae808f52468f1,2024-10,Northumbria Police,Northumbria Police,-1.545559,55.182114,On or near Casey Court,E01027549,Northumberland 013E,Other crime,Status update unavailable,
,2024-10,Northumbria Police,Northumbria Police,-1.538265,55.170512,On or near Birchwood Way,E01033716,Northumberland 013F,Anti-social behaviour,,
,2024-10,Northumbria Police,Northumbria Police,-1.532253,55.171819,On or near A189,E01033716,Northumberland 013F,Anti-social behaviour,,
,2024-10,Northumbria Police,Northumbria Police,-1.542102,55.174058,On or near Meadowfield,E01033716,Northumberland 013F,Anti-social behaviour,,
,2024-10,Northumbria Police,Northumbria Police,-1.536432,55.174279,On or near The Hollow,E01033716,Northumberland 013F,Anti-social behaviour,,
,2024-10,Northumbria Police,Northumbria Police,-1.539042,55.172600,On or near Hillcrest,E01033716,Northumberland 013F,Anti-social behaviour,,
,2024-10,Northumbria Police,Northumbria Police,-1.532253,55.171819,On or near A189,E01033716,Northumberland 013F,Anti-social behaviour,,
d354a5574c7cd41ac37886ac9ac2dae7e970828795b267c04670cd6fbd0b9b68,2024-10,Northumbria Police,Northumbria Police,-1.542102,55.174058,On or near Meadowfield,E01033716,Northumberland 013F,Bicycle theft,Status update unavailable,
c9de11dfa8c83164ce682bdc348d7afb65e072ccfdfc53e74869e2910d1669ba,2024-10,Northumbria Police,Northumbria Police,-1.541074,55.173380,On or near Fairfield Drive,E01033716,Northumberland 013F,Criminal damage and arson,Court result unavailable,
0acd02fa980e851f18525976a060ef1c9821a399ebc7e966ab6a855779e65012,2024-10,Northumbria Police,Northumbria Police,-1.534892,55.177122,On or near Wealleans Close,E01033716,Northumberland 013F,Criminal damage and arson,Investigation complete; no suspect identified,
bd4acd0cdae98f465fa317801b11bb434892311d0e6f5bf18173b64451c1e565,2024-10,Northumbria Police,Northumbria Police,-1.541975,55.174201,On or near Parking Area,E01033716,Northumberland 013F,Drugs,Investigation complete; no suspect identified,
8315496b580a64b3e5ee50bee6d467903327bdc23ffc8e6d14299b9ec66d5f9e,2024-10,Northumbria Police,Northumbria Police,-1.542031,55.165180,On or near Links View,E01033716,Northumberland 013F,Other theft,Investigation complete; no suspect identified,
b9cccaab892bd710db667b01d73c084e55bca7e3629397ac6922823fd0922c71,2024-10,Northumbria Police,Northumbria Police,-1.538265,55.170512,On or near Birchwood Way,E01033716,Northumberland 013F,Other theft,Investigation complete; no suspect identified,
ecd8f58ec52c5684b3a3bc05b95afe471bb6ac5348761bd9bbf09f600f1a4b17,2024-10,Northumbria Police,Northumbria Police,-1.542031,55.165180,On or near Links View,E01033716,Northumberland 013F,Public order,Investigation complete; no suspect identified,
c4585b1fd01f2fd1df073dfb69756b65d7844aa861e8aa49444bc0eba0784334,2024-10,Northumbria Police,Northumbria Police,-1.542602,55.172883,On or near Glendale Road,E01033716,Northumberland 013F,Public order,Status update unavailable,
cfd21dd8a064c33c78659b445ae70d4c005a2cb291e84fae5da8be5c32e22dbd,2024-10,Northumbria Police,Northumbria Police,-1.539520,55.173339,On or near Woodlands Road,E01033716,Northumberland 013F,Public order,Status update unavailable,
df131bf507672385d3b272d415e500ffc8c7574f3a5a97a45f237c3480e95bae,2024-10,Northumbria Police,Northumbria Police,-1.536432,55.174279,On or near The Hollow,E01033716,Northumberland 013F,Public order,Status update unavailable,
7402ce130b1fbf114330efcabd47a407e140d2194b18da0ff5f2d9d565812fb1,2024-10,Northumbria Police,Northumbria Police,-1.534213,55.170694,On or near Ashwood Drive,E01033716,Northumberland 013F,Shoplifting,Investigation complete; no suspect identified,
59102594fbedd88edf6901b595b4af63b31c38d8650c52d6c4d8b6f8d9960565,2024-10,Northumbria Police,Northumbria Police,-1.534213,55.170694,On or near Ashwood Drive,E01033716,Northumberland 013F,Shoplifting,Investigation complete; no suspect identified,
52e4b6c0195edc9794e950df5ed5c8dfa1913650194b375dbc8108f4436fc8bf,2024-10,Northumbria Police,Northumbria Police,-1.542102,55.174058,On or near Meadowfield,E01033716,Northumberland 013F,Shoplifting,Court result unavailable,
ea6b9c6ab3dd392ba6b42d8b1ab2c56d476412f0fbdab076e962d2b5e66ae0f7,2024-10,Northumbria Police,Northumbria Police,-1.534213,55.170694,On or near Ashwood Drive,E01033716,Northumberland 013F,Shoplifting,Court result unavailable,
5fb37d6880485b82389583bb5e7bb191c0647d8a980c57222ff17b5ac9e9e943,2024-10,Northumbria Police,Northumbria Police,-1.542102,55.174058,On or near Meadowfield,E01033716,Northumberland 013F,Shoplifting,Court result unavailable,
cfa7551d67acacc334064c7851b5aa4d812d5c65b3bec304d7c33c6be334b48a,2024-10,Northumbria Police,Northumbria Police,-1.534213,55.170694,On or near Ashwood Drive,E01033716,Northumberland 013F,Shoplifting,Court result unavailable,
fe6acc66174e8d9d946a160960a93a9c9cd89c55f66ab67904642e8d887ebe29,2024-10,Northumbria Police,Northumbria Police,-1.534213,55.170694,On or near Ashwood Drive,E01033716,Northumberland 013F,Shoplifting,Investigation complete; no suspect identified,
ba3962c58314e1a23487d450320b1c769decbb753e54779c9ee8a205cb7a6768,2024-10,Northumbria Police,Northumbria Police,-1.541975,55.174201,On or near Parking Area,E01033716,Northumberland 013F,Shoplifting,Court result unavailable,
66c8024d69304ab6c90b67d76665115d7011868797c405bcd32d790e33fd6137,2024-10,Northumbria Police,Northumbria Police,-1.540937,55.175707,On or near Thorntree Gardens,E01033716,Northumberland 013F,Vehicle crime,Investigation complete; no suspect identified,
e46c1deb47d655244cd36464f94c5bcec247ffcb986efe32a2ca5be26bde5470,2024-10,Northumbria Police,Northumbria Police,-1.546591,55.174192,On or near Winchester Close,E01033716,Northumberland 013F,Violence and sexual offences,Status update unavailable,
46fccd1d66eb93debf5df59da5530e6cd6ce761ab5e0475e3a846c38584da672,2024-10,Northumbria Police,Northumbria Police,-1.539520,55.173339,On or near Woodlands Road,E01033716,Northumberland 013F,Violence and sexual offences,Court result unavailable,
02431d562a415146e5c8c7812cb1e3a1c3b859f7633eef12fdef8129ae09af24,2024-10,Northumbria Police,Northumbria Police,-1.546919,55.172926,On or near Salisbury Close,E01033716,Northumberland 013F,Violence and sexual offences,Investigation complete; no suspect identified,
050c13495bf38567ccc0b6ea6e12e44d7b8515a59fd0791128e3aa34ca5a687b,2024-10,Northumbria Police,Northumbria Police,-1.541074,55.173380,On or near Fairfield Drive,E01033716,Northumberland 013F,Violence and sexual offences,Court result unavailable,
1e7107030c2212bce15cdd807364290dedebbc8d710d879d88eac08c5c1fca62,2024-10,Northumbria Police,Northumbria Police,-1.539901,55.174364,On or near Oakville,E01033716,Northumberland 013F,Other crime,Status update unavailable,
80a77cdb3dfc29577db03c2b6123bef0b8e9ae111dd6c0ebce49cb0560d739a3,2024-10,Northumbria Police,Northumbria Police,-1.941094,55.174319,On or near Oakford,E01027447,Northumberland 015A,Criminal damage and arson,Status update unavailable,
40c01be5af3c5fd511cdc3322a955187704725d3dad7221eac4ae3139f180d4d,2024-10,Northumbria Police,Northumbria Police,-1.841386,55.133407,On or near Parking Area,E01027447,Northumberland 015A,Public order,Status update unavailable,
889a3a4ffc41166626989be08e0e3ec1106052f2406ef013e35d578fa281f2a5,2024-10,Northumbria Police,Northumbria Police,-1.963834,55.167660,On or near Parking Area,E01027447,Northumberland 015A,Violence and sexual offences,Investigation complete; no suspect identified,
fea866c6a55c0c031b6bc2fd0b2671675d8e2ad4d46ca3231311d6480129f9b9,2024-10,Northumbria Police,Northumbria Police,-1.829412,55.164599,On or near B6343,E01027447,Northumberland 015A,Violence and sexual offences,Status update unavailable,
7146ba008e7e94de3e10472a1ccaf987be61d23afd1f90525441630a8a9504af,2024-10,Northumbria Police,Northumbria Police,-1.941094,55.174319,On or near Oakford,E01027447,Northumberland 015A,Violence and sexual offences,Status update unavailable,
,2024-10,Northumbria Police,Northumbria Police,-1.677888,55.272348,On or near Bainbridge Lane,E01027450,Northumberland 015C,Anti-social behaviour,,
,2024-10,Northumbria Police,Northumbria Police,-1.684503,55.293608,On or near B6345,E01027450,Northumberland 015C,Anti-social behaviour,,
7ff6d8993197b15974ec2a78f7db1089089fed6f68572c79e36e4f96ccd79452,2024-10,Northumbria Police,Northumbria Police,-1.711216,55.295022,On or near The Peth,E01027450,Northumberland 015C,Criminal damage and arson,Investigation complete; no suspect identified,
f4b543b5bf9203a1027eca290c77d19cc400da2b1adeb5629297a7f1dac44921,2024-10,Northumbria Police,Northumbria Police,-1.765930,55.243264,On or near Church View,E01027450,Northumberland 015C,Other theft,Status update unavailable,
6a8b30c21c146955e07150944f9273ee5321e07d4385b7cdb68c2bf7d9270a52,2024-10,Northumbria Police,Northumbria Police,-1.766831,55.261300,On or near Linden Acres,E01027450,Northumberland 015C,Other theft,Investigation complete; no suspect identified,
5b28be0d11d35aa2aa72846cdb179453c054899ca7186bdf6d98729cf6559d1e,2024-10,Northumbria Police,Northumbria Police,-1.727050,55.289343,On or near Parking Area,E01027450,Northumberland 015C,Public order,Status update unavailable,
032bdc1820be97b7019be7b6faeb86b589f6bbff276c158344da76936d55a184,2024-10,Northumbria Police,Northumbria Police,-1.765930,55.243264,On or near Church View,E01027450,Northumberland 015C,Public order,Investigation complete; no suspect identified,
47498a8a8c6fc0f149a52dbae33b31330fcfdd376765821b7cc694dc31260b1d,2024-10,Northumbria Police,Northumbria Police,-1.772439,55.254580,On or near Parking Area,E01027450,Northumberland 015C,Vehicle crime,Investigation complete; no suspect identified,
7013efafd16bcb5afa96cea02e87dbd4854c8041a964e491d5faaf1a749f6398,2024-10,Northumbria Police,Northumbria Police,-1.684503,55.293608,On or near B6345,E01027450,Northumberland 015C,Vehicle crime,Investigation complete; no suspect identified,
27fba1f6fad8d15489292e9540fbd09a1d0ee83c7cf9328b761a281cc96f5d97,2024-10,Northumbria Police,Northumbria Police,-1.729471,55.266776,On or near Burgham Park,E01027450,Northumberland 015C,Vehicle crime,Investigation complete; no suspect identified,
,2024-10,Northumbria Police,Northumbria Police,-1.667046,55.121311,On or near Whinham Way,E01027473,Northumberland 015D,Anti-social behaviour,,
b361f2932dc32763895201ad5bfbdaf58eff27e5821ae51103d8c0c43fb6f85b,2024-10,Northumbria Police,Northumbria Police,-1.653202,55.135560,On or near Park Drive,E01027473,Northumberland 015D,Burglary,Investigation complete; no suspect identified,
71a88028a5e919cf9f16e461dbdc7cddc1831ab29d7f5226b6c55feff31b50ae,2024-10,Northumbria Police,Northumbria Police,-1.752827,55.096228,On or near Parking Area,E01027473,Northumberland 015D,Burglary,Investigation complete; no suspect identified,
844bdafd64a4eaf4cb914579b3c66eb5557b2eaa8641ea2bcb02e0f57b61f7de,2024-10,Northumbria Police,Northumbria Police,-1.717160,55.123217,On or near Hugh Percy Court,E01027473,Northumberland 015D,Criminal damage and arson,Status update unavailable,
a0f759b295f48e6cf4d6639916f32a4425993664a30a6c760a805ab575c6b5b3,2024-10,Northumbria Police,Northumbria Police,-1.667887,55.110638,On or near Maple Court,E01027473,Northumberland 015D,Criminal damage and arson,Status update unavailable,
b18f8620bc6ecceb4d0eff3d0741ea19885330c93394e6c4654e2a7a57135484,2024-10,Northumbria Police,Northumbria Police,-1.717160,55.123217,On or near Hugh Percy Court,E01027473,Northumberland 015D,Criminal damage and arson,Investigation complete; no suspect identified,
6fac5b9e84736ce6f420b3b794ea43cc0076efa301a495b7c52b779c6058e857,2024-10,Northumbria Police,Northumbria Police,-1.667318,55.107410,On or near The Limes,E01027473,Northumberland 015D,Drugs,Court result unavailable,
0a0daedd38c0b1cb6483e24959538ebaf459a18cdbca7a1e9c98ee0eca531bcf,2024-10,Northumbria Police,Northumbria Police,-1.671743,55.125889,On or near Petrol Station,E01027473,Northumberland 015D,Other theft,Investigation complete; no suspect identified,
5814406e526ae20497566ced57c2ed14d9080f6840826cf72b41fe2101e4b95f,2024-10,Northumbria Police,Northumbria Police,-1.800812,55.126967,On or near Manor Close,E01027473,Northumberland 015D,Other theft,Status update unavailable,
3b3093732f1b97734ca5bbac1c7a9403588b5260949e8333fb861dc98db3e42d,2024-10,Northumbria Police,Northumbria Police,-1.688281,55.140831,On or near Parking Area,E01027473,Northumberland 015D,Other theft,Investigation complete; no suspect identified,
e7afd0072f169b1571e01a21d887f8acd30ef192708813fdecd03baef53c6a40,2024-10,Northumbria Police,Northumbria Police,-1.752827,55.096228,On or near Parking Area,E01027473,Northumberland 015D,Vehicle crime,Investigation complete; no suspect identified,
b28545368e2fa3f9c3533283c69cca6e0aaf0edb40d57436b703170e2f6aa8a0,2024-10,Northumbria Police,Northumbria Police,-1.752827,55.096228,On or near Parking Area,E01027473,Northumberland 015D,Vehicle crime,Investigation complete; no suspect identified,
03bf220fe9b6580bc2669bf9a9de01b1290f7150e5ee1c49bd57150029fa5d90,2024-10,Northumbria Police,Northumbria Police,-1.660402,55.118929,On or near The Drive,E01027473,Northumberland 015D,Violence and sexual offences,Status update unavailable,
36e8594ecbbf44ebddcd3526ab2aa5c54c624315f0e4350ceb1d03b514a263c4,2024-10,Northumbria Police,Northumbria Police,-1.666688,55.107804,On or near Elizabeth Square,E01027473,Northumberland 015D,Violence and sexual offences,Awaiting court outcome,
9a99b22aa11d039f330fcf3058316b29f3e6d6aea8f7ebc983fe8b7a47a6c82a,2024-10,Northumbria Police,Northumbria Police,-1.670054,55.108289,On or near Church Road,E01027473,Northumberland 015D,Violence and sexual offences,Status update unavailable,
3a0a4a92c42fc08e328e620597616ae4ec64c0474c6a23ac394ec04dbc2ed6ed,2024-10,Northumbria Police,Northumbria Police,-1.673481,55.128158,On or near Station Road End,E01027473,Northumberland 015D,Violence and sexual offences,Status update unavailable,
,2024-10,Northumbria Police,Northumbria Police,-1.714863,55.194695,On or near Parking Area,E01035629,Northumberland 015E,Anti-social behaviour,,
,2024-10,Northumbria Police,Northumbria Police,-1.714863,55.194695,On or near Parking Area,E01035629,Northumberland 015E,Anti-social behaviour,,
b9fdb99c8bd49971b4a8da0eb4e6aafe7076be21746c7b3536b4de635eb3d9ad,2024-10,Northumbria Police,Northumbria Police,-1.718816,55.137481,On or near Gubeon Wood,E01035629,Northumberland 015E,Burglary,Investigation complete; no suspect identified,
75a38acd92bbf174c514e7ad564b5f1642732c4b04210597cf79405725a37a36,2024-10,Northumbria Police,Northumbria Police,-1.710280,55.213698,On or near Parking Area,E01035629,Northumberland 015E,Burglary,Status update unavailable,
485dd2164898413f17fcbed72f40d04edd2bd2ea1bb54fda4fbf059261acbe6b,2024-10,Northumbria Police,Northumbria Police,-1.712377,55.184445,On or near Geranium Drive,E01035629,Northumberland 015E,Criminal damage and arson,Status update unavailable,
eb7afd51d196de607ef75bfa9a01af7c9f69f8dcb4d084129e6e1a0114c07382,2024-10,Northumbria Police,Northumbria Police,-1.712377,55.184445,On or near Geranium Drive,E01035629,Northumberland 015E,Public order,Status update unavailable,
80504b5f12c5fc1944f6a9f82d0fe46a750f48cf271727e723655c22b5f4c801,2024-10,Northumbria Police,Northumbria Police,-1.712377,55.184445,On or near Geranium Drive,E01035629,Northumberland 015E,Public order,Status update unavailable,
3f942511cc3dbb85cba2dcce00a522c541bd9ea10028a1098852e518be172376,2024-10,Northumbria Police,Northumbria Police,-1.714863,55.194695,On or near Parking Area,E01035629,Northumberland 015E,Public order,Status update unavailable,
7f27ee28ffc742e684b8c3830a5f4e924822cc359bfb490a1a9d44854cc7fd4a,2024-10,Northumbria Police,Northumbria Police,-1.712377,55.184445,On or near Geranium Drive,E01035629,Northumberland 015E,Violence and sexual offences,Investigation complete; no suspect identified,
8f29e562dccd6f3c99e9ab8d4071db14b99d410e23228c83c70575226fc49a97,2024-10,Northumbria Police,Northumbria Police,-1.712377,55.184445,On or near Geranium Drive,E01035629,Northumberland 015E,Violence and sexual offences,Status update unavailable,
6adcfdd82bf1de779485d79e6c36723eb1f7d7081ceffde44305dffe049d41bc,2024-10,Northumbria Police,Northumbria Police,-1.712377,55.184445,On or near Geranium Drive,E01035629,Northumberland 015E,Violence and sexual offences,Status update unavailable,
6d205e978f4389eb3d335f5e608c07beea35091eaf11d9e0b8178c3cc7d1bcea,2024-10,Northumbria Police,Northumbria Police,-1.712377,55.184445,On or near Geranium Drive,E01035629,Northumberland 015E,Violence and sexual offences,Status update unavailable,
d0267db66654782d1b343d08bd3aed5b58c68e4d51d05100d895da0504471cb2,2024-10,Northumbria Police,Northumbria Police,-1.712377,55.184445,On or near Geranium Drive,E01035629,Northumberland 015E,Violence and sexual offences,Status update unavailable,
f27fb2d7188adcc31d677f031e13542827ab27992b09a3335737dace802dfd47,2024-10,Northumbria Police,Northumbria Police,-1.712377,55.184445,On or near Geranium Drive,E01035629,Northumberland 015E,Violence and sexual offences,Investigation complete; no suspect identified,
69778a7901df5b468806c5d5e852d5964667dc4e789245e623d19336334dd41b,2024-10,Northumbria Police,Northumbria Police,-1.712377,55.184445,On or near Geranium Drive,E01035629,Northumberland 015E,Violence and sexual offences,Status update unavailable,
547931c32195a3e66e2582cdcd252a6a28eb44f60c629443b22eb9335d12056f,2024-10,Northumbria Police,Northumbria Police,-1.712377,55.184445,On or near Geranium Drive,E01035629,Northumberland 015E,Violence and sexual offences,Status update unavailable,
7ff6c7256c22616c1d223b23477129e77d13ff70d7da8633f7d00fd2821dffce,2024-10,Northumbria Police,Northumbria Police,-1.712377,55.184445,On or near Geranium Drive,E01035629,Northumberland 015E,Violence and sexual offences,Status update unavailable,
860ceb0e4ecef88a5f284b6dc12e7c7f75fa01319acdd1ecf461d87896069ed0,2024-10,Northumbria Police,Northumbria Police,-1.718816,55.137481,On or near Gubeon Wood,E01035629,Northumberland 015E,Violence and sexual offences,Status update unavailable,
b4128367a40dbdd092f9437f527ce139905cafb7728523f4069812e7ace578cb,2024-10,Northumbria Police,Northumbria Police,-1.674952,55.157501,On or near Choppington Road,E01035630,Northumberland 015F,Burglary,Investigation complete; no suspect identified,
49c738580191f3ae66c6771632524b3ef39077affb09bc1f7c390f82e6a2c3d0,2024-10,Northumbria Police,Northumbria Police,-1.674952,55.157501,On or near Choppington Road,E01035630,Northumberland 015F,Vehicle crime,Investigation complete; no suspect identified,
4ec3debb6f2a64dc3c0fcd6c929fcd745496d82049babfa5a1ab745ee3e2e28b,2024-10,Northumbria Police,Northumbria Police,-1.671445,55.156557,On or near Willowburn,E01035630,Northumberland 015F,Violence and sexual offences,Status update unavailable,
,2024-10,Northumbria Police,Northumbria Police,-1.683114,55.163282,On or near Ash Banks,E01027452,Northumberland 016A,Anti-social behaviour,,
e6a7981df29ac4695ff1961ebf846afaf2da52abdff99a3c8e852c550a87c75f,2024-10,Northumbria Police,Northumbria Police,-1.686048,55.169445,On or near Dark Lane,E01027452,Northumberland 016A,Criminal damage and arson,Status update unavailable,
2fd58f994712e0285679e5b22294efb63d0582f2634228bbd43952d543fd5a34,2024-10,Northumbria Police,Northumbria Police,-1.681954,55.161105,On or near Stobhill Villas,E01027452,Northumberland 016A,Criminal damage and arson,Investigation complete; no suspect identified,
73078eb64ddfb2b4fe35bc3a357a0fd5d1dc7559fa969bcdd15d07e83062886b,2024-10,Northumbria Police,Northumbria Police,-1.685339,55.167763,On or near Damside,E01027452,Northumberland 016A,Criminal damage and arson,Investigation complete; no suspect identified,
407b23d0de30670dab1e7b077c50a7ab59d9c3b609f1a88d496c17367cb77527,2024-10,Northumbria Police,Northumbria Police,-1.684422,55.168659,On or near Staithes Lane,E01027452,Northumberland 016A,Other theft,Investigation complete; no suspect identified,
81696844c24098310de8953635cf4dbc72ff3f31f14452d1095231f7b3cc9705,2024-10,Northumbria Police,Northumbria Police,-1.681135,55.167393,On or near Bennett'S Walk,E01027452,Northumberland 016A,Other theft,Investigation complete; no suspect identified,
3fc3c94b8f8018add55bd24e386f60e45f1abe2bcb16515ff14236cbb9748127,2024-10,Northumbria Police,Northumbria Police,-1.686048,55.169445,On or near Dark Lane,E01027452,Northumberland 016A,Public order,Status update unavailable,
169be199438a6eb49d29c4105899c66525eda8927fa90204ed11e0c41456f52f,2024-10,Northumbria Police,Northumbria Police,-1.683642,55.168037,On or near Wellwood Gardens,E01027452,Northumberland 016A,Public order,Status update unavailable,
d9a11fad90548c8abd1ee397be9309de0c83d5a2e8591dde5f088fb66412663f,2024-10,Northumbria Police,Northumbria Police,-1.686048,55.169445,On or near Dark Lane,E01027452,Northumberland 016A,Shoplifting,Investigation complete; no suspect identified,
7a09b85edf5b425be4d2d42e88cdf6e33b83033a8a4002d80a7bb9899077bd7c,2024-10,Northumbria Police,Northumbria Police,-1.686048,55.169445,On or near Dark Lane,E01027452,Northumberland 016A,Shoplifting,Investigation complete; no suspect identified,
2b9191dd1123b5613f3dbfba3c090bff2248696d83bec911842047af1617d772,2024-10,Northumbria Police,Northumbria Police,-1.686048,55.169445,On or near Dark Lane,E01027452,Northumberland 016A,Shoplifting,Investigation complete; no suspect identified,
b5c6a1e6c38c75440a436099c589d0de12bc21aace107f05c94a5027696bba73,2024-10,Northumbria Police,Northumbria Police,-1.684422,55.168659,On or near Staithes Lane,E01027452,Northumberland 016A,Violence and sexual offences,Status update unavailable,
adb7704764f7df26b96df12259093eda094d6364d2f6ed3409767cdd433ce33a,2024-10,Northumbria Police,Northumbria Police,-1.681135,55.167393,On or near Bennett'S Walk,E01027452,Northumberland 016A,Violence and sexual offences,Investigation complete; no suspect identified,
7e0595c10ef72b2ddbeeb6069676102dad60c5a3fee8dcbfadcbd7c24ae36104,2024-10,Northumbria Police,Northumbria Police,-1.686048,55.169445,On or near Dark Lane,E01027452,Northumberland 016A,Violence and sexual offences,Status update unavailable,
,2024-10,Northumbria Police,Northumbria Police,-1.690121,55.168620,On or near Lumsden'S Lane,E01027453,Northumberland 016B,Anti-social behaviour,,
,2024-10,Northumbria Police,Northumbria Police,-1.690121,55.168620,On or near Lumsden'S Lane,E01027453,Northumberland 016B,Anti-social behaviour,,
,2024-10,Northumbria Police,Northumbria Police,-1.691780,55.167160,On or near Parking Area,E01027453,Northumberland 016B,Anti-social behaviour,,
,2024-10,Northumbria Police,Northumbria Police,-1.691780,55.167160,On or near Parking Area,E01027453,Northumberland 016B,Anti-social behaviour,,
a6d651202d1af24acd44c3d148c9226282d95df849cfec06630e6b035f1fee0b,2024-10,Northumbria Police,Northumbria Police,-1.691780,55.167160,On or near Parking Area,E01027453,Northumberland 016B,Burglary,Investigation complete; no suspect identified,
5ec486e9699e9212e54a7269847dc9286802d408cbb48148509f1e9fd9ffe727,2024-10,Northumbria Police,Northumbria Police,-1.687403,55.166834,On or near Chantry Place,E01027453,Northumberland 016B,Burglary,Court result unavailable,
d3d1a0c2952dbea84e352bf685b6bb77f1f8168b03b6e193f5082b3017c2a13c,2024-10,Northumbria Police,Northumbria Police,-1.687403,55.166834,On or near Chantry Place,E01027453,Northumberland 016B,Burglary,Status update unavailable,
8f8d1d9eb6ac12418d6bad2c1c8b1418a79c4809917ab95aa0f2af258891cb44,2024-10,Northumbria Police,Northumbria Police,-1.687607,55.168856,On or near Parking Area,E01027453,Northumberland 016B,Criminal damage and arson,Investigation complete; no suspect identified,
11e1337b13bc89ade4d36e0eac638fe9d67896c4e5cca0f0b1c8b5f4ec5784b9,2024-10,Northumbria Police,Northumbria Police,-1.691580,55.170655,On or near Northumberland Gardens,E01027453,Northumberland 016B,Criminal damage and arson,Status update unavailable,
fe910d86902632836e2c8b7459b5287d868bc2a8e59ccd246a8ef78bc32bb0f9,2024-10,Northumbria Police,Northumbria Police,-1.682875,55.165771,On or near Alexandra Road,E01027453,Northumberland 016B,Drugs,Status update unavailable,
6ca6f1a7ba0cbe4d09916f2645101bce8bbaa476d98c779672aabebbbc313555,2024-10,Northumbria Police,Northumbria Police,-1.694949,55.169531,On or near Abbey View,E01027453,Northumberland 016B,Drugs,Court result unavailable,
2e9a183915a040f94a2bc1bb6af353aea57b5787ea06fc7261182db0fda14100,2024-10,Northumbria Police,Northumbria Police,-1.691780,55.167160,On or near Parking Area,E01027453,Northumberland 016B,Public order,Status update unavailable,
a52548a97665c39d9327380801fd6321a5297d6c4e65f2f9d5271093b40746e0,2024-10,Northumbria Police,Northumbria Police,-1.691780,55.167160,On or near Parking Area,E01027453,Northumberland 016B,Public order,Status update unavailable,
9e8a03ee22d4eac8215207c939f1852afc9d0d33170869068f1b7b680a772e8f,2024-10,Northumbria Police,Northumbria Police,-1.694190,55.168145,On or near Abbey Terrace,E01027453,Northumberland 016B,Public order,Status update unavailable,
8fdc2062f7e65e93ff64dd71f8f89d94ade1ab3f58f3d26f3025d4c2f78c62bc,2024-10,Northumbria Police,Northumbria Police,-1.686174,55.165447,On or near Castle Square,E01027453,Northumberland 016B,Public order,Investigation complete; no suspect identified,
7ece0a551e9807020f6e64a38478ad64ea2a07e9fe9c152c361d6fbbdbb8912f,2024-10,Northumbria Police,Northumbria Police,-1.690121,55.168620,On or near Lumsden'S Lane,E01027453,Northumberland 016B,Public order,Investigation complete; no suspect identified,
4744133a961050e504b7f7d2bd5efac82a30e1e03c9c3d616573039d21bd70cf,2024-10,Northumbria Police,Northumbria Police,-1.691780,55.167160,On or near Parking Area,E01027453,Northumberland 016B,Public order,Status update unavailable,
d5d6a51d3099adc6f1db9c82dd5738d9914a38a5230d20aab535fc017a1765f2,2024-10,Northumbria Police,Northumbria Police,-1.691780,55.167160,On or near Parking Area,E01027453,Northumberland 016B,Public order,Status update unavailable,
1407a06104f159a16cf42a41b82ca4c30d2ad7269dedb82b44b65bdae5012607,2024-10,Northumbria Police,Northumbria Police,-1.692714,55.166209,On or near Mathesons Gardens,E01027453,Northumberland 016B,Public order,Investigation complete; no suspect identified,
1d5cdb4e3c902b499dc9aa52c98b132936c9954c77d9721900cdd9f3e9fa06b2,2024-10,Northumbria Police,Northumbria Police,-1.691780,55.167160,On or near Parking Area,E01027453,Northumberland 016B,Public order,Status update unavailable,
24fd688b630409664b3605db2b77afbb9565cca922b0e63bfc9786720df0eb7b,2024-10,Northumbria Police,Northumbria Police,-1.687424,55.168137,On or near Parking Area,E01027453,Northumberland 016B,Shoplifting,Investigation complete; no suspect identified,
9acf10b5bf6cdfe10f69154246fde03826ca3d9d40a3a6691eeb8025b952f4e7,2024-10,Northumbria Police,Northumbria Police,-1.687403,55.166834,On or near Chantry Place,E01027453,Northumberland 016B,Shoplifting,Investigation complete; no suspect identified,
36a3eddba5a01b590e79bf236483266dfcdd1850d345bb27bc23346bb6abba9b,2024-10,Northumbria Police,Northumbria Police,-1.687403,55.166834,On or near Chantry Place,E01027453,Northumberland 016B,Shoplifting,Investigation complete; no suspect identified,
cb761cc89c62b3c56278a88bfa364077a701730a24c72f26020c0be94adba833,2024-10,Northumbria Police,Northumbria Police,-1.687424,55.168137,On or near Parking Area,E01027453,Northumberland 016B,Shoplifting,Status update unavailable,
0445dfe0e9fc943fe652944d9658332477765379069bc133be82977d107d0389,2024-10,Northumbria Police,Northumbria Police,-1.687403,55.166834,On or near Chantry Place,E01027453,Northumberland 016B,Shoplifting,Investigation complete; no suspect identified,
58adb2c741d7d7f15de72807643d88de9363231b07330c768a9e1535370acd08,2024-10,Northumbria Police,Northumbria Police,-1.687424,55.168137,On or near Parking Area,E01027453,Northumberland 016B,Shoplifting,Court result unavailable,
74fe9110b814831dfa9b33c678a140d92906f8c6d4bef3911612d9b8e35d9cbe,2024-10,Northumbria Police,Northumbria Police,-1.689305,55.166560,On or near Whalebone Lane,E01027453,Northumberland 016B,Shoplifting,Investigation complete; no suspect identified,
741205aa66666310135833ef6d7a1bd3e6bd4a9bb794b99b412b6cccd0dfdcd7,2024-10,Northumbria Police,Northumbria Police,-1.687403,55.166834,On or near Chantry Place,E01027453,Northumberland 016B,Shoplifting,Investigation complete; no suspect identified,
e66c56770d2fd3bef49a1df7f358a8ab8505f5a04d4897dd348075f448d8c0f8,2024-10,Northumbria Police,Northumbria Police,-1.687403,55.166834,On or near Chantry Place,E01027453,Northumberland 016B,Shoplifting,Court result unavailable,
cb5cbdd7f0ee50260a37ca273241e5269e52e7f13c47e1f637e2ee636e96a83a,2024-10,Northumbria Police,Northumbria Police,-1.689305,55.166560,On or near Whalebone Lane,E01027453,Northumberland 016B,Shoplifting,Status update unavailable,
f4206e97e1c0b809d4950b80f8ccebd25a2b9ccf0c97b85a9ceb61712b1c0d51,2024-10,Northumbria Police,Northumbria Police,-1.687347,55.167939,On or near Supermarket,E01027453,Northumberland 016B,Shoplifting,Investigation complete; no suspect identified,
e84cb08a0824f46223f06bdfc5a4e9d4268db50e6cda801862eea8f33dbd58c9,2024-10,Northumbria Police,Northumbria Police,-1.690121,55.168620,On or near Lumsden'S Lane,E01027453,Northumberland 016B,Theft from the person,Court result unavailable,
5b55e1dd106f3b2010dd513cc182be7fe683d0ce36b605661b739729d2d0f5eb,2024-10,Northumbria Police,Northumbria Police,-1.691780,55.167160,On or near Parking Area,E01027453,Northumberland 016B,Theft from the person,Investigation complete; no suspect identified,
fcc057fe60a934fe732225c116ce7c7ac48bebb7d2c82ee06f988286dc6e1112,2024-10,Northumbria Police,Northumbria Police,-1.693083,55.171233,On or near Dawson Place,E01027453,Northumberland 016B,Violence and sexual offences,Status update unavailable,
e1cf235d6a0a0c97f9b5e7163dd546829ae4eb16e3df8462da5fd2979194b346,2024-10,Northumbria Police,Northumbria Police,-1.691580,55.170655,On or near Northumberland Gardens,E01027453,Northumberland 016B,Violence and sexual offences,Status update unavailable,
41c96c70d8feb354b5945b0f62859c608c7eea491c1edb34c107f3a2655e8904,2024-10,Northumbria Police,Northumbria Police,-1.691580,55.170655,On or near Northumberland Gardens,E01027453,Northumberland 016B,Violence and sexual offences,Status update unavailable,
68e0b35c24a2c8149dccfc23df94d7bffa859beb5900e127bfda9e2c1064a32f,2024-10,Northumbria Police,Northumbria Police,-1.691780,55.167160,On or near Parking Area,E01027453,Northumberland 016B,Violence and sexual offences,Investigation complete; no suspect identified,
1bb763fcba2476482298858d7fb6782b92f1f72e27ec7be255e4a966a2fd7019,2024-10,Northumbria Police,Northumbria Police,-1.691661,55.166377,On or near Pretoria Avenue,E01027453,Northumberland 016B,Violence and sexual offences,Status update unavailable,
2489f9819b403b07c73c5f18d0ff2862de2618d16005545472f88d25edf898be,2024-10,Northumbria Police,Northumbria Police,-1.690121,55.168620,On or near Lumsden'S Lane,E01027453,Northumberland 016B,Violence and sexual offences,Investigation complete; no suspect identified,
70d4d0fd7160c351cd171c1d4fa0282082b67d2f925339acfc9abe6b026a973b,2024-10,Northumbria Police,Northumbria Police,-1.691780,55.167160,On or near Parking Area,E01027453,Northumberland 016B,Violence and sexual offences,Investigation complete; no suspect identified,
9a7a8f33a0f8f87ef9b8167abbb4873761dd29b4bf7768575150f2d6c4e99ed8,2024-10,Northumbria Police,Northumbria Police,-1.691780,55.167160,On or near Parking Area,E01027453,Northumberland 016B,Violence and sexual offences,Status update unavailable,
3c3da79d2df3e987bf8e8ab25420403d305c205ad2c8e0c2916d7fda620053f2,2024-10,Northumbria Police,Northumbria Police,-1.686174,55.165447,On or near Castle Square,E01027453,Northumberland 016B,Violence and sexual offences,Investigation complete; no suspect identified,
ed53e5f86f8f6b2c099ddb30790146e7618136dbb24febe4d7144a307da7bc2d,2024-10,Northumbria Police,Northumbria Police,-1.691433,55.169378,On or near Newgate Street,E01027453,Northumberland 016B,Violence and sexual offences,Status update unavailable,
dec20344f82b9ab3dccf3aec4c195354b2107f101eed5b142e7cff74776e5d9d,2024-10,Northumbria Police,Northumbria Police,-1.691780,55.167160,On or near Parking Area,E01027453,Northumberland 016B,Violence and sexual offences,Status update unavailable,
b91654723ee27c294e329c6b042149c7d6d31b8eb89a7bfc65b9e8d3fcd30599,2024-10,Northumbria Police,Northumbria Police,-1.691780,55.167160,On or near Parking Area,E01027453,Northumberland 016B,Violence and sexual offences,Status update unavailable,
32641948666d4a87b6d2307bd25c36bdaef55fdb394e189f010369e88a9b2d52,2024-10,Northumbria Police,Northumbria Police,-1.687424,55.168137,On or near Parking Area,E01027453,Northumberland 016B,Other crime,Investigation complete; no suspect identified,
98f539a8430f1912d78ff609b916416a5e395c87d7de29b76ae520147666235b,2024-10,Northumbria Police,Northumbria Police,-1.675143,55.159092,On or near Ninth Avenue,E01027461,Northumberland 016E,Criminal damage and arson,Status update unavailable,
6cb79a7fd9d68eacad5de58c5d0e21f343f09c4ce05f8d9f20c7068f76704194,2024-10,Northumbria Police,Northumbria Police,-1.674975,55.160556,On or near Eleventh Avenue,E01027461,Northumberland 016E,Criminal damage and arson,Status update unavailable,
f59f4f511e19d3e315d6230e6fb30894f91d4f72c1531de94f9d3a4ad41735b5,2024-10,Northumbria Police,Northumbria Police,-1.677404,55.160967,On or near Fifth Avenue,E01027461,Northumberland 016E,Criminal damage and arson,Investigation complete; no suspect identified,
004e0b6ca2f29d926935ebbe59aec6b2a0c1fb689b7f49493d832dc23047484f,2024-10,Northumbria Police,Northumbria Police,-1.676550,55.161764,On or near Sixth Avenue,E01027461,Northumberland 016E,Public order,Status update unavailable,
fba7e14ea28bf7a37500fa72a2981593bdd5c27ac310caf123bc5bb050c54c6c,2024-10,Northumbria Police,Northumbria Police,-1.676550,55.161764,On or near Sixth Avenue,E01027461,Northumberland 016E,Public order,Investigation complete; no suspect identified,
92cb2334b8ca702991d415e1fbe7fd0d4c9b344c9182731fdb2cdfcfe50d6d3c,2024-10,Northumbria Police,Northumbria Police,-1.673976,55.157903,On or near Tenth Avenue,E01027461,Northumberland 016E,Violence and sexual offences,Status update unavailable,
388a92d8b8262e6da99e9ac88572384e5fc64a8ee532be6ecbd1b72bcf53acc3,2024-10,Northumbria Police,Northumbria Police,-1.677404,55.160967,On or near Fifth Avenue,E01027461,Northumberland 016E,Violence and sexual offences,Status update unavailable,
b955818db3891ef582ee4a36629d565016dcd224f2ecdbffd7bf17fe9d4b361f,2024-10,Northumbria Police,Northumbria Police,-1.698110,55.162566,On or near Castle Meadows,E01033718,Northumberland 016F,Burglary,Investigation complete; no suspect identified,
7cd13114f802e4176dbf4a8d0a19ee85ec175ce6c46d250ce2a28bc3924471e6,2024-10,Northumbria Police,Northumbria Police,-1.697547,55.162250,On or near Queen'S Gardens,E01033718,Northumberland 016F,Criminal damage and arson,Investigation complete; no suspect identified,
1458ce197c9d67339b0c8a5c66b94d45e141aa5e8df900da0af8616e0f78d0fc,2024-10,Northumbria Police,Northumbria Police,-1.697547,55.162250,On or near Queen'S Gardens,E01033718,Northumberland 016F,Criminal damage and arson,Status update unavailable,
78ca06cdf81f0c2eb91c688251f05c61acc20379c01a3cbe3db76da9aad6592b,2024-10,Northumbria Police,Northumbria Police,-1.697547,55.162250,On or near Queen'S Gardens,E01033718,Northumberland 016F,Other theft,Investigation complete; no suspect identified,
b8f3e887f5d8e6a88c9b04b665f462077017b9b529552177a51d372d94c64f12,2024-10,Northumbria Police,Northumbria Police,-1.695420,55.163323,On or near Rutherford Place,E01033718,Northumberland 016F,Violence and sexual offences,Investigation complete; no suspect identified,
542445c163e567cf57eaf98916400990a71b096120372071521a4d4a242fcf62,2024-10,Northumbria Police,Northumbria Police,-1.692696,55.162309,On or near Bluebell Rise,E01033718,Northumberland 016F,Violence and sexual offences,Investigation complete; no suspect identified,
4ad94a6e40411335fb484f1fc9c7066f443540d5371b90af317ca43a7af2a099,2024-10,Northumbria Police,Northumbria Police,-1.691749,55.161058,On or near St Mary'S Field,E01033718,Northumberland 016F,Violence and sexual offences,Status update unavailable,
c3ee7534add0a531c7b0dfea4d0d222a55b5480b8d492281c1d7572689fd4c41,2024-10,Northumbria Police,Northumbria Police,-1.690246,55.162591,On or near Duncan Gardens,E01033718,Northumberland 016F,Violence and sexual offences,Status update unavailable,
0711e7e9d740552d81a7d94a88572c8e2a27f5004ed012bda9ee7381357d03b0,2024-10,Northumbria Police,Northumbria Police,-1.699671,55.165732,On or near Ogle Avenue,E01033718,Northumberland 016F,Other crime,Status update unavailable,
,2024-10,Northumbria Police,Northumbria Police,-1.603431,55.159509,On or near Front Street,E01027530,Northumberland 017A,Anti-social behaviour,,
,2024-10,Northumbria Police,Northumbria Police,-1.611096,55.160495,On or near Riverside Avenue,E01027530,Northumberland 017A,Anti-social behaviour,,
,2024-10,Northumbria Police,Northumbria Police,-1.608045,55.159515,On or near South View,E01027530,Northumberland 017A,Anti-social behaviour,,
,2024-10,Northumbria Police,Northumbria Police,-1.605024,55.158687,On or near Morpeth Close,E01027530,Northumberland 017A,Anti-social behaviour,,
,2024-10,Northumbria Police,Northumbria Police,-1.608045,55.159515,On or near South View,E01027530,Northumberland 017A,Anti-social behaviour,,
,2024-10,Northumbria Police,Northumbria Police,-1.607393,55.160420,On or near Central Avenue,E01027530,Northumberland 017A,Anti-social behaviour,,
a4d395a9c1b3c40c8d5c585a3a4eab7cb17c33bb23552a14027dcb40b7b95f03,2024-10,Northumbria Police,Northumbria Police,-1.602265,55.163171,On or near Sheepwash Bank,E01027530,Northumberland 017A,Criminal damage and arson,Offender given a caution,
fa1f8252806b183ceaa90f4ff188fec4d9c07a94ea2f83bd7751df5d554f651e,2024-10,Northumbria Police,Northumbria Police,-1.602265,55.163171,On or near Sheepwash Bank,E01027530,Northumberland 017A,Public order,Investigation complete; no suspect identified,
f0a44c82fa35ec418678cf485774c9a08a4c30763c6d5e8e410d974bf248dfcf,2024-10,Northumbria Police,Northumbria Police,-1.605024,55.158687,On or near Morpeth Close,E01027530,Northumberland 017A,Shoplifting,Investigation complete; no suspect identified,
08390c6c542d96b824a92a13a8451bc74afea3ed3cc75782f0a220f897dcf6fa,2024-10,Northumbria Police,Northumbria Police,-1.605024,55.158687,On or near Morpeth Close,E01027530,Northumberland 017A,Shoplifting,Status update unavailable,
1d98b6f4f49a089674493bb494f869f1617375163992f853e751cf65827eaa10,2024-10,Northumbria Police,Northumbria Police,-1.611096,55.160495,On or near Riverside Avenue,E01027530,Northumberland 017A,Vehicle crime,Investigation complete; no suspect identified,
fb6367ca351b48617b51c90aa3a011d455731778d871496152c0753933394464,2024-10,Northumbria Police,Northumbria Police,-1.604836,55.160286,On or near Sheepwash Avenue,E01027530,Northumberland 017A,Violence and sexual offences,Status update unavailable,
23aeb82ccec9921b7bd7e5c763847f9793d49149d4d4e326ee73cf312ed9743b,2024-10,Northumbria Police,Northumbria Police,-1.604836,55.160286,On or near Sheepwash Avenue,E01027530,Northumberland 017A,Violence and sexual offences,Status update unavailable,
97ee96b52a182e20edacf05b0d79ab181f93636ccee7752a7e171776a9112709,2024-10,Northumbria Police,Northumbria Police,-1.607393,55.160420,On or near Central Avenue,E01027530,Northumberland 017A,Violence and sexual offences,Status update unavailable,
2c8e015de98b85ae872e998bc3333687631dc5e3e05b6b86f4b5d59c292554ea,2024-10,Northumbria Police,Northumbria Police,-1.607393,55.160420,On or near Central Avenue,E01027530,Northumberland 017A,Violence and sexual offences,Status update unavailable,
dafb910f992029d8dd1b14d547459fa9e4c258cf3c93478414f417b6f3fd4d40,2024-10,Northumbria Police,Northumbria Police,-1.602265,55.163171,On or near Sheepwash Bank,E01027530,Northumberland 017A,Violence and sexual offences,Status update unavailable,
,2024-10,Northumbria Police,Northumbria Police,-1.603620,55.151539,On or near Briar Close,E01027531,Northumberland 017B,Anti-social behaviour,,
,2024-10,Northumbria Police,Northumbria Police,-1.625248,55.161097,On or near A196,E01027531,Northumberland 017B,Anti-social behaviour,,
,2024-10,Northumbria Police,Northumbria Police,-1.598219,55.152606,On or near Sports/Recreation Area,E01027531,Northumberland 017B,Anti-social behaviour,,
1d0e1d15b20830dca9d1b5a858fc0ebfd08b505eec9aaa096b9c822d85b12539,2024-10,Northumbria Police,Northumbria Police,-1.596504,55.152252,On or near Eastgreen,E01027531,Northumberland 017B,Criminal damage and arson,Offender given a caution,
94e32b032d94d74f25b4a6fa98b6e6bca807531960fb17300000460a4802a085,2024-10,Northumbria Police,Northumbria Police,-1.601259,55.150696,On or near Kings Park,E01027531,Northumberland 017B,Criminal damage and arson,Investigation complete; no suspect identified,
56acf0dc6f777640deecc1ede702c7a5575252a7e6ecf25805e32cc39fc6ed01,2024-10,Northumbria Police,Northumbria Police,-1.594635,55.160226,On or near Coleridge Drive,E01027531,Northumberland 017B,Drugs,Investigation complete; no suspect identified,
b90cad3abf42d8a3ccdf6b121c14bfcfa3b7aa6ab3ea4be66bd2ef84591913d9,2024-10,Northumbria Police,Northumbria Police,-1.601259,55.150696,On or near Kings Park,E01027531,Northumberland 017B,Violence and sexual offences,Investigation complete; no suspect identified,
b764f7b8e806bfa4d2bafb9bcd8c519f2cf5c5d732b196972cf664d8a6251231,2024-10,Northumbria Police,Northumbria Police,-1.601259,55.150696,On or near Kings Park,E01027531,Northumberland 017B,Violence and sexual offences,Status update unavailable,
590ab2a575ebd993521deb66b6581ac1f36a937d06c2c0a5d0cf82795d416ab2,2024-10,Northumbria Police,Northumbria Police,-1.601259,55.150696,On or near Kings Park,E01027531,Northumberland 017B,Violence and sexual offences,Investigation complete; no suspect identified,
3e5489555016823d0fe95028a3fd2653b7c0c3d05e2eeac516a814ee5572f16c,2024-10,Northumbria Police,Northumbria Police,-1.601259,55.150696,On or near Kings Park,E01027531,Northumberland 017B,Violence and sexual offences,Status update unavailable,
,2024-10,Northumbria Police,Northumbria Police,-1.595822,55.163860,On or near Meldon Gardens,E01027534,Northumberland 017C,Anti-social behaviour,,
,2024-10,Northumbria Police,Northumbria Police,-1.600745,55.159752,On or near Broadway,E01027534,Northumberland 017C,Anti-social behaviour,,
,2024-10,Northumbria Police,Northumbria Police,-1.601681,55.158775,On or near High Street,E01027534,Northumberland 017C,Anti-social behaviour,,
6d9c01bb6c363c07dc0a60bb1cffd7a63be3d4dce89d68166d1dc413d46f89fc,2024-10,Northumbria Police,Northumbria Police,-1.595822,55.163860,On or near Meldon Gardens,E01027534,Northumberland 017C,Burglary,Status update unavailable,
16745eb142c66d8bd19352b2bf7413280cf4a01dc5748c12d8400b9aa69e527e,2024-10,Northumbria Police,Northumbria Police,-1.586304,55.162930,On or near Petrol Station,E01027534,Northumberland 017C,Other theft,Status update unavailable,
aae43d3f0a9ba57fcb6d65b05481622d8eca05ffce180fff0040b7b3b40949d7,2024-10,Northumbria Police,Northumbria Police,-1.586304,55.162930,On or near Petrol Station,E01027534,Northumberland 017C,Other theft,Investigation complete; no suspect identified,
9d5d4c79fd4f9447f232551f360a357eb3aca476624e2a762ebc1f492864e00f,2024-10,Northumbria Police,Northumbria Police,-1.586304,55.162930,On or near Petrol Station,E01027534,Northumberland 017C,Public order,Investigation complete; no suspect identified,
e9cffde20ec80805cd59f7bfb8295226bca79654a6f6d05f6cf32eafd7b39768,2024-10,Northumbria Police,Northumbria Police,-1.600005,55.163164,On or near Parkway,E01027534,Northumberland 017C,Public order,Status update unavailable,
0d5ff1b794575b39c074b440f9b7629bffba03473ae645a8205765250a9ff1cd,2024-10,Northumbria Police,Northumbria Police,-1.586304,55.162930,On or near Petrol Station,E01027534,Northumberland 017C,Shoplifting,Investigation complete; no suspect identified,
68ba9b8cc8e8efe23b67528fc2b9ac99689ca796a29acef6ee9a8562d9ca7105,2024-10,Northumbria Police,Northumbria Police,-1.601681,55.158775,On or near High Street,E01027534,Northumberland 017C,Shoplifting,Status update unavailable,
77353521b2a020374bdc2df02e64501332f5c3234074feacabe88ebd63c79083,2024-10,Northumbria Police,Northumbria Police,-1.601681,55.158775,On or near High Street,E01027534,Northumberland 017C,Shoplifting,Court result unavailable,
e0e38a3f849f4cf4dd82a31b46685d234c8ea872540d47e5b494aa7e60784b15,2024-10,Northumbria Police,Northumbria Police,-1.601681,55.158775,On or near High Street,E01027534,Northumberland 017C,Shoplifting,Court result unavailable,
c6a652070f5deff69e0036dbc6ff4ea90e01f841b5435a1b50ad0716eb00a881,2024-10,Northumbria Police,Northumbria Police,-1.601681,55.158775,On or near High Street,E01027534,Northumberland 017C,Shoplifting,Status update unavailable,
5623ea3e19f10653185a0492cc6144f6f5da1b6983bfc65fd663ea5e2ae94318,2024-10,Northumbria Police,Northumbria Police,-1.586304,55.162930,On or near Petrol Station,E01027534,Northumberland 017C,Shoplifting,Investigation complete; no suspect identified,
3e3291fa224aa736e1b4bf0885ade6111c655cd1e9456f1731cbe24cd3ce6f52,2024-10,Northumbria Police,Northumbria Police,-1.600745,55.159752,On or near Broadway,E01027534,Northumberland 017C,Vehicle crime,Court result unavailable,
d41059969c29917f4e173bdf6eeec7214ab0c4d1d866f845d93147c90df8fa2b,2024-10,Northumbria Police,Northumbria Police,-1.602701,55.160378,On or near Byron Close,E01027534,Northumberland 017C,Vehicle crime,Investigation complete; no suspect identified,
73d806a231292cb06d9bbb0f72a4dcd665cd2cc10709581a3f9ef7af1ef051af,2024-10,Northumbria Police,Northumbria Police,-1.600005,55.163164,On or near Parkway,E01027534,Northumberland 017C,Vehicle crime,Investigation complete; no suspect identified,
7c29bb42da877b76cc6829272e605fa0da5e1c8c7d51a6c0a7778167afd2285f,2024-10,Northumbria Police,Northumbria Police,-1.586304,55.162930,On or near Petrol Station,E01027534,Northumberland 017C,Violence and sexual offences,Investigation complete; no suspect identified,
1fa2d2282aed6053bb63129096bedec07a351dc21c451dd829d84332c28d36da,2024-10,Northumbria Police,Northumbria Police,-1.595565,55.161397,On or near Stakeford Lane,E01027534,Northumberland 017C,Violence and sexual offences,Status update unavailable,
5e93ecc45913a3b23f57feffefd3eed69733686da7f0abfd4481e915c36b92e6,2024-10,Northumbria Police,Northumbria Police,-1.593907,55.163899,On or near Woodhorn Drive,E01027534,Northumberland 017C,Violence and sexual offences,Investigation complete; no suspect identified,
1249e771ee22b9a73336f019f77a81d61184560415b5830b5a0bea6425ec8ef6,2024-10,Northumbria Police,Northumbria Police,-1.590039,55.161451,On or near Cambridge Road,E01027534,Northumberland 017C,Other crime,Status update unavailable,
,2024-10,Northumbria Police,Northumbria Police,-1.587729,55.164777,On or near Fairway,E01027535,Northumberland 017D,Anti-social behaviour,,
,2024-10,Northumbria Police,Northumbria Police,-1.588494,55.168284,On or near Kielder Gardens,E01027535,Northumberland 017D,Anti-social behaviour,,
1a53fff9df690e71b7a1e6fdb290272de269b4748c127ea01b0006c8b4ca516a,2024-10,Northumbria Police,Northumbria Police,-1.595642,55.166151,On or near Mitford Gardens,E01027535,Northumberland 017D,Criminal damage and arson,Investigation complete; no suspect identified,
efff3f2ce3ae0c863d6557c5fe209334bc110bb1ee7e8dedd7ecea94e2dee608,2024-10,Northumbria Police,Northumbria Police,-1.587445,55.167957,On or near Westbourne Avenue,E01027535,Northumberland 017D,Other theft,Investigation complete; no suspect identified,
be3698229bcc876193585904619eef0151604463d9d19db7829e6bb9882f9b0c,2024-10,Northumbria Police,Northumbria Police,-1.587729,55.164777,On or near Fairway,E01027535,Northumberland 017D,Violence and sexual offences,Status update unavailable,
cf7966cef2a599ef01b792329461c192ca9cb0da4150bc794274a59dd3e5d8a0,2024-10,Northumbria Police,Northumbria Police,-1.587729,55.164777,On or near Fairway,E01027535,Northumberland 017D,Violence and sexual offences,Status update unavailable,
,2024-10,Northumbria Police,Northumbria Police,-1.575281,55.163386,On or near Dereham Terrace,E01027553,Northumberland 017E,Anti-social behaviour,,
,2024-10,Northumbria Police,Northumbria Police,-1.576765,55.166959,On or near West Ford Road,E01027553,Northumberland 017E,Anti-social behaviour,,
,2024-10,Northumbria Police,Northumbria Police,-1.576197,55.164279,On or near East Ford Road,E01027553,Northumberland 017E,Anti-social behaviour,,
,2024-10,Northumbria Police,Northumbria Police,-1.576765,55.166959,On or near West Ford Road,E01027553,Northumberland 017E,Anti-social behaviour,,
,2024-10,Northumbria Police,Northumbria Police,-1.576765,55.166959,On or near West Ford Road,E01027553,Northumberland 017E,Anti-social behaviour,,
,2024-10,Northumbria Police,Northumbria Police,-1.576197,55.164279,On or near East Ford Road,E01027553,Northumberland 017E,Anti-social behaviour,,
,2024-10,Northumbria Police,Northumbria Police,-1.578207,55.165732,On or near West Ford Road,E01027553,Northumberland 017E,Anti-social behaviour,,
ee6dbf25761e58508fbb1d747c7460d1cf26fb586b2bff4cc2dcbf27058a0bc1,2024-10,Northumbria Police,Northumbria Police,-1.577990,55.163970,On or near Half Moon Street,E01027553,Northumberland 017E,Criminal damage and arson,Investigation complete; no suspect identified,
d38db0bc932c0033f23629fb0d6b4641d797431d20d4d5b35cb5d02bfe399b40,2024-10,Northumbria Police,Northumbria Police,-1.576197,55.164279,On or near East Ford Road,E01027553,Northumberland 017E,Public order,Status update unavailable,
df0e0494237cd47a60dc6539dfe2e67494c95f075574d44e69974428d6e1e8bf,2024-10,Northumbria Police,Northumbria Police,-1.577990,55.163970,On or near Half Moon Street,E01027553,Northumberland 017E,Violence and sexual offences,Investigation complete; no suspect identified,
486728e3d915a4338a1018210cf08ccdd45aec079b450305d1a42ff5187e3477,2024-10,Northumbria Police,Northumbria Police,-1.576932,55.160103,On or near Parking Area,E01027553,Northumberland 017E,Violence and sexual offences,Investigation complete; no suspect identified,
c68cb6ba2b94231e2414c3084c9b28122c68e547535f3b71a9b9a1014b9efeb4,2024-10,Northumbria Police,Northumbria Police,-1.576031,55.157781,On or near Fairview,E01027553,Northumberland 017E,Violence and sexual offences,Status update unavailable,
fbc87dbfdacf85f85ac19c2069d8263fd0a6fe5cf2707a5f49c9788d1ec8392a,2024-10,Northumbria Police,Northumbria Police,-1.573678,55.163542,On or near River Bank,E01027553,Northumberland 017E,Other crime,Status update unavailable,
,2024-10,Northumbria Police,Northumbria Police,-1.581454,55.164459,On or near Leander Court,E01027554,Northumberland 017F,Anti-social behaviour,,
,2024-10,Northumbria Police,Northumbria Police,-1.587049,55.166778,On or near Clifton Close,E01027554,Northumberland 017F,Anti-social behaviour,,
dfbdb14a0cabd592214153360d006cce216213c4f2bc79f8be0a577d17d27299,2024-10,Northumbria Police,Northumbria Police,-1.587102,55.164721,On or near Thornhill Gardens,E01027554,Northumberland 017F,Burglary,Investigation complete; no suspect identified,
20cf1010784b937ee3f7852af54c137bc7da8678b21ca5277e1eaabcd1f8fa23,2024-10,Northumbria Police,Northumbria Police,-1.587049,55.166778,On or near Clifton Close,E01027554,Northumberland 017F,Possession of weapons,Status update unavailable,
11cb6be013b7038c7b3b94f482aa91c4cdcc508ca95c4453e9266f2e1a758712,2024-10,Northumbria Police,Northumbria Police,-1.587102,55.164721,On or near Thornhill Gardens,E01027554,Northumberland 017F,Violence and sexual offences,Court result unavailable,
dce9895f80a7c7b1b8e9b49769705f18721ea8947765aa09e73860793ac69ef1,2024-10,Northumbria Police,Northumbria Police,-1.581454,55.164459,On or near Leander Court,E01027554,Northumberland 017F,Violence and sexual offences,Status update unavailable,
a95aaf341b8550651368c201b98de9da118706a388ee01b552444d512fc9db2f,2024-10,Northumbria Police,Northumbria Police,-1.584969,55.163042,On or near Stakeford Lane,E01027554,Northumberland 017F,Violence and sexual offences,Status update unavailable,
21a51d7aaed84dc65547a2b6d8b421aae75a20c2dd4353fe381650bfac0d97c9,2024-10,Northumbria Police,Northumbria Police,-1.581454,55.164459,On or near Leander Court,E01027554,Northumberland 017F,Violence and sexual offences,Status update unavailable,
029801467ef0fe5301bb065890ef178f8710ef477caa0a0cf220a5dc73b9b357,2024-10,Northumbria Police,Northumbria Police,-1.581454,55.164459,On or near Leander Court,E01027554,Northumberland 017F,Violence and sexual offences,Status update unavailable,
7b79ea992f8ddeafa5833fcde9a6af373678f11fc912412f0a6b2128c9b6686b,2024-10,Northumbria Police,Northumbria Police,-1.581454,55.164459,On or near Leander Court,E01027554,Northumberland 017F,Violence and sexual offences,Status update unavailable,
2c16a68a6bf7f61aca5149f2371c57cedcda7f3b0d1512d24b824b3aadd956c8,2024-10,Northumbria Police,Northumbria Police,-1.581454,55.164459,On or near Leander Court,E01027554,Northumberland 017F,Violence and sexual offences,Status update unavailable,
386ddf158540b05f11587a00ee573270e91f1f980e27004ef95620b4401951f1,2024-10,Northumbria Police,Northumbria Police,-1.581454,55.164459,On or near Leander Court,E01027554,Northumberland 017F,Violence and sexual offences,Status update unavailable,
b1960764a8daa39e0063b28650b25aef11d4a50bcc09bacab434f487997e7a1f,2024-10,Northumbria Police,Northumbria Police,-1.581454,55.164459,On or near Leander Court,E01027554,Northumberland 017F,Violence and sexual offences,Status update unavailable,
5fb6ca9743d3de064e1f7f9b26129f50bb7267d0160dc191dffea42a8fd231a6,2024-10,Northumbria Police,Northumbria Police,-1.581454,55.164459,On or near Leander Court,E01027554,Northumberland 017F,Violence and sexual offences,Status update unavailable,
8b210aa3870b25890f0875ef69351d4518ac0c0f61ae3499c5a03da6695f123a,2024-10,Northumbria Police,Northumbria Police,-1.581454,55.164459,On or near Leander Court,E01027554,Northumberland 017F,Violence and sexual offences,Status update unavailable,
,2024-10,Northumbria Police,Northumbria Police,-1.705593,55.153636,On or near Park/Open Space,E01027455,Northumberland 018A,Anti-social behaviour,,
98dec6939ee5cfe0d3c13d3e0ad34bd7e2350c7b982d2a8a87441aee553e36c7,2024-10,Northumbria Police,Northumbria Police,-1.699357,55.161598,On or near Springhill Walk,E01027455,Northumberland 018A,Violence and sexual offences,Investigation complete; no suspect identified,
39d75cbe7d9ecb9f7e332341b379ae4a49d86cce7057b636a8c867ebab1e6de9,2024-10,Northumbria Police,Northumbria Police,-1.705197,55.159222,On or near The Pastures,E01027455,Northumberland 018A,Violence and sexual offences,Status update unavailable,
63f85662d884fc242cb63de0f2c513850af58f0d8347fa3daecdfebe79b6a537,2024-10,Northumbria Police,Northumbria Police,-1.702281,55.163043,On or near Downing Drive,E01027455,Northumberland 018A,Violence and sexual offences,Status update unavailable,
7375caa5fd2c383a5a95af481152f84433e2cba3ad79163c886b0c9934c67e2b,2024-10,Northumbria Police,Northumbria Police,-1.710488,55.161194,On or near Simonside Close,E01027455,Northumberland 018A,Other crime,Status update unavailable,
,2024-10,Northumbria Police,Northumbria Police,-1.699705,55.169534,On or near Mitford Road,E01027456,Northumberland 018B,Anti-social behaviour,,
08bece3f16a2e04af7889ccb395c1c397c8a75d1610ec7b8ecec2a0874e80241,2024-10,Northumbria Police,Northumbria Police,-1.698493,55.169962,On or near Mitford Road,E01027456,Northumberland 018B,Violence and sexual offences,Status update unavailable,
f9ccf5c0caf1d335ef14bf6ed4401c39150145e1781f2b8a693a373fc37e8c3a,2024-10,Northumbria Police,Northumbria Police,-1.685773,55.152533,On or near Southgate Mews,E01027458,Northumberland 018C,Other theft,Investigation complete; no suspect identified,
0d06aa26f23357d1a2db4cf074ed14963c3c575022167bfa507a99f599fc06fd,2024-10,Northumbria Police,Northumbria Police,-1.689049,55.150915,On or near Sampson Close,E01027458,Northumberland 018C,Other theft,Status update unavailable,
8cd6ae46ec92cf69a6ac5e8ec0d3c6902d6f2d043d3a7a256199051bd8c8c3f2,2024-10,Northumbria Police,Northumbria Police,-1.691013,55.154640,On or near The Avenue,E01027458,Northumberland 018C,Shoplifting,Investigation complete; no suspect identified,
f923747b2f83f0c1925e8f61db93ddd1d7cd8231b4425201ae2b2fa3695de535,2024-10,Northumbria Police,Northumbria Police,-1.690771,55.159007,On or near Hospital,E01027458,Northumberland 018C,Violence and sexual offences,Status update unavailable,
be164100380884d41afa2e3d87e90254f8de30c59f3402a1bc8084c6eef16065,2024-10,Northumbria Police,Northumbria Police,-1.690771,55.159007,On or near Hospital,E01027458,Northumberland 018C,Violence and sexual offences,Status update unavailable,
6d4e94717eb2464b8a3ef378ff59bbe27ed54cddb9fdeb8f0e9f50a02e51f5cc,2024-10,Northumbria Police,Northumbria Police,-1.690771,55.159007,On or near Hospital,E01027458,Northumberland 018C,Violence and sexual offences,Status update unavailable,
f6eebe4117b175e5007f16411481f2c4ae5ed4e837dea12ba6c860db87125a0f,2024-10,Northumbria Police,Northumbria Police,-1.685773,55.152533,On or near Southgate Mews,E01027458,Northumberland 018C,Violence and sexual offences,Investigation complete; no suspect identified,
beacf87881efa154d74a1df87233a7770d23e4a0de3d25216899de9b22c2c6b8,2024-10,Northumbria Police,Northumbria Police,-1.678369,55.159972,On or near First Avenue,E01027460,Northumberland 018D,Criminal damage and arson,Investigation complete; no suspect identified,
b328abe5207d5e770ea288c0304ff46165083ae83e73d123b69892ecb4eca642,2024-10,Northumbria Police,Northumbria Police,-1.678625,55.161339,On or near Second Avenue,E01027460,Northumberland 018D,Criminal damage and arson,Investigation complete; no suspect identified,
79e208dfca90d5281a4bc46bc365b9a06ebb1a8249352a4c4f71c5570c717a83,2024-10,Northumbria Police,Northumbria Police,-1.675175,55.153323,On or near Crookham Grove,E01027460,Northumberland 018D,Drugs,Offender given a caution,
c8da3f2abd1cc01533b2b5fccb5176170d3b7cb6a570f0f59152013354bbaa39,2024-10,Northumbria Police,Northumbria Police,-1.681135,55.159584,On or near Shields Road,E01027460,Northumberland 018D,Shoplifting,Investigation complete; no suspect identified,
91f1e937788d28ea9976117cd731d0b5ec0de9c2bdcc350b85e211de32dd4a63,2024-10,Northumbria Police,Northumbria Police,-1.681135,55.159584,On or near Shields Road,E01027460,Northumberland 018D,Shoplifting,Investigation complete; no suspect identified,
942088b399d9fd2f15474d7190440f2d934a9192990805c33aaf8a6e14e143f8,2024-10,Northumbria Police,Northumbria Police,-1.681135,55.159584,On or near Shields Road,E01027460,Northumberland 018D,Shoplifting,Court result unavailable,
e89d9aaa008c7633a7474f79ca8faae1d481c8cd6e458285abba8642b17aa10c,2024-10,Northumbria Police,Northumbria Police,-1.681135,55.159584,On or near Shields Road,E01027460,Northumberland 018D,Shoplifting,Status update unavailable,
615c434fe6b5e6513fe491606c651b24fa85a0f9ec47472cabe2a8080e67a4ed,2024-10,Northumbria Police,Northumbria Police,-1.681135,55.159584,On or near Shields Road,E01027460,Northumberland 018D,Shoplifting,Investigation complete; no suspect identified,
7d357ede878b71b641061e4f6b1d2e172c964513db916b28d22d28b9a8b7df8a,2024-10,Northumbria Police,Northumbria Police,-1.678369,55.159972,On or near First Avenue,E01027460,Northumberland 018D,Violence and sexual offences,Status update unavailable,
,2024-10,Northumbria Police,Northumbria Police,-2.248504,55.138378,On or near Boat Road,E01027479,Northumberland 019A,Anti-social behaviour,,
,2024-10,Northumbria Police,Northumbria Police,-2.252962,55.143922,On or near Petrol Station,E01027479,Northumberland 019A,Anti-social behaviour,,
,2024-10,Northumbria Police,Northumbria Police,-2.033605,55.173999,On or near Park/Open Space,E01027479,Northumberland 019A,Anti-social behaviour,,
ed97f26ecf21319b5d9050d5114f858db3ec114b6c39d0edfef2e09ad9f2e47f,2024-10,Northumbria Police,Northumbria Police,-2.259477,55.141550,On or near Sports/Recreation Area,E01027479,Northumberland 019A,Burglary,Investigation complete; no suspect identified,
87cdb3ebbd1b00a756a85914a080d2163ea54860c0a97d787efc02951aaae6db,2024-10,Northumbria Police,Northumbria Police,-2.152992,55.162286,On or near Park/Open Space,E01027479,Northumberland 019A,Other theft,Status update unavailable,
8369b6db0445db210491e67421587b802b53126933da2ebf1bb072ba486649a0,2024-10,Northumbria Police,Northumbria Police,-2.005342,55.154147,On or near Sports/Recreation Area,E01027479,Northumberland 019A,Other theft,Investigation complete; no suspect identified,
32c3ba816324c6a96a4c7e47aef9ccf4addfb73dc030701963128da3148a6b83,2024-10,Northumbria Police,Northumbria Police,-2.252962,55.143922,On or near Petrol Station,E01027479,Northumberland 019A,Public order,Investigation complete; no suspect identified,
47790e6854cccd0076f1ec70db40afc0a1a47c1172761ce50e9619820e65e95d,2024-10,Northumbria Police,Northumbria Police,-2.171902,55.177239,On or near Chapel Close,E01027479,Northumberland 019A,Violence and sexual offences,Status update unavailable,
35052bd5d73906e8108a595c0659ab10c8abe4e8cbab6355241b8ddeb16ac86b,2024-10,Northumbria Police,Northumbria Police,-2.255172,55.143504,On or near Manchester Square,E01027479,Northumberland 019A,Violence and sexual offences,Investigation complete; no suspect identified,
5bd816992bc056c8c160483a28334f975fab2f95b4c1f82f0bfb27a967557765,2024-10,Northumbria Police,Northumbria Police,-1.996810,55.031797,On or near Briar Fields,E01027480,Northumberland 019B,Other theft,Status update unavailable,
698f7868d0e4658ad4df8f790ef97afc230a943c8c4bd74e161816f5a6e7ff73,2024-10,Northumbria Police,Northumbria Police,-2.159298,55.080028,On or near Coal Road,E01027480,Northumberland 019B,Public order,Status update unavailable,
,2024-10,Northumbria Police,Northumbria Police,-2.579821,55.230625,On or near South End,E01027503,Northumberland 019C,Anti-social behaviour,,
,2024-10,Northumbria Police,Northumbria Police,-2.541449,55.177865,On or near Parking Area,E01027503,Northumberland 019C,Anti-social behaviour,,
a07d305e8270141c2682963a111c4ead645d44dd0196e924714c37282e5591a5,2024-10,Northumbria Police,Northumbria Police,-2.579821,55.230625,On or near South End,E01027503,Northumberland 019C,Criminal damage and arson,Investigation complete; no suspect identified,
0746efda202d532cf59b0630ab9259fdbca77a8525dc6a20922feb1de5884e0f,2024-10,Northumbria Police,Northumbria Police,-2.181431,55.235319,On or near Leslies Close,E01027503,Northumberland 019C,Public order,Investigation complete; no suspect identified,
ba977a7f45685803818746cae3392a02ae35fca88282436d7546290248981573,2024-10,Northumbria Police,Northumbria Police,-2.400583,55.174241,On or near Park/Open Space,E01027503,Northumberland 019C,Violence and sexual offences,Investigation complete; no suspect identified,
37949529ac7dacc19219aa1e5badc4fd1e808151e56db3dfaae016e9be765e3b,2024-10,Northumbria Police,Northumbria Police,-2.183603,55.232494,On or near Petrol Station,E01027503,Northumberland 019C,Violence and sexual offences,Investigation complete; no suspect identified,
5fbae241eb4bf650c1707ca958128997a8ac12438507e78800fbd8a869c1b3df,2024-10,Northumbria Police,Northumbria Police,-2.270005,55.276831,On or near Parking Area,E01027503,Northumberland 019C,Violence and sexual offences,Status update unavailable,
,2024-10,Northumbria Police,Northumbria Police,-1.591051,55.130057,On or near Perry Stone Mews,E01027515,Northumberland 020A,Anti-social behaviour,,
d07b98f76f0d80a4daa9170371d90bae0d51b9069c192f7e49843b07425a09da,2024-10,Northumbria Police,Northumbria Police,-1.587615,55.130915,On or near Sports/Recreation Area,E01027515,Northumberland 020A,Criminal damage and arson,Investigation complete; no suspect identified,
b8c9c74f3df6f75789cec1f37cb4e3943f4c0392760c277efbc72102ee3c9546,2024-10,Northumbria Police,Northumbria Police,-1.586989,55.131553,On or near Park Road,E01027515,Northumberland 020A,Public order,Status update unavailable,
93df1eb026af6f98ed57c78f534b9673b46eaaf2438d50d238a55347afc384ba,2024-10,Northumbria Police,Northumbria Police,-1.591573,55.131191,On or near Vulcan Place,E01027515,Northumberland 020A,Shoplifting,Investigation complete; no suspect identified,
2418b909d254eb18c334f2ae4f775dd3aab687eefa593e066359daae5a4c9250,2024-10,Northumbria Police,Northumbria Police,-1.587615,55.130915,On or near Sports/Recreation Area,E01027515,Northumberland 020A,Violence and sexual offences,Status update unavailable,
ea489a873904e48f7b42c1568d2b655cdf0f99225f04d913dabb5374f1ae47b3,2024-10,Northumbria Police,Northumbria Police,-1.590139,55.127187,On or near Millfield,E01027515,Northumberland 020A,Violence and sexual offences,Status update unavailable,
900371231a724e95d69199fd7c34516eb7443a1f85f4f96ac4acb0ce96c0b157,2024-10,Northumbria Police,Northumbria Police,-1.591573,55.131191,On or near Vulcan Place,E01027515,Northumberland 020A,Violence and sexual offences,Investigation complete; no suspect identified,
cdb2efbfb09b322f7651545f4e1fc8a4b92857dd39d0c757ca961341378445ad,2024-10,Northumbria Police,Northumbria Police,-1.587615,55.130915,On or near Sports/Recreation Area,E01027515,Northumberland 020A,Violence and sexual offences,Status update unavailable,
4f12fd3da7ce4075e0de034ca30034150f53889074b1d5be64c2398d0531090b,2024-10,Northumbria Police,Northumbria Police,-1.585765,55.131665,On or near Rosalind Avenue,E01027515,Northumberland 020A,Other crime,Status update unavailable,
,2024-10,Northumbria Police,Northumbria Police,-1.574341,55.138114,On or near Wallington Close,E01027517,Northumberland 020B,Anti-social behaviour,,
,2024-10,Northumbria Police,Northumbria Police,-1.574341,55.138114,On or near Wallington Close,E01027517,Northumberland 020B,Anti-social behaviour,,
,2024-10,Northumbria Police,Northumbria Police,-1.570953,55.139522,On or near Blagdon Court,E01027517,Northumberland 020B,Anti-social behaviour,,
,2024-10,Northumbria Police,Northumbria Police,-1.572893,55.138549,On or near Petrol Station,E01027517,Northumberland 020B,Anti-social behaviour,,
,2024-10,Northumbria Police,Northumbria Police,-1.571511,55.138751,On or near Station Road,E01027517,Northumberland 020B,Anti-social behaviour,,
872d6393d8922327a32c9377f063a8879d58d9bc348bdffa93282c661e3a72fd,2024-10,Northumbria Police,Northumbria Police,-1.574341,55.138114,On or near Wallington Close,E01027517,Northumberland 020B,Criminal damage and arson,Investigation complete; no suspect identified,
8d119dd5677cadf2c3b08922f878a75526c1f5f894a8ca0ce3c4024c7e5464b8,2024-10,Northumbria Police,Northumbria Police,-1.573145,55.138451,On or near Petrol Station,E01027517,Northumberland 020B,Other theft,Investigation complete; no suspect identified,
c81ef03d377b15418337aa96c841c2fec9a8af23808a5b6b1518c4a45bbcf087,2024-10,Northumbria Police,Northumbria Police,-1.573145,55.138451,On or near Petrol Station,E01027517,Northumberland 020B,Other theft,Status update unavailable,
6f953c24cac4dc1551f5d6adf0741bd0ef0af64e8071f2a32c366124dfeb48be,2024-10,Northumbria Police,Northumbria Police,-1.574341,55.138114,On or near Wallington Close,E01027517,Northumberland 020B,Public order,Status update unavailable,
59c63b3be6c6cfe4a25f7ce6539b7e636e6076c79bc5bea6b9c140eb22737b4f,2024-10,Northumbria Police,Northumbria Police,-1.573145,55.138451,On or near Petrol Station,E01027517,Northumberland 020B,Shoplifting,Investigation complete; no suspect identified,
3a13de28295ed4f57f4edfbfac136475c8afaa31b520ca542e79fcde4913d46f,2024-10,Northumbria Police,Northumbria Police,-1.569843,55.139230,On or near Supermarket,E01027517,Northumberland 020B,Shoplifting,Investigation complete; no suspect identified,
a9895b0e31d3d57e7bdeb0be30b93545cf728b940bef3d4d7072ecf6fd80eaf7,2024-10,Northumbria Police,Northumbria Police,-1.574341,55.138114,On or near Wallington Close,E01027517,Northumberland 020B,Violence and sexual offences,Status update unavailable,
7bec4642b307d8736894b88d091c2e836a8f5204d5f736f9a2dd3b144169892c,2024-10,Northumbria Police,Northumbria Police,-1.577878,55.141829,On or near Cragside Gardens,E01027517,Northumberland 020B,Violence and sexual offences,Status update unavailable,
e35003abe57249d9fec1e3f2b9d7af9cf51119f05ae742e0fc8a8df4a4d39a93,2024-10,Northumbria Police,Northumbria Police,-1.569843,55.139230,On or near Supermarket,E01027517,Northumberland 020B,Violence and sexual offences,Investigation complete; no suspect identified,
3f7470a67e04dbe0387cb345736652541c255bae4b3678c74a8adfd2fc10c13e,2024-10,Northumbria Police,Northumbria Police,-1.576416,55.140691,On or near Newby Close,E01027517,Northumberland 020B,Violence and sexual offences,Investigation complete; no suspect identified,
8a4f84ed5b49bc6005f580c98631983d04179527304fd3079b046bf3f465a976,2024-10,Northumbria Police,Northumbria Police,-1.569843,55.139230,On or near Supermarket,E01027517,Northumberland 020B,Violence and sexual offences,Investigation complete; no suspect identified,
b914fccfbcbe1442c975789420db6ace51c04d50eb0abee8c3a7ccca9fbd24ba,2024-10,Northumbria Police,Northumbria Police,-1.571511,55.138751,On or near Station Road,E01027517,Northumberland 020B,Violence and sexual offences,Investigation complete; no suspect identified,
5bd7382493339be3300c41b1c6b02ff3ea57f9dfa9a637af7f9cc023a1c0e9a0,2024-10,Northumbria Police,Northumbria Police,-1.574341,55.138114,On or near Wallington Close,E01027517,Northumberland 020B,Violence and sexual offences,Investigation complete; no suspect identified,
8f8d3de1d0f055d49a8e1325e5da40e00a09387f40c29bcaeeef8a06e90a47a0,2024-10,Northumbria Police,Northumbria Police,-1.573145,55.138451,On or near Petrol Station,E01027517,Northumberland 020B,Violence and sexual offences,Status update unavailable,
3ca790172e51ca7fb73c450e69cc7b822ad49d983a5a232798bbd3be870430c7,2024-10,Northumbria Police,Northumbria Police,-1.574341,55.138114,On or near Wallington Close,E01027517,Northumberland 020B,Violence and sexual offences,Status update unavailable,
2a1707a63341e8db4c780c6ff8c10e041cedcd8f74c4d5b3cf785884c279d732,2024-10,Northumbria Police,Northumbria Police,-1.571511,55.138751,On or near Station Road,E01027517,Northumberland 020B,Violence and sexual offences,Status update unavailable,
,2024-10,Northumbria Police,Northumbria Police,-1.575817,55.132090,On or near Clement Avenue,E01027518,Northumberland 020C,Anti-social behaviour,,
a0ae0b7d1e0dfe256e5423fd9741fc3336624134a10e43432c9a0310a5485fa2,2024-10,Northumbria Police,Northumbria Police,-1.579070,55.132954,On or near Hatfield Chase,E01027518,Northumberland 020C,Public order,Investigation complete; no suspect identified,
30e7b728bce341f4169a1274c4bdf06ddb29470b0872ae3218535bf6599f5c86,2024-10,Northumbria Police,Northumbria Police,-1.579070,55.132954,On or near Hatfield Chase,E01027518,Northumberland 020C,Public order,Investigation complete; no suspect identified,
a7e76548b7d1cc1d3ec702566244afaac8e6ef57c22aed05bf0f35f6ca7c8562,2024-10,Northumbria Police,Northumbria Police,-1.579070,55.132954,On or near Hatfield Chase,E01027518,Northumberland 020C,Vehicle crime,Status update unavailable,
027bff085d7dd738063d2333b4b7077cfab8d17d1e24bf7516cd29b68ccdecec,2024-10,Northumbria Police,Northumbria Police,-1.579070,55.132954,On or near Hatfield Chase,E01027518,Northumberland 020C,Other crime,Status update unavailable,
,2024-10,Northumbria Police,Northumbria Police,-1.585552,55.131036,On or near Lily Avenue,E01027519,Northumberland 020D,Anti-social behaviour,,
,2024-10,Northumbria Police,Northumbria Police,-1.585552,55.131036,On or near Lily Avenue,E01027519,Northumberland 020D,Anti-social behaviour,,
18c9c8359768ff89a689c61ebfb57cd0a5aa83bb20b0774b3a12854a40786d46,2024-10,Northumbria Police,Northumbria Police,-1.581312,55.133025,On or near Stanley Grove,E01027519,Northumberland 020D,Burglary,Investigation complete; no suspect identified,
dca79d48152c175fe4823a2dcd2747cb0f54950a361e53c18320402f0a2bf906,2024-10,Northumbria Police,Northumbria Police,-1.585552,55.131036,On or near Lily Avenue,E01027519,Northumberland 020D,Criminal damage and arson,Status update unavailable,
4ef25101949f25142e625be154790adebe2ca7dec4887f0ab285b6a57fadc0ae,2024-10,Northumbria Police,Northumbria Police,-1.582009,55.130853,On or near Knox Road,E01027519,Northumberland 020D,Criminal damage and arson,Investigation complete; no suspect identified,
b1056465ba6153a2a4ce6f2c871aa797a8246c2a71c0aa889b0a62bc098c8125,2024-10,Northumbria Police,Northumbria Police,-1.585519,55.129634,On or near Cornwell Crescent,E01027519,Northumberland 020D,Criminal damage and arson,Status update unavailable,
518fd2d448be5cfdd736f64bddb662a03db93e24adbd2be8092cb2878bf59079,2024-10,Northumbria Police,Northumbria Police,-1.579871,55.134314,On or near Wood Lane,E01027519,Northumberland 020D,Other theft,Status update unavailable,
6059e526d602bbb17d7f3d5376afa9c0090dd548ec1b00f3bea78ddad416f2d6,2024-10,Northumbria Police,Northumbria Police,-1.585040,55.132022,On or near Alfred Avenue,E01027519,Northumberland 020D,Vehicle crime,Investigation complete; no suspect identified,
4897fc17b1db232927e94568c99f2dd67bfb0c6f73b0ea4d2e1a7ce37a93d5c9,2024-10,Northumbria Police,Northumbria Police,-1.575774,55.131640,On or near Dene View East,E01027519,Northumberland 020D,Violence and sexual offences,Investigation complete; no suspect identified,
1174791af6c93bd3ccf88939a1f5fc4da813e9757cc2644eaf010fb827ee94c8,2024-10,Northumbria Police,Northumbria Police,-1.585040,55.132022,On or near Alfred Avenue,E01027519,Northumberland 020D,Violence and sexual offences,Status update unavailable,
9bfa1ccbe80d3e8a8b675f88183c174b2bf8bd03809548dfa70262ee9028a566,2024-10,Northumbria Police,Northumbria Police,-1.579179,55.131526,On or near Dene View West,E01027519,Northumberland 020D,Violence and sexual offences,Investigation complete; no suspect identified,
cab85dfbd11b0a633c4151ff143dded7d5edeb41425a99f14c6b279fbf94aeee,2024-10,Northumbria Police,Northumbria Police,-1.579218,55.133800,On or near Warnhead Road,E01027519,Northumberland 020D,Violence and sexual offences,Status update unavailable,
cb65e5ab712519e13d5000018f0bed321f1308b9cd3792dad8be55efaaf7ccbd,2024-10,Northumbria Police,Northumbria Police,-1.584609,55.129694,On or near Beatty Road,E01027519,Northumberland 020D,Violence and sexual offences,Status update unavailable,
b395114fd240c07a02465bb7c530b2c02c24177ae7dac7cf6b84134f8996a1c1,2024-10,Northumbria Police,Northumbria Police,-1.579218,55.133800,On or near Warnhead Road,E01027519,Northumberland 020D,Violence and sexual offences,Status update unavailable,
da60659c7a1e7222b81e6598b1b38e0167a387cf5bd07be813de39f03fd816d9,2024-10,Northumbria Police,Northumbria Police,-1.584609,55.129694,On or near Beatty Road,E01027519,Northumberland 020D,Violence and sexual offences,Status update unavailable,
74a9a1b80dd4043b0ed50c9b8d9d5923a4fb3e8cd7c03852cd62c60678d207ac,2024-10,Northumbria Police,Northumbria Police,-1.579218,55.133800,On or near Warnhead Road,E01027519,Northumberland 020D,Violence and sexual offences,Status update unavailable,
03987aff2cff9171ec85ec4c5f964247ae072c95137c59aca9ddaf2ba90e2335,2024-10,Northumbria Police,Northumbria Police,-1.579218,55.133800,On or near Warnhead Road,E01027519,Northumberland 020D,Violence and sexual offences,Investigation complete; no suspect identified,
389016888e21702a8bd18b3f0e93dbffd66217d288315bcb9614c86a96bbdcbe,2024-10,Northumbria Police,Northumbria Police,-1.579179,55.131526,On or near Dene View West,E01027519,Northumberland 020D,Violence and sexual offences,Status update unavailable,
795439c1eeef6e38a38f394873fbd6cbfa933c7fde1e479fb953702c55bc9e75,2024-10,Northumbria Police,Northumbria Police,-1.579179,55.131526,On or near Dene View West,E01027519,Northumberland 020D,Violence and sexual offences,Status update unavailable,
ebb455757c4ab33e85366dc9e99f143a764213bffe4f4996fa419ec4d5a58d4e,2024-10,Northumbria Police,Northumbria Police,-1.579179,55.131526,On or near Dene View West,E01027519,Northumberland 020D,Violence and sexual offences,Investigation complete; no suspect identified,
,2024-10,Northumbria Police,Northumbria Police,-1.567934,55.135836,On or near Mansion Court,E01027550,Northumberland 020E,Anti-social behaviour,,
783a96afa15be7270ab933e52514bdcbc29fe491c36778171ce58b1a0298095e,2024-10,Northumbria Police,Northumbria Police,-1.565948,55.135317,On or near Melrose Avenue,E01027550,Northumberland 020E,Criminal damage and arson,Investigation complete; no suspect identified,
b5dd505a3c69c343113095806fe125fc356c2ee0dc30b10375793f878c7d5340,2024-10,Northumbria Police,Northumbria Police,-1.571111,55.133610,On or near Elenbel Avenue,E01027550,Northumberland 020E,Public order,Investigation complete; no suspect identified,
76fea87849fc7fbae37b393f9a2030ff42957da8e679adc1fc682d3d6bbf4316,2024-10,Northumbria Police,Northumbria Police,-1.561256,55.142633,On or near Burt Road,E01027550,Northumberland 020E,Violence and sexual offences,Investigation complete; no suspect identified,
d807e982145cd5533839d2b51be4b9bce235bcc3b1f6504c8073970ee2447bde,2024-10,Northumbria Police,Northumbria Police,-1.568078,55.134192,On or near River View Close,E01027550,Northumberland 020E,Violence and sexual offences,Status update unavailable,
50f4ae10c91fbef560cda064fa84b3dc67528b62cb43f9e9d049ea1677c74640,2024-10,Northumbria Police,Northumbria Police,-1.567934,55.135836,On or near Mansion Court,E01027550,Northumberland 020E,Violence and sexual offences,Investigation complete; no suspect identified,
f0df7626bbc612b419ad3c5af4f27d53a82e73548c9d420cadd281247d589f29,2024-10,Northumbria Police,Northumbria Police,-1.561256,55.142633,On or near Burt Road,E01027550,Northumberland 020E,Violence and sexual offences,Court result unavailable,
,2024-10,Northumbria Police,Northumbria Police,-1.562989,55.140572,On or near Edward Road,E01027551,Northumberland 020F,Anti-social behaviour,,
,2024-10,Northumbria Police,Northumbria Police,-1.566590,55.139767,On or near George Road,E01027551,Northumberland 020F,Anti-social behaviour,,
,2024-10,Northumbria Police,Northumbria Police,-1.566768,55.142742,On or near Sports/Recreation Area,E01027551,Northumberland 020F,Anti-social behaviour,,
,2024-10,Northumbria Police,Northumbria Police,-1.562989,55.140572,On or near Edward Road,E01027551,Northumberland 020F,Anti-social behaviour,,
,2024-10,Northumbria Police,Northumbria Police,-1.569301,55.141448,On or near Parking Area,E01027551,Northumberland 020F,Anti-social behaviour,,
,2024-10,Northumbria Police,Northumbria Police,-1.562989,55.140572,On or near Edward Road,E01027551,Northumberland 020F,Anti-social behaviour,,
c34a288d9c2e0200f0bb3f12dbc33aa7f7938a37af696cad667f837d5f9c1727,2024-10,Northumbria Police,Northumbria Police,-1.562989,55.140572,On or near Edward Road,E01027551,Northumberland 020F,Criminal damage and arson,Investigation complete; no suspect identified,
2669adba62a795f2926ecd3b7102a6783ad8f187551f91af33c9255b8356cd26,2024-10,Northumbria Police,Northumbria Police,-1.562989,55.140572,On or near Edward Road,E01027551,Northumberland 020F,Criminal damage and arson,Offender given a caution,
9a3db710ca6d203c94337fa3aca2b982fdc0b47df07eea125253d51894a704af,2024-10,Northumbria Police,Northumbria Police,-1.566118,55.139855,On or near King'S Road,E01027551,Northumberland 020F,Criminal damage and arson,Investigation complete; no suspect identified,
8a13178420d6f15d1e44d3aee6aa51319dba9e2e12184879ef01ad2a44f19788,2024-10,Northumbria Police,Northumbria Police,-1.564699,55.140578,On or near St John'S Road,E01027551,Northumberland 020F,Criminal damage and arson,Investigation complete; no suspect identified,
a6e19c995e8d68d19c61e22aa5c62d15e3f83ef010912f95ed8ac8ab71963722,2024-10,Northumbria Police,Northumbria Police,-1.567394,55.140821,On or near Parking Area,E01027551,Northumberland 020F,Drugs,Investigation complete; no suspect identified,
0cf5379d66644ca249f8f92e6c9bfe4486826ffabd3471d4f197cd3e7d14afb4,2024-10,Northumbria Police,Northumbria Police,-1.564699,55.140578,On or near St John'S Road,E01027551,Northumberland 020F,Public order,Status update unavailable,
e38e73df4feb994f79df50dcfaf0dd12d5bbd4e1f91480dc383285a65cc0358b,2024-10,Northumbria Police,Northumbria Police,-1.564444,55.139436,On or near Queen'S Road,E01027551,Northumberland 020F,Public order,Status update unavailable,
801d6d2a9b7a59116af46b624e979fe374b393d66a9344418dedbfb4e923a3ea,2024-10,Northumbria Police,Northumbria Police,-1.566768,55.142742,On or near Sports/Recreation Area,E01027551,Northumberland 020F,Public order,Investigation complete; no suspect identified,
f184b67bf4c3cf1ed3c2beb0b67d97874343773ca08c3c1fd09b1465e9c34994,2024-10,Northumbria Police,Northumbria Police,-1.567097,55.140784,On or near Clayton Street,E01027551,Northumberland 020F,Vehicle crime,Investigation complete; no suspect identified,
7de53a91ac2d83d22b57304f32b4b40ca73369994903480f73f174e4a0e18e16,2024-10,Northumbria Police,Northumbria Police,-1.564444,55.139436,On or near Queen'S Road,E01027551,Northumberland 020F,Violence and sexual offences,Status update unavailable,
c1022bf24c13d90ff6bba38ed497c1c4c72da6dd4750c4b56a59606468ea0935,2024-10,Northumbria Police,Northumbria Police,-1.562989,55.140572,On or near Edward Road,E01027551,Northumberland 020F,Violence and sexual offences,Investigation complete; no suspect identified,
4c230a434ff115455e19b9c9bb750e4872f93d2a84fc65c3986e5f1b422bad37,2024-10,Northumbria Police,Northumbria Police,-1.566768,55.142742,On or near Sports/Recreation Area,E01027551,Northumberland 020F,Violence and sexual offences,Investigation complete; no suspect identified,
d55b826c3e6500834909f811f8aeadf3d33e1419938d8b4915165298add5c1c7,2024-10,Northumbria Police,Northumbria Police,-1.566590,55.139767,On or near George Road,E01027551,Northumberland 020F,Violence and sexual offences,Offender given a caution,
2929751848d475e83069330474cf80db9d68cb4805a7e15f9070c35e89793271,2024-10,Northumbria Police,Northumbria Police,-1.566590,55.139767,On or near George Road,E01027551,Northumberland 020F,Violence and sexual offences,Status update unavailable,
7c735343e9ed24edf54d0dcdb4fc2116c773b7c741ab53f81360f19517b7b49a,2024-10,Northumbria Police,Northumbria Police,-1.564444,55.139436,On or near Queen'S Road,E01027551,Northumberland 020F,Violence and sexual offences,Status update unavailable,
0838bd32aac0d330874fa90df71680af53e52a7c07c7081cd8c3c2b2976aef5e,2024-10,Northumbria Police,Northumbria Police,-1.568401,55.142047,On or near Liddles Street,E01027551,Northumberland 020F,Other crime,Court result unavailable,
bf66e4d21868dc59a1ba8520b57d344bd18ea031786e021f59afbb9c019eb43e,2024-10,Northumbria Police,Northumbria Police,-1.532981,55.156492,On or near Wembley Gardens,E01027552,Northumberland 020G,Criminal damage and arson,Investigation complete; no suspect identified,
4baaef5251c912e665728598aa2590becb8093aa4fbbffd1b18336636e75318f,2024-10,Northumbria Police,Northumbria Police,-1.527222,55.159103,On or near The Bucca,E01027552,Northumberland 020G,Other theft,Investigation complete; no suspect identified,
134d4ee15278afd000e7b8bd27fcff1ef6f309aca8de31709179ff19253118f1,2024-10,Northumbria Police,Northumbria Police,-1.564751,55.161749,On or near Church Avenue,E01027552,Northumberland 020G,Public order,Status update unavailable,
71d0ca353a809f97d5acf0509a3752c34b0900cf8d56e2faabbb39d8d6350594,2024-10,Northumbria Police,Northumbria Police,-1.527222,55.159103,On or near The Bucca,E01027552,Northumberland 020G,Public order,Status update unavailable,
86a955904a29299536912d07aa92adf0d3eada5e11cf4a2349aca93f6cf62131,2024-10,Northumbria Police,Northumbria Police,-1.564751,55.161749,On or near Church Avenue,E01027552,Northumberland 020G,Public order,Status update unavailable,
d602cc6a58986f327eafb8457612944cf5d13b23a470d35bfd9e6a2189d4c79c,2024-10,Northumbria Police,Northumbria Police,-1.532981,55.156492,On or near Wembley Gardens,E01027552,Northumberland 020G,Vehicle crime,Investigation complete; no suspect identified,
40bf457b82430984a2f1bf9d279fd7431805e3c8ffae97236a92b329c30f1cb5,2024-10,Northumbria Police,Northumbria Police,-1.564751,55.161749,On or near Church Avenue,E01027552,Northumberland 020G,Violence and sexual offences,Status update unavailable,
3b033e693061fa572af7812307e6ecb40d402922069cce8f41aacfa0dce2bf4b,2024-10,Northumbria Police,Northumbria Police,-1.522592,55.144704,On or near Sports/Recreation Area,E01027552,Northumberland 020G,Violence and sexual offences,Status update unavailable,
3dffe8252dc415a09ababbab63fc84aa5886ef2c33e06cee67db155af2c70d90,2024-10,Northumbria Police,Northumbria Police,-1.522592,55.144704,On or near Sports/Recreation Area,E01027552,Northumberland 020G,Violence and sexual offences,Status update unavailable,
5818499da922868cf616d3ead6100a44ba70304ebd0afba6d13876db39c4c704,2024-10,Northumbria Police,Northumbria Police,-1.522592,55.144704,On or near Sports/Recreation Area,E01027552,Northumberland 020G,Violence and sexual offences,Status update unavailable,
9217eae23f6191ba36c9704146d1d67d2e3c7842b555fe0c65d76293623b3a6e,2024-10,Northumbria Police,Northumbria Police,-1.549746,55.145017,On or near Brock Lane,E01027552,Northumberland 020G,Violence and sexual offences,Status update unavailable,
108539a56f3eb897c041f6f85821cccbd36f70e1a005e13db442d175ff00565b,2024-10,Northumbria Police,Northumbria Police,-1.549746,55.145017,On or near Brock Lane,E01027552,Northumberland 020G,Violence and sexual offences,Status update unavailable,
3646aa529c7ccc0746f9b29d2538a7fe08f1281804e8819fb0372dcd7b3cf968,2024-10,Northumbria Police,Northumbria Police,-1.596749,55.131073,On or near Front Street West,E01027514,Northumberland 021A,Drugs,Investigation complete; no suspect identified,
6f537ae790eef2297fdd8dc539359bce8906534fee613f835e92e4242bc2c65a,2024-10,Northumbria Police,Northumbria Police,-1.598319,55.130971,On or near Petrol Station,E01027514,Northumberland 021A,Other theft,Investigation complete; no suspect identified,
ac3c447c42e363f5f658346b6ff5fd5c5c9f0ff4d823660ee1bf5a73f39598c8,2024-10,Northumbria Police,Northumbria Police,-1.596749,55.131073,On or near Front Street West,E01027514,Northumberland 021A,Other theft,Status update unavailable,
796044d708098852d96aba0aa83bdb5bc86e51ad5ee771db424a8c1ae78b41a9,2024-10,Northumbria Police,Northumbria Police,-1.596749,55.131073,On or near Front Street West,E01027514,Northumberland 021A,Public order,Status update unavailable,
7018c851e80c44f1673113f2ddec65601c131f02f9888d4e5f3fb6de488c8b05,2024-10,Northumbria Police,Northumbria Police,-1.596749,55.131073,On or near Front Street West,E01027514,Northumberland 021A,Public order,Status update unavailable,
bd64830422ff647e146dcb4632db1793517759612bdf4a194ffed5c6d789d8a3,2024-10,Northumbria Police,Northumbria Police,-1.596749,55.131073,On or near Front Street West,E01027514,Northumberland 021A,Violence and sexual offences,Investigation complete; no suspect identified,
d87045a33785c990ef92f702ba24d11b3554fe23a483d836c8faeb5675b289e2,2024-10,Northumbria Police,Northumbria Police,-1.600179,55.128461,On or near Hartford Road,E01027514,Northumberland 021A,Violence and sexual offences,Status update unavailable,
9e6a66c217ee66e3a3b74e676d21a48f1f8b5b24dc8af52e132c411dc43df774,2024-10,Northumbria Police,Northumbria Police,-1.600179,55.128461,On or near Hartford Road,E01027514,Northumberland 021A,Violence and sexual offences,Status update unavailable,
dae9fdc3949576f1b8591bd1f98f8b503c314bd30764a3670f38fa2dc1ab9da7,2024-10,Northumbria Police,Northumbria Police,-1.596085,55.130065,On or near Windsor Gardens,E01027514,Northumberland 021A,Violence and sexual offences,Status update unavailable,
c2c419b4702a2a23299e7bfc79955e84ef4e9fb1c25190d750422e46bd1e0977,2024-10,Northumbria Police,Northumbria Police,-1.590449,55.127611,On or near Millfield West,E01027514,Northumberland 021A,Violence and sexual offences,Investigation complete; no suspect identified,
8e39ada78c5e43f19d79590bb95050342552c44f8f2ad4c4b56086caddf75eea,2024-10,Northumbria Police,Northumbria Police,-1.589751,55.125308,On or near Humford Way,E01027514,Northumberland 021A,Violence and sexual offences,Status update unavailable,
4c0758d5541423ff11c2b93663068dc4471ceafd32419917a2fbed8b0a03c220,2024-10,Northumbria Police,Northumbria Police,-1.600179,55.128461,On or near Hartford Road,E01027514,Northumberland 021A,Violence and sexual offences,Status update unavailable,
ee13987651f55b10e16a5107d76606ef89ffee568b58badf29307ee17361fa64,2024-10,Northumbria Police,Northumbria Police,-1.596085,55.130065,On or near Windsor Gardens,E01027514,Northumberland 021A,Violence and sexual offences,Status update unavailable,
,2024-10,Northumbria Police,Northumbria Police,-1.599488,55.133203,On or near A1068,E01027516,Northumberland 021B,Anti-social behaviour,,
,2024-10,Northumbria Police,Northumbria Police,-1.599488,55.133203,On or near A1068,E01027516,Northumberland 021B,Anti-social behaviour,,
,2024-10,Northumbria Police,Northumbria Police,-1.598192,55.138860,On or near Choppington Road,E01027516,Northumberland 021B,Anti-social behaviour,,
,2024-10,Northumbria Police,Northumbria Police,-1.597250,55.132791,On or near Supermarket,E01027516,Northumberland 021B,Anti-social behaviour,,
,2024-10,Northumbria Police,Northumbria Police,-1.594488,55.132881,On or near Kyloe Place,E01027516,Northumberland 021B,Anti-social behaviour,,
,2024-10,Northumbria Police,Northumbria Police,-1.592335,55.130259,On or near A193,E01027516,Northumberland 021B,Anti-social behaviour,,
1ce990178bb68a7675b452b02fb36172f9eca51df0e5503324efc487280170bd,2024-10,Northumbria Police,Northumbria Police,-1.597095,55.134112,On or near Oakapple Close,E01027516,Northumberland 021B,Criminal damage and arson,Status update unavailable,
3a37d5d05796bbcc7f75f30d2d650b3f9f03149af6b11c0665b3b8d06cf4d5e8,2024-10,Northumbria Police,Northumbria Police,-1.594488,55.132881,On or near Kyloe Place,E01027516,Northumberland 021B,Public order,Offender given a caution,
2956ec3b632f68d5af34b85bfc3a1d84e49f0f0d57ab3fdd06e95e63df777ab7,2024-10,Northumbria Police,Northumbria Police,-1.594488,55.132881,On or near Kyloe Place,E01027516,Northumberland 021B,Public order,Status update unavailable,
46e52edb0ec7cbde186712e87bee9a80760d416f959c90de2901ad290b07fabd,2024-10,Northumbria Police,Northumbria Police,-1.597095,55.134112,On or near Oakapple Close,E01027516,Northumberland 021B,Violence and sexual offences,Status update unavailable,
31712e3bd8eeb6a77b3453c46fb65f67e52ddc5ec02ddca760fe05f324e46d9d,2024-10,Northumbria Police,Northumbria Police,-1.594488,55.132881,On or near Kyloe Place,E01027516,Northumberland 021B,Other crime,Status update unavailable,
12ba6a864fbb82a619c58aac01cea704a1eaf9d63484a8d5972dde4de639721c,2024-10,Northumbria Police,Northumbria Police,-1.599619,55.137373,On or near Chichester Grove,E01027520,Northumberland 021C,Criminal damage and arson,Investigation complete; no suspect identified,
6a738e4c905a13492910ba1fd8c922b7de1cccad99acd2fdae1f11e6152e0764,2024-10,Northumbria Police,Northumbria Police,-1.599619,55.137373,On or near Chichester Grove,E01027520,Northumberland 021C,Criminal damage and arson,Investigation complete; no suspect identified,
eac04ea89814d3216b556c996130a1b56368df0b7e4a8a355c9ae1385e9dcbf6,2024-10,Northumbria Police,Northumbria Police,-1.599619,55.137373,On or near Chichester Grove,E01027520,Northumberland 021C,Criminal damage and arson,Investigation complete; no suspect identified,
4cafdcb9e52c9f95f03eeaa6859c46c70d20d3a8d16899eb06319ce9d69da6f4,2024-10,Northumbria Police,Northumbria Police,-1.599619,55.137373,On or near Chichester Grove,E01027520,Northumberland 021C,Criminal damage and arson,Investigation complete; no suspect identified,
3216cdee86c4342faf7dcf761760d1c61b665348888fe82732ed184cd595b7e3,2024-10,Northumbria Police,Northumbria Police,-1.599619,55.137373,On or near Chichester Grove,E01027520,Northumberland 021C,Criminal damage and arson,Investigation complete; no suspect identified,
f289793b71e433c1ef19929a6bad23d3a99948e7e2db20a0f04ef5c85d0adca6,2024-10,Northumbria Police,Northumbria Police,-1.600757,55.138131,On or near Bonchester Close,E01027520,Northumberland 021C,Other theft,Status update unavailable,
871182207f088d54b61e293d17dc77fb36fd0894436bf721f99807dd4b9fdb15,2024-10,Northumbria Police,Northumbria Police,-1.599619,55.137373,On or near Chichester Grove,E01027520,Northumberland 021C,Public order,Status update unavailable,
e4bd87bed381ee34e23ab998e70701364d3e618566e4cbbc9a6379a97ade43c8,2024-10,Northumbria Police,Northumbria Police,-1.602982,55.138318,On or near Octavia Close,E01027520,Northumberland 021C,Violence and sexual offences,Status update unavailable,
a5918f434e370fe0e40f8b268ece7da0649c3b154ce5ce78d54578aec6341435,2024-10,Northumbria Police,Northumbria Police,-1.602982,55.138318,On or near Octavia Close,E01027520,Northumberland 021C,Violence and sexual offences,Status update unavailable,
a7a941b18f9dd85ad3126aaa7b949684c24dba5f2b0b63c0209c07dbab26461c,2024-10,Northumbria Police,Northumbria Police,-1.602982,55.138318,On or near Octavia Close,E01027520,Northumberland 021C,Violence and sexual offences,Investigation complete; no suspect identified,
2d6c8d14faca1797556bf35f8f90cdd3128ae5bf96f0dc6cf80371d326f80b0e,2024-10,Northumbria Police,Northumbria Police,-1.627557,55.117045,On or near Parking Area,E01027521,Northumberland 021D,Violence and sexual offences,Status update unavailable,
,2024-10,Northumbria Police,Northumbria Police,-1.609120,55.133001,On or near The Chase,E01027522,Northumberland 021E,Anti-social behaviour,,
,2024-10,Northumbria Police,Northumbria Police,-1.609120,55.133001,On or near The Chase,E01027522,Northumberland 021E,Anti-social behaviour,,
932a6a53be6f8c5afbf2dad9c7ba9168a8cd27e61d040ad8f0b5746d9e1da9ce,2024-10,Northumbria Police,Northumbria Police,-1.610961,55.132485,On or near Link Avenue,E01027522,Northumberland 021E,Criminal damage and arson,Investigation complete; no suspect identified,
6f35ecfaca0340a14c34ca5df49ac2a668accbc9e43dcd3e849c5a7cf1eb9fb9,2024-10,Northumbria Police,Northumbria Police,-1.613988,55.132405,On or near Meadowdale Crescent,E01027522,Northumberland 021E,Public order,Status update unavailable,
eb3406cf2eff5fbc43a4edb79ef86eb726279c66335a3efd617b9bb5eb16a889,2024-10,Northumbria Police,Northumbria Police,-1.610961,55.132485,On or near Link Avenue,E01027522,Northumberland 021E,Violence and sexual offences,Investigation complete; no suspect identified,
bd99e5126790a6824929787094e79b09a48887f6ebcd7154d43ac2e79ec93b29,2024-10,Northumbria Police,Northumbria Police,-1.606478,55.133747,On or near Forster Avenue,E01027522,Northumberland 021E,Violence and sexual offences,Status update unavailable,
df3df954387b2e0bd8367439a20e63d3c63bf0a95b45f33c4e3e53397f1ccdea,2024-10,Northumbria Police,Northumbria Police,-1.610961,55.132485,On or near Link Avenue,E01027522,Northumberland 021E,Violence and sexual offences,Investigation complete; no suspect identified,
8dbe3021a5743719105c55473e8f783c0c98a35f9a5523dd603f1a48b2810ed1,2024-10,Northumbria Police,Northumbria Police,-1.615792,55.130793,On or near Red House Farm,E01027522,Northumberland 021E,Violence and sexual offences,Status update unavailable,
9833983a94f724f3e56b65a62a9f2b8606f4e08323b5b63a2e7e66287eda872a,2024-10,Northumbria Police,Northumbria Police,-1.613988,55.132405,On or near Meadowdale Crescent,E01027522,Northumberland 021E,Violence and sexual offences,Status update unavailable,
85458d515f02e504f2588184c71e5407d67a743622ae7752e0422ad9b7e82e55,2024-10,Northumbria Police,Northumbria Police,-1.610961,55.132485,On or near Link Avenue,E01027522,Northumberland 021E,Violence and sexual offences,Status update unavailable,
d9e6845222a5bc72faeb4113ce05d4700f2889aa35480ddb4b345800d573d9c2,2024-10,Northumbria Police,Northumbria Police,-1.615792,55.130793,On or near Red House Farm,E01027522,Northumberland 021E,Other crime,Status update unavailable,
,2024-10,Northumbria Police,Northumbria Police,-1.601152,55.133056,On or near Bishops Meadow,E01027523,Northumberland 021F,Anti-social behaviour,,
,2024-10,Northumbria Police,Northumbria Police,-1.600532,55.132371,On or near Deanery Street,E01027523,Northumberland 021F,Anti-social behaviour,,
,2024-10,Northumbria Police,Northumbria Police,-1.600532,55.132371,On or near Deanery Street,E01027523,Northumberland 021F,Anti-social behaviour,,
9fa679a9ad1ca716764dd8349d2d9e3f7639d79eee0b99478a7268d099fd2bb4,2024-10,Northumbria Police,Northumbria Police,-1.599928,55.133106,On or near Glebe Road,E01027523,Northumberland 021F,Criminal damage and arson,Investigation complete; no suspect identified,
76e55e852aaf5ce0975091c2bb51f635a2e51275ec8524e51762d1c7edc94bf8,2024-10,Northumbria Police,Northumbria Police,-1.612097,55.131752,On or near Netherton Lane,E01027523,Northumberland 021F,Other theft,Status update unavailable,
c85cccf5b97586b5eba06b994dc2758a3f2053076cdf0973e50f288147169fe4,2024-10,Northumbria Police,Northumbria Police,-1.604121,55.132634,On or near B1331,E01027523,Northumberland 021F,Possession of weapons,Investigation complete; no suspect identified,
b59545a14c543420b45c8f541fff257211b7218721494dd650345d8e09fd5eec,2024-10,Northumbria Police,Northumbria Police,-1.607695,55.132771,On or near Supermarket,E01027523,Northumberland 021F,Shoplifting,Investigation complete; no suspect identified,
73aefb7eadaa1081125bcd1f93299f064ad3eaf4a4aed2d14883d8ea04947baa,2024-10,Northumbria Police,Northumbria Police,-1.607695,55.132771,On or near Supermarket,E01027523,Northumberland 021F,Shoplifting,Investigation complete; no suspect identified,
f4d8202d17e917d20512c18f45eceeb1e6a11e543fa2f59c5afe77f43e7ba788,2024-10,Northumbria Police,Northumbria Police,-1.607695,55.132771,On or near Supermarket,E01027523,Northumberland 021F,Shoplifting,Investigation complete; no suspect identified,
b36c0419dda39f7413b0c251200ce53118e89352b52ffa0c94b25eb8f3fc37e7,2024-10,Northumbria Police,Northumbria Police,-1.607695,55.132771,On or near Supermarket,E01027523,Northumberland 021F,Shoplifting,Investigation complete; no suspect identified,
3b2ba45ba9269071f6ea1c1fa1695963803f89b50d3d00250c70710b8c9aa167,2024-10,Northumbria Police,Northumbria Police,-1.607695,55.132771,On or near Supermarket,E01027523,Northumberland 021F,Shoplifting,Investigation complete; no suspect identified,
b9705f280b9d2e7fe107c16240de893a2c3db4fd52fe61efd79b2318980bdd40,2024-10,Northumbria Police,Northumbria Police,-1.601611,55.131098,On or near Catholic Row,E01027523,Northumberland 021F,Violence and sexual offences,Status update unavailable,
bb54fbd1afa75c95886bfcfe88c3218f6bd9fd81b045cc53257c1b448a489b1b,2024-10,Northumbria Police,Northumbria Police,-1.604121,55.132634,On or near B1331,E01027523,Northumberland 021F,Violence and sexual offences,Status update unavailable,
,2024-10,Northumbria Police,Northumbria Police,-1.533497,55.125726,On or near Hall Green,E01027392,Northumberland 022A,Anti-social behaviour,,
,2024-10,Northumbria Police,Northumbria Police,-1.524774,55.132710,On or near Drift Gardens,E01027392,Northumberland 022A,Anti-social behaviour,,
,2024-10,Northumbria Police,Northumbria Police,-1.537554,55.127511,On or near Eston Court,E01027392,Northumberland 022A,Anti-social behaviour,,
d1f372d8da3ba4290b10f200c296b9a06ae09069dcf8810ba3ec05d599805696,2024-10,Northumbria Police,Northumbria Police,-1.528010,55.131622,On or near Petrol Station,E01027392,Northumberland 022A,Burglary,Status update unavailable,
863352e883f4a50cb20674b65404954008b572fc79c9922e617f669550748e1d,2024-10,Northumbria Police,Northumbria Police,-1.528010,55.131622,On or near Petrol Station,E01027392,Northumberland 022A,Burglary,Status update unavailable,
7f5c55ee08cd09b7176806393c0510cffb8b8673a4e08599abdd4d9780c0498b,2024-10,Northumbria Police,Northumbria Police,-1.524774,55.132710,On or near Drift Gardens,E01027392,Northumberland 022A,Burglary,Investigation complete; no suspect identified,
97058ec8b60a2dd4f0d68ee6b6a4a0f359775e0ebaaa111743c95d1ebb5bf8f1,2024-10,Northumbria Police,Northumbria Police,-1.524774,55.132710,On or near Drift Gardens,E01027392,Northumberland 022A,Criminal damage and arson,Investigation complete; no suspect identified,
1b41816d9ad1e0c4e3ac2755961d522f8ca4d2e8fdaa8898428754113620a642,2024-10,Northumbria Police,Northumbria Police,-1.524913,55.131988,On or near Supermarket,E01027392,Northumberland 022A,Possession of weapons,Court result unavailable,
1e6d69ce920055d0fb1e28fded4d722d4493aa02a7d971b89ea5e940926a0929,2024-10,Northumbria Police,Northumbria Police,-1.530693,55.126802,On or near Thorneyburn Way,E01027392,Northumberland 022A,Possession of weapons,Investigation complete; no suspect identified,
efe27f2d2a49d99c297396b32b4604bcbcb3c3ad2807d13d8b1d15bf56e519fc,2024-10,Northumbria Police,Northumbria Police,-1.534089,55.132854,On or near Cowley Road,E01027392,Northumberland 022A,Public order,Status update unavailable,
d9f041b0e6793ee655d69422d93dba3258a1b5c330e4b896fda28dcbac444c33,2024-10,Northumbria Police,Northumbria Police,-1.536900,55.131175,On or near Supermarket,E01027392,Northumberland 022A,Public order,Investigation complete; no suspect identified,
3f90f1426ae6ee858d072f3739ccda3ed5f483b5122d1917d859582a00d6b71e,2024-10,Northumbria Police,Northumbria Police,-1.524774,55.132710,On or near Drift Gardens,E01027392,Northumberland 022A,Public order,Status update unavailable,
6e1efdf01212f176ebf29ba12dc8161c02f675c7f60e966a0ed1258e34305bb0,2024-10,Northumbria Police,Northumbria Police,-1.535234,55.128734,On or near The Orchards,E01027392,Northumberland 022A,Robbery,Status update unavailable,
58371be2eef95a2da85085b2b7784f4a43715fc41368f8dd912dc6bfd2a2ce67,2024-10,Northumbria Police,Northumbria Police,-1.536900,55.131175,On or near Supermarket,E01027392,Northumberland 022A,Shoplifting,Investigation complete; no suspect identified,
aae864404be6bdbba4f705aeae858a820d29b4f0e898de1bd38f1c2023609964,2024-10,Northumbria Police,Northumbria Police,-1.524913,55.131988,On or near Supermarket,E01027392,Northumberland 022A,Shoplifting,Court result unavailable,
af3a9b46175ee0de254bb6f056d6acbe091bcceaa7948b56e2dc7690fcb04f00,2024-10,Northumbria Police,Northumbria Police,-1.536900,55.131175,On or near Supermarket,E01027392,Northumberland 022A,Shoplifting,Investigation complete; no suspect identified,
f2fdfac1907330ae22dfe8c0e2a852f13fa811de99d1985e62e82c464622d42f,2024-10,Northumbria Police,Northumbria Police,-1.534725,55.132030,On or near Supermarket,E01027392,Northumberland 022A,Shoplifting,Investigation complete; no suspect identified,
82ff9345a35a79b12c5f7eb7a748d19da0ae69f612ddf573780506ea67c7c902,2024-10,Northumbria Police,Northumbria Police,-1.536900,55.131175,On or near Supermarket,E01027392,Northumberland 022A,Shoplifting,Investigation complete; no suspect identified,
2189d2c18b716a4d0170a45fac4bb33d6a3a3fc626aa7829dc059d9ffa04176c,2024-10,Northumbria Police,Northumbria Police,-1.536159,55.124702,On or near Brierley Road,E01027392,Northumberland 022A,Shoplifting,Status update unavailable,
5cc941c9efd252bdadadef9e727e363a3cc8026329771d3f1db1d08ab2549ba2,2024-10,Northumbria Police,Northumbria Police,-1.536900,55.131175,On or near Supermarket,E01027392,Northumberland 022A,Shoplifting,Investigation complete; no suspect identified,
b6ee7a11b1b03e154dc19fb77d8ae8e885ceac524636206b4b14c8acbf57c4f2,2024-10,Northumbria Police,Northumbria Police,-1.536159,55.124702,On or near Brierley Road,E01027392,Northumberland 022A,Shoplifting,Status update unavailable,
7456fdffae8dd0942ff91b0d7d856ea95ca57ae99c6aa9c22d0744724cca827a,2024-10,Northumbria Police,Northumbria Police,-1.535528,55.126407,On or near Cragton Gardens,E01027392,Northumberland 022A,Theft from the person,Investigation complete; no suspect identified,
a9830e0798a3278233d7a5279c230105eac9e6c31c40cf70046c1e45810be4eb,2024-10,Northumbria Police,Northumbria Police,-1.533889,55.129798,On or near Cowley Place,E01027392,Northumberland 022A,Violence and sexual offences,Status update unavailable,
03036a89b0af9a0d7b86b6b66bb83e9bce779b4a1384088c86ade6fc025ff06e,2024-10,Northumbria Police,Northumbria Police,-1.538391,55.127002,On or near Brandon Close,E01027392,Northumberland 022A,Violence and sexual offences,Status update unavailable,
5372f7d919fe28b8d7e258cfbdef07470a24d77903915f821ae7329e522dfaa6,2024-10,Northumbria Police,Northumbria Police,-1.524913,55.131988,On or near Supermarket,E01027392,Northumberland 022A,Violence and sexual offences,Investigation complete; no suspect identified,
9bf750c9f1369c5693587028cc01f8c9eb4e8ccaf68ea3c9376ed4df720cb6b8,2024-10,Northumbria Police,Northumbria Police,-1.530693,55.126802,On or near Thorneyburn Way,E01027392,Northumberland 022A,Violence and sexual offences,Status update unavailable,
b43a5150858897b6efe763784f3c3ff6e73abc344ed78bd3f8aa7102237b7ce3,2024-10,Northumbria Police,Northumbria Police,-1.535528,55.126407,On or near Cragton Gardens,E01027392,Northumberland 022A,Violence and sexual offences,Status update unavailable,
dec3f28584e3865853d90a30a0622b04361197f584fc50014af7291e26fd560a,2024-10,Northumbria Police,Northumbria Police,-1.534517,55.126988,On or near Dene View Drive,E01027392,Northumberland 022A,Violence and sexual offences,Status update unavailable,
,2024-10,Northumbria Police,Northumbria Police,-1.538510,55.126167,On or near Devonworth Place,E01027393,Northumberland 022B,Anti-social behaviour,,
,2024-10,Northumbria Police,Northumbria Police,-1.540298,55.126156,On or near Bankdale Gardens,E01027393,Northumberland 022B,Anti-social behaviour,,
8703c85ef1c6de5ac3756db8fe374297236621b72488ddab1ca33346399300a0,2024-10,Northumbria Police,Northumbria Police,-1.534160,55.123985,On or near Gareston Close,E01027393,Northumberland 022B,Criminal damage and arson,Investigation complete; no suspect identified,
f0f23fcfb620a9d8153cde6e6b13a747863ab6db5979a5fed465a172e8b25380,2024-10,Northumbria Police,Northumbria Police,-1.534919,55.123467,On or near Axwell Drive,E01027393,Northumberland 022B,Possession of weapons,Investigation complete; no suspect identified,
f868ecddb9ba7683f91d039a64309969d1bb0f2d9c2c5ffd1294f25e6750db36,2024-10,Northumbria Police,Northumbria Police,-1.540298,55.126156,On or near Bankdale Gardens,E01027393,Northumberland 022B,Public order,Status update unavailable,
3c6ad48792f40c8d5098f8d1faba2e51fb27383cd0c749ead7930de18013e201,2024-10,Northumbria Police,Northumbria Police,-1.540298,55.126156,On or near Bankdale Gardens,E01027393,Northumberland 022B,Public order,Status update unavailable,
cf0f04127e2e7e102db23a44701656aafaa4c9f4b2ad370a8553bcb92bdf3e0a,2024-10,Northumbria Police,Northumbria Police,-1.534983,55.123377,On or near Redesdale Place,E01027393,Northumberland 022B,Violence and sexual offences,Offender given a caution,
39a8abd49bbfb885a228e776cd630d1a6a90353a8badb67bfedbc0e557e31ec4,2024-10,Northumbria Police,Northumbria Police,-1.534160,55.123985,On or near Gareston Close,E01027393,Northumberland 022B,Violence and sexual offences,Status update unavailable,
be0691faa44f83aeb621a6a0a6b748a2bcf22de07dc75680f82c4f93b9a2d32a,2024-10,Northumbria Police,Northumbria Police,-1.534919,55.123467,On or near Axwell Drive,E01027393,Northumberland 022B,Violence and sexual offences,Status update unavailable,
18e51785e1b6b814becfffc1bf46d8e6ce045211bbd7c5c4d8905ff87d0560e6,2024-10,Northumbria Police,Northumbria Police,-1.540298,55.126156,On or near Bankdale Gardens,E01027393,Northumberland 022B,Violence and sexual offences,Status update unavailable,
a72291ee085479baff03a1cf096efbc0c660e003e3c1627b4eed6043b327c5d4,2024-10,Northumbria Police,Northumbria Police,-1.540046,55.124888,On or near Ravensdale Grove,E01027393,Northumberland 022B,Violence and sexual offences,Investigation complete; no suspect identified,
,2024-10,Northumbria Police,Northumbria Police,-1.518055,55.133223,On or near Willow Avenue,E01027416,Northumberland 022C,Anti-social behaviour,,
3a4b61b33e43375301f32e00cd9e4be9f9bd95503e2f739cadb609b2e717dee2,2024-10,Northumbria Police,Northumbria Police,-1.518040,55.131803,On or near Hodgsons Road,E01027416,Northumberland 022C,Criminal damage and arson,Investigation complete; no suspect identified,
a06386ab0176d803840ddc737d14a0835d1ee3e9a08c144d7a3ea4f8f875a875,2024-10,Northumbria Police,Northumbria Police,-1.518040,55.131803,On or near Hodgsons Road,E01027416,Northumberland 022C,Criminal damage and arson,Investigation complete; no suspect identified,
3be7e0db2d6af0ea42d946a9d206f06d17d2025b0cc77d9f476816c1dda5d114,2024-10,Northumbria Police,Northumbria Police,-1.512986,55.129563,On or near Merton Square,E01027416,Northumberland 022C,Drugs,Status update unavailable,
c7c26c2830cbb0831cf23c6161030313b4c14c0aa8ae4c4a80f6bf17b3509de5,2024-10,Northumbria Police,Northumbria Police,-1.518014,55.130096,On or near Durban Street,E01027416,Northumberland 022C,Other theft,Investigation complete; no suspect identified,
601ac0e5458a95a0d87cb8f7774236c925c5b0f786b598d810bf3d063bf96b5b,2024-10,Northumbria Police,Northumbria Police,-1.514929,55.132276,On or near The Close,E01027416,Northumberland 022C,Violence and sexual offences,Status update unavailable,
273cf1a3357645f1e349c896ac7540272842de0af4adcab2df942cfa010a0c33,2024-10,Northumbria Police,Northumbria Police,-1.519606,55.130713,On or near Laburnum Avenue,E01027416,Northumberland 022C,Violence and sexual offences,Status update unavailable,
498cc43f8d3e2fd79b4378bc8f1d56e7ba5c45a42626e4b6841e9d049db9d8a2,2024-10,Northumbria Police,Northumbria Police,-1.520684,55.132410,On or near Sports/Recreation Area,E01027416,Northumberland 022C,Violence and sexual offences,Status update unavailable,
a2bc7c8337cdf720e5ce23d265e19307fe3e39388dc923147c5eba37d195dfce,2024-10,Northumbria Police,Northumbria Police,-1.512986,55.129563,On or near Merton Square,E01027416,Northumberland 022C,Violence and sexual offences,Status update unavailable,
0751f0695d46b7b39452f9c2e2d8c802376c288940d1f3fb854bbb8720e86a52,2024-10,Northumbria Police,Northumbria Police,-1.519606,55.130713,On or near Laburnum Avenue,E01027416,Northumberland 022C,Violence and sexual offences,Status update unavailable,
4d84719fc1fac7d40ca1943e2f7c516dc0856d330cb0ac0e3f2851af56a1f69b,2024-10,Northumbria Police,Northumbria Police,-1.517653,55.132682,On or near Sycamore Avenue,E01027416,Northumberland 022C,Violence and sexual offences,Status update unavailable,
a5045eb5aba651720ecf3c3174a8ef541bde30d023cbc91d9b6529989267b6ac,2024-10,Northumbria Police,Northumbria Police,-1.520684,55.132410,On or near Sports/Recreation Area,E01027416,Northumberland 022C,Violence and sexual offences,Status update unavailable,
1c1d35d70ecdc2cb715e76af492f9dac71bd1391973d93332523213d5c87676f,2024-10,Northumbria Police,Northumbria Police,-1.516107,55.132182,On or near Grieve Street,E01027416,Northumberland 022C,Violence and sexual offences,Status update unavailable,
5772f678e68bfa7a1cec92afd5824b5bea0e82c5f93f64a37023297ccd4d3566,2024-10,Northumbria Police,Northumbria Police,-1.519806,55.129734,On or near Silver Birch Close,E01027416,Northumberland 022C,Violence and sexual offences,Court result unavailable,
5ded7ca2fd45346f9858b3ee75f6b22c01a363d1e6f9ccf557bf968c62e3c98d,2024-10,Northumbria Police,Northumbria Police,-1.517653,55.132682,On or near Sycamore Avenue,E01027416,Northumberland 022C,Violence and sexual offences,Status update unavailable,
623b86f502f79f536c3d923bd235ccb5368f8ba2a57f8506f8d943e285c2e2cb,2024-10,Northumbria Police,Northumbria Police,-1.518014,55.130096,On or near Durban Street,E01027416,Northumberland 022C,Other crime,Status update unavailable,
,2024-10,Northumbria Police,Northumbria Police,-1.543378,55.129735,On or near Fenwick Grove,E01027424,Northumberland 022D,Anti-social behaviour,,
,2024-10,Northumbria Police,Northumbria Police,-1.543132,55.126580,On or near Chasedale Crescent,E01027424,Northumberland 022D,Anti-social behaviour,,
,2024-10,Northumbria Police,Northumbria Police,-1.543378,55.129735,On or near Fenwick Grove,E01027424,Northumberland 022D,Anti-social behaviour,,
,2024-10,Northumbria Police,Northumbria Police,-1.543378,55.129735,On or near Fenwick Grove,E01027424,Northumberland 022D,Anti-social behaviour,,
,2024-10,Northumbria Police,Northumbria Police,-1.543378,55.129735,On or near Fenwick Grove,E01027424,Northumberland 022D,Anti-social behaviour,,
,2024-10,Northumbria Police,Northumbria Police,-1.543378,55.129735,On or near Fenwick Grove,E01027424,Northumberland 022D,Anti-social behaviour,,
,2024-10,Northumbria Police,Northumbria Police,-1.543378,55.129735,On or near Fenwick Grove,E01027424,Northumberland 022D,Anti-social behaviour,,
,2024-10,Northumbria Police,Northumbria Police,-1.543378,55.129735,On or near Fenwick Grove,E01027424,Northumberland 022D,Anti-social behaviour,,
32b7c8532e9dc1cf55a2fa219426ede3ac54434095aaa5a60848d4b4d7a0251e,2024-10,Northumbria Police,Northumbria Police,-1.544270,55.129900,On or near Windmill Grove,E01027424,Northumberland 022D,Criminal damage and arson,Status update unavailable,
4d0741f7bb056d2ec1668de52e506447a01923813e20134fd42aec1b0e48e33e,2024-10,Northumbria Police,Northumbria Police,-1.545912,55.130319,On or near Tweedy Street,E01027424,Northumberland 022D,Drugs,Status update unavailable,
3f50c13ca8353f222af4f213b05a4c80f62e50e2026c946c8fee5c1ce142bfe3,2024-10,Northumbria Police,Northumbria Police,-1.545569,55.127344,On or near Ferndale Close,E01027424,Northumberland 022D,Other theft,Investigation complete; no suspect identified,
a4904c6afba3f4ba3fbb1de86990135397d60b8051a14a02ee8c3c8cf0b6b04f,2024-10,Northumbria Police,Northumbria Police,-1.540331,55.130074,On or near Craigmill Park,E01027424,Northumberland 022D,Public order,Status update unavailable,
61666ceaca97aaf381af363bcccad3bea39dfcb9d1f4393a76f2092fd9cd0a3c,2024-10,Northumbria Police,Northumbria Police,-1.547621,55.130326,On or near Sidney Gardens,E01027424,Northumberland 022D,Public order,Status update unavailable,
fae493c69c27df5df2628080876fd25cd4529920ae942c063e115fe8de970cd3,2024-10,Northumbria Police,Northumbria Police,-1.543378,55.129735,On or near Fenwick Grove,E01027424,Northumberland 022D,Public order,Investigation complete; no suspect identified,
d800c2e9390a6d450a20c88a57fcd68b03a80241efea5cc762699d2ed331d3fb,2024-10,Northumbria Police,Northumbria Police,-1.550453,55.129572,On or near Maple Crescent,E01027424,Northumberland 022D,Violence and sexual offences,Offender given a caution,
37f2f752a7a0615b494f941f993dc756e625e691439a1f5fd7a96cf762bb8b84,2024-10,Northumbria Police,Northumbria Police,-1.540331,55.130074,On or near Craigmill Park,E01027424,Northumberland 022D,Violence and sexual offences,Status update unavailable,
85bc3cfc76dc13aa540972e78e684d007d9f7f1d80fbda3523078f3b8456a640,2024-10,Northumbria Police,Northumbria Police,-1.544270,55.129900,On or near Windmill Grove,E01027424,Northumberland 022D,Violence and sexual offences,Status update unavailable,
c0ad1f85048f5815b742e38a9c72ce01988585b9e2de26b7a8b5dfef6cb6c794,2024-10,Northumbria Police,Northumbria Police,-1.547621,55.130326,On or near Sidney Gardens,E01027424,Northumberland 022D,Violence and sexual offences,Investigation complete; no suspect identified,
d09ab38e123140944db10244b73701b24e15d4e30859ec579081cad96d3bb6d8,2024-10,Northumbria Police,Northumbria Police,-1.545912,55.130319,On or near Tweedy Street,E01027424,Northumberland 022D,Violence and sexual offences,Status update unavailable,
a1bfa704967dce9450727f2d2931649f74a28463767748c1825d2b23a5017914,2024-10,Northumbria Police,Northumbria Police,-1.545912,55.130319,On or near Tweedy Street,E01027424,Northumberland 022D,Violence and sexual offences,Court result unavailable,
3ebcca62a00aef02fc72f43d4b3d4c66d483842cb8c79e94987304f13917588a,2024-10,Northumbria Police,Northumbria Police,-1.550453,55.129572,On or near Maple Crescent,E01027424,Northumberland 022D,Violence and sexual offences,Status update unavailable,
94d256cf230f009a01c1acff37c50665d998fbab89406a2728ba239384a0c96c,2024-10,Northumbria Police,Northumbria Police,-1.547045,55.128544,On or near Teesdale Place,E01027424,Northumberland 022D,Violence and sexual offences,Status update unavailable,
c17bd469c3c95548d4c408c25049b2788d2d10e90a9520b4aa402377849b725b,2024-10,Northumbria Police,Northumbria Police,-1.547621,55.130326,On or near Sidney Gardens,E01027424,Northumberland 022D,Violence and sexual offences,Status update unavailable,
3d05198ff55a3537d198bc4f2c5e7911828a7b1330f31cd17f6938505724e8c7,2024-10,Northumbria Police,Northumbria Police,-1.541108,55.129376,On or near Nidderdale Close,E01027424,Northumberland 022D,Other crime,Status update unavailable,
,2024-10,Northumbria Police,Northumbria Police,-1.511827,55.124311,On or near Collingwood Terrace,E01027414,Northumberland 023A,Anti-social behaviour,,
,2024-10,Northumbria Police,Northumbria Police,-1.510858,55.126634,On or near B1328,E01027414,Northumberland 023A,Anti-social behaviour,,
,2024-10,Northumbria Police,Northumbria Police,-1.511827,55.124311,On or near Collingwood Terrace,E01027414,Northumberland 023A,Anti-social behaviour,,
,2024-10,Northumbria Police,Northumbria Police,-1.510858,55.126634,On or near B1328,E01027414,Northumberland 023A,Anti-social behaviour,,
a67a33accbb979c583603f51e4a19d58e99804ff44e716ba377083a9cfc41dc9,2024-10,Northumbria Police,Northumbria Police,-1.507090,55.124454,On or near Oxford Street,E01027414,Northumberland 023A,Burglary,Status update unavailable,
cfc318479f55148fc289d4eb9262d702aa678006fa418a82afd76640cb436138,2024-10,Northumbria Police,Northumbria Police,-1.510517,55.123695,On or near Haughton Terrace,E01027414,Northumberland 023A,Criminal damage and arson,Investigation complete; no suspect identified,
bead0b7e20fcc48cd6a77ec14af27f2c8ab07ff0dd87a1cb1ed247c83a9b267f,2024-10,Northumbria Police,Northumbria Police,-1.510858,55.126634,On or near B1328,E01027414,Northumberland 023A,Criminal damage and arson,Status update unavailable,
88d353890ac97b630bb5ad6d87e345c6671fe70b3b72cc587861fe941e236324,2024-10,Northumbria Police,Northumbria Police,-1.510858,55.126634,On or near B1328,E01027414,Northumberland 023A,Other theft,Investigation complete; no suspect identified,
72616e336cde2e969872c47162e8ba0616aa8b2b84728b6a9b8295d6eacdba83,2024-10,Northumbria Police,Northumbria Police,-1.512870,55.126229,On or near Waterloo Road,E01027414,Northumberland 023A,Other theft,Investigation complete; no suspect identified,
0e4ee0781e4395fe90539e2e36aac685b1b7b02d2cf6a7f78ade42b2a60b80ff,2024-10,Northumbria Police,Northumbria Police,-1.507090,55.124454,On or near Oxford Street,E01027414,Northumberland 023A,Other theft,Investigation complete; no suspect identified,
cfacf070093c53b1a59577dc9f8e1232d3e95942fd3920745d93344c95cf3b33,2024-10,Northumbria Police,Northumbria Police,-1.510858,55.126634,On or near B1328,E01027414,Northumberland 023A,Public order,Investigation complete; no suspect identified,
bd527b4b20b69faf2aa3970162bb0999dd48ebe9bd2446c419030c3cc5580e6b,2024-10,Northumbria Police,Northumbria Police,-1.510858,55.126634,On or near B1328,E01027414,Northumberland 023A,Shoplifting,Investigation complete; no suspect identified,
a95726f38d51a1f1d78982ca6b14c0cd9dc75def0dd29e47d8037c6a1cc9e8d2,2024-10,Northumbria Police,Northumbria Police,-1.510858,55.126634,On or near B1328,E01027414,Northumberland 023A,Shoplifting,Investigation complete; no suspect identified,
54c6abf35bf7020a2fa2b232680fd8abff6668f632ff16c08432c7b4df28a080,2024-10,Northumbria Police,Northumbria Police,-1.510858,55.126634,On or near B1328,E01027414,Northumberland 023A,Shoplifting,Investigation complete; no suspect identified,
4981498337c01cee39d2b15f4170bf2af3a5cb2db3ae37213ed089e346cf1316,2024-10,Northumbria Police,Northumbria Police,-1.510858,55.126634,On or near B1328,E01027414,Northumberland 023A,Shoplifting,Court result unavailable,
572a91e490745ff06c3cf613b57254e0e417b8d633ac69f0f85e58a9ef316f42,2024-10,Northumbria Police,Northumbria Police,-1.510858,55.126634,On or near B1328,E01027414,Northumberland 023A,Shoplifting,Court result unavailable,
1f93e53d357904abe314f94b53ab320bfcead4fbd821e2a10d757b17ff404fda,2024-10,Northumbria Police,Northumbria Police,-1.510858,55.126634,On or near B1328,E01027414,Northumberland 023A,Shoplifting,Court result unavailable,
7203ab71716486541bd61b9d2b76813d648202760d542dae1810e6961d2d9fd6,2024-10,Northumbria Police,Northumbria Police,-1.510858,55.126634,On or near B1328,E01027414,Northumberland 023A,Shoplifting,Court result unavailable,
d9b0e60cf4f4e53aa4f33cac566ce34e4dd26b28f785de94f4ee4898c80b9348,2024-10,Northumbria Police,Northumbria Police,-1.507404,55.125668,On or near Union Street,E01027414,Northumberland 023A,Vehicle crime,Status update unavailable,
7bd78dcb2e4676cf55cca9eb5e139cd221be2020f389725938eda7d7597fcc4f,2024-10,Northumbria Police,Northumbria Police,-1.506237,55.124917,On or near Coburg Street,E01027414,Northumberland 023A,Violence and sexual offences,Status update unavailable,
c165b213932671c7a59e576345fb0869b3bc4b6d493612a77c7e3445db2b190d,2024-10,Northumbria Police,Northumbria Police,-1.506237,55.124917,On or near Coburg Street,E01027414,Northumberland 023A,Violence and sexual offences,Investigation complete; no suspect identified,
25a52c2162c2a2e1862a7d7c17c431e3b2b5e731ccdf08f5e292258771a85013,2024-10,Northumbria Police,Northumbria Police,-1.507090,55.124454,On or near Oxford Street,E01027414,Northumberland 023A,Violence and sexual offences,Investigation complete; no suspect identified,
d3dbc4c340d8648406e172e5bde980f5545de29f48b1695eb3051eaa4581e4e2,2024-10,Northumbria Police,Northumbria Police,-1.510858,55.126634,On or near B1328,E01027414,Northumberland 023A,Violence and sexual offences,Investigation complete; no suspect identified,
8ff8d8323df2687099efe147b41f43ea21b22c03f117a24b949255a80a03964d,2024-10,Northumbria Police,Northumbria Police,-1.510517,55.123695,On or near Haughton Terrace,E01027414,Northumberland 023A,Violence and sexual offences,Status update unavailable,
312107e44dd6f5991097bf3e6b9c1cd2171bf207c63113a86f96a383aac43ede,2024-10,Northumbria Police,Northumbria Police,-1.507090,55.124454,On or near Oxford Street,E01027414,Northumberland 023A,Violence and sexual offences,Status update unavailable,
9ded0207860f13be7e6c52190f6446370b56b870e862685b694bfd2ebeaf53cf,2024-10,Northumbria Police,Northumbria Police,-1.507404,55.125668,On or near Union Street,E01027414,Northumberland 023A,Violence and sexual offences,Status update unavailable,
e61db90487d7b94a49711cfc1ee10db15abbec7afa48c197d158e01367375842,2024-10,Northumbria Police,Northumbria Police,-1.512870,55.126229,On or near Waterloo Road,E01027414,Northumberland 023A,Violence and sexual offences,Status update unavailable,
0869aab007934524bd2780b83aaa1db7409581fc20a5453a487c8ba116f308e8,2024-10,Northumbria Police,Northumbria Police,-1.512870,55.126229,On or near Waterloo Road,E01027414,Northumberland 023A,Violence and sexual offences,Status update unavailable,
f515b53d041b7d48c0f8cefd3ad6e1f61ecea16401cff29e0eafd146b1ff5676,2024-10,Northumbria Police,Northumbria Police,-1.507090,55.124454,On or near Oxford Street,E01027414,Northumberland 023A,Violence and sexual offences,Investigation complete; no suspect identified,
dfc12d795b670cf96b008c442cc89c9f8f42a1afa9d378a1077f55e0aa459ecd,2024-10,Northumbria Police,Northumbria Police,-1.509163,55.124156,On or near Richard Street,E01027414,Northumberland 023A,Other crime,Court result unavailable,
c30e9c3a1a2cdb46ccff93277e36f369c98a375d5782919e9bb91bdd126f5e7d,2024-10,Northumbria Police,Northumbria Police,-1.507090,55.124454,On or near Oxford Street,E01027414,Northumberland 023A,Other crime,Status update unavailable,
,2024-10,Northumbria Police,Northumbria Police,-1.508442,55.126715,On or near Back Croft Road,E01027415,Northumberland 023B,Anti-social behaviour,,
,2024-10,Northumbria Police,Northumbria Police,-1.517260,55.128879,On or near Beaumont Street,E01027415,Northumberland 023B,Anti-social behaviour,,
,2024-10,Northumbria Police,Northumbria Police,-1.516402,55.131096,On or near Balfour Street,E01027415,Northumberland 023B,Anti-social behaviour,,
,2024-10,Northumbria Police,Northumbria Police,-1.515399,55.127183,On or near Delaval Terrace,E01027415,Northumberland 023B,Anti-social behaviour,,
,2024-10,Northumbria Police,Northumbria Police,-1.512731,55.127578,On or near Shopping Area,E01027415,Northumberland 023B,Anti-social behaviour,,
,2024-10,Northumbria Police,Northumbria Police,-1.512731,55.127578,On or near Shopping Area,E01027415,Northumberland 023B,Anti-social behaviour,,
,2024-10,Northumbria Police,Northumbria Police,-1.508463,55.127532,On or near Shopping Area,E01027415,Northumberland 023B,Anti-social behaviour,,
,2024-10,Northumbria Police,Northumbria Police,-1.511806,55.126000,On or near Bondicar Terrace,E01027415,Northumberland 023B,Anti-social behaviour,,
,2024-10,Northumbria Police,Northumbria Police,-1.516001,55.126646,On or near Edward Street,E01027415,Northumberland 023B,Anti-social behaviour,,
,2024-10,Northumbria Police,Northumbria Police,-1.508442,55.126715,On or near Back Croft Road,E01027415,Northumberland 023B,Anti-social behaviour,,
,2024-10,Northumbria Police,Northumbria Police,-1.517348,55.130704,On or near Hambledon Street,E01027415,Northumberland 023B,Anti-social behaviour,,
,2024-10,Northumbria Police,Northumbria Police,-1.510005,55.128356,On or near Seaforth Street,E01027415,Northumberland 023B,Anti-social behaviour,,
,2024-10,Northumbria Police,Northumbria Police,-1.512731,55.127578,On or near Shopping Area,E01027415,Northumberland 023B,Anti-social behaviour,,
,2024-10,Northumbria Police,Northumbria Police,-1.517260,55.128879,On or near Beaumont Street,E01027415,Northumberland 023B,Anti-social behaviour,,
1eb61698fa211e37d220feb258b85c6c2202bc01bdff9e84875b05d18e886d99,2024-10,Northumbria Police,Northumbria Police,-1.518502,55.128633,On or near Arcot Terrace,E01027415,Northumberland 023B,Burglary,Investigation complete; no suspect identified,
a09fd79a0810d2206bf05857df32c3e784cccdf0a8cdace7b61052f8bee918be,2024-10,Northumbria Police,Northumbria Police,-1.516001,55.126646,On or near Edward Street,E01027415,Northumberland 023B,Burglary,Court result unavailable,
7a41ce23aae625b8c40f4f0531f39dcdfc45861a8e4fce86b088362554730aa2,2024-10,Northumbria Police,Northumbria Police,-1.514506,55.129668,On or near Hall Terrace,E01027415,Northumberland 023B,Criminal damage and arson,Investigation complete; no suspect identified,
2783cd72121acf615a10f77de4166643960fc43f419d0e982a6877ef7dd0bc20,2024-10,Northumbria Police,Northumbria Police,-1.514290,55.126765,On or near Bowes Court,E01027415,Northumberland 023B,Criminal damage and arson,Investigation complete; no suspect identified,
d8744643331e459f3b01d61fe7fc6c18ea72974041a49d525473bcce7ef1ab8b,2024-10,Northumbria Police,Northumbria Police,-1.512453,55.126991,On or near Parking Area,E01027415,Northumberland 023B,Criminal damage and arson,Investigation complete; no suspect identified,
84c6edf084bac2d6605460014917aa5f5e43a01aded9e4fd0dddaf7915b4bcf8,2024-10,Northumbria Police,Northumbria Police,-1.516390,55.129532,On or near Gladstone Street,E01027415,Northumberland 023B,Criminal damage and arson,Investigation complete; no suspect identified,
877882e3f0815ee04238bcd56004b60e9d371e6dd01e87312d3c5cdd317c8c41,2024-10,Northumbria Police,Northumbria Police,-1.514506,55.129668,On or near Hall Terrace,E01027415,Northumberland 023B,Criminal damage and arson,Investigation complete; no suspect identified,
8ea53215cb7c3f647e0b2bd53a44e600874e6235fed5c16d7f96431de6c38cb1,2024-10,Northumbria Police,Northumbria Police,-1.512453,55.126991,On or near Parking Area,E01027415,Northumberland 023B,Criminal damage and arson,Investigation complete; no suspect identified,
0c5017db7cbf0e32c154ccf80a58065ccb6d9cae85adeb26ac4d6e659e2cb674,2024-10,Northumbria Police,Northumbria Police,-1.513453,55.128586,On or near Summers Street,E01027415,Northumberland 023B,Criminal damage and arson,Awaiting court outcome,
0681e8730a74e6b3e442e39562832bdca4bf5dca5a1b9a01ed5ac803b74a0a86,2024-10,Northumbria Police,Northumbria Police,-1.513560,55.128766,On or near French Street,E01027415,Northumberland 023B,Drugs,Status update unavailable,
42095d167f36892c091a38fb514ca2855714d9c7021705e2da0eaf7678844259,2024-10,Northumbria Police,Northumbria Police,-1.516390,55.129532,On or near Gladstone Street,E01027415,Northumberland 023B,Drugs,Investigation complete; no suspect identified,
10f7b40dd4c96684074489701eb6814443cc585a65011df708fb6e555134615a,2024-10,Northumbria Police,Northumbria Police,-1.516390,55.129532,On or near Gladstone Street,E01027415,Northumberland 023B,Other theft,Investigation complete; no suspect identified,
3f390a2c0745e22f18b6ff793685aae909cbf108ab737f5bd2b07708b3e0f7f7,2024-10,Northumbria Police,Northumbria Police,-1.512731,55.127578,On or near Shopping Area,E01027415,Northumberland 023B,Other theft,Investigation complete; no suspect identified,
481840cb683fc50ab7bb86d64fb8ec2cfe9cb5ae1e084437eb1815091822a416,2024-10,Northumbria Police,Northumbria Police,-1.515410,55.128836,On or near Wright Street,E01027415,Northumberland 023B,Public order,Status update unavailable,
37739d07aeceb8b848494ab14a77f8d206c76d60be91801946869a0c6a586532,2024-10,Northumbria Police,Northumbria Police,-1.511991,55.128867,On or near Parking Area,E01027415,Northumberland 023B,Public order,Status update unavailable,
68707d143a71c91a5f779da4ba65143f4614d6655d317088b2271357ce030313,2024-10,Northumbria Police,Northumbria Police,-1.510005,55.128356,On or near Seaforth Street,E01027415,Northumberland 023B,Public order,Status update unavailable,
7dd508aafc293ad59f27f5cfe242a58712bda3e2f2852312b011ce23acd676cc,2024-10,Northumbria Police,Northumbria Police,-1.513285,55.126905,On or near Thoroton Street,E01027415,Northumberland 023B,Public order,Court result unavailable,
cbb2ae549a9e6cb0f2dd762d0b7a41bd8b9c0fef034e7d562753864ea7eefff2,2024-10,Northumbria Police,Northumbria Police,-1.512453,55.126991,On or near Parking Area,E01027415,Northumberland 023B,Public order,Status update unavailable,
815200a241771b98da12a2a29b993652c06fb9f50c785fb51256a5373ed8e14d,2024-10,Northumbria Police,Northumbria Police,-1.516390,55.129532,On or near Gladstone Street,E01027415,Northumberland 023B,Public order,Status update unavailable,
4edd241e2c905646b655ce6ae20fa810f917ddc34e4362922e4136d2e45970fa,2024-10,Northumbria Police,Northumbria Police,-1.511991,55.128867,On or near Parking Area,E01027415,Northumberland 023B,Shoplifting,Investigation complete; no suspect identified,
94c30f5f1af27fc6ea5f0f0fdcb4f70be54f861fdee272a6e945b13a776e5c9b,2024-10,Northumbria Police,Northumbria Police,-1.510005,55.128356,On or near Seaforth Street,E01027415,Northumberland 023B,Shoplifting,Court result unavailable,
bbf10e8dde8bc08fd9bd32b8d15a93b800f3077caaa40011f5e4ffd8399dc54d,2024-10,Northumbria Police,Northumbria Police,-1.511991,55.128867,On or near Parking Area,E01027415,Northumberland 023B,Shoplifting,Investigation complete; no suspect identified,
8f2030d16689f71e10899fef692abd3c77dbf8cf2c650d2113ead22834644289,2024-10,Northumbria Police,Northumbria Police,-1.511991,55.128867,On or near Parking Area,E01027415,Northumberland 023B,Shoplifting,Status update unavailable,
b9ccfd309a0e003b94355afed0607da92da67441f8e116a6160cb44e71491d7e,2024-10,Northumbria Police,Northumbria Police,-1.511991,55.128867,On or near Parking Area,E01027415,Northumberland 023B,Shoplifting,Court result unavailable,
6aa539978d8f3255a8825a5254188f6ad07cb7af876174dec9a196251b54fb53,2024-10,Northumbria Police,Northumbria Police,-1.511991,55.128867,On or near Parking Area,E01027415,Northumberland 023B,Shoplifting,Suspect charged as part of another case,
ecb6b780ee2fe01a944ccdbfc8167316850194826bebd1ffd35be282a15a90fb,2024-10,Northumbria Police,Northumbria Police,-1.511991,55.128867,On or near Parking Area,E01027415,Northumberland 023B,Shoplifting,Investigation complete; no suspect identified,
1568f300c0f3c53428e0c60712686df663a0d0ecc81fc603be4bc4c1f5f6c41f,2024-10,Northumbria Police,Northumbria Police,-1.508675,55.126886,On or near Havelock Street,E01027415,Northumberland 023B,Shoplifting,Court result unavailable,
241d16c058f973448c2bbd612b65765f5ce533ec7a160b051aad4c19e4bd4bc7,2024-10,Northumbria Police,Northumbria Police,-1.511991,55.128867,On or near Parking Area,E01027415,Northumberland 023B,Shoplifting,Court result unavailable,
c9bc2b01c231ce2922ca0d53bfa7f764617d761196b7bf99beb42c303d825f93,2024-10,Northumbria Police,Northumbria Police,-1.511991,55.128867,On or near Parking Area,E01027415,Northumberland 023B,Shoplifting,Investigation complete; no suspect identified,
3509210cd7a072a478aa48ba62829fa68fc08b7616cc2f5d6489f6d16242507d,2024-10,Northumbria Police,Northumbria Police,-1.511991,55.128867,On or near Parking Area,E01027415,Northumberland 023B,Shoplifting,Investigation complete; no suspect identified,
26984c05ccf6a745c3e34491e0cd285e4e0c11c8831a863c0d8b40402943975b,2024-10,Northumbria Police,Northumbria Police,-1.511991,55.128867,On or near Parking Area,E01027415,Northumberland 023B,Shoplifting,Status update unavailable,
cf1c904f55eb23a2faf8fde40f6aff55dab2652de75a6ad3d45027c2b79f9abd,2024-10,Northumbria Police,Northumbria Police,-1.510005,55.128356,On or near Seaforth Street,E01027415,Northumberland 023B,Theft from the person,Investigation complete; no suspect identified,
89f7cc3d77dc00093b26a8ffacb0622b314bb1cf82f178d681eeb2eb8bc5dfa8,2024-10,Northumbria Police,Northumbria Police,-1.512731,55.127578,On or near Shopping Area,E01027415,Northumberland 023B,Theft from the person,Investigation complete; no suspect identified,
b19f3e0b941257cf19c42394de60ccfa0c465f160a7f114be93859ca8f456940,2024-10,Northumbria Police,Northumbria Police,-1.512472,55.130595,On or near Davison Street,E01027415,Northumberland 023B,Vehicle crime,Status update unavailable,
94938af7cfe513f07000f5905d0fc9ef91b70c4ac8876cc9853672f8f54c0908,2024-10,Northumbria Police,Northumbria Police,-1.511870,55.129766,On or near Regent Street,E01027415,Northumberland 023B,Vehicle crime,Investigation complete; no suspect identified,
b510901da1c84751bcc22b946e4a6d2fd5f3bfdbc35f7065bc68aaa2265cae6f,2024-10,Northumbria Police,Northumbria Police,-1.517348,55.130704,On or near Hambledon Street,E01027415,Northumberland 023B,Violence and sexual offences,Investigation complete; no suspect identified,
1a8433e73f3cc67579dba769afa499a332835bc8a3ae903c8a6d5607c6a1fd2b,2024-10,Northumbria Police,Northumbria Police,-1.510005,55.128356,On or near Seaforth Street,E01027415,Northumberland 023B,Violence and sexual offences,Investigation complete; no suspect identified,
a007156b7e130a9dba319e74589fb398cb49ba92c7154ceca3573cb4b7c55f88,2024-10,Northumbria Police,Northumbria Police,-1.517348,55.130704,On or near Hambledon Street,E01027415,Northumberland 023B,Violence and sexual offences,Investigation complete; no suspect identified,
7bd77f79e34d52ca9dc8a23eb0a0cc0f840af25e103b11405fbbde51f1ee7db0,2024-10,Northumbria Police,Northumbria Police,-1.516390,55.129532,On or near Gladstone Street,E01027415,Northumberland 023B,Violence and sexual offences,Investigation complete; no suspect identified,
7e3eaa735c5d4b3855014c7789f46d808d07344673928b20dc3828d8b1054253,2024-10,Northumbria Police,Northumbria Police,-1.516001,55.126646,On or near Edward Street,E01027415,Northumberland 023B,Violence and sexual offences,Status update unavailable,
42ca24d5198585c54793848bd2f91010c3fa92b7bc4ec05e08a96b8bbad35a18,2024-10,Northumbria Police,Northumbria Police,-1.512731,55.127578,On or near Shopping Area,E01027415,Northumberland 023B,Violence and sexual offences,Investigation complete; no suspect identified,
9ebfdf71f27fcc0f58fa2ecf5f9247fac98fc1ed6cbc6cd6bb74b8201e00a5c2,2024-10,Northumbria Police,Northumbria Police,-1.511806,55.126000,On or near Bondicar Terrace,E01027415,Northumberland 023B,Violence and sexual offences,Status update unavailable,
425b9de1953212cd6e30e4a79c8b4d8e1f7484fb4de4472445298d4eb42811bc,2024-10,Northumbria Police,Northumbria Police,-1.514506,55.129668,On or near Hall Terrace,E01027415,Northumberland 023B,Violence and sexual offences,Investigation complete; no suspect identified,
6fe6779181d370079d3f56e85a95e7c9ba36399ed86da17ebba2b4f97c681296,2024-10,Northumbria Police,Northumbria Police,-1.518502,55.128633,On or near Arcot Terrace,E01027415,Northumberland 023B,Violence and sexual offences,Status update unavailable,
ff4b0c30ba9d2958e77f40db47c4401316c27be5290c0afb634de567e21ec6a4,2024-10,Northumbria Police,Northumbria Police,-1.518502,55.128633,On or near Arcot Terrace,E01027415,Northumberland 023B,Violence and sexual offences,Status update unavailable,
e0f20a2527adf3cec0bf3bfb4409ed4374ab9eb21d2cd645c2e8c85cbb37923c,2024-10,Northumbria Police,Northumbria Police,-1.518502,55.128633,On or near Arcot Terrace,E01027415,Northumberland 023B,Violence and sexual offences,Status update unavailable,
72ac90f377f2d6cfffa40ed4cfc0b5fff4a9e5ae7a1978db435f62a9ee2742d8,2024-10,Northumbria Police,Northumbria Police,-1.516390,55.129532,On or near Gladstone Street,E01027415,Northumberland 023B,Violence and sexual offences,Status update unavailable,
cfc5a56ffbbdc389476554f9bcc3cd3cb2eebee356383628cb7005c6f7121985,2024-10,Northumbria Police,Northumbria Police,-1.512731,55.127578,On or near Shopping Area,E01027415,Northumberland 023B,Violence and sexual offences,Status update unavailable,
9feb64d757402a974042c081d628e67a951ba8821e530cd9f8962e1dacc89cf0,2024-10,Northumbria Police,Northumbria Police,-1.516001,55.126646,On or near Edward Street,E01027415,Northumberland 023B,Violence and sexual offences,Court result unavailable,
5347fa36644d86a2eacd82c1c4e1c947c5641fb53af9e0e66847e580c5d7a15c,2024-10,Northumbria Police,Northumbria Police,-1.514506,55.129668,On or near Hall Terrace,E01027415,Northumberland 023B,Violence and sexual offences,Status update unavailable,
049ac62fde3b198cba3b9d88d1747cba73d71b7e8cdb12011e041e6bba41de1a,2024-10,Northumbria Police,Northumbria Police,-1.517348,55.130704,On or near Hambledon Street,E01027415,Northumberland 023B,Violence and sexual offences,Status update unavailable,
36455f008c87091bffcff5b274399c8c250d85eb6ba9113e6976d7832da2707d,2024-10,Northumbria Police,Northumbria Police,-1.514506,55.129668,On or near Hall Terrace,E01027415,Northumberland 023B,Violence and sexual offences,Status update unavailable,
6f229be7a8fc9eb6892093fae6a1a7abc0d0ae401853d25c2e262cb753c5f697,2024-10,Northumbria Police,Northumbria Police,-1.511870,55.129766,On or near Regent Street,E01027415,Northumberland 023B,Violence and sexual offences,Status update unavailable,
a5fb13ada16f44994d1fd1846245feb215c7539957bc68b8d7ae3081f918aa10,2024-10,Northumbria Police,Northumbria Police,-1.514108,55.126288,On or near Arthur Street,E01027415,Northumberland 023B,Other crime,Status update unavailable,
740db28827310fcfbd6aab0142fff8d0300b37c4a8d4dda48669d52b44694d23,2024-10,Northumbria Police,Northumbria Police,-1.514290,55.126765,On or near Bowes Court,E01027415,Northumberland 023B,Other crime,Status update unavailable,
,2024-10,Northumbria Police,Northumbria Police,-1.507748,55.123207,On or near Crofton Street,E01027431,Northumberland 023C,Anti-social behaviour,,
,2024-10,Northumbria Police,Northumbria Police,-1.519595,55.125141,On or near Railway Terrace,E01027431,Northumberland 023C,Anti-social behaviour,,
,2024-10,Northumbria Police,Northumbria Police,-1.518136,55.125181,On or near Lynn Street,E01027431,Northumberland 023C,Anti-social behaviour,,
,2024-10,Northumbria Police,Northumbria Police,-1.509834,55.121895,On or near Bishopton Street,E01027431,Northumberland 023C,Anti-social behaviour,,
246bc9f96fb717b6abd3936e7fdc8370f26a3c25089876ae687257daaa14d3ea,2024-10,Northumbria Police,Northumbria Police,-1.518204,55.126053,On or near Marlow Street,E01027431,Northumberland 023C,Burglary,Court result unavailable,
c97fb64cfcb432f12e8d3b50e4c77e57b37c6df5a4beee65e316ba2051e425a1,2024-10,Northumbria Police,Northumbria Police,-1.509134,55.122710,On or near Robert Street,E01027431,Northumberland 023C,Criminal damage and arson,Status update unavailable,
9bb0f04029ce3e777e86fd38df236c4a60bce36b719656fcb6df314e7592a2a5,2024-10,Northumbria Police,Northumbria Police,-1.517165,55.121187,On or near Fifth Avenue,E01027431,Northumberland 023C,Criminal damage and arson,Status update unavailable,
247f68f85ddb774deeada85477c84610eed3a06c28a41728357aebd9ece548b0,2024-10,Northumbria Police,Northumbria Police,-1.507725,55.122479,On or near Parking Area,E01027431,Northumberland 023C,Other theft,Status update unavailable,
7b1f3c4914a71fc0f235a510013451270d911ba13da2346cc4b24a39911570d8,2024-10,Northumbria Police,Northumbria Police,-1.507725,55.122479,On or near Parking Area,E01027431,Northumberland 023C,Public order,Status update unavailable,
2ea65bb52c9291ca2ffc86c6c9a433c750b39a3a4f971bba63430aaa773ffffb,2024-10,Northumbria Police,Northumbria Police,-1.507725,55.122479,On or near Parking Area,E01027431,Northumberland 023C,Shoplifting,Investigation complete; no suspect identified,
ba1be5fbab0e5eaf44dd66afdce621260239ecf9e455077a4436fe65bcdb1143,2024-10,Northumbria Police,Northumbria Police,-1.507725,55.122479,On or near Parking Area,E01027431,Northumberland 023C,Violence and sexual offences,Status update unavailable,
551afb0ada5618c6f2594a62ab05a0c8fd78f9c15c20306c0491ab7ad4967516,2024-10,Northumbria Police,Northumbria Police,-1.509134,55.122710,On or near Robert Street,E01027431,Northumberland 023C,Violence and sexual offences,Status update unavailable,
c23a02fdd83e9e5f629afec6585a7d6236eeb62a6e2677826ffeb0bc9c8a4b91,2024-10,Northumbria Police,Northumbria Police,-1.507725,55.122479,On or near Parking Area,E01027431,Northumberland 023C,Violence and sexual offences,Investigation complete; no suspect identified,
b3dadd337fe9b81e9da3df550d87f17332ff2e5d12f6629795f30374a9c0aa99,2024-10,Northumbria Police,Northumbria Police,-1.509134,55.122710,On or near Robert Street,E01027431,Northumberland 023C,Violence and sexual offences,Status update unavailable,
e12828acad3128dad2a1a3d8564cd07427c551fe39dac6948cf772857d7ae7ac,2024-10,Northumbria Police,Northumbria Police,-1.507748,55.123207,On or near Crofton Street,E01027431,Northumberland 023C,Violence and sexual offences,Investigation complete; no suspect identified,
0462a898432ccc6e1e784710c84e9e370a162a22e9407b4d79519536434949dd,2024-10,Northumbria Police,Northumbria Police,-1.517827,55.124793,On or near Charlton Street,E01027431,Northumberland 023C,Violence and sexual offences,Status update unavailable,
f2de7e525390ca7ccb04f89442085c37626d53ce4f484633b5ddc03353a43919,2024-10,Northumbria Police,Northumbria Police,-1.517827,55.124793,On or near Charlton Street,E01027431,Northumberland 023C,Violence and sexual offences,Status update unavailable,
a061a4a812eaec85df7078600e57f07e75628efb52b55c4c02daa2faa09621e0,2024-10,Northumbria Police,Northumbria Police,-1.507748,55.123207,On or near Crofton Street,E01027431,Northumberland 023C,Other crime,Status update unavailable,
70e057394c6b14787293178d8b0b381228948ca650c63c2819ca1d83d1997842,2024-10,Northumbria Police,Northumbria Police,-1.517827,55.124793,On or near Charlton Street,E01027431,Northumberland 023C,Other crime,Status update unavailable,
,2024-10,Northumbria Police,Northumbria Police,-1.507381,55.127528,On or near Blyth Bus Station,E01027442,Northumberland 023E,Anti-social behaviour,,
,2024-10,Northumbria Police,Northumbria Police,-1.501883,55.127047,On or near Tate Street,E01027442,Northumberland 023E,Anti-social behaviour,,
,2024-10,Northumbria Police,Northumbria Police,-1.502000,55.127722,On or near Ridley Street,E01027442,Northumberland 023E,Anti-social behaviour,,
,2024-10,Northumbria Police,Northumbria Police,-1.505730,55.122840,On or near Crofthead Close,E01027442,Northumberland 023E,Anti-social behaviour,,
ea88f364a72428f39d9e78451abc45a71a15b0478427167f7e21df7774a3fa5a,2024-10,Northumbria Police,Northumbria Police,-1.500548,55.125946,On or near Bath Lane,E01027442,Northumberland 023E,Drugs,Court result unavailable,
6b2118f3d682cc69efd53fafda634f7c4a6e04c92585892bf0c610a084b29d88,2024-10,Northumbria Police,Northumbria Police,-1.500993,55.124168,On or near Park View,E01027442,Northumberland 023E,Other theft,Investigation complete; no suspect identified,
f0f881c962ae255bf3030061d343aaec17b756f8393f39536e540e8506f2ecd3,2024-10,Northumbria Police,Northumbria Police,-1.505761,55.126605,On or near Carlton Street,E01027442,Northumberland 023E,Vehicle crime,Investigation complete; no suspect identified,
c8a8514ff9274a5dafa13e6309c0a62d2b073d536c7afaf47b56198adbdc249a,2024-10,Northumbria Police,Northumbria Police,-1.505761,55.126605,On or near Carlton Street,E01027442,Northumberland 023E,Violence and sexual offences,Status update unavailable,
88eaa15d8fd4714da4e8dde72af3b1c2c6ad47486cef9519fb161208e92ab683,2024-10,Northumbria Police,Northumbria Police,-1.505761,55.126605,On or near Carlton Street,E01027442,Northumberland 023E,Violence and sexual offences,Status update unavailable,
3d503c4ae0009c468818602ee36a4313d71fc16fbf3fbef040684df2d9f9d614,2024-10,Northumbria Police,Northumbria Police,-1.502871,55.125784,On or near Forster Street,E01027442,Northumberland 023E,Violence and sexual offences,Status update unavailable,
00ca7133029bb0436d78bbcce4d47a8d0a5b121ccd917a05a98bf379f95f9494,2024-10,Northumbria Police,Northumbria Police,-1.503768,55.128017,On or near Brewery Street,E01027442,Northumberland 023E,Violence and sexual offences,Status update unavailable,
0e1f7ddac1799df7f4118a9206c28b8391f5c12e0973e1afc8869762e94acede,2024-10,Northumbria Police,Northumbria Police,-1.503768,55.128017,On or near Brewery Street,E01027442,Northumberland 023E,Violence and sexual offences,Investigation complete; no suspect identified,
ecf8f14216164db3edfd573b1719fe31dd6db863259951e1db966a4fab8f085a,2024-10,Northumbria Police,Northumbria Police,-1.505761,55.126605,On or near Carlton Street,E01027442,Northumberland 023E,Violence and sexual offences,Status update unavailable,
78a59bd9b85513141c48a91cf8bea45636670d2329826e30133b979604cf8fd1,2024-10,Northumbria Police,Northumbria Police,-1.505761,55.126605,On or near Carlton Street,E01027442,Northumberland 023E,Violence and sexual offences,Status update unavailable,
936da8e532f5da80a764617128f494ccbd047d5d3a5ccc07fa2c7091beb2a2aa,2024-10,Northumbria Police,Northumbria Police,-1.505761,55.126605,On or near Carlton Street,E01027442,Northumberland 023E,Violence and sexual offences,Status update unavailable,
b7d666ff6bf74b74dfcdd9bcf59199a20db69880c779045c70446aa0a4ed60bd,2024-10,Northumbria Police,Northumbria Police,-1.502871,55.125784,On or near Forster Street,E01027442,Northumberland 023E,Violence and sexual offences,Status update unavailable,
6dc8bb77f9b3f0e50fb60e0b415e6cf4a0714c0e8b081a063316bb01cc72d9f9,2024-10,Northumbria Police,Northumbria Police,-1.502871,55.125784,On or near Forster Street,E01027442,Northumberland 023E,Violence and sexual offences,Status update unavailable,
b682fe6e79f4cdb09a6522f57e56efa4ac0a0db0cc33c10d3091f1e3c2e926a9,2024-10,Northumbria Police,Northumbria Police,-1.505761,55.126605,On or near Carlton Street,E01027442,Northumberland 023E,Violence and sexual offences,Status update unavailable,
c4840c1f2f5058d6048735ee6e33d815b235b356adc3c40cc742fee8ffb8720c,2024-10,Northumbria Police,Northumbria Police,-1.505761,55.126605,On or near Carlton Street,E01027442,Northumberland 023E,Violence and sexual offences,Status update unavailable,
235542caf941dcece2084f8f8d88a040e336ccfe9c98c7e4d94bac79eccc900e,2024-10,Northumbria Police,Northumbria Police,-1.505097,55.125847,On or near Stanley Street,E01027442,Northumberland 023E,Violence and sexual offences,Status update unavailable,
01dce0952bbd0cebca10aec75f5a309c71679d8ae8f09a065c564e7b2342d4a1,2024-10,Northumbria Police,Northumbria Police,-1.505761,55.126605,On or near Carlton Street,E01027442,Northumberland 023E,Violence and sexual offences,Status update unavailable,
6801b9cbffb39121e057e87e7eb9be05a029b1dea7f20e845f82ff8a591b2947,2024-10,Northumbria Police,Northumbria Police,-1.505761,55.126605,On or near Carlton Street,E01027442,Northumberland 023E,Violence and sexual offences,Status update unavailable,
8f28881e2b831d417d663ba78ab37e0afd7f80db8571a33227bec48967bb8fc9,2024-10,Northumbria Police,Northumbria Police,-1.505761,55.126605,On or near Carlton Street,E01027442,Northumberland 023E,Violence and sexual offences,Status update unavailable,
ff2d75f82daedbcc0b758b67d4de8d7c2a5cfd482e62ebb5903911f32c1473b4,2024-10,Northumbria Police,Northumbria Police,-1.505761,55.126605,On or near Carlton Street,E01027442,Northumberland 023E,Violence and sexual offences,Status update unavailable,
,2024-10,Northumbria Police,Northumbria Police,-1.501580,55.117359,On or near Wolmer Road,E01035631,Northumberland 023F,Anti-social behaviour,,
2f659611e4db2507d5a3271f0a03a516f3798856540e26684b2effa6c23264b7,2024-10,Northumbria Police,Northumbria Police,-1.504522,55.117811,On or near Ark Rise,E01035631,Northumberland 023F,Burglary,Investigation complete; no suspect identified,
d583a9051e38d808b34b8bf272e782f3d4ad49d0cd7c45d264ea669d2f045b5d,2024-10,Northumbria Police,Northumbria Police,-1.507635,55.120933,On or near Hedley Avenue,E01035631,Northumberland 023F,Criminal damage and arson,Investigation complete; no suspect identified,
352bda26ea9d0ce3189fb07e9a7b7b5be7644974ad4f571aefcd09f1be46dceb,2024-10,Northumbria Police,Northumbria Police,-1.501580,55.117359,On or near Wolmer Road,E01035631,Northumberland 023F,Drugs,Status update unavailable,
1518bfa2e4e4fdea7446d96adcee786256d42353032af4cbe3dbe17e354b5a95,2024-10,Northumbria Police,Northumbria Police,-1.501580,55.117359,On or near Wolmer Road,E01035631,Northumberland 023F,Drugs,Status update unavailable,
89f1126e9ef907c1f90aec9a65650e094f660c3d189a4c9106965afec9e83dbd,2024-10,Northumbria Police,Northumbria Police,-1.509657,55.119665,On or near Arcadia Terrace,E01035631,Northumberland 023F,Other theft,Investigation complete; no suspect identified,
675cc2193e73d2073cb1b11e42e4767b4b8e20b5d1681ba880f631b157b8d4f1,2024-10,Northumbria Police,Northumbria Police,-1.502357,55.117910,On or near Gordon Road,E01035631,Northumberland 023F,Public order,Status update unavailable,
b00155dc66a587ac9f88ff3141f486f91e21ede0d2a57fe8be71991c1db94b26,2024-10,Northumbria Police,Northumbria Police,-1.501580,55.117359,On or near Wolmer Road,E01035631,Northumberland 023F,Public order,Status update unavailable,
8cb2aefb120f544470e2b7207b8acefc8649bd2f79b058220a41271d7dfe4a18,2024-10,Northumbria Police,Northumbria Police,-1.508154,55.119516,On or near Shotton Avenue,E01035631,Northumberland 023F,Public order,Status update unavailable,
bb4bec722d0dd28cf78ff9e169cc4215e333d079e9690224b17b879898a84625,2024-10,Northumbria Police,Northumbria Police,-1.501580,55.117359,On or near Wolmer Road,E01035631,Northumberland 023F,Violence and sexual offences,Status update unavailable,
,2024-10,Northumbria Police,Northumbria Police,-1.503734,55.111805,On or near Otway Grove,E01035632,Northumberland 023G,Anti-social behaviour,,
,2024-10,Northumbria Police,Northumbria Police,-1.501348,55.110798,On or near Oberon Way,E01035632,Northumberland 023G,Anti-social behaviour,,
,2024-10,Northumbria Police,Northumbria Police,-1.501348,55.110798,On or near Oberon Way,E01035632,Northumberland 023G,Anti-social behaviour,,
cc30616121e0a42c5592ac6b7caefe287eed0b7d67d9cdbff9f674a0a25e5c87,2024-10,Northumbria Police,Northumbria Police,-1.501348,55.110798,On or near Oberon Way,E01035632,Northumberland 023G,Shoplifting,Investigation complete; no suspect identified,
c19fd2ebb1eda638592c5a234dae1d9851df4bcd75a69fde961667923308da60,2024-10,Northumbria Police,Northumbria Police,-1.501348,55.110798,On or near Oberon Way,E01035632,Northumberland 023G,Shoplifting,Court result unavailable,
adcfb5e3c25bdd8b926acced2c557f26a90524815e642ff988628d0a2d0cfd4d,2024-10,Northumbria Police,Northumbria Police,-1.501348,55.110798,On or near Oberon Way,E01035632,Northumberland 023G,Shoplifting,Court result unavailable,
58c60b733686b0da68936a5c110800d8b8771e5a8995aff4aa8d8c9069a7db23,2024-10,Northumbria Police,Northumbria Police,-1.501348,55.110798,On or near Oberon Way,E01035632,Northumberland 023G,Shoplifting,Court result unavailable,
64e9b894c31365ef905c485c652ff795e8856f01d6b5b939a424c7fef4e029dc,2024-10,Northumbria Police,Northumbria Police,-1.501348,55.110798,On or near Oberon Way,E01035632,Northumberland 023G,Shoplifting,Court result unavailable,
3c73768e2c5e3ce39ea50c4711584e06a9100330f2e2be0cb85a63c26057f111,2024-10,Northumbria Police,Northumbria Police,-1.501348,55.110798,On or near Oberon Way,E01035632,Northumberland 023G,Shoplifting,Court result unavailable,
d55188205e67e91f3378c249605bc2fd9d78d1e3d7b01d4918e0c89c7298bb05,2024-10,Northumbria Police,Northumbria Police,-1.501348,55.110798,On or near Oberon Way,E01035632,Northumberland 023G,Shoplifting,Investigation complete; no suspect identified,
8dd9c2fa056cf2e2be5e97a8031cb98fdaaa7d1a4b7071fcc08c8b111d0ecefa,2024-10,Northumbria Police,Northumbria Police,-1.501348,55.110798,On or near Oberon Way,E01035632,Northumberland 023G,Shoplifting,Court result unavailable,
727aabd541878ab213ae1dbbd1a860d1876b16c1d1e05b80e6ce7e583feedb0c,2024-10,Northumbria Police,Northumbria Police,-1.501348,55.110798,On or near Oberon Way,E01035632,Northumberland 023G,Shoplifting,Investigation complete; no suspect identified,
6c07c74ddb8497ae4196c5e3e704602e730a7483a8e6eb2da01839518de6c223,2024-10,Northumbria Police,Northumbria Police,-1.502439,55.120094,On or near Nixon Terrace,E01035632,Northumberland 023G,Violence and sexual offences,Investigation complete; no suspect identified,
87640aa1fc1408022d8779a1c0026fd7460e05e611c6d9bb0b99f6757242faba,2024-10,Northumbria Police,Northumbria Police,-1.506475,55.114539,On or near Rotary Way,E01035632,Northumberland 023G,Violence and sexual offences,Investigation complete; no suspect identified,
691c08a6e8df00ccea192d37aca95121f252f657f3e92c77bee78798447062b9,2024-10,Northumbria Police,Northumbria Police,-1.502977,55.114705,On or near Anchor Place,E01035632,Northumberland 023G,Violence and sexual offences,Investigation complete; no suspect identified,
7444e2ba532194e0941c873ac076f10fddb50f012de9faf77d16ca9171a2a9c9,2024-10,Northumbria Police,Northumbria Police,-1.501286,55.113287,On or near Admiral Court,E01035632,Northumberland 023G,Violence and sexual offences,Status update unavailable,
,2024-10,Northumbria Police,Northumbria Police,-1.527924,55.126297,On or near Whithorn Court,E01027391,Northumberland 024A,Anti-social behaviour,,
,2024-10,Northumbria Police,Northumbria Police,-1.521506,55.128174,On or near Shopping Area,E01027391,Northumberland 024A,Anti-social behaviour,,
,2024-10,Northumbria Police,Northumbria Police,-1.526474,55.129554,On or near Temple Avenue,E01027391,Northumberland 024A,Anti-social behaviour,,
329959ba6780251aa65016ca0ab1f9a81cecaaf4e7937e440258aea9c89b6ecc,2024-10,Northumbria Police,Northumbria Police,-1.521100,55.126477,On or near Bolam Avenue,E01027391,Northumberland 024A,Burglary,Court result unavailable,
40a98258900f325f22564f2c054b46d66dcab72ab5226332389e7b3d08f02735,2024-10,Northumbria Police,Northumbria Police,-1.531662,55.128477,On or near Malvins Road,E01027391,Northumberland 024A,Criminal damage and arson,Investigation complete; no suspect identified,
766cd1cda1683147bf5fddb059a93c497c7921f141ceeb14fc4093dcfd84d119,2024-10,Northumbria Police,Northumbria Police,-1.523625,55.129057,On or near Walton Avenue,E01027391,Northumberland 024A,Criminal damage and arson,Investigation complete; no suspect identified,
86554c494b3bb9fbb7a487ebc007d597a269730e3ae5a3cd3a25743dea1be360,2024-10,Northumbria Police,Northumbria Police,-1.520323,55.127175,On or near Sweethope Avenue,E01027391,Northumberland 024A,Other theft,Investigation complete; no suspect identified,
ee11b796c48c7b66dfce587d875cbbface2a483e21d5cb5773af42169e357abc,2024-10,Northumbria Police,Northumbria Police,-1.521506,55.128174,On or near Shopping Area,E01027391,Northumberland 024A,Shoplifting,Court result unavailable,
77197335804494b5bb3184565b93e7d23b0689ce3b28a03ec26775a989c01e8e,2024-10,Northumbria Police,Northumbria Police,-1.521506,55.128174,On or near Shopping Area,E01027391,Northumberland 024A,Shoplifting,Court result unavailable,
02c67b1d8433fdeaf0fd1d95e9bd8935d98f04a54c5a5e2dea9fceac3aa78d65,2024-10,Northumbria Police,Northumbria Police,-1.521506,55.128174,On or near Shopping Area,E01027391,Northumberland 024A,Shoplifting,Court result unavailable,
278ae7e54abb8b18e5a2edd699358d07afb6fe157caebc411884b782cf36e218,2024-10,Northumbria Police,Northumbria Police,-1.521506,55.128174,On or near Shopping Area,E01027391,Northumberland 024A,Shoplifting,Court result unavailable,
474bc225f504c3ebca3d1416a2b961ec1fc97b4dc50dfcb33a1dcbec0ccd19f1,2024-10,Northumbria Police,Northumbria Police,-1.530466,55.127466,On or near Prince'S Gardens,E01027391,Northumberland 024A,Vehicle crime,Investigation complete; no suspect identified,
fb9ef0aa5115f2080bbeaee514a75f09ac85f37aed9f7c953f9b0e593b2da5c5,2024-10,Northumbria Police,Northumbria Police,-1.521506,55.128174,On or near Shopping Area,E01027391,Northumberland 024A,Violence and sexual offences,Investigation complete; no suspect identified,
408fd15698c8912b8feecb547e8b870d56b0b5b64ed59ce4357c63caaced70aa,2024-10,Northumbria Police,Northumbria Police,-1.521100,55.126477,On or near Bolam Avenue,E01027391,Northumberland 024A,Violence and sexual offences,Court result unavailable,
856a6474f3139c98452b97cc019f74582c6d077afe9c1487fefdcd982c01a39b,2024-10,Northumbria Police,Northumbria Police,-1.530617,55.127961,On or near Earl'S Gardens,E01027391,Northumberland 024A,Violence and sexual offences,Status update unavailable,
52e87f110046d81b725c2fa117c342aa17124006b80abbffc133898cfe2ede3f,2024-10,Northumbria Police,Northumbria Police,-1.525937,55.127161,On or near Parking Area,E01027391,Northumberland 024A,Violence and sexual offences,Status update unavailable,
942d474cfd95103d94abda68c3bdcc96f1f21c5eab7bb0d234b2a58d93f7feeb,2024-10,Northumbria Police,Northumbria Police,-1.521100,55.126477,On or near Bolam Avenue,E01027391,Northumberland 024A,Violence and sexual offences,Court result unavailable,
44183ea71df11212dcb15647eba7ce387dde3ad9427d645d39b03a0d3343f70f,2024-10,Northumbria Police,Northumbria Police,-1.527938,55.127690,On or near Queen'S Gardens,E01027391,Northumberland 024A,Violence and sexual offences,Offender given a caution,
f0631ed4f69058eafb6d8bedc6b7411d68156dd1c234fcf806bb90df03ea3148,2024-10,Northumbria Police,Northumbria Police,-1.523625,55.129057,On or near Walton Avenue,E01027391,Northumberland 024A,Violence and sexual offences,Status update unavailable,
,2024-10,Northumbria Police,Northumbria Police,-1.528299,55.118409,On or near Amber Court,E01027422,Northumberland 024B,Anti-social behaviour,,
,2024-10,Northumbria Police,Northumbria Police,-1.528903,55.122096,On or near Sports/Recreation Area,E01027422,Northumberland 024B,Anti-social behaviour,,
,2024-10,Northumbria Police,Northumbria Police,-1.524202,55.118788,On or near Newsham Road,E01027422,Northumberland 024B,Anti-social behaviour,,
2bdf3509a2785fead1b9981801696c3dcb3322d2c0454b0924fba41f524739c9,2024-10,Northumbria Police,Northumbria Police,-1.529715,55.119259,On or near West Court,E01027422,Northumberland 024B,Bicycle theft,Investigation complete; no suspect identified,
4b7d2ef90cec146c89b9e2235daf413e86f27487d20399fad22c58b77bdce75c,2024-10,Northumbria Police,Northumbria Police,-1.528033,55.121032,On or near Isabella Road,E01027422,Northumberland 024B,Criminal damage and arson,Investigation complete; no suspect identified,
bed26416f90fba892dbf5500ebdd1d61a92828d3d661400f064e084f0dd162c1,2024-10,Northumbria Police,Northumbria Police,-1.523237,55.122109,On or near Kendal Avenue,E01027422,Northumberland 024B,Criminal damage and arson,Investigation complete; no suspect identified,
3b8602572e9171e382b3e48b3b0956f0b74e3f6b3dffb07cc3bd0e244019c965,2024-10,Northumbria Police,Northumbria Police,-1.529715,55.119259,On or near West Court,E01027422,Northumberland 024B,Criminal damage and arson,Status update unavailable,
017e861421997cc909c7a0acab9870355849134b0343d9a45b205da8a686e41e,2024-10,Northumbria Police,Northumbria Police,-1.529715,55.119259,On or near West Court,E01027422,Northumberland 024B,Criminal damage and arson,Investigation complete; no suspect identified,
f886feff1d8173322ffb6e4f6c68e3b10fcd16ea017555cb2d47cb819d73b835,2024-10,Northumbria Police,Northumbria Police,-1.525701,55.117968,On or near Wordsworth Avenue,E01027422,Northumberland 024B,Criminal damage and arson,Investigation complete; no suspect identified,
f6f8756ddf7cef9d61c569a37ede5aeabc099e703531dfc6294787ebecc2aa52,2024-10,Northumbria Police,Northumbria Police,-1.529398,55.118278,On or near Bebdon Court,E01027422,Northumberland 024B,Criminal damage and arson,Offender given a caution,
76025219e96599ea5eea4a7c0bdd289eb10212259e8e537cbd85b64bacabf643,2024-10,Northumbria Police,Northumbria Police,-1.529715,55.119259,On or near West Court,E01027422,Northumberland 024B,Possession of weapons,Court result unavailable,
cce1199a0e33af88d09cd1bad31fdf654b0a92f810d338a4e542a28df6c659bb,2024-10,Northumbria Police,Northumbria Police,-1.525701,55.117968,On or near Wordsworth Avenue,E01027422,Northumberland 024B,Shoplifting,Investigation complete; no suspect identified,
cc07b73d45779a66cc9a92b1e04f04e67b0253d3868169f3fdc3d4ce4470c81d,2024-10,Northumbria Police,Northumbria Police,-1.525701,55.117968,On or near Wordsworth Avenue,E01027422,Northumberland 024B,Shoplifting,Court result unavailable,
b162c852f5f4624c85d7f78d576d212f0c665c200943dbe60f2c83c38f240c60,2024-10,Northumbria Police,Northumbria Police,-1.525701,55.117968,On or near Wordsworth Avenue,E01027422,Northumberland 024B,Shoplifting,Offender given a caution,
3553aa4e4a043bbeea1b40a4308a6a75bb931db6f602ed98945d72552aacb55b,2024-10,Northumbria Police,Northumbria Police,-1.525701,55.117968,On or near Wordsworth Avenue,E01027422,Northumberland 024B,Shoplifting,Investigation complete; no suspect identified,
7b88f9a2009a2559d0afdd814f2d8e861867a40d2c80f56632ed145a337c574a,2024-10,Northumbria Police,Northumbria Police,-1.525701,55.117968,On or near Wordsworth Avenue,E01027422,Northumberland 024B,Shoplifting,Court result unavailable,
139175ac6fa3b2ed5ef4cf269652a32c0c596e1a956b394d0ad4ee21200cad05,2024-10,Northumbria Police,Northumbria Police,-1.524202,55.118788,On or near Newsham Road,E01027422,Northumberland 024B,Violence and sexual offences,Investigation complete; no suspect identified,
b8457f5f929ed679e6cf206a9554d59fb7ab8de13ba7c03cfefe543a31bd7b95,2024-10,Northumbria Police,Northumbria Police,-1.523237,55.122109,On or near Kendal Avenue,E01027422,Northumberland 024B,Violence and sexual offences,Status update unavailable,
d2463c6d8bb5c6ffe9d8a71352f0b19c9ff47f7d6ee83021ac5a68b69df2e7db,2024-10,Northumbria Police,Northumbria Police,-1.524202,55.118788,On or near Newsham Road,E01027422,Northumberland 024B,Violence and sexual offences,Status update unavailable,
72c053629b50f64026f961e95d0f91f4908a8ea8454282ce95cc4d52a004b520,2024-10,Northumbria Police,Northumbria Police,-1.529715,55.119259,On or near West Court,E01027422,Northumberland 024B,Violence and sexual offences,Status update unavailable,
4c10aa1e38e4160d14aa0383b28526aa90334dbdb4d9b0a93f92b4d06c887745,2024-10,Northumbria Police,Northumbria Police,-1.527284,55.116680,On or near Shelley Crescent,E01027422,Northumberland 024B,Violence and sexual offences,Investigation complete; no suspect identified,
c3ddaad350354e16dbb3d0148474640a40ce011b5a3a238732737caf41e9738a,2024-10,Northumbria Police,Northumbria Police,-1.526302,55.118886,On or near Southend Avenue,E01027422,Northumberland 024B,Violence and sexual offences,Investigation complete; no suspect identified,
8e58deefc01b386bbefdb678acafa52e6f1ffb13b76c2b0657ef6e55d24a9413,2024-10,Northumbria Police,Northumbria Police,-1.529715,55.119259,On or near West Court,E01027422,Northumberland 024B,Violence and sexual offences,Status update unavailable,
df727a34f7546e735209c5a670a581376b7f708c26c18827d7384ae2e4d0186a,2024-10,Northumbria Police,Northumbria Police,-1.529715,55.119259,On or near West Court,E01027422,Northumberland 024B,Violence and sexual offences,Status update unavailable,
07d59579d0d1228f1fc2bd980a1827aaeb48a66e4d87f9eed70c6ce5ab7a1b39,2024-10,Northumbria Police,Northumbria Police,-1.524202,55.118788,On or near Newsham Road,E01027422,Northumberland 024B,Violence and sexual offences,Investigation complete; no suspect identified,
2dde6567184c59f9e99f5519af3e591e6e35c7dfac5fb99d08e22104e728f9a4,2024-10,Northumbria Police,Northumbria Police,-1.529398,55.118278,On or near Bebdon Court,E01027422,Northumberland 024B,Violence and sexual offences,Status update unavailable,
464fad274254a6a77f855bf0e2ee0015a8ab7ae732868d422d0db79490fb3941,2024-10,Northumbria Police,Northumbria Police,-1.526302,55.118886,On or near Southend Avenue,E01027422,Northumberland 024B,Violence and sexual offences,Status update unavailable,
3baec059d69196d5ee3d186ee97b3bfe1ec18ed1a92b4cea8a309226e27200f9,2024-10,Northumbria Police,Northumbria Police,-1.525701,55.117968,On or near Wordsworth Avenue,E01027422,Northumberland 024B,Other crime,Court result unavailable,
304846c7a4bfeb078d10971fef376ce1dfc592c6007d9de3d284738a876dda83,2024-10,Northumbria Police,Northumbria Police,-1.524202,55.118788,On or near Newsham Road,E01027422,Northumberland 024B,Other crime,Status update unavailable,
,2024-10,Northumbria Police,Northumbria Police,-1.524645,55.122456,On or near Thropton Court,E01027423,Northumberland 024C,Anti-social behaviour,,
,2024-10,Northumbria Police,Northumbria Police,-1.530801,55.122930,On or near Bothal Close,E01027423,Northumberland 024C,Anti-social behaviour,,
dae305fae0f44ec7ded90001d2a9b2d1b0ec91346f29b18f19e832e1a70b3086,2024-10,Northumbria Police,Northumbria Police,-1.524645,55.122456,On or near Thropton Court,E01027423,Northumberland 024C,Other theft,Investigation complete; no suspect identified,
a33ed138f4667bb46af018109fd5443d14c55b422717243ad1fcb0421b97fdfb,2024-10,Northumbria Police,Northumbria Police,-1.525875,55.125813,On or near Bamburgh Close,E01027423,Northumberland 024C,Other theft,Investigation complete; no suspect identified,
50588691da19b11f0b107b670b8c1ebe1ab5bddbec5086477a1b44c122095946,2024-10,Northumbria Police,Northumbria Police,-1.524645,55.122456,On or near Thropton Court,E01027423,Northumberland 024C,Violence and sexual offences,Status update unavailable,
674f68813b83d1dc073c2b58f2749fa0c0cc66fd2f86430fbf9006611c342118,2024-10,Northumbria Police,Northumbria Police,-1.525875,55.125813,On or near Bamburgh Close,E01027423,Northumberland 024C,Violence and sexual offences,Status update unavailable,
75b53447b441d8df0434ba714c87d8817c978ab2f00faa0acee4b0a7fd085d27,2024-10,Northumbria Police,Northumbria Police,-1.531115,55.124279,On or near Elsdon Close,E01027423,Northumberland 024C,Violence and sexual offences,Status update unavailable,
,2024-10,Northumbria Police,Northumbria Police,-1.519184,55.121465,On or near Cherry Trees,E01027429,Northumberland 024D,Anti-social behaviour,,
,2024-10,Northumbria Police,Northumbria Police,-1.519642,55.115985,On or near Newlands Road,E01027429,Northumberland 024D,Anti-social behaviour,,
,2024-10,Northumbria Police,Northumbria Police,-1.518552,55.117940,On or near Fifteenth Avenue,E01027429,Northumberland 024D,Anti-social behaviour,,
968bbd06a6f99b014104f97ff4d4180aad71255a820e4a6846816c8eaa0ced6a,2024-10,Northumbria Police,Northumbria Police,-1.519642,55.115985,On or near Newlands Road,E01027429,Northumberland 024D,Criminal damage and arson,Status update unavailable,
7548f4da6fd7ad3bfabf9d63e74f4b904fe5d484faabbcf69ba8cdfddacae769,2024-10,Northumbria Police,Northumbria Police,-1.515681,55.120669,On or near Rowan Court,E01027429,Northumberland 024D,Criminal damage and arson,Investigation complete; no suspect identified,
780748206f7662bcb6df463bcf955c8999c1a1702ce950db92a5d4cee5b1b4c6,2024-10,Northumbria Police,Northumbria Police,-1.518613,55.119369,On or near Sixth Avenue,E01027429,Northumberland 024D,Public order,Investigation complete; no suspect identified,
3a00a63c8a8b3302a4398f02936d0fcfa06c5c66ff75ff24d80cb768cde73716,2024-10,Northumbria Police,Northumbria Police,-1.519642,55.115985,On or near Newlands Road,E01027429,Northumberland 024D,Public order,Status update unavailable,
48c0491f3b8cdd6bf844aa8cdccf65096128539be0a59aa4c93139d0e5aa761b,2024-10,Northumbria Police,Northumbria Police,-1.520600,55.121111,On or near Second Avenue,E01027429,Northumberland 024D,Public order,Status update unavailable,
3f4074de8edec18e5a0ba0f84c3cd517a06d1be689bb93069205a1cc1ef571d5,2024-10,Northumbria Police,Northumbria Police,-1.519642,55.115985,On or near Newlands Road,E01027429,Northumberland 024D,Public order,Status update unavailable,
731b4ceb2279ccb2aee5b0765d4bdd60f720e4d97911a70858f466c04cdf391b,2024-10,Northumbria Police,Northumbria Police,-1.515681,55.120669,On or near Rowan Court,E01027429,Northumberland 024D,Vehicle crime,Status update unavailable,
22ba84a8cec02ec822575586289a0dd7dec3bf3f9fd5261519e04cb2f3ee6090,2024-10,Northumbria Police,Northumbria Police,-1.513604,55.117417,On or near Plessey Road,E01027429,Northumberland 024D,Violence and sexual offences,Status update unavailable,
4380cced200ef52a996f4629ce5205e24e8d74164d662ccc03da9841c09d5da9,2024-10,Northumbria Police,Northumbria Police,-1.515681,55.120669,On or near Rowan Court,E01027429,Northumberland 024D,Violence and sexual offences,Status update unavailable,
8b9a525acd95f675c860f581e119da7c90b978e46d7beeb457db624526ba1943,2024-10,Northumbria Police,Northumbria Police,-1.520600,55.121111,On or near Second Avenue,E01027429,Northumberland 024D,Violence and sexual offences,Status update unavailable,
bbdd45ca8e09ebd0ce72c5f7bf0879e6d69c15660b1e6d2cce2964684295e7e9,2024-10,Northumbria Police,Northumbria Police,-1.520600,55.121111,On or near Second Avenue,E01027429,Northumberland 024D,Violence and sexual offences,Status update unavailable,
879fbbbce81f4eb4d93f72a0811291eb83032f1141bc6ccaf310e58e5476b1e3,2024-10,Northumbria Police,Northumbria Police,-1.515681,55.120669,On or near Rowan Court,E01027429,Northumberland 024D,Violence and sexual offences,Investigation complete; no suspect identified,
85a5b396c7fa8d563062a97498e443103f4f6bb389ec7a9a497b7e267ef5e2eb,2024-10,Northumbria Police,Northumbria Police,-1.513604,55.117417,On or near Plessey Road,E01027429,Northumberland 024D,Violence and sexual offences,Status update unavailable,
0a9d364b2fdbc2b8cb6f47138502e1cb16ca2ffd3fd5a608489973dc94de8d93,2024-10,Northumbria Police,Northumbria Police,-1.520600,55.121111,On or near Second Avenue,E01027429,Northumberland 024D,Violence and sexual offences,Investigation complete; no suspect identified,
f79ac6f7ef236b6355a0667a6bc575a089dd615355a2d59dd682c2a3f7783bc5,2024-10,Northumbria Police,Northumbria Police,-1.519642,55.115985,On or near Newlands Road,E01027429,Northumberland 024D,Violence and sexual offences,Status update unavailable,
15f51749f85a9dc37f66472d3c39760f6acfc66634d42daf15f4533e8352ceeb,2024-10,Northumbria Police,Northumbria Police,-1.517501,55.119310,On or near Seventh Avenue,E01027429,Northumberland 024D,Other crime,Status update unavailable,
7d905087853b27a0948c12fad279a13f24da937f5c15b4596e8b469a23a68d60,2024-10,Northumbria Police,Northumbria Police,-1.519642,55.115985,On or near Newlands Road,E01027429,Northumberland 024D,Other crime,Status update unavailable,
,2024-10,Northumbria Police,Northumbria Police,-1.525314,55.112287,On or near South View,E01027430,Northumberland 024E,Anti-social behaviour,,
,2024-10,Northumbria Police,Northumbria Police,-1.525314,55.112287,On or near South View,E01027430,Northumberland 024E,Anti-social behaviour,,
,2024-10,Northumbria Police,Northumbria Police,-1.523923,55.113270,On or near Petrol Station,E01027430,Northumberland 024E,Anti-social behaviour,,
,2024-10,Northumbria Police,Northumbria Police,-1.523804,55.112676,On or near East Drive,E01027430,Northumberland 024E,Anti-social behaviour,,
56f3fe08920d15b7bb598d43ae128544d8c541b4da7d75f52b81d83863daebdc,2024-10,Northumbria Police,Northumbria Police,-1.520580,55.118828,On or near Fourteenth Avenue,E01027430,Northumberland 024E,Bicycle theft,Investigation complete; no suspect identified,
57f6eb683f46ded752708bb0d62e28d85a6a826c71f69be9c573ef04a23fa99e,2024-10,Northumbria Police,Northumbria Police,-1.521677,55.118841,On or near Eighth Avenue,E01027430,Northumberland 024E,Drugs,Investigation complete; no suspect identified,
9888d961f3e57dffd1fc366d66c638046788fbda156e466e29d21745f4898cb7,2024-10,Northumbria Police,Northumbria Police,-1.521677,55.118841,On or near Eighth Avenue,E01027430,Northumberland 024E,Drugs,Investigation complete; no suspect identified,
38c4eb1fa2378778fb1dcfa8787fcb0c3b564eee4289fd30fb2e017a4537b6d2,2024-10,Northumbria Police,Northumbria Police,-1.521677,55.118841,On or near Eighth Avenue,E01027430,Northumberland 024E,Drugs,Status update unavailable,
1eae175c9aca116b56b3824c6e35986aa343f83b4acb141341e0e854ae778e57,2024-10,Northumbria Police,Northumbria Police,-1.521677,55.118841,On or near Eighth Avenue,E01027430,Northumberland 024E,Drugs,Status update unavailable,
112c6a97a23baf075b667bb4c7d0d13af8c077a486cfdc47b5078327ac519b9c,2024-10,Northumbria Police,Northumbria Police,-1.521677,55.118841,On or near Eighth Avenue,E01027430,Northumberland 024E,Drugs,Status update unavailable,
e86d875ea3f6e294e720a0f955e3b9f2100ba36dfe71bce357aba443e1cfb7a0,2024-10,Northumbria Police,Northumbria Police,-1.521677,55.118841,On or near Eighth Avenue,E01027430,Northumberland 024E,Drugs,Status update unavailable,
e3fbfa2b0be27eb28faf225a3d5403495aa171784bc916f23b9954b2c239b428,2024-10,Northumbria Police,Northumbria Police,-1.523923,55.113270,On or near Petrol Station,E01027430,Northumberland 024E,Public order,Status update unavailable,
eba78daea6f7336b25ee86f6afd72b31bb354a71359f837ff399ebf847004e0c,2024-10,Northumbria Police,Northumbria Police,-1.520580,55.118828,On or near Fourteenth Avenue,E01027430,Northumberland 024E,Vehicle crime,Investigation complete; no suspect identified,
fd30266ada47b54647fcfe94003f616c37c4ad1d63a5c7fc3c28d69e75283512,2024-10,Northumbria Police,Northumbria Police,-1.521677,55.118841,On or near Eighth Avenue,E01027430,Northumberland 024E,Vehicle crime,Investigation complete; no suspect identified,
fce44c4c4426776d2cbb433c8c4304900751e6bf3cf48747233b8a4aae13c619,2024-10,Northumbria Police,Northumbria Police,-1.521381,55.113458,On or near Barras Avenue West,E01027430,Northumberland 024E,Violence and sexual offences,Investigation complete; no suspect identified,
8b284c496794bbf1bee9142b5a9aa108997b30be126190b61e26c31ecdcc919b,2024-10,Northumbria Police,Northumbria Police,-1.521677,55.118841,On or near Eighth Avenue,E01027430,Northumberland 024E,Violence and sexual offences,Status update unavailable,
dfa1b51e479a2d3da1ffbcba904f723aeeefc9f8eb9fd5fa20447a2c33066c68,2024-10,Northumbria Police,Northumbria Police,-1.521381,55.113458,On or near Barras Avenue West,E01027430,Northumberland 024E,Violence and sexual offences,Investigation complete; no suspect identified,
fe44e56fc965974061d1ff209bd38c3d2f4277fb5bb69ec6845932c66e9bca9f,2024-10,Northumbria Police,Northumbria Police,-1.521677,55.118841,On or near Eighth Avenue,E01027430,Northumberland 024E,Violence and sexual offences,Status update unavailable,
1f529a9bacc23e804919d6a7dff01a61d0e7f8bd2b7e0b49a1a84080d5295f60,2024-10,Northumbria Police,Northumbria Police,-1.520580,55.118828,On or near Fourteenth Avenue,E01027430,Northumberland 024E,Violence and sexual offences,Status update unavailable,
acbb610c02843b89c77ac95aa624976631ea3efb13b3eaf25e37da90babf4916,2024-10,Northumbria Police,Northumbria Police,-1.520580,55.118828,On or near Fourteenth Avenue,E01027430,Northumberland 024E,Other crime,Investigation complete; no suspect identified,
,2024-10,Northumbria Police,Northumbria Police,-1.530605,55.106224,On or near Cottingwood Green,E01027426,Northumberland 025B,Anti-social behaviour,,
f515187010ac348a9ddd3f584b91171fb5c5c26ec9e51a2004f06514ff0998e2,2024-10,Northumbria Police,Northumbria Police,-1.530605,55.106224,On or near Cottingwood Green,E01027426,Northumberland 025B,Criminal damage and arson,Status update unavailable,
56e80a937016d2b9095a3fecef4d8e26960fc1114fa77436d13a10418b973438,2024-10,Northumbria Police,Northumbria Police,-1.530605,55.106224,On or near Cottingwood Green,E01027426,Northumberland 025B,Drugs,Investigation complete; no suspect identified,
e3d479e24ed226174cff93a6b1ed41cbc43c58d316e149f81d3799ae7b9d5b96,2024-10,Northumbria Police,Northumbria Police,-1.532593,55.109170,On or near Delaval Crescent,E01027426,Northumberland 025B,Drugs,Court result unavailable,
1866eb7fcf6c709c3691b9137df99a8d25d42fde5bb3a00150a09f179be3b72b,2024-10,Northumbria Police,Northumbria Police,-1.532867,55.107944,On or near Sports/Recreation Area,E01027426,Northumberland 025B,Other theft,Status update unavailable,
c89394ba62532dcde8bec95075593ed638a7f19765c651012ea9e80639841a74,2024-10,Northumbria Police,Northumbria Police,-1.534268,55.106633,On or near Laverock Hall Road,E01027426,Northumberland 025B,Public order,Court result unavailable,
3b8fb3ed99e1ded1529717d6c4932bd1c159f7a2e1da3bef3408f5411c639e8b,2024-10,Northumbria Police,Northumbria Police,-1.532867,55.107944,On or near Sports/Recreation Area,E01027426,Northumberland 025B,Public order,Status update unavailable,
e71c5dbb638958a48dc62f09e6ef31dacb20b50daf2790e7dc4b40638f544789,2024-10,Northumbria Police,Northumbria Police,-1.532867,55.107944,On or near Sports/Recreation Area,E01027426,Northumberland 025B,Robbery,Status update unavailable,
a555502c4e55b6ebb0b6e37596fef79c30288c3471ebbfa264af8bdde749419c,2024-10,Northumbria Police,Northumbria Police,-1.532867,55.107944,On or near Sports/Recreation Area,E01027426,Northumberland 025B,Violence and sexual offences,Status update unavailable,
5b6a7bf7614221548a212bb5ff3ad11e5be9f1efd8d67754a3888b17f991e94d,2024-10,Northumbria Police,Northumbria Police,-1.530605,55.106224,On or near Cottingwood Green,E01027426,Northumberland 025B,Violence and sexual offences,Status update unavailable,
fa1e642f0a96a9d3b42424c5a349ebf188a1d9f4871c188f03a5e0079857e78f,2024-10,Northumbria Police,Northumbria Police,-1.530605,55.106224,On or near Cottingwood Green,E01027426,Northumberland 025B,Violence and sexual offences,Status update unavailable,
02b5ed13201b444bd17c828b51783b5200fbe8ad909c808e84811188a1500a75,2024-10,Northumbria Police,Northumbria Police,-1.530605,55.106224,On or near Cottingwood Green,E01027426,Northumberland 025B,Violence and sexual offences,Status update unavailable,
a5fb8cdb8e456d0a38da268d7741641b2439184d95393d7709c76ee479ed40cc,2024-10,Northumbria Police,Northumbria Police,-1.534268,55.106633,On or near Laverock Hall Road,E01027426,Northumberland 025B,Violence and sexual offences,Status update unavailable,
526caf775a26503114d17986d5d329ba6c1fd52525d7cffe17b6d2873b81ab4e,2024-10,Northumbria Police,Northumbria Police,-1.534268,55.106633,On or near Laverock Hall Road,E01027426,Northumberland 025B,Violence and sexual offences,Status update unavailable,
b40ec96b9b533b74fa5fa4b1372298c235676cac6a25247c7a333b30c3f9dd3f,2024-10,Northumbria Police,Northumbria Police,-1.532867,55.107944,On or near Sports/Recreation Area,E01027426,Northumberland 025B,Violence and sexual offences,Investigation complete; no suspect identified,
a80009f73455d9c5ec52bbb95a7414428541973238628c85279bc8c250fe5aff,2024-10,Northumbria Police,Northumbria Police,-1.532120,55.109420,On or near Horton Place,E01027426,Northumberland 025B,Violence and sexual offences,Status update unavailable,
929a83da66b59cb99ff91c9bca790a9be0c1533db976c9c556f75ac03c775071,2024-10,Northumbria Police,Northumbria Police,-1.530605,55.106224,On or near Cottingwood Green,E01027426,Northumberland 025B,Violence and sexual offences,Status update unavailable,
9caed98fe7188799cd880a1c785ddccb82982177e46434133cb1266877e16e2a,2024-10,Northumbria Police,Northumbria Police,-1.532867,55.107944,On or near Sports/Recreation Area,E01027426,Northumberland 025B,Violence and sexual offences,Status update unavailable,
f129af037264daf52a9ea7bb182e1378689a78de7d90822dec8ec985061eca15,2024-10,Northumbria Police,Northumbria Police,-1.532867,55.107944,On or near Sports/Recreation Area,E01027426,Northumberland 025B,Violence and sexual offences,Status update unavailable,
710814bb30c96c0724c068dd9c445a981b0801814758078c5849a011184ab393,2024-10,Northumbria Police,Northumbria Police,-1.532867,55.107944,On or near Sports/Recreation Area,E01027426,Northumberland 025B,Other crime,Investigation complete; no suspect identified,
,2024-10,Northumbria Police,Northumbria Police,-1.530969,55.112641,On or near Elliott Street,E01027427,Northumberland 025C,Anti-social behaviour,,
,2024-10,Northumbria Police,Northumbria Police,-1.530713,55.110403,On or near Cramlington Terrace,E01027427,Northumberland 025C,Anti-social behaviour,,
,2024-10,Northumbria Police,Northumbria Police,-1.529012,55.112445,On or near Carrside Mews,E01027427,Northumberland 025C,Anti-social behaviour,,
,2024-10,Northumbria Police,Northumbria Police,-1.537136,55.110697,On or near Plessey Old Wagonway,E01027427,Northumberland 025C,Anti-social behaviour,,
,2024-10,Northumbria Police,Northumbria Police,-1.533171,55.112048,On or near Delaval Gardens,E01027427,Northumberland 025C,Anti-social behaviour,,
,2024-10,Northumbria Police,Northumbria Police,-1.530713,55.110403,On or near Cramlington Terrace,E01027427,Northumberland 025C,Anti-social behaviour,,
4daaead6180c739d74fa1bdddddc3a9c08b17f8ef0b327413df7c3e067d422e5,2024-10,Northumbria Police,Northumbria Police,-1.529012,55.112445,On or near Carrside Mews,E01027427,Northumberland 025C,Bicycle theft,Investigation complete; no suspect identified,
8027c1425b20ae848c0ca096dc79a022a34f6f3815fe1372033f98732553c5d0,2024-10,Northumbria Police,Northumbria Police,-1.529012,55.112445,On or near Carrside Mews,E01027427,Northumberland 025C,Criminal damage and arson,Investigation complete; no suspect identified,
c4acaec0159a3d4d693884412e289a586b435a0f2f693011e5316d353cf3cf2d,2024-10,Northumbria Police,Northumbria Police,-1.533705,55.110540,On or near St Bedes Road,E01027427,Northumberland 025C,Criminal damage and arson,Status update unavailable,
78f659218d097978db36f840eff60173f9be8002d416a7513a6a584b7971a459,2024-10,Northumbria Police,Northumbria Police,-1.530969,55.112641,On or near Elliott Street,E01027427,Northumberland 025C,Criminal damage and arson,Court result unavailable,
dac2360debb21350157a03494ab1f5f3324155b5ccfdc83c51b0a50d75c5e50c,2024-10,Northumbria Police,Northumbria Police,-1.531432,55.111951,On or near Delaval Street,E01027427,Northumberland 025C,Criminal damage and arson,Status update unavailable,
5f503e459350580afe8f3c54bdf9886ba22bd74db9dd57a8b766e8f562a2656a,2024-10,Northumbria Police,Northumbria Police,-1.530969,55.112641,On or near Elliott Street,E01027427,Northumberland 025C,Criminal damage and arson,Investigation complete; no suspect identified,
52390dc3b75ff2f638292ce2c30fd3815fee9ab20ca99298747ddc43515089c5,2024-10,Northumbria Police,Northumbria Police,-1.529012,55.112445,On or near Carrside Mews,E01027427,Northumberland 025C,Criminal damage and arson,Status update unavailable,
e4ad3987f3bc77380b9e0097d0428f9104bc6e40c5e2cdcdcd1d517061ad7218,2024-10,Northumbria Police,Northumbria Police,-1.533990,55.109013,On or near Laverock Place,E01027427,Northumberland 025C,Drugs,Status update unavailable,
262720f24a67a6217f16e2120e9a9ebb86e948d1b75e507c8e1996f7cc89cebe,2024-10,Northumbria Police,Northumbria Police,-1.529543,55.115296,On or near Amble Close,E01027427,Northumberland 025C,Possession of weapons,Court result unavailable,
49ee861ac5710da18852bf096ae8fb709dff6bf8fa3c0ca095412339c958ca17,2024-10,Northumbria Police,Northumbria Police,-1.528774,55.107358,On or near Junction Close,E01027427,Northumberland 025C,Possession of weapons,Status update unavailable,
57c112b08bf8c88898be0e77dce4df55ef827cb2313adaf7b381e290f709861d,2024-10,Northumbria Police,Northumbria Police,-1.530713,55.110403,On or near Cramlington Terrace,E01027427,Northumberland 025C,Public order,Status update unavailable,
81b5e0b3422504ff7620c02825f24c228b4868c357101c59621be80c76f8c7f5,2024-10,Northumbria Police,Northumbria Police,-1.530713,55.110403,On or near Cramlington Terrace,E01027427,Northumberland 025C,Public order,Investigation complete; no suspect identified,
f9012895e87ec76a87ca7f4121f80207d0946b9ff62cf12fc0bc0d2b361937e5,2024-10,Northumbria Police,Northumbria Police,-1.531220,55.111258,On or near Supermarket,E01027427,Northumberland 025C,Shoplifting,Status update unavailable,
a7942c61e340bae97ea131becfda28d2ed5c041500dc3503ba65dfb2dde03c35,2024-10,Northumbria Police,Northumbria Police,-1.531220,55.111258,On or near Supermarket,E01027427,Northumberland 025C,Shoplifting,Investigation complete; no suspect identified,
94ad1d38421d89f9c3875669183802171ca1e0d304baab7c471fd75cbe23a2c2,2024-10,Northumbria Police,Northumbria Police,-1.531220,55.111258,On or near Supermarket,E01027427,Northumberland 025C,Shoplifting,Court result unavailable,
617c6fae015012d23b7161768fde65329f933acba293dff1cd44e18793f477ec,2024-10,Northumbria Police,Northumbria Police,-1.531220,55.111258,On or near Supermarket,E01027427,Northumberland 025C,Shoplifting,Court result unavailable,
f3c5bbb032ca8327c5c68d04b467a16409e3916b2493183302772c58f97d3f90,2024-10,Northumbria Police,Northumbria Police,-1.531220,55.111258,On or near Supermarket,E01027427,Northumberland 025C,Shoplifting,Court result unavailable,
bc084fa48880be945a8ea09dc2a4d421003b300d45026ae0b1d2546ccc8420cb,2024-10,Northumbria Police,Northumbria Police,-1.531220,55.111258,On or near Supermarket,E01027427,Northumberland 025C,Shoplifting,Court result unavailable,
fcae2bf39aae1db667aa5337bbd5c2779af54405a47a67207b9d2d9a7b73b65a,2024-10,Northumbria Police,Northumbria Police,-1.531220,55.111258,On or near Supermarket,E01027427,Northumberland 025C,Shoplifting,Investigation complete; no suspect identified,
febc6c30783bfe6fa87ae547dc0f47dcdf331440387e3ff3dfb371be96b42444,2024-10,Northumbria Police,Northumbria Police,-1.531220,55.111258,On or near Supermarket,E01027427,Northumberland 025C,Shoplifting,Court result unavailable,
f3b792db66ea577e4c51ebba69f71df32e7e317e8b056bc9a7f9808366146345,2024-10,Northumbria Police,Northumbria Police,-1.531220,55.111258,On or near Supermarket,E01027427,Northumberland 025C,Shoplifting,Status update unavailable,
e3d94805b2f61fa6062a05d65f297f856fa8b176e8845037f7c77ead428fd965,2024-10,Northumbria Police,Northumbria Police,-1.529012,55.112445,On or near Carrside Mews,E01027427,Northumberland 025C,Violence and sexual offences,Status update unavailable,
e74ed67ac8b2b51ae62d35aada570865b5d01a7b19290244d69db66a62cdffe4,2024-10,Northumbria Police,Northumbria Police,-1.529012,55.112445,On or near Carrside Mews,E01027427,Northumberland 025C,Violence and sexual offences,Status update unavailable,
fcd6028f656bb5faecedb2a4a674ba9f153a72647c4f6aa8ef60a68f138ac10f,2024-10,Northumbria Police,Northumbria Police,-1.528774,55.107358,On or near Junction Close,E01027427,Northumberland 025C,Violence and sexual offences,Investigation complete; no suspect identified,
08945b03d3a7d3cda1a4b0bdfa086549b048b1a16eb6b6ebc59485ce8fecf524,2024-10,Northumbria Police,Northumbria Police,-1.533990,55.109013,On or near Laverock Place,E01027427,Northumberland 025C,Violence and sexual offences,Status update unavailable,
7487aa52736c74c7e1992e3791b2ffa10cb459baa89727dfc57835670cc19e8c,2024-10,Northumbria Police,Northumbria Police,-1.529543,55.115296,On or near Amble Close,E01027427,Northumberland 025C,Violence and sexual offences,Status update unavailable,
fd19e0200f51408b345d4ba26f594d374b3b985538a0a886709de70f6086ebaa,2024-10,Northumbria Police,Northumbria Police,-1.537136,55.110697,On or near Plessey Old Wagonway,E01027427,Northumberland 025C,Violence and sexual offences,Status update unavailable,
3b097f9762ecbbf4b7c36fb0f503251a76d17744377f9c24ca404c32450c0d74,2024-10,Northumbria Police,Northumbria Police,-1.533990,55.109013,On or near Laverock Place,E01027427,Northumberland 025C,Violence and sexual offences,Status update unavailable,
934749968b9cd44bb1e8eddc6643adfe48fd7f785ef7bb4e10d9da864a152ec0,2024-10,Northumbria Police,Northumbria Police,-1.531015,55.115391,On or near Holystone Avenue,E01027427,Northumberland 025C,Violence and sexual offences,Investigation complete; no suspect identified,
71ba7ec898e5b2b3716c5ae36713692b7927f3de83ff342184c2e6ae00ac818d,2024-10,Northumbria Police,Northumbria Police,-1.533705,55.110540,On or near St Bedes Road,E01027427,Northumberland 025C,Violence and sexual offences,Status update unavailable,
8f6cb850d81bc7946cf38d68bfa28e6db16b68b20a82617096566a212b9444b6,2024-10,Northumbria Police,Northumbria Police,-1.529543,55.115296,On or near Amble Close,E01027427,Northumberland 025C,Violence and sexual offences,Status update unavailable,
604b76740cf54f20f6ed40ab26d9bfbadc4ae85d469b9e996cd3b285ac145849,2024-10,Northumbria Police,Northumbria Police,-1.529012,55.112445,On or near Carrside Mews,E01027427,Northumberland 025C,Violence and sexual offences,Status update unavailable,
3fc09a936f69097f90e55e6ff0ba8d3f1a55156a09cd291c0b1d4c3b1c67be6c,2024-10,Northumbria Police,Northumbria Police,-1.528774,55.107358,On or near Junction Close,E01027427,Northumberland 025C,Violence and sexual offences,Status update unavailable,
e26002a19b04ea833dc49536debfbbb295c116581bd6cec6a8842ecc543d3657,2024-10,Northumbria Police,Northumbria Police,-1.530969,55.112641,On or near Elliott Street,E01027427,Northumberland 025C,Violence and sexual offences,Investigation complete; no suspect identified,
167ceb101a85dd587634c085d2446ebfbed6af2d7293bc1f12845a6a410178fc,2024-10,Northumbria Police,Northumbria Police,-1.528774,55.107358,On or near Junction Close,E01027427,Northumberland 025C,Violence and sexual offences,Investigation complete; no suspect identified,
42a45f7edf94ccf7966f017a79dddc0b686eb3685c49318154ef748d97a523ea,2024-10,Northumbria Police,Northumbria Police,-1.529543,55.115296,On or near Amble Close,E01027427,Northumberland 025C,Violence and sexual offences,Status update unavailable,
c369b0b0b6069c1d824b4c09e040b72c6c7f590803345e6563b741aad3bf0b0a,2024-10,Northumbria Police,Northumbria Police,-1.530713,55.110403,On or near Cramlington Terrace,E01027427,Northumberland 025C,Violence and sexual offences,Status update unavailable,
f839a66b98601c351b219194315676a85b3de65ba0b9147acff490c3789f7ad6,2024-10,Northumbria Police,Northumbria Police,-1.528342,55.106781,On or near Locomotive Street,E01027427,Northumberland 025C,Violence and sexual offences,Status update unavailable,
49d12213fb9033cc013cfe9ff6d75f499de93caf5e86451900183d10557e3260,2024-10,Northumbria Police,Northumbria Police,-1.529012,55.112445,On or near Carrside Mews,E01027427,Northumberland 025C,Violence and sexual offences,Status update unavailable,
ee1433973e4b3cf4e1e238e93b7b7d1294cd8f3bb6e0087059eced5223695393,2024-10,Northumbria Police,Northumbria Police,-1.529012,55.112445,On or near Carrside Mews,E01027427,Northumberland 025C,Violence and sexual offences,Status update unavailable,
1d9bb18ac98dcf42d27557a3014c08150e15eec4bd59d4208f7e07299883aa10,2024-10,Northumbria Police,Northumbria Police,-1.531015,55.115391,On or near Holystone Avenue,E01027427,Northumberland 025C,Violence and sexual offences,Investigation complete; no suspect identified,
de4b85af70a55113db9fe58804fd11ee14873043aad77395f1cfc208119d488b,2024-10,Northumbria Police,Northumbria Police,-1.529012,55.112445,On or near Carrside Mews,E01027427,Northumberland 025C,Other crime,Investigation complete; no suspect identified,
,2024-10,Northumbria Police,Northumbria Police,-1.537102,55.119099,On or near Rothbury Avenue,E01027428,Northumberland 025D,Anti-social behaviour,,
7041183e001b562b125dfcd2d3a1bcb4fbffd2cdf6d43b28d79ca3aed9db4a7c,2024-10,Northumbria Police,Northumbria Police,-1.535702,55.118141,On or near St Mary'S Drive,E01027428,Northumberland 025D,Public order,Status update unavailable,
bff9a137849bbe26b820775c5fc3eaa9e46a377c92829dc7ed22e240f2fe9250,2024-10,Northumbria Police,Northumbria Police,-1.532661,55.115388,On or near Kielder Close,E01027428,Northumberland 025D,Violence and sexual offences,Court result unavailable,
,2024-10,Northumbria Police,Northumbria Police,-1.542938,55.125707,On or near Tynedale Drive,E01035633,Northumberland 025E,Anti-social behaviour,,
,2024-10,Northumbria Police,Northumbria Police,-1.542938,55.125707,On or near Tynedale Drive,E01035633,Northumberland 025E,Anti-social behaviour,,
,2024-10,Northumbria Police,Northumbria Police,-1.542938,55.125707,On or near Tynedale Drive,E01035633,Northumberland 025E,Anti-social behaviour,,
,2024-10,Northumbria Police,Northumbria Police,-1.540957,55.123373,On or near Kingsdale Avenue,E01035633,Northumberland 025E,Anti-social behaviour,,
,2024-10,Northumbria Police,Northumbria Police,-1.543338,55.124945,On or near Ark Royal Close,E01035633,Northumberland 025E,Anti-social behaviour,,
,2024-10,Northumbria Police,Northumbria Police,-1.542938,55.125707,On or near Tynedale Drive,E01035633,Northumberland 025E,Anti-social behaviour,,
,2024-10,Northumbria Police,Northumbria Police,-1.555070,55.127151,On or near Supermarket,E01035633,Northumberland 025E,Anti-social behaviour,,
d36f4167bdecff32ec7860e6d9db777819682cd855016ab1a56ce2338172fe25,2024-10,Northumbria Police,Northumbria Police,-1.543153,55.123327,On or near Swaledale Avenue,E01035633,Northumberland 025E,Bicycle theft,Investigation complete; no suspect identified,
03f323174dd49d79c57e127609c64cedf25c2fa7b72612f82bd7105fc08cfc6f,2024-10,Northumbria Police,Northumbria Police,-1.555070,55.127151,On or near Supermarket,E01035633,Northumberland 025E,Criminal damage and arson,Investigation complete; no suspect identified,
25b9574a513f0787526d2249becc63b34875cf6d2b306d26bb1361838e371867,2024-10,Northumbria Police,Northumbria Police,-1.549847,55.126245,On or near Inglewood Close,E01035633,Northumberland 025E,Criminal damage and arson,Investigation complete; no suspect identified,
e5dbedb823c7739766bc9569456eedde1d2cd99168eca3c9205ce14b6517f52e,2024-10,Northumbria Police,Northumbria Police,-1.540957,55.123373,On or near Kingsdale Avenue,E01035633,Northumberland 025E,Drugs,Status update unavailable,
dcc7cb963913481dc4d55f73d27c6024fcb86f36f4520c665c97535e8eb6a1fa,2024-10,Northumbria Police,Northumbria Police,-1.540957,55.123373,On or near Kingsdale Avenue,E01035633,Northumberland 025E,Drugs,Status update unavailable,
b22cfda78d4f16f09303e86f99a5ff23b33ffbb1b608de6f692b956cb5cace33,2024-10,Northumbria Police,Northumbria Police,-1.552843,55.128952,On or near Bells Close,E01035633,Northumberland 025E,Public order,Status update unavailable,
45ac94066cd8698429e31519eb79b1c5acf150ffc92859db8192f3b0d1153971,2024-10,Northumbria Police,Northumbria Police,-1.549985,55.123739,On or near Highfield,E01035633,Northumberland 025E,Public order,Investigation complete; no suspect identified,
9f0c73682782dc5df2fd483ba408f6464738d63c8ad916cb18fde03aeab97a2d,2024-10,Northumbria Police,Northumbria Police,-1.555070,55.127151,On or near Supermarket,E01035633,Northumberland 025E,Vehicle crime,Investigation complete; no suspect identified,
a47459c669fcdc36319d949c292b26bf02b060200a2d107debd049def3c3d120,2024-10,Northumbria Police,Northumbria Police,-1.540957,55.123373,On or near Kingsdale Avenue,E01035633,Northumberland 025E,Violence and sexual offences,Offender given a caution,
6c65837983cddaac847649f482701d1f68b9d01779aa3aa0d850c165867c6496,2024-10,Northumbria Police,Northumbria Police,-1.549985,55.123739,On or near Highfield,E01035633,Northumberland 025E,Violence and sexual offences,Status update unavailable,
3f50883649fd5e01daaaf161cfedca9a71aae729c8a4056e089a1e230fd2c3c4,2024-10,Northumbria Police,Northumbria Police,-1.550154,55.126813,On or near Oakfield Grove,E01035633,Northumberland 025E,Violence and sexual offences,Status update unavailable,
54744cd85b00da75cf22b2efc9865dafe4c7db39a49fa820a68cd0ceb28dafd3,2024-10,Northumbria Police,Northumbria Police,-1.543338,55.124945,On or near Ark Royal Close,E01035633,Northumberland 025E,Violence and sexual offences,Investigation complete; no suspect identified,
9274b8f31cb7b26fee6b826d34f93b5e0b4a350a05f1aca41558cf27ab84af47,2024-10,Northumbria Police,Northumbria Police,-1.540957,55.123373,On or near Kingsdale Avenue,E01035633,Northumberland 025E,Violence and sexual offences,Court result unavailable,
b81b4072d1effccc46ab8bbc9e4d1376332801b1b4a5bcc5c4723e2cd6a0ed80,2024-10,Northumbria Police,Northumbria Police,-1.543338,55.124945,On or near Ark Royal Close,E01035633,Northumberland 025E,Violence and sexual offences,Status update unavailable,
83f343937971ec6f4d21071c1f2cbe5880b23a6dc4751d1beee7614094de8468,2024-10,Northumbria Police,Northumbria Police,-1.540957,55.123373,On or near Kingsdale Avenue,E01035633,Northumberland 025E,Other crime,Status update unavailable,
f1ad21f40295fa6b1c4229ae762b3b8f3c946bd4caae0697bea492e78ce1a689,2024-10,Northumbria Police,Northumbria Police,-1.544425,55.121813,On or near Monkdale Avenue,E01035633,Northumberland 025E,Other crime,Status update unavailable,
3b5934fa4dada0753319195f1674b50064f147919e062dc66fd146b56881f5b1,2024-10,Northumbria Police,Northumbria Police,-1.544424,55.119153,On or near Edlingham Green,E01035635,Northumberland 025G,Criminal damage and arson,Status update unavailable,
f9b64483b6fcf8fc50bf19a5ebcce966908eccaf82f025ca99f7aa7622c9cf12,2024-10,Northumbria Police,Northumbria Police,-1.543262,55.119284,On or near Swinburne Street,E01035635,Northumberland 025G,Other theft,Status update unavailable,
a4fd9726677838d939b9030df52bda2f51936ede4879fcc658b828faf1e6f341,2024-10,Northumbria Police,Northumbria Police,-1.547335,55.120979,On or near Hexham Gardens,E01035635,Northumberland 025G,Possession of weapons,Status update unavailable,
d4514077f177a730a49807da045e8f9ca47982b35e4f9e2337835e005f8b42cb,2024-10,Northumbria Police,Northumbria Police,-1.544424,55.119153,On or near Edlingham Green,E01035635,Northumberland 025G,Public order,Status update unavailable,
d3ed8af651a79f3015babbdff9de4004c5ea962fa8bb38294d72bee3b0d7beb5,2024-10,Northumbria Police,Northumbria Police,-1.540472,55.120540,On or near Kershope Lane,E01035635,Northumberland 025G,Robbery,Status update unavailable,
24484c5eb106839162746a540fd291c060b8670db14dc630c43c5b91cdaa2796,2024-10,Northumbria Police,Northumbria Police,-1.540472,55.120540,On or near Kershope Lane,E01035635,Northumberland 025G,Violence and sexual offences,Status update unavailable,
,2024-10,Northumbria Police,Northumbria Police,-1.519173,55.110654,On or near Gosport Way,E01027437,Northumberland 026A,Anti-social behaviour,,
,2024-10,Northumbria Police,Northumbria Police,-1.519991,55.111691,On or near Farndale Court,E01027437,Northumberland 026A,Anti-social behaviour,,
,2024-10,Northumbria Police,Northumbria Police,-1.518224,55.111315,On or near Glendford Place,E01027437,Northumberland 026A,Anti-social behaviour,,
,2024-10,Northumbria Police,Northumbria Police,-1.517966,55.110614,On or near Garasdale Close,E01027437,Northumberland 026A,Anti-social behaviour,,
,2024-10,Northumbria Police,Northumbria Police,-1.520156,55.112285,On or near Fairfield Avenue,E01027437,Northumberland 026A,Anti-social behaviour,,
,2024-10,Northumbria Police,Northumbria Police,-1.520156,55.112285,On or near Fairfield Avenue,E01027437,Northumberland 026A,Anti-social behaviour,,
,2024-10,Northumbria Police,Northumbria Police,-1.510415,55.110260,On or near Parking Area,E01027437,Northumberland 026A,Anti-social behaviour,,
,2024-10,Northumbria Police,Northumbria Police,-1.510415,55.110260,On or near Parking Area,E01027437,Northumberland 026A,Anti-social behaviour,,
2f21f895b97cfcc3c24acc191792b5f1e435bba4858826d08b77804b24a9c837,2024-10,Northumbria Police,Northumbria Police,-1.517966,55.110614,On or near Garasdale Close,E01027437,Northumberland 026A,Criminal damage and arson,Investigation complete; no suspect identified,
c4641aa09b36b8a713bd27502de59f90b9effd7c4a44362b249c6e671e89c9e8,2024-10,Northumbria Police,Northumbria Police,-1.510415,55.110260,On or near Parking Area,E01027437,Northumberland 026A,Shoplifting,Investigation complete; no suspect identified,
74cd386704951906d1f4e59b64aba505e72acbbfd0fb69d1bfb471143c80e309,2024-10,Northumbria Police,Northumbria Police,-1.513006,55.112463,On or near Dunkeld Close,E01027437,Northumberland 026A,Violence and sexual offences,Status update unavailable,
97ea365e71e23eeeeef5180064bd0aa6b8aca7f1a4620602d5fba992159f7c70,2024-10,Northumbria Police,Northumbria Police,-1.513006,55.112463,On or near Dunkeld Close,E01027437,Northumberland 026A,Violence and sexual offences,Investigation complete; no suspect identified,
64c52b2e0bd186664b72fb1056bf57a52cbeee3abb5b8496ec6bced5f24d8849,2024-10,Northumbria Police,Northumbria Police,-1.511047,55.112437,On or near Curlew Way,E01027438,Northumberland 026B,Criminal damage and arson,Investigation complete; no suspect identified,
,2024-10,Northumbria Police,Northumbria Police,-1.523192,55.108828,On or near Kensington Court,E01027439,Northumberland 026C,Anti-social behaviour,,
,2024-10,Northumbria Police,Northumbria Police,-1.524357,55.107053,On or near Hadrian Road,E01027439,Northumberland 026C,Anti-social behaviour,,
,2024-10,Northumbria Police,Northumbria Police,-1.524206,55.111851,On or near Almond Grove,E01027439,Northumberland 026C,Anti-social behaviour,,
,2024-10,Northumbria Police,Northumbria Police,-1.524206,55.111851,On or near Almond Grove,E01027439,Northumberland 026C,Anti-social behaviour,,
,2024-10,Northumbria Police,Northumbria Police,-1.524206,55.111851,On or near Almond Grove,E01027439,Northumberland 026C,Anti-social behaviour,,
,2024-10,Northumbria Police,Northumbria Police,-1.524206,55.111851,On or near Almond Grove,E01027439,Northumberland 026C,Anti-social behaviour,,
,2024-10,Northumbria Police,Northumbria Police,-1.524206,55.111851,On or near Almond Grove,E01027439,Northumberland 026C,Anti-social behaviour,,
,2024-10,Northumbria Police,Northumbria Police,-1.522474,55.109849,On or near Mulberry Close,E01027439,Northumberland 026C,Anti-social behaviour,,
,2024-10,Northumbria Police,Northumbria Police,-1.524206,55.111851,On or near Almond Grove,E01027439,Northumberland 026C,Anti-social behaviour,,
88df6c94b64ccd6393c9686aa7f6023dcb9a8b2352e4b2567449554c35166567,2024-10,Northumbria Police,Northumbria Police,-1.518780,55.108083,On or near Earlswood Grove,E01027439,Northumberland 026C,Violence and sexual offences,Status update unavailable,
3fdc5a347bd7458b59f33b34aec5485172447346054ca34213bab1c81d1e6714,2024-10,Northumbria Police,Northumbria Police,-1.518780,55.108083,On or near Earlswood Grove,E01027439,Northumberland 026C,Violence and sexual offences,Status update unavailable,
0da271bef42326bbe238c0dca0434c434c6866d6e3ed8ba3b6520427883c8beb,2024-10,Northumbria Police,Northumbria Police,-1.518780,55.108083,On or near Earlswood Grove,E01027439,Northumberland 026C,Violence and sexual offences,Status update unavailable,
,2024-10,Northumbria Police,Northumbria Police,-1.505339,55.108730,On or near Puffin Close,E01027440,Northumberland 026D,Anti-social behaviour,,
,2024-10,Northumbria Police,Northumbria Police,-1.505339,55.108730,On or near Puffin Close,E01027440,Northumberland 026D,Anti-social behaviour,,
5ca6ba4feb6500151f22ddd7b18f307e65feaa28a333398c5dcd79d0da7ffa86,2024-10,Northumbria Police,Northumbria Police,-1.505339,55.108730,On or near Puffin Close,E01027440,Northumberland 026D,Criminal damage and arson,Investigation complete; no suspect identified,
e7c2b00343a6a0e5e25b57e06e16405c13aef5b2bc229f148dd39572c5e9e17a,2024-10,Northumbria Police,Northumbria Police,-1.508099,55.108696,On or near Eider Close,E01027440,Northumberland 026D,Criminal damage and arson,Investigation complete; no suspect identified,
ef8928888e78db1494665a5efcf3bb9c7048d0757d4c577dd928a3d8fb631e08,2024-10,Northumbria Police,Northumbria Police,-1.508099,55.108696,On or near Eider Close,E01027440,Northumberland 026D,Criminal damage and arson,Investigation complete; no suspect identified,
adf755a0a7a68a5c4be2eb400dcbb3717e82d61139a43fb8910506114bde90d2,2024-10,Northumbria Police,Northumbria Police,-1.508099,55.108696,On or near Eider Close,E01027440,Northumberland 026D,Drugs,Status update unavailable,
450ce1d8569057e7bf3aa43239e8dd0ff2c51491f74d506073971e28ec956fdf,2024-10,Northumbria Police,Northumbria Police,-1.505339,55.108730,On or near Puffin Close,E01027440,Northumberland 026D,Drugs,Investigation complete; no suspect identified,
858a1801f64112971c669d16225dcb2d7e29b8ffb1cc12780a326b49d2f15a56,2024-10,Northumbria Police,Northumbria Police,-1.508099,55.108696,On or near Eider Close,E01027440,Northumberland 026D,Other theft,Investigation complete; no suspect identified,
cacf4aee4aecff9c2a0244e2a103c3b56a78004c92c4837ad11282359d5ceb69,2024-10,Northumbria Police,Northumbria Police,-1.508099,55.108696,On or near Eider Close,E01027440,Northumberland 026D,Public order,Status update unavailable,
401c8706d82d835a7a0731ea294d00b29a40b190a13a8d46f76957cba9328fb4,2024-10,Northumbria Police,Northumbria Police,-1.508099,55.108696,On or near Eider Close,E01027440,Northumberland 026D,Violence and sexual offences,Investigation complete; no suspect identified,
73365b01c88f45a216e77f99f79c7bd16db16f626825f260ca5a509c021e2dae,2024-10,Northumbria Police,Northumbria Police,-1.508099,55.108696,On or near Eider Close,E01027440,Northumberland 026D,Violence and sexual offences,Status update unavailable,
aab088a6082487dbb0ed0f4ed2876a32db8b0b90b6d3b3d4a0655af344ad5bde,2024-10,Northumbria Police,Northumbria Police,-1.508099,55.108696,On or near Eider Close,E01027440,Northumberland 026D,Violence and sexual offences,Status update unavailable,
,2024-10,Northumbria Police,Northumbria Police,-1.568540,55.095625,On or near Parking Area,E01027398,Northumberland 029A,Anti-social behaviour,,
,2024-10,Northumbria Police,Northumbria Police,-1.568540,55.095625,On or near Parking Area,E01027398,Northumberland 029A,Anti-social behaviour,,
,2024-10,Northumbria Police,Northumbria Police,-1.568540,55.095625,On or near Parking Area,E01027398,Northumberland 029A,Anti-social behaviour,,
d16fa8f76607513792f83a544e022dcd2a03825c821d8e80a96c6a2283f275f4,2024-10,Northumbria Police,Northumbria Police,-1.576141,55.095508,On or near Kirton Way,E01027398,Northumberland 029A,Criminal damage and arson,Investigation complete; no suspect identified,
901e72ba3cd0b00836651cc9b25fb66162f5e83e59e2ab9bfcfa97aba2f30372,2024-10,Northumbria Police,Northumbria Police,-1.568565,55.100577,On or near Allonby Mews,E01027398,Northumberland 029A,Criminal damage and arson,Investigation complete; no suspect identified,
a9ee058844cce047d5112177da62876ef2a078a11cfec2ee386ffc552dbd5f71,2024-10,Northumbria Police,Northumbria Police,-1.571240,55.093766,On or near Brampton Court,E01027398,Northumberland 029A,Violence and sexual offences,Status update unavailable,
782f0d5599947805da6dc0f7243002028ebfea577f0cd96393aff4f71d856418,2024-10,Northumbria Police,Northumbria Police,-1.570286,55.096485,On or near Axminster Close,E01027398,Northumberland 029A,Violence and sexual offences,Status update unavailable,
f620745b4502175512439d43936aa37daca3bc63411d5538bc45c98dd0cebef8,2024-10,Northumbria Police,Northumbria Police,-1.568540,55.095625,On or near Parking Area,E01027398,Northumberland 029A,Other crime,Investigation complete; no suspect identified,
,2024-10,Northumbria Police,Northumbria Police,-1.589165,55.085366,On or near Shopping Area,E01027409,Northumberland 029B,Anti-social behaviour,,
,2024-10,Northumbria Police,Northumbria Police,-1.590820,55.086626,On or near Sunny Side,E01027409,Northumberland 029B,Anti-social behaviour,,
,2024-10,Northumbria Police,Northumbria Police,-1.581462,55.085696,On or near East View Avenue,E01027409,Northumberland 029B,Anti-social behaviour,,
,2024-10,Northumbria Police,Northumbria Police,-1.583650,55.086189,On or near Parking Area,E01027409,Northumberland 029B,Anti-social behaviour,,
,2024-10,Northumbria Police,Northumbria Police,-1.581462,55.085696,On or near East View Avenue,E01027409,Northumberland 029B,Anti-social behaviour,,
,2024-10,Northumbria Police,Northumbria Police,-1.590820,55.086626,On or near Sunny Side,E01027409,Northumberland 029B,Anti-social behaviour,,
,2024-10,Northumbria Police,Northumbria Police,-1.584232,55.087404,On or near Blake Drive,E01027409,Northumberland 029B,Anti-social behaviour,,
,2024-10,Northumbria Police,Northumbria Police,-1.592050,55.087367,On or near Station Road,E01027409,Northumberland 029B,Anti-social behaviour,,
,2024-10,Northumbria Police,Northumbria Police,-1.590820,55.086626,On or near Sunny Side,E01027409,Northumberland 029B,Anti-social behaviour,,
,2024-10,Northumbria Police,Northumbria Police,-1.590820,55.086626,On or near Sunny Side,E01027409,Northumberland 029B,Anti-social behaviour,,
,2024-10,Northumbria Police,Northumbria Police,-1.594791,55.086035,On or near Shopping Area,E01027409,Northumberland 029B,Anti-social behaviour,,
668a80da85f89d5baaf48d7d8f32a739b8bfb6a36e6da4d2c26111ac7a6b855e,2024-10,Northumbria Police,Northumbria Police,-1.590820,55.086626,On or near Sunny Side,E01027409,Northumberland 029B,Bicycle theft,Court result unavailable,
31a4176f1871f8d69820cdf7e2a8a191587d851889fb4bf217638aae19bbe2fa,2024-10,Northumbria Police,Northumbria Police,-1.590820,55.086626,On or near Sunny Side,E01027409,Northumberland 029B,Bicycle theft,Investigation complete; no suspect identified,
1ae5e1ade2a5e9ae6345009239659c60819d104cc5010d9ff58a740a202d56ee,2024-10,Northumbria Police,Northumbria Police,-1.592297,55.083163,On or near Mainstone Close,E01027409,Northumberland 029B,Criminal damage and arson,Investigation complete; no suspect identified,
d8557d8641ee51a597768304009a32ab72ec2b001756724171d5ff1a010018dc,2024-10,Northumbria Police,Northumbria Police,-1.590820,55.086626,On or near Sunny Side,E01027409,Northumberland 029B,Criminal damage and arson,Investigation complete; no suspect identified,
a9ca2e53a15838af38fba032125aceb46ef90124786df5add95738e83015d702,2024-10,Northumbria Police,Northumbria Police,-1.580707,55.087464,On or near Supermarket,E01027409,Northumberland 029B,Other theft,Investigation complete; no suspect identified,
875e99c564e60ad8b0f9998b7a63e6e0695378f7e1693135be00a22413aef8d0,2024-10,Northumbria Police,Northumbria Police,-1.592709,55.084383,On or near Police Station,E01027409,Northumberland 029B,Other theft,Investigation complete; no suspect identified,
74eef61d6ca8ac26d5b5e1dd34ebe3428d7b78721f552bd01d013fa0ef1e930f,2024-10,Northumbria Police,Northumbria Police,-1.592709,55.084383,On or near Police Station,E01027409,Northumberland 029B,Other theft,Status update unavailable,
d94645de9d1ee2dc09b7f63e2ea4c790e764e9d037dcd94094a6060fed46eb1b,2024-10,Northumbria Police,Northumbria Police,-1.590820,55.086626,On or near Sunny Side,E01027409,Northumberland 029B,Public order,Status update unavailable,
da821376d72aede4c011554d76c57b6109c1a075072b86c0ba28589e2a1d1ee4,2024-10,Northumbria Police,Northumbria Police,-1.594791,55.086035,On or near Shopping Area,E01027409,Northumberland 029B,Public order,Status update unavailable,
f8afb26f1e3ccf103597b4cb00bd881f1861a8b80c567535facb0b81d0f3a3d1,2024-10,Northumbria Police,Northumbria Police,-1.592709,55.084383,On or near Police Station,E01027409,Northumberland 029B,Shoplifting,Status update unavailable,
df26bcbb6e798df8b337e5c3d812817c7595e4a87ab74eb6be7bd429c260a49c,2024-10,Northumbria Police,Northumbria Police,-1.594791,55.086035,On or near Shopping Area,E01027409,Northumberland 029B,Shoplifting,Court result unavailable,
edd4faef0db6afb94e5d1328ba7676cac2759c6a754e72fe8549384bf1588190,2024-10,Northumbria Police,Northumbria Police,-1.589165,55.085366,On or near Shopping Area,E01027409,Northumberland 029B,Shoplifting,Offender given a caution,
362879813fd8e255f8b53a2f54b06b60306b404a222fad62b1f62fe14c03b7f4,2024-10,Northumbria Police,Northumbria Police,-1.594791,55.086035,On or near Shopping Area,E01027409,Northumberland 029B,Shoplifting,Status update unavailable,
4fb9f8a56c5e72d9089a46aa0dc833f63c532d68830edd8239888f0fd9333859,2024-10,Northumbria Police,Northumbria Police,-1.589165,55.085366,On or near Shopping Area,E01027409,Northumberland 029B,Shoplifting,Investigation complete; no suspect identified,
e4b29b1ae9156fdc981c7e7bf2975750261c582770774b1094dcfe8be867e983,2024-10,Northumbria Police,Northumbria Police,-1.589165,55.085366,On or near Shopping Area,E01027409,Northumberland 029B,Shoplifting,Status update unavailable,
9762c57cbc7dea563f5bc45cec053673365ef01f2f2cd40ebc0c79d19889aeae,2024-10,Northumbria Police,Northumbria Police,-1.590820,55.086626,On or near Sunny Side,E01027409,Northumberland 029B,Violence and sexual offences,Court result unavailable,
c1f9260719d0387fe1dc43a7d144ec2879d05ad635db5cb79797e4236c77e8f2,2024-10,Northumbria Police,Northumbria Police,-1.581462,55.085696,On or near East View Avenue,E01027409,Northumberland 029B,Violence and sexual offences,Status update unavailable,
ee63694483a3e2c9057c23a206d53d93356c8bad07eebc09d380a90ebcb3c7e2,2024-10,Northumbria Police,Northumbria Police,-1.581462,55.085696,On or near East View Avenue,E01027409,Northumberland 029B,Violence and sexual offences,Status update unavailable,
2a57277e4af27ac6aa97690f48339feb4d88529ce238ece2b11890ffc153cbed,2024-10,Northumbria Police,Northumbria Police,-1.590820,55.086626,On or near Sunny Side,E01027409,Northumberland 029B,Violence and sexual offences,Investigation complete; no suspect identified,
6c6c0a96b06109d5d1b82546d366e26c486d3924a48d8a40172eca9c8ed1dfe7,2024-10,Northumbria Police,Northumbria Police,-1.581462,55.085696,On or near East View Avenue,E01027409,Northumberland 029B,Violence and sexual offences,Status update unavailable,
e81cb3ee4688bd7b4c25ab5f8f459ac8b0459a6bb37b1b233332a3341a97853f,2024-10,Northumbria Police,Northumbria Police,-1.582689,55.085188,On or near Paradise Row,E01027409,Northumberland 029B,Violence and sexual offences,Status update unavailable,
fd02f60f36f6b09b8ff7a39290809e99ffeae46032f8c10b1b73486d2e663c21,2024-10,Northumbria Police,Northumbria Police,-1.581462,55.085696,On or near East View Avenue,E01027409,Northumberland 029B,Violence and sexual offences,Status update unavailable,
bea122f488a55fa104fc7c7c5556f275c06fee24f346a19eecadcab9f1c22b78,2024-10,Northumbria Police,Northumbria Police,-1.581462,55.085696,On or near East View Avenue,E01027409,Northumberland 029B,Violence and sexual offences,Status update unavailable,
fef031301e58391b6f797b974866a258d5b9b37ab15f51f89675e81d35f5f762,2024-10,Northumbria Police,Northumbria Police,-1.594791,55.086035,On or near Shopping Area,E01027409,Northumberland 029B,Violence and sexual offences,Status update unavailable,
3d2fd98131bd861b609f432c2994571ea10f504d230432599c002885320bc15c,2024-10,Northumbria Police,Northumbria Police,-1.581462,55.085696,On or near East View Avenue,E01027409,Northumberland 029B,Violence and sexual offences,Status update unavailable,
74c78e0d69aac425312d77d03320a7c470d7bec8f84b4a087caa30dd6710eecd,2024-10,Northumbria Police,Northumbria Police,-1.581462,55.085696,On or near East View Avenue,E01027409,Northumberland 029B,Violence and sexual offences,Status update unavailable,
d38d1f9dba408913145e5da0674ed9e79ee8770c16079e7a48af067ed472b436,2024-10,Northumbria Police,Northumbria Police,-1.583650,55.086189,On or near Parking Area,E01027409,Northumberland 029B,Violence and sexual offences,Investigation complete; no suspect identified,
522b59c0d075e9eeabf584d130037ec8277edb0898e1380e32ad9e8bea9ca428,2024-10,Northumbria Police,Northumbria Police,-1.592050,55.087367,On or near Station Road,E01027409,Northumberland 029B,Violence and sexual offences,Investigation complete; no suspect identified,
065e0d195fdba5c3867c8daa4a5d33807bdbc63fadb49a045dad3202058f202c,2024-10,Northumbria Police,Northumbria Police,-1.588730,55.084256,On or near Parking Area,E01027409,Northumberland 029B,Violence and sexual offences,Investigation complete; no suspect identified,
1c3bfdfb3c390f9e37bb1f7feb0a89f8b2a7ac00e1e877633309cd75226886de,2024-10,Northumbria Police,Northumbria Police,-1.583009,55.081496,On or near Dewley,E01027409,Northumberland 029B,Violence and sexual offences,Status update unavailable,
5fc6d8e3d8631d832652a5637bcd693f2b55d72e1c9c6e691989ae4cb4c97546,2024-10,Northumbria Police,Northumbria Police,-1.583009,55.081496,On or near Dewley,E01027409,Northumberland 029B,Violence and sexual offences,Status update unavailable,
262125ba0a48ab3da1a008c95b348c4c4095a690345572f84c68f650e73a069c,2024-10,Northumbria Police,Northumbria Police,-1.582689,55.085188,On or near Paradise Row,E01027409,Northumberland 029B,Other crime,Status update unavailable,
,2024-10,Northumbria Police,Northumbria Police,-1.583532,55.080958,On or near Parking Area,E01027411,Northumberland 029C,Anti-social behaviour,,
,2024-10,Northumbria Police,Northumbria Police,-1.580756,55.084274,On or near Anstead Close,E01027411,Northumberland 029C,Anti-social behaviour,,
,2024-10,Northumbria Police,Northumbria Police,-1.586295,55.078784,On or near Alexandra Way,E01027411,Northumberland 029C,Anti-social behaviour,,
86692bd76f74f767c2dd80de3d9088d5c9215221f5f00c12681a0a2fc79381dd,2024-10,Northumbria Police,Northumbria Police,-1.589261,55.079819,On or near Hareside,E01027411,Northumberland 029C,Burglary,Investigation complete; no suspect identified,
b8787589328f9b757b29eaf6cb7e01aba3f5bf72f2db6a197d8df23fb7da3ecb,2024-10,Northumbria Police,Northumbria Police,-1.586295,55.078784,On or near Alexandra Way,E01027411,Northumberland 029C,Criminal damage and arson,Investigation complete; no suspect identified,
205d1de8e2ef5096a5e869e389cb68b81b59d6cf94439e34b3b04824b4580bc2,2024-10,Northumbria Police,Northumbria Police,-1.581029,55.082145,On or near Adderstone Avenue,E01027411,Northumberland 029C,Drugs,Offender given a caution,
851858b597478b94b43705d099d9b43749955b2d6acc96914c107d51e8223a8f,2024-10,Northumbria Police,Northumbria Police,-1.584193,55.079092,On or near Doxford Place,E01027411,Northumberland 029C,Violence and sexual offences,Status update unavailable,
,2024-10,Northumbria Police,Northumbria Police,-1.605221,55.094177,On or near South Nelson Road,E01027412,Northumberland 029D,Anti-social behaviour,,
,2024-10,Northumbria Police,Northumbria Police,-1.614034,55.085381,On or near Kielder Avenue,E01027412,Northumberland 029D,Anti-social behaviour,,
,2024-10,Northumbria Police,Northumbria Police,-1.614034,55.085381,On or near Kielder Avenue,E01027412,Northumberland 029D,Anti-social behaviour,,
,2024-10,Northumbria Police,Northumbria Police,-1.602008,55.091174,On or near Arcot Avenue,E01027412,Northumberland 029D,Anti-social behaviour,,
834db184accce9b3391caba7c9b33539405aae508d351ebfc671db425a296c1d,2024-10,Northumbria Police,Northumbria Police,-1.610853,55.085398,On or near Eastbourne Gardens,E01027412,Northumberland 029D,Criminal damage and arson,Investigation complete; no suspect identified,
71944a2409eb8d4fd345276333383213bd63b46fa750a67616e47ed6e01937d6,2024-10,Northumbria Police,Northumbria Police,-1.614034,55.085381,On or near Kielder Avenue,E01027412,Northumberland 029D,Criminal damage and arson,Investigation complete; no suspect identified,
9f567a9f26bda90c2662ecc4e3ccad4cf30f1788561b7e8a09539826c9258b63,2024-10,Northumbria Police,Northumbria Police,-1.601005,55.091198,On or near Ross Grove,E01027412,Northumberland 029D,Criminal damage and arson,Court result unavailable,
c00916f1581b80b881397120f7fba242b8dbae67db96da3536fdff2706131d0a,2024-10,Northumbria Police,Northumbria Police,-1.601763,55.092135,On or near Nelson Avenue,E01027412,Northumberland 029D,Criminal damage and arson,Investigation complete; no suspect identified,
18bbc92211d77510745cf6b45cf65fe97b4a2569452fa37b862107b080ae7454,2024-10,Northumbria Police,Northumbria Police,-1.624933,55.104223,On or near Shotton Lane,E01027412,Northumberland 029D,Other theft,Investigation complete; no suspect identified,
777bf191701f50e182efbcbf7662cae5303a0ada7b0d0a1de4d28af23b8d8ee2,2024-10,Northumbria Police,Northumbria Police,-1.605221,55.094177,On or near South Nelson Road,E01027412,Northumberland 029D,Public order,Status update unavailable,
69fc9f593b725a5508afb115f40d77e538aa843c5ebc6c345e36d0ca4dde90fc,2024-10,Northumbria Police,Northumbria Police,-1.624979,55.085927,On or near Fisher Lane,E01027412,Northumberland 029D,Vehicle crime,Investigation complete; no suspect identified,
f87c792f329528f1726f086bfa5bbe8ea0482bccb88607932a1ac6cc19acc4d4,2024-10,Northumbria Police,Northumbria Police,-1.605221,55.094177,On or near South Nelson Road,E01027412,Northumberland 029D,Vehicle crime,Investigation complete; no suspect identified,
88884f00a09267fd7fdc5195be3ae034d0d3197b01fcf71c9e661518c1a6a3c8,2024-10,Northumbria Police,Northumbria Police,-1.602008,55.091174,On or near Arcot Avenue,E01027412,Northumberland 029D,Violence and sexual offences,Status update unavailable,
5554168fa66674d2c4b4027aac832e55c83d49180f7c6c80417204fd52b97e6b,2024-10,Northumbria Police,Northumbria Police,-1.610853,55.085398,On or near Eastbourne Gardens,E01027412,Northumberland 029D,Violence and sexual offences,Court result unavailable,
91e30a911989cac40ab47d7e2e789058fbba82c75a1084bda0f1c02a65872ada,2024-10,Northumbria Police,Northumbria Police,-1.613370,55.085963,On or near Beacon Lane,E01027412,Northumberland 029D,Violence and sexual offences,Status update unavailable,
dd16ca36fbd1559e449cf8d618c48e9f382526c31550c23bd35c6ae26e512703,2024-10,Northumbria Police,Northumbria Police,-1.602008,55.091174,On or near Arcot Avenue,E01027412,Northumberland 029D,Violence and sexual offences,Status update unavailable,
e6745e17bfbba4241bf01908c46d4beda1c3d4d5506c9e556d4feb9ef674d888,2024-10,Northumbria Police,Northumbria Police,-1.601005,55.091198,On or near Ross Grove,E01027412,Northumberland 029D,Violence and sexual offences,Court result unavailable,
9ac1dc3954e964ee3eccef6fd50df5f5116d3820ad3e1c1a54929bd469e3a4e4,2024-10,Northumbria Police,Northumbria Police,-1.597634,55.099203,On or near Crow Hall Road,E01027412,Northumberland 029D,Violence and sexual offences,Offender given a caution,
b42a13bdcf2736e4b256dbb0e1daf8d613e2e0485c33290ab7caa61b83123259,2024-10,Northumbria Police,Northumbria Police,-1.611278,55.086819,On or near Evesham Place,E01027412,Northumberland 029D,Violence and sexual offences,Status update unavailable,
64204a993ecf4aea6db15c4e70116195ec09bee0b0321ac70c9f190d3183d192,2024-10,Northumbria Police,Northumbria Police,-1.611348,55.084510,On or near Elgin Close,E01027412,Northumberland 029D,Other crime,Status update unavailable,
,2024-10,Northumbria Police,Northumbria Police,-1.603811,55.086238,On or near Lytham Close,E01027413,Northumberland 029E,Anti-social behaviour,,
6a27b8a6737867e5757233b8921909b40a2b69d0821a33f9d562b3ef42cd0aa6,2024-10,Northumbria Police,Northumbria Police,-1.601476,55.084748,On or near Langdale Drive,E01027413,Northumberland 029E,Bicycle theft,Investigation complete; no suspect identified,
87c6a1a98fed8ce9dc5df37a78b0a25dccc8f42ff7fd3dbbec8d87432f7794b8,2024-10,Northumbria Police,Northumbria Police,-1.602626,55.085695,On or near Ladykirk Way,E01027413,Northumberland 029E,Criminal damage and arson,Investigation complete; no suspect identified,
9b5914882f992695667034d9aa19f1518776413f2e98e8667558a018048aaa06,2024-10,Northumbria Police,Northumbria Police,-1.602626,55.085695,On or near Ladykirk Way,E01027413,Northumberland 029E,Criminal damage and arson,Investigation complete; no suspect identified,
8d2ada7f622c4433b46f4e3119f802c224a38c6a8312d42b85cc084374cc32a8,2024-10,Northumbria Police,Northumbria Police,-1.608957,55.082319,On or near Beacon Lane,E01027413,Northumberland 029E,Public order,Status update unavailable,
550052860d27fa948e95624877293421e4ff71bba7813d5bc43201eb835172bc,2024-10,Northumbria Police,Northumbria Police,-1.603406,55.084484,On or near Lindsey Close,E01027413,Northumberland 029E,Public order,Investigation complete; no suspect identified,
b377d8adc83a69cf2931334984dcd38c8263e7b0bf8466b29238b4725fd01502,2024-10,Northumbria Police,Northumbria Police,-1.608957,55.082319,On or near Beacon Lane,E01027413,Northumberland 029E,Public order,Status update unavailable,
ce04110cf8778296b976961cc4a49bdd77baef5ab4b245eb43a3a79fde33a20a,2024-10,Northumbria Police,Northumbria Police,-1.601821,55.086303,On or near Lochcraig Place,E01027413,Northumberland 029E,Vehicle crime,Investigation complete; no suspect identified,
7c0b237bd9d50366a04c1f7cbd5dbf6a7bbfb852787951591afb93e4d443bf23,2024-10,Northumbria Police,Northumbria Police,-1.604978,55.085460,On or near Shanklin Place,E01027413,Northumberland 029E,Violence and sexual offences,Status update unavailable,
5345928064e83958f021f0f54b547d42d844b5b616f4bd4042a5ffb54141dd4d,2024-10,Northumbria Police,Northumbria Police,-1.598804,55.085611,On or near Longridge Way,E01027413,Northumberland 029E,Violence and sexual offences,Investigation complete; no suspect identified,
7692745065bb51130a09480cc5ba96299d8a108a444c85766d9d4a69bebcbaf0,2024-10,Northumbria Police,Northumbria Police,-1.608957,55.082319,On or near Beacon Lane,E01027413,Northumberland 029E,Violence and sexual offences,Status update unavailable,
7a019d2f9d736b1c6d70190f65b2725e43bfb2906f3af57cef37d04c4d8a57aa,2024-10,Northumbria Police,Northumbria Police,-1.599555,55.090439,On or near Burdon Avenue,E01027413,Northumberland 029E,Violence and sexual offences,Investigation complete; no suspect identified,
39d3347fefc5ec413927a50cd8d5dfa3f8a7bb9805ec1b3743ce783d26ccff04,2024-10,Northumbria Police,Northumbria Police,-1.601673,55.088549,On or near Strother Way,E01027413,Northumberland 029E,Violence and sexual offences,Status update unavailable,
0b9e73f7ec88e516c9487f99c4794fa7a9342239ead26f1f0af2871cc6ddeee1,2024-10,Northumbria Police,Northumbria Police,-1.601673,55.088549,On or near Strother Way,E01027413,Northumberland 029E,Violence and sexual offences,Status update unavailable,
4fc7aa9fc16d2ff3faf72c434b5aa07bc98d11e927e091e110ab4ac331e74997,2024-10,Northumbria Police,Northumbria Police,-1.601315,55.083651,On or near Larriston Place,E01027413,Northumberland 029E,Other crime,Status update unavailable,
26b570ed426412b5e8d300cbc2c0d99d5bc42fc1e8d6fa8d400a977b60bce280,2024-10,Northumbria Police,Northumbria Police,-1.601476,55.084748,On or near Langdale Drive,E01027413,Northumberland 029E,Other crime,Status update unavailable,
,2024-10,Northumbria Police,Northumbria Police,-1.498386,55.083217,On or near The Avenue,E01027417,Northumberland 030A,Anti-social behaviour,,
,2024-10,Northumbria Police,Northumbria Police,-1.486486,55.090077,On or near Seafield Mews,E01027417,Northumberland 030A,Anti-social behaviour,,
,2024-10,Northumbria Police,Northumbria Police,-1.472673,55.080143,On or near Millway,E01027417,Northumberland 030A,Anti-social behaviour,,
d3efa484ecbff4b1d4b92ef5bde4bede87c43b1fd2b8d04355c448ed805ac4ed,2024-10,Northumbria Police,Northumbria Police,-1.483472,55.085671,On or near Fountain Head Bank,E01027417,Northumberland 030A,Public order,Status update unavailable,
47f874d467bdddb5ae0f373d6eafd01678a4f762f0015b7b3434d0193d4ff4e1,2024-10,Northumbria Police,Northumbria Police,-1.474613,55.082685,On or near Byewell Terrace,E01027417,Northumberland 030A,Violence and sexual offences,Status update unavailable,
2cd542e3c08b479c4ae0a88d77343f9e54f7139b4f6d5c8e7695dffcf3a3655f,2024-10,Northumbria Police,Northumbria Police,-1.474613,55.082685,On or near Byewell Terrace,E01027417,Northumberland 030A,Violence and sexual offences,Status update unavailable,
90b4ec9b9272ec05b94088c650a5f0b80f4fbfe0890fcb632ae66d94bd7f586a,2024-10,Northumbria Police,Northumbria Police,-1.488259,55.088692,On or near Conway Grove,E01027417,Northumberland 030A,Violence and sexual offences,Status update unavailable,
,2024-10,Northumbria Police,Northumbria Police,-1.517813,55.086908,On or near Hastings Terrace,E01027418,Northumberland 030B,Anti-social behaviour,,
,2024-10,Northumbria Police,Northumbria Police,-1.517813,55.086908,On or near Hastings Terrace,E01027418,Northumberland 030B,Anti-social behaviour,,
2ff9500419273576cd1fb86fb81d8f09c65e366dc8b912e01ea468cf1e7a008c,2024-10,Northumbria Police,Northumbria Police,-1.512423,55.084370,On or near St Michael'S Avenue,E01027418,Northumberland 030B,Vehicle crime,Investigation complete; no suspect identified,
126c8d0fd712681e16b289797c88fb0f395d800e96cc28c3a0e5eb174968f7b7,2024-10,Northumbria Police,Northumbria Police,-1.516852,55.083426,On or near Meadow View,E01027418,Northumberland 030B,Vehicle crime,Investigation complete; no suspect identified,
487ab39c4ebf49f18beea909ee613c6792aa5f42816a2fc715a27206e91c5a3e,2024-10,Northumbria Police,Northumbria Police,-1.517317,55.085126,On or near Gloria Avenue,E01027418,Northumberland 030B,Violence and sexual offences,Investigation complete; no suspect identified,
,2024-10,Northumbria Police,Northumbria Police,-1.474893,55.079263,On or near Millfield,E01027419,Northumberland 030C,Anti-social behaviour,,
,2024-10,Northumbria Police,Northumbria Police,-1.471420,55.074224,On or near Hartley Lane,E01027419,Northumberland 030C,Anti-social behaviour,,
,2024-10,Northumbria Police,Northumbria Police,-1.473571,55.083319,On or near Waterford Close,E01027419,Northumberland 030C,Anti-social behaviour,,
,2024-10,Northumbria Police,Northumbria Police,-1.473571,55.083319,On or near Waterford Close,E01027419,Northumberland 030C,Anti-social behaviour,,
,2024-10,Northumbria Police,Northumbria Police,-1.473907,55.078009,On or near Budworth Avenue,E01027419,Northumberland 030C,Anti-social behaviour,,
,2024-10,Northumbria Police,Northumbria Police,-1.473571,55.083319,On or near Waterford Close,E01027419,Northumberland 030C,Anti-social behaviour,,
,2024-10,Northumbria Police,Northumbria Police,-1.471420,55.074224,On or near Hartley Lane,E01027419,Northumberland 030C,Anti-social behaviour,,
79376124c8c388fa56d810ccf9b8306fae881c120c977264ca1a007eff52027f,2024-10,Northumbria Police,Northumbria Police,-1.474893,55.079263,On or near Millfield,E01027419,Northumberland 030C,Other theft,Investigation complete; no suspect identified,
5fb7f7756f69e3aaff38c8b1612165b0bb96df604525694d66cfc1368ae8fe57,2024-10,Northumbria Police,Northumbria Police,-1.473920,55.081829,On or near Boundary Way,E01027419,Northumberland 030C,Public order,Status update unavailable,
e1757adb429387c71d92af62184bf8f4774b47093038ff4a9f08763acf7d19ab,2024-10,Northumbria Police,Northumbria Police,-1.472381,55.080529,On or near Supermarket,E01027419,Northumberland 030C,Shoplifting,Investigation complete; no suspect identified,
654078deb4daa573b23c46dec4c409e2dcc69f4c135663adc243d30187d8b07c,2024-10,Northumbria Police,Northumbria Police,-1.472381,55.080529,On or near Supermarket,E01027419,Northumberland 030C,Shoplifting,Status update unavailable,
,2024-10,Northumbria Police,Northumbria Police,-1.514753,55.065284,On or near Tillmouth Avenue,E01027420,Northumberland 030D,Anti-social behaviour,,
e92421a94b9524502b14701753b2541d9338a1143b32fc7b232fae2bee50a375,2024-10,Northumbria Police,Northumbria Police,-1.503773,55.064305,On or near Holywell Close,E01027420,Northumberland 030D,Criminal damage and arson,Investigation complete; no suspect identified,
,2024-10,Northumbria Police,Northumbria Police,-1.513320,55.068504,On or near The Paddock,E01027421,Northumberland 030E,Anti-social behaviour,,
,2024-10,Northumbria Police,Northumbria Police,-1.518237,55.069836,On or near Ambleside Close,E01027421,Northumberland 030E,Anti-social behaviour,,
7e51d7bd53477991bab4e13d1cb8ea78a2a92e3239fe4e6388442aadcf6f621d,2024-10,Northumbria Police,Northumbria Police,-1.518237,55.069836,On or near Ambleside Close,E01027421,Northumberland 030E,Criminal damage and arson,Status update unavailable,
e07433fe6ba900be8a7fbdacccef0fa9e45b988459b703f7224357d59d0bca3b,2024-10,Northumbria Police,Northumbria Police,-1.515812,55.069664,On or near Ryal Close,E01027421,Northumberland 030E,Criminal damage and arson,Status update unavailable,
9fe3d3cce59f48110da78ea58ef98ce15a7b980f8a7946d90df98bebacfd569f,2024-10,Northumbria Police,Northumbria Police,-1.515812,55.069664,On or near Ryal Close,E01027421,Northumberland 030E,Drugs,Investigation complete; no suspect identified,
745ecbb44e47805b3f58de2f972785e3a23541715aad88855820e649b80f26b4,2024-10,Northumbria Police,Northumbria Police,-1.517227,55.070506,On or near Whitton Place,E01027421,Northumberland 030E,Other theft,Investigation complete; no suspect identified,
e1c17d5b829350b85ff46bb8518e4d0fe74d866c57c6ec6d25fe5347690a3dfa,2024-10,Northumbria Police,Northumbria Police,-1.518628,55.068588,On or near Mindrum Way,E01027421,Northumberland 030E,Other theft,Status update unavailable,
163624226b60f90f5c7c6578c4b5dce03c274dff1a7797d57ce4da035b8431aa,2024-10,Northumbria Police,Northumbria Police,-1.515972,55.070680,On or near Dartford Close,E01027421,Northumberland 030E,Possession of weapons,Court result unavailable,
bae198a7168f95c8de7f5f0182aefbbab26e99bee3d7ecebeb63ed3c0c6c46fb,2024-10,Northumbria Police,Northumbria Police,-1.515972,55.070680,On or near Dartford Close,E01027421,Northumberland 030E,Possession of weapons,Court result unavailable,
7e313d9d05449156cb0d88c5366fc7292a964d3f906d5c92a5217d2bf9ad252d,2024-10,Northumbria Police,Northumbria Police,-1.518628,55.068588,On or near Mindrum Way,E01027421,Northumberland 030E,Public order,Status update unavailable,
d92fb4dead5ccf0842d7c0a167565bfe8127b0308d115839bc22fcd705d24c9c,2024-10,Northumbria Police,Northumbria Police,-1.518237,55.069836,On or near Ambleside Close,E01027421,Northumberland 030E,Public order,Investigation complete; no suspect identified,
398372308fd4ddba4901ca4ca20a12773270cbad19f51c0a101766d7d0573838,2024-10,Northumbria Police,Northumbria Police,-1.514562,55.066865,On or near Tranwell Drive,E01027421,Northumberland 030E,Vehicle crime,Investigation complete; no suspect identified,
78dbaedb0769f5bb943194e3990283842df8cd323c7c7b9177f85c8427636ea0,2024-10,Northumbria Police,Northumbria Police,-1.515972,55.070680,On or near Dartford Close,E01027421,Northumberland 030E,Violence and sexual offences,Status update unavailable,
5b21b4d2f27c4058f10b7da3e73850484ae4ebd87ea88e78b1775daac4508f70,2024-10,Northumbria Police,Northumbria Police,-1.506607,55.064307,On or near Blanchland Drive,E01027421,Northumberland 030E,Violence and sexual offences,Status update unavailable,
d49046f0b2b4454148d943d8d8020a440831cd546660d7650a7fb9b2cafb956b,2024-10,Northumbria Police,Northumbria Police,-1.515972,55.070680,On or near Dartford Close,E01027421,Northumberland 030E,Other crime,Status update unavailable,
820b9ed419cedf03ef894eb0df8574ae8050d460328c15cf400f29b68c309f09,2024-10,Northumbria Police,Northumbria Police,-1.515972,55.070680,On or near Dartford Close,E01027421,Northumberland 030E,Other crime,Status update unavailable,
,2024-10,Northumbria Police,Northumbria Police,-1.574210,55.073737,On or near Weetwood Road,E01027394,Northumberland 031A,Anti-social behaviour,,
,2024-10,Northumbria Police,Northumbria Police,-1.569492,55.074086,On or near Hospital,E01027394,Northumberland 031A,Anti-social behaviour,,
,2024-10,Northumbria Police,Northumbria Police,-1.571832,55.079390,On or near Hastings Street,E01027394,Northumberland 031A,Anti-social behaviour,,
fe95d406b69adaf227eded426eb83d275663d665c0f97e758f05b2c4173a0520,2024-10,Northumbria Police,Northumbria Police,-1.573425,55.075370,On or near Whitelaw Place,E01027394,Northumberland 031A,Criminal damage and arson,Investigation complete; no suspect identified,
ec7a5b01347a15c3b87644d1dded0a9aca1467d3543e1bfdb1487fc273f0823f,2024-10,Northumbria Police,Northumbria Police,-1.569492,55.074086,On or near Hospital,E01027394,Northumberland 031A,Drugs,Court result unavailable,
577d44db4ffa11b7d58730f4c23412f531e1f6c20b57a4979635ac27fc77db61,2024-10,Northumbria Police,Northumbria Police,-1.576537,55.078823,On or near Carlcroft Place,E01027394,Northumberland 031A,Drugs,Court result unavailable,
5afa2cb301a3494bf21afb765d521783fb44a75cd82e305fea9d1be6a33f3bd4,2024-10,Northumbria Police,Northumbria Police,-1.576537,55.078823,On or near Carlcroft Place,E01027394,Northumberland 031A,Drugs,Court result unavailable,
e83ae6d13d12d4ea273840148263bd521ae27edc8d26ed599e3724b5e763bb1f,2024-10,Northumbria Police,Northumbria Police,-1.569492,55.074086,On or near Hospital,E01027394,Northumberland 031A,Public order,Investigation complete; no suspect identified,
0d7a53e9317707013984b635bcdff1ea10949aa4011261d4248e95c48215ea2e,2024-10,Northumbria Police,Northumbria Police,-1.569492,55.074086,On or near Hospital,E01027394,Northumberland 031A,Public order,Status update unavailable,
7b59c31e2cc3724e2cdf73bdbc19ee13c05d0c2afd49d04020c429cc5bbb3d42,2024-10,Northumbria Police,Northumbria Police,-1.569492,55.074086,On or near Hospital,E01027394,Northumberland 031A,Public order,Status update unavailable,
5412477361542fbcf14c46e1b8e7d0f00d3324aa01a3f370ad784c7f23b1c8b4,2024-10,Northumbria Police,Northumbria Police,-1.569492,55.074086,On or near Hospital,E01027394,Northumberland 031A,Theft from the person,Investigation complete; no suspect identified,
698bd3686555a2b7c5675c8272a74a34ecee76615d802cf5ddaa9759466f1ff5,2024-10,Northumbria Police,Northumbria Police,-1.569492,55.074086,On or near Hospital,E01027394,Northumberland 031A,Violence and sexual offences,Investigation complete; no suspect identified,
7fbb40513659591b8c756161525087f818488174ccc80a4f5cdf7645e3dbdc83,2024-10,Northumbria Police,Northumbria Police,-1.576537,55.078823,On or near Carlcroft Place,E01027394,Northumberland 031A,Violence and sexual offences,Investigation complete; no suspect identified,
b3e5a2c1b3f666e43c5dd49a0e45e399193c9dfc37693d6019f51fe28944bcee,2024-10,Northumbria Police,Northumbria Police,-1.569492,55.074086,On or near Hospital,E01027394,Northumberland 031A,Violence and sexual offences,Status update unavailable,
55fe789554bbc58db79ca51531c63dfbe031b02c73f33a3c773964e1e9f97a33,2024-10,Northumbria Police,Northumbria Police,-1.569492,55.074086,On or near Hospital,E01027394,Northumberland 031A,Violence and sexual offences,Status update unavailable,
1ea2ae6f350ae37e5141a36feeb2da41fc77ee683fa4653fb2b676cd0ba1862a,2024-10,Northumbria Police,Northumbria Police,-1.569492,55.074086,On or near Hospital,E01027394,Northumberland 031A,Violence and sexual offences,Status update unavailable,
201c71f7550fb60e82f63f27c6cb1dfa7f565ecf68857cc5352f45f126e6d8f3,2024-10,Northumbria Police,Northumbria Police,-1.576537,55.078823,On or near Carlcroft Place,E01027394,Northumberland 031A,Violence and sexual offences,Court result unavailable,
,2024-10,Northumbria Police,Northumbria Police,-1.585590,55.074235,On or near Ganton Avenue,E01027406,Northumberland 031B,Anti-social behaviour,,
,2024-10,Northumbria Police,Northumbria Police,-1.585590,55.074235,On or near Ganton Avenue,E01027406,Northumberland 031B,Anti-social behaviour,,
,2024-10,Northumbria Police,Northumbria Police,-1.588799,55.072925,On or near Grosvenor Close,E01027406,Northumberland 031B,Anti-social behaviour,,
9fae19ad65f226f1693601a282ddd72e00ed0a162d4ea37b5e3ec1448cfddf98,2024-10,Northumbria Police,Northumbria Police,-1.578800,55.063141,On or near Mill Lane,E01027406,Northumberland 031B,Drugs,Investigation complete; no suspect identified,
41c688905478f97e068fb5dd6bc5a830b4c0a575ed7d208d0ad021c3baf1dfa6,2024-10,Northumbria Police,Northumbria Police,-1.578800,55.063141,On or near Mill Lane,E01027406,Northumberland 031B,Other theft,Investigation complete; no suspect identified,
6102da0373c86d701195a90da9fb647e11f66c5a5140587fcd535b298aa61567,2024-10,Northumbria Police,Northumbria Police,-1.578800,55.063141,On or near Mill Lane,E01027406,Northumberland 031B,Other theft,Investigation complete; no suspect identified,
3dec31edbb4f24d582de96348788466d59dc405d78eca0309a88867e459c6ad6,2024-10,Northumbria Police,Northumbria Police,-1.578800,55.063141,On or near Mill Lane,E01027406,Northumberland 031B,Public order,Investigation complete; no suspect identified,
7d477da6b5a3f0adc0dbc167b844fef578718189c58f0887dba7bdf15cefe5f7,2024-10,Northumbria Police,Northumbria Police,-1.578800,55.063141,On or near Mill Lane,E01027406,Northumberland 031B,Shoplifting,Investigation complete; no suspect identified,
a3773120d41f6900954c30302b6d8d9ca48c139a7a31fed41d90022178152d20,2024-10,Northumbria Police,Northumbria Police,-1.578800,55.063141,On or near Mill Lane,E01027406,Northumberland 031B,Shoplifting,Investigation complete; no suspect identified,
b6bdd8ac8a709d834b42a8d2a34cb580edfc7181ae578aba4f2aab9d2bd4d5d4,2024-10,Northumbria Police,Northumbria Police,-1.578800,55.063141,On or near Mill Lane,E01027406,Northumberland 031B,Shoplifting,Investigation complete; no suspect identified,
c47f336afc498c2ef364355a390adf0a2751ef199ee9c69b7bfd398e9bfb3e1e,2024-10,Northumbria Police,Northumbria Police,-1.578800,55.063141,On or near Mill Lane,E01027406,Northumberland 031B,Shoplifting,Investigation complete; no suspect identified,
b8a92f64146789d7b3869e4ba2a2350671e55e2f91ccd4fe30cafe265ac8e184,2024-10,Northumbria Police,Northumbria Police,-1.578800,55.063141,On or near Mill Lane,E01027406,Northumberland 031B,Violence and sexual offences,Status update unavailable,
,2024-10,Northumbria Police,Northumbria Police,-1.576018,55.071632,On or near Wildshaw Close,E01027407,Northumberland 031C,Anti-social behaviour,,
,2024-10,Northumbria Police,Northumbria Police,-1.581642,55.069908,On or near Windburgh Drive,E01027407,Northumberland 031C,Anti-social behaviour,,
b3f492463e1145d563ddbf01d06a9b74c6dc880d9cb3918b446782939a2e15ed,2024-10,Northumbria Police,Northumbria Police,-1.582341,55.070414,On or near Whernside Place,E01027407,Northumberland 031C,Vehicle crime,Status update unavailable,
7b8cf8f88c1805705d4d489e769acea2ad3b3674910f2559700e96152cc1a424,2024-10,Northumbria Police,Northumbria Police,-1.579817,55.070701,On or near Westloch Road,E01027407,Northumberland 031C,Violence and sexual offences,Investigation complete; no suspect identified,
c3525bc4d0e989930e745773b105f666c2882483482bf5a5922eabdfb2fb65a9,2024-10,Northumbria Police,Northumbria Police,-1.579817,55.070701,On or near Westloch Road,E01027407,Northumberland 031C,Violence and sexual offences,Court result unavailable,
,2024-10,Northumbria Police,Northumbria Police,-1.577801,55.077722,On or near Cranshaw Place,E01027408,Northumberland 031D,Anti-social behaviour,,
,2024-10,Northumbria Police,Northumbria Police,-1.579754,55.076695,On or near Crofthead Drive,E01027408,Northumberland 031D,Anti-social behaviour,,
,2024-10,Northumbria Police,Northumbria Police,-1.577801,55.077722,On or near Cranshaw Place,E01027408,Northumberland 031D,Anti-social behaviour,,
,2024-10,Northumbria Police,Northumbria Police,-1.579754,55.076695,On or near Crofthead Drive,E01027408,Northumberland 031D,Anti-social behaviour,,
a06ab8a1182be7568d7b5b4aafa32025f3abf8ba90b20a246ecebe7036168e7c,2024-10,Northumbria Police,Northumbria Police,-1.577801,55.077722,On or near Cranshaw Place,E01027408,Northumberland 031D,Criminal damage and arson,Investigation complete; no suspect identified,
8b4c3612114f72cfd2bf00f6f61cbf04aafa7efe511263a117e21df53066f451,2024-10,Northumbria Police,Northumbria Police,-1.577801,55.077722,On or near Cranshaw Place,E01027408,Northumberland 031D,Drugs,Status update unavailable,
,2024-10,Northumbria Police,Northumbria Police,-1.591260,55.078882,On or near Lancastrian Road,E01027410,Northumberland 031E,Anti-social behaviour,,
,2024-10,Northumbria Police,Northumbria Police,-1.590392,55.074907,On or near Leyburn Court,E01027410,Northumberland 031E,Anti-social behaviour,,
,2024-10,Northumbria Police,Northumbria Police,-1.588273,55.076850,On or near Dudley Lane,E01027410,Northumberland 031E,Anti-social behaviour,,
,2024-10,Northumbria Police,Northumbria Police,-1.590392,55.074907,On or near Leyburn Court,E01027410,Northumberland 031E,Anti-social behaviour,,
,2024-10,Northumbria Police,Northumbria Police,-1.588273,55.076850,On or near Dudley Lane,E01027410,Northumberland 031E,Anti-social behaviour,,
c0e5979e6af921f75dca22e5722d7d3a945ca96d8bea0c6d0ef38c4c6269ab68,2024-10,Northumbria Police,Northumbria Police,-1.590392,55.074907,On or near Leyburn Court,E01027410,Northumberland 031E,Criminal damage and arson,Investigation complete; no suspect identified,
d66c2da327321cc30471b3c1e93af45373bd2ec43d21f4d403c7636b67906a31,2024-10,Northumbria Police,Northumbria Police,-1.590392,55.074907,On or near Leyburn Court,E01027410,Northumberland 031E,Criminal damage and arson,Investigation complete; no suspect identified,
c17bf834b6c752f1c17c8d10612933e323e802c9f3ecfd679dc19d837716927c,2024-10,Northumbria Police,Northumbria Police,-1.590392,55.074907,On or near Leyburn Court,E01027410,Northumberland 031E,Public order,Status update unavailable,
462911a29ed6f578b8aa944de433a492775c6b083b00d32e0bd369310f5ccbed,2024-10,Northumbria Police,Northumbria Police,-1.590392,55.074907,On or near Leyburn Court,E01027410,Northumberland 031E,Public order,Status update unavailable,
433ce59a54ec1d934b6a3bf4155f91d3d28c3baffd5b79e72195bc6a78037e19,2024-10,Northumbria Police,Northumbria Police,-1.590392,55.074907,On or near Leyburn Court,E01027410,Northumberland 031E,Violence and sexual offences,Status update unavailable,
17f18cc8c1564df2d67e301defa91d11d160aed0cfdea8e2d3e33bc28d756b74,2024-10,Northumbria Police,Northumbria Police,-1.590392,55.074907,On or near Leyburn Court,E01027410,Northumberland 031E,Violence and sexual offences,Status update unavailable,
,2024-10,Northumbria Police,Northumbria Police,-1.528507,55.071403,On or near Delaval Avenue,E01027432,Northumberland 032A,Anti-social behaviour,,
,2024-10,Northumbria Police,Northumbria Police,-1.529949,55.069935,On or near Glanton Avenue,E01027432,Northumberland 032A,Anti-social behaviour,,
,2024-10,Northumbria Police,Northumbria Police,-1.527776,55.073629,On or near Astley Road,E01027432,Northumberland 032A,Anti-social behaviour,,
49c084f2034f8d6a40aec3503fd89d86e30bbbb7d59138009f9d6ef0886e54b1,2024-10,Northumbria Police,Northumbria Police,-1.524983,55.072618,On or near Supermarket,E01027432,Northumberland 032A,Criminal damage and arson,Investigation complete; no suspect identified,
e069616edbc1b3fde0d25cb03959101fa0c27ccb5dd930eec92ada0bb5b48d2b,2024-10,Northumbria Police,Northumbria Police,-1.524322,55.070435,On or near Ridsdale Close,E01027432,Northumberland 032A,Drugs,Status update unavailable,
b189491d991da06ecbc02033b6e1e14413af2beb1e289f563e8aca8de2b85085,2024-10,Northumbria Police,Northumbria Police,-1.529281,55.070804,On or near Coronation Road,E01027432,Northumberland 032A,Public order,Status update unavailable,
0f7c1b39320bf891f6802a960a278681f8ac083416abfbaf320e3f5fa0817cc9,2024-10,Northumbria Police,Northumbria Police,-1.524983,55.072618,On or near Supermarket,E01027432,Northumberland 032A,Public order,Status update unavailable,
028dfa0487c2a80ee7833a8e66c442389e516add1ec282116d801e5c988ec94b,2024-10,Northumbria Police,Northumbria Police,-1.524983,55.072618,On or near Supermarket,E01027432,Northumberland 032A,Public order,Status update unavailable,
c82a5d151f7978c32d10091ad9c6a9edf509022df7d24297f8f392c3dfdca5e4,2024-10,Northumbria Police,Northumbria Police,-1.521361,55.071789,On or near Park View,E01027432,Northumberland 032A,Public order,Status update unavailable,
f41287a7aa346aaa408e3c32d909810a6ca52c48e581058076907460469d65f1,2024-10,Northumbria Police,Northumbria Police,-1.524322,55.070435,On or near Ridsdale Close,E01027432,Northumberland 032A,Robbery,Status update unavailable,
f52a5d449bfccaddd42bd9aec5d74f5110083a6a7d3b49d0cba26fd119c5af76,2024-10,Northumbria Police,Northumbria Police,-1.524983,55.072618,On or near Supermarket,E01027432,Northumberland 032A,Shoplifting,Investigation complete; no suspect identified,
2ab3bd3d0c1911d250b7de495db48b0d1da4678c5b3d98abf8cffd15006e1c44,2024-10,Northumbria Police,Northumbria Police,-1.524983,55.072618,On or near Supermarket,E01027432,Northumberland 032A,Shoplifting,Investigation complete; no suspect identified,
c7eb14586647d43030dc35144f2a3b1dd23f0bcc0d95d82b4a389b794fb0993b,2024-10,Northumbria Police,Northumbria Police,-1.524983,55.072618,On or near Supermarket,E01027432,Northumberland 032A,Shoplifting,Investigation complete; no suspect identified,
b28d4af95f68906cf2fadc62dbce81021eec0ce2a11894188806facc9a1cdc52,2024-10,Northumbria Police,Northumbria Police,-1.524983,55.072618,On or near Supermarket,E01027432,Northumberland 032A,Shoplifting,Court result unavailable,
5f0d649544f4ad4808bc28528f320d1da80a467109ced301b3f3e6c9db27d522,2024-10,Northumbria Police,Northumbria Police,-1.524983,55.072618,On or near Supermarket,E01027432,Northumberland 032A,Shoplifting,Investigation complete; no suspect identified,
fd6e97b58e86c426aaac315a6118b7571350135ce3c58f23ba0dffbeb952587c,2024-10,Northumbria Police,Northumbria Police,-1.524983,55.072618,On or near Supermarket,E01027432,Northumberland 032A,Shoplifting,Investigation complete; no suspect identified,
adc9741caabb31b037356d791ec0f5e1c8fe9d104372363432202e1ad4d078d9,2024-10,Northumbria Police,Northumbria Police,-1.524983,55.072618,On or near Supermarket,E01027432,Northumberland 032A,Shoplifting,Investigation complete; no suspect identified,
4b04b99aa1384938bf11711139091ccc22710fbd9e00e90978ae9239f625195e,2024-10,Northumbria Police,Northumbria Police,-1.524983,55.072618,On or near Supermarket,E01027432,Northumberland 032A,Shoplifting,Investigation complete; no suspect identified,
81c7f0aabf204edec6d812b3a645078f257713059100ad254457b672ffb02cae,2024-10,Northumbria Police,Northumbria Police,-1.520947,55.069801,On or near Kearsley Close,E01027432,Northumberland 032A,Vehicle crime,Investigation complete; no suspect identified,
517e75896663f5d44b39890221da5efb8d6de32452ba75f5c223879f2c94be37,2024-10,Northumbria Police,Northumbria Police,-1.527888,55.072084,On or near Starlight Crescent,E01027432,Northumberland 032A,Vehicle crime,Investigation complete; no suspect identified,
56a9146606a25392f6026f0a9a00bc05ce23c5865201563f5c3d79be2087632b,2024-10,Northumbria Police,Northumbria Police,-1.527878,55.070287,On or near Avenue Road,E01027432,Northumberland 032A,Vehicle crime,Investigation complete; no suspect identified,
4a8c263ca88f6d3a348211db5603cb2d21505271b71b4562a490a1f446d9d2eb,2024-10,Northumbria Police,Northumbria Police,-1.527271,55.071336,On or near Patterson Close,E01027432,Northumberland 032A,Violence and sexual offences,Investigation complete; no suspect identified,
67386f207de77cae8aef536e320438aef0dbd39e3e9000182b0994005727e7ab,2024-10,Northumbria Police,Northumbria Police,-1.528252,55.073137,On or near Blyth Street,E01027432,Northumberland 032A,Violence and sexual offences,Status update unavailable,
646c32bec530ce95d866a6571768c2dbcce1568dce1ab4898ac0e9ac4d3ab430,2024-10,Northumbria Police,Northumbria Police,-1.524983,55.072618,On or near Supermarket,E01027432,Northumberland 032A,Violence and sexual offences,Status update unavailable,
e9959ebf358fef669a313d421a0ac6ba05974704736aa34dbf2240902d441e24,2024-10,Northumbria Police,Northumbria Police,-1.523491,55.073145,On or near Greenlands Court,E01027432,Northumberland 032A,Violence and sexual offences,Investigation complete; no suspect identified,
77fa42d95174b7907be112a4820b96566dbc6d0ddc3057754d4d37a140a6a28e,2024-10,Northumbria Police,Northumbria Police,-1.527271,55.071336,On or near Patterson Close,E01027432,Northumberland 032A,Violence and sexual offences,Status update unavailable,
8aeca59aa2a5de408d4721d22848496707c198aa8d9bcfeef5b1d66468cf80f2,2024-10,Northumbria Police,Northumbria Police,-1.521145,55.068894,On or near Elsdon Avenue,E01027432,Northumberland 032A,Violence and sexual offences,Status update unavailable,
216c9bd10044125aa7a0c89fcf61b38ab3befbe2d534ccd7c2f68f91a4527266,2024-10,Northumbria Police,Northumbria Police,-1.524345,55.072403,On or near Hartley Street,E01027432,Northumberland 032A,Violence and sexual offences,Status update unavailable,
c989709640dd47376f4b82b85d6d2a8c776ad84afe390cddcb933321e200174f,2024-10,Northumbria Police,Northumbria Police,-1.527888,55.072084,On or near Starlight Crescent,E01027432,Northumberland 032A,Violence and sexual offences,Status update unavailable,
0d8300f91e93af82518f6b0a048206c42a489c3f18a10ec1c463b76abffac2d3,2024-10,Northumbria Police,Northumbria Police,-1.524983,55.072618,On or near Supermarket,E01027432,Northumberland 032A,Violence and sexual offences,Court result unavailable,
56ff2f7c5ca4bb9201c726969f7d7cbe55d26a0ce419583224a6672670fb709c,2024-10,Northumbria Police,Northumbria Police,-1.527888,55.072084,On or near Starlight Crescent,E01027432,Northumberland 032A,Other crime,Court result unavailable,
07cdc8e5b756bf52e6b642800d02d1ed7da1e22ba541281785d6ec7dce1fdc86,2024-10,Northumbria Police,Northumbria Police,-1.539437,55.076909,On or near Wheatfields,E01027433,Northumberland 032B,Other theft,Status update unavailable,
ac4ab2b3a10f3b8d15a4bf42c175611bd1c630976a491761320a5d1f14aeafca,2024-10,Northumbria Police,Northumbria Police,-1.534387,55.076312,On or near Supermarket,E01027433,Northumberland 032B,Other theft,Investigation complete; no suspect identified,
5e6300ec61f1162983bc14d954fcd88a56745080fc39399e6666649e7277ef57,2024-10,Northumbria Police,Northumbria Police,-1.534387,55.076312,On or near Supermarket,E01027433,Northumberland 032B,Other theft,Investigation complete; no suspect identified,
254bc8571e76e5e33bf134aaaab5acf417b2b1978dde0bdce40b22a1d9a69c6f,2024-10,Northumbria Police,Northumbria Police,-1.534387,55.076312,On or near Supermarket,E01027433,Northumberland 032B,Other theft,Investigation complete; no suspect identified,
a09980bea6c1a0d0ac24870829f100462f42a0e141597b86cc3a77cfe3dc2502,2024-10,Northumbria Police,Northumbria Police,-1.533667,55.074775,On or near Wheatridge,E01027433,Northumberland 032B,Other theft,Status update unavailable,
e506ff3036fe896f58c766a242347d558475f722f9801eeeee00963d68bc4bed,2024-10,Northumbria Police,Northumbria Police,-1.531049,55.074963,On or near The Beacons,E01027433,Northumberland 032B,Public order,Status update unavailable,
225ff1b41eed7f1c437170f79ddde4662e1a46357d11ee508195370b4883e3b4,2024-10,Northumbria Police,Northumbria Police,-1.534387,55.076312,On or near Supermarket,E01027433,Northumberland 032B,Shoplifting,Investigation complete; no suspect identified,
0866e486f6077d396ba5738be8d08a49825e89cd664356c53434b45bdaa7ca6c,2024-10,Northumbria Police,Northumbria Police,-1.528869,55.077893,On or near Akenshaw Drive,E01027433,Northumberland 032B,Theft from the person,Status update unavailable,
c89ef95c6201591869b1f27fa187990c8dbba3b9d5dd532d73df453df06913d0,2024-10,Northumbria Police,Northumbria Police,-1.539437,55.076909,On or near Wheatfields,E01027433,Northumberland 032B,Violence and sexual offences,Investigation complete; no suspect identified,
b5a8c400124f1698a7de101eb442104516cbb8a34980fa56ec03ac5b8ec64822,2024-10,Northumbria Police,Northumbria Police,-1.529727,55.072873,On or near Rothley Grove,E01027433,Northumberland 032B,Violence and sexual offences,Status update unavailable,
2f50746d04dc6eebefe7012bcf4262487b38525e74a8bb63324f20fc8dcc993d,2024-10,Northumbria Police,Northumbria Police,-1.528869,55.077893,On or near Akenshaw Drive,E01027433,Northumberland 032B,Violence and sexual offences,Status update unavailable,
fe3ad7316178d422c04008e1afcf65091ec9efb4abbb0a46d6b0454f99fc94f0,2024-10,Northumbria Police,Northumbria Police,-1.531442,55.070858,On or near Bolam Way,E01027433,Northumberland 032B,Violence and sexual offences,Status update unavailable,
e24d645fdd1ef3371de487899024276e1a65884fdaa9d05e0296968dda823b9b,2024-10,Northumbria Police,Northumbria Police,-1.529727,55.072873,On or near Rothley Grove,E01027433,Northumberland 032B,Violence and sexual offences,Status update unavailable,
7e8bac28f381d2a81c0f089010d1bae95f09bfe59bedaa0dda00dbfea5e333ed,2024-10,Northumbria Police,Northumbria Police,-1.534186,55.071848,On or near St Stephen'S Close,E01027433,Northumberland 032B,Violence and sexual offences,Status update unavailable,
950984b0d545eef55a26e940c1f69740d3e1ed42426d1c624b7a8b3fb967b0f9,2024-10,Northumbria Police,Northumbria Police,-1.528869,55.077893,On or near Akenshaw Drive,E01027433,Northumberland 032B,Violence and sexual offences,Status update unavailable,
,2024-10,Northumbria Police,Northumbria Police,-1.522890,55.064435,On or near Melrose Avenue,E01027434,Northumberland 032C,Anti-social behaviour,,
88c567fd13bc5808e33ffdcb4b81e65aa336de058cd6dd038520223859ec2c35,2024-10,Northumbria Police,Northumbria Police,-1.517951,55.066240,On or near Kyloe Avenue,E01027434,Northumberland 032C,Other theft,Local resolution,
ec71ab0ffa7e43715c6c5b672bb3518f1487dba1bd2c809235cb51f4dd6f3f9b,2024-10,Northumbria Police,Northumbria Police,-1.517951,55.066240,On or near Kyloe Avenue,E01027434,Northumberland 032C,Other theft,Investigation complete; no suspect identified,
a11e9b3f62b71dbf1e8c30b3231bd223962a618876fa4e19396f09939323f6fe,2024-10,Northumbria Police,Northumbria Police,-1.523823,55.064906,On or near Newburgh Avenue,E01027434,Northumberland 032C,Other crime,Investigation complete; no suspect identified,
,2024-10,Northumbria Police,Northumbria Police,-1.550482,55.062716,On or near The Close,E01027435,Northumberland 032D,Anti-social behaviour,,
5a5332276eab233f665e5b06fe92d7957863607f98cea49b685a7a4538ccd8fc,2024-10,Northumbria Police,Northumbria Police,-1.555667,55.062474,On or near Laycock Gardens,E01027435,Northumberland 032D,Other theft,Status update unavailable,
256f4ad954c058c017b4c069356af3838e0a077fcada6af9a3cf16ce525daba5,2024-10,Northumbria Police,Northumbria Police,-1.550482,55.062716,On or near The Close,E01027435,Northumberland 032D,Public order,Status update unavailable,
da49741310b7f3c03e4c9879f7661d58abf54e6ffb17029dfa77c87867fe4ad4,2024-10,Northumbria Police,Northumbria Police,-1.554662,55.064169,On or near Carrington Close,E01027435,Northumberland 032D,Violence and sexual offences,Investigation complete; no suspect identified,
a95fa456653ce5345c2c50fdeb5825675338e2548e364f015083a06ef075edbb,2024-10,Northumbria Police,Northumbria Police,-1.561807,55.062254,On or near Mill Lane,E01027435,Northumberland 032D,Violence and sexual offences,Investigation complete; no suspect identified,
7ca91474cdad316a1dba0ad314c167e49b6d0c5b4dbaf4172efdd663c4a09fdb,2024-10,Northumbria Police,Northumbria Police,-1.552828,55.062949,On or near Main Street North,E01027435,Northumberland 032D,Violence and sexual offences,Status update unavailable,
9f4616852458cef89209a4ceaca43cd34f5278c0124716d5239067d98b960487,2024-10,Northumbria Police,Northumbria Police,-1.554910,55.062966,On or near Barrass Avenue,E01027435,Northumberland 032D,Other crime,Status update unavailable,
67fd1b7104b7f24b8fe67e4b7aeba8a3aff630dbfd75e65ff7636de55292f9aa,2024-10,Northumbria Police,Northumbria Police,-1.541462,55.065603,On or near Deneside,E01027436,Northumberland 032E,Criminal damage and arson,Investigation complete; no suspect identified,
892c341b64da20efee963dc7f2ba9009d6c4a0cbe140c1e03fc001745f8026a2,2024-10,Northumbria Police,Northumbria Police,-1.551689,55.068193,On or near Olive Grove,E01027436,Northumberland 032E,Drugs,Offender given a caution,
2596c300f7c0fb9e32e0c048005da171314d504220b7577e7570022a8e982d6d,2024-10,Northumbria Police,Northumbria Police,-1.547444,55.062714,On or near Hazlitt Place,E01027436,Northumberland 032E,Vehicle crime,Investigation complete; no suspect identified,
f764fbe8f2a7390dfa1459dd9d32a672aa661326dac4ddd085cbf36c19bfefdc,2024-10,Northumbria Police,Northumbria Police,-1.547444,55.062714,On or near Hazlitt Place,E01027436,Northumberland 032E,Violence and sexual offences,Awaiting court outcome,
6421cf57fd74776c7dc2aa6cb67084632f086de1d0b3844782a95e0295865c74,2024-10,Northumbria Police,Northumbria Police,-1.542846,55.069140,On or near Mare Dlose,E01027436,Northumberland 032E,Violence and sexual offences,Status update unavailable,
73c2e016eee95a18dc73abafa9ff6c82247ffb7bbc4e2ac12047d82b7a8c5db3,2024-10,Northumbria Police,Northumbria Police,-1.541462,55.065603,On or near Deneside,E01027436,Northumberland 032E,Violence and sexual offences,Status update unavailable,
283a434b75d5105b95802815dae3e8a8b913b4a226933494dc63d119bf6c6fa4,2024-10,Northumbria Police,Northumbria Police,-1.547444,55.062714,On or near Hazlitt Place,E01027436,Northumberland 032E,Violence and sexual offences,Investigation complete; no suspect identified,
8b7a4fe84cd9675a44f0210523dfd79984b8c77aa9c6a33ee37be96c4963d3f5,2024-10,Northumbria Police,Northumbria Police,-1.547444,55.062714,On or near Hazlitt Place,E01027436,Northumberland 032E,Violence and sexual offences,Status update unavailable,
882e7976e8ca92b0286221088659b06f767ebaa78ee95a4a68286f5e4e89902a,2024-10,Northumbria Police,Northumbria Police,-1.541462,55.065603,On or near Deneside,E01027436,Northumberland 032E,Other crime,Status update unavailable,
,2024-10,Northumbria Police,Northumbria Police,-1.739800,55.048755,On or near Mayfair Gardens,E01027464,Northumberland 033A,Anti-social behaviour,,
,2024-10,Northumbria Police,Northumbria Police,-1.738370,55.049623,On or near Cecil Court,E01027464,Northumberland 033A,Anti-social behaviour,,
,2024-10,Northumbria Police,Northumbria Police,-1.743850,55.049213,On or near Supermarket,E01027464,Northumberland 033A,Anti-social behaviour,,
,2024-10,Northumbria Police,Northumbria Police,-1.743850,55.049213,On or near Supermarket,E01027464,Northumberland 033A,Anti-social behaviour,,
8f5b42365a31843b92c0cc06f891379b8c3056a0af48e2911fa3be397a6d0928,2024-10,Northumbria Police,Northumbria Police,-1.743850,55.049213,On or near Supermarket,E01027464,Northumberland 033A,Shoplifting,Investigation complete; no suspect identified,
39d099b235306e1ab6ddae12e4b37a548c1952a3eb119df4f6b3afc5ea3ed3bb,2024-10,Northumbria Police,Northumbria Police,-1.738996,55.049634,On or near Supermarket,E01027464,Northumberland 033A,Shoplifting,Investigation complete; no suspect identified,
4793783a77df34dead7e47d91c47b27f8c5826668da7c1083bb1f31004ccfd90,2024-10,Northumbria Police,Northumbria Police,-1.743850,55.049213,On or near Supermarket,E01027464,Northumberland 033A,Shoplifting,Investigation complete; no suspect identified,
0def6bc6aa4d14722609b03ca119e03ad25b9bddf86a857c37b50a3e5ff71ae6,2024-10,Northumbria Police,Northumbria Police,-1.743487,55.044907,On or near B6323,E01027464,Northumberland 033A,Violence and sexual offences,Status update unavailable,
,2024-10,Northumbria Police,Northumbria Police,-1.739225,55.050542,On or near Ryehaugh,E01027465,Northumberland 033B,Anti-social behaviour,,
b3d86dd033cf733bf878fc45abeccfc127d1c502c5879bb8c2431e2a951c9aab,2024-10,Northumbria Police,Northumbria Police,-1.731824,55.073638,On or near Berwick Hill Road,E01027465,Northumberland 033B,Criminal damage and arson,Investigation complete; no suspect identified,
71d1d2fc56a01889238099248f947cca315f8811f632c7d146689c00e756a220,2024-10,Northumbria Police,Northumbria Police,-1.711957,55.039868,On or near Parking Area,E01027465,Northumberland 033B,Public order,Status update unavailable,
50f611712d4dfda55b47b622c69cd1a9582a44b4c7a963e46ece5ac61959aad4,2024-10,Northumbria Police,Northumbria Police,-1.726515,55.043639,On or near Parking Area,E01027465,Northumberland 033B,Shoplifting,Investigation complete; no suspect identified,
fa054ebbefe301da23431f8997a548fa236ce3c3a16e3faebf4365999698f6b1,2024-10,Northumbria Police,Northumbria Police,-1.726515,55.043639,On or near Parking Area,E01027465,Northumberland 033B,Shoplifting,Investigation complete; no suspect identified,
e28d6eed4467db9c7f3d5421686e166aa333e56e5b40982a179ba7905573a338,2024-10,Northumbria Police,Northumbria Police,-1.726515,55.043639,On or near Parking Area,E01027465,Northumberland 033B,Shoplifting,Status update unavailable,
cb3a57b8b15f303a3cb5ae11c97eed869c7928be49a91c732016a53b665665fe,2024-10,Northumbria Police,Northumbria Police,-1.739225,55.050542,On or near Ryehaugh,E01027465,Northumberland 033B,Theft from the person,Investigation complete; no suspect identified,
017cf046213ef33a6624d062b59b9973ba44587fb43b04e89a31af8dd5fa3aae,2024-10,Northumbria Police,Northumbria Police,-1.739845,55.053805,On or near Pont View,E01027465,Northumberland 033B,Violence and sexual offences,Status update unavailable,
50f196c675bf843dc7cc69960ee9b50ac5ee1c4d1d8c7779dff630c2e2f5e1b6,2024-10,Northumbria Police,Northumbria Police,-1.739225,55.050542,On or near Ryehaugh,E01027465,Northumberland 033B,Violence and sexual offences,Status update unavailable,
,2024-10,Northumbria Police,Northumbria Police,-1.744798,55.050284,On or near Merton Road,E01027466,Northumberland 033C,Anti-social behaviour,,
,2024-10,Northumbria Police,Northumbria Police,-1.748884,55.052647,On or near Beechwood Place,E01027466,Northumberland 033C,Anti-social behaviour,,
,2024-10,Northumbria Police,Northumbria Police,-1.744798,55.050284,On or near Merton Road,E01027466,Northumberland 033C,Anti-social behaviour,,
09e989756b72efca53dbce046021328619befaa26b0032a279d99e65202f27ff,2024-10,Northumbria Police,Northumbria Police,-1.748226,55.055296,On or near Elmwood Drive,E01027466,Northumberland 033C,Other theft,Investigation complete; no suspect identified,
61f8bf99bc5c934ff275dbd10dbac2cc36789a6b834268a48bdbf4cda7038ea4,2024-10,Northumbria Police,Northumbria Police,-1.746223,55.055112,On or near Twizell Place,E01027466,Northumberland 033C,Other theft,Status update unavailable,
3b3cd665ecc696ca5efcd32dd39084696fb18447e5781ff08e1dee949ee64bb7,2024-10,Northumbria Police,Northumbria Police,-1.747643,55.050874,On or near Meadowfield,E01027466,Northumberland 033C,Violence and sexual offences,Status update unavailable,
2334768187cedb1687979c2c6d6a6049319d670d4c6d2eeb7478bbb2b57ac945,2024-10,Northumbria Police,Northumbria Police,-1.748884,55.052647,On or near Beechwood Place,E01027466,Northumberland 033C,Violence and sexual offences,Investigation complete; no suspect identified,
,2024-10,Northumbria Police,Northumbria Police,-1.760064,55.059948,On or near Lynley Way,E01033714,Northumberland 033F,Anti-social behaviour,,
,2024-10,Northumbria Police,Northumbria Police,-1.757047,55.059097,On or near Bergerac Road,E01033714,Northumberland 033F,Anti-social behaviour,,
,2024-10,Northumbria Police,Northumbria Police,-1.757047,55.059097,On or near Bergerac Road,E01033714,Northumberland 033F,Anti-social behaviour,,
,2024-10,Northumbria Police,Northumbria Police,-1.762648,55.059836,On or near Dalgliesh Road,E01033714,Northumberland 033F,Anti-social behaviour,,
,2024-10,Northumbria Police,Northumbria Police,-1.762648,55.059836,On or near Dalgliesh Road,E01033714,Northumberland 033F,Anti-social behaviour,,
dfb614e3908b0f1d235af33b7310be5c8560e8b6c3cd482c83ff5a462a4fa323,2024-10,Northumbria Police,Northumbria Police,-1.760064,55.059948,On or near Lynley Way,E01033714,Northumberland 033F,Other theft,Status update unavailable,
cdf80a5126a018eb9971bf6741a566c4bab8dbe6c810a054ab89d8bdf0c0cd97,2024-10,Northumbria Police,Northumbria Police,-1.754155,55.061050,On or near Alexandra Close,E01033714,Northumberland 033F,Other theft,Status update unavailable,
7f12131bc67306c182f66994f6949d403b92751b991758afc14366edd386d802,2024-10,Northumbria Police,Northumbria Police,-1.758935,55.060134,On or near Alleyn Gardens,E01033714,Northumberland 033F,Other theft,Status update unavailable,
e81a522708417e9821f5e082e90621093aaaf1d05f301d6b3d0c658d5425ddd1,2024-10,Northumbria Police,Northumbria Police,-1.758935,55.060134,On or near Alleyn Gardens,E01033714,Northumberland 033F,Public order,Court result unavailable,
a5132da5b52f6728622afbe547b9f93769b8b164d746810112bd805e18767b07,2024-10,Northumbria Police,Northumbria Police,-1.757047,55.059097,On or near Bergerac Road,E01033714,Northumberland 033F,Violence and sexual offences,Status update unavailable,
8eb6852b1c57f723c0db14fb9f13ec638bbe36c886e99642c0fdfbcbffc28b73,2024-10,Northumbria Police,Northumbria Police,-1.766375,55.089246,On or near Further/Higher Educational Building,E01033714,Northumberland 033F,Violence and sexual offences,Status update unavailable,
0473477e77ba985283aa8774cbb5efbc87ce86dfe93ddad44a83940d1ee134a7,2024-10,Northumbria Police,Northumbria Police,-1.757047,55.059097,On or near Bergerac Road,E01033714,Northumberland 033F,Violence and sexual offences,Status update unavailable,
ac2c14eb4fdd7a2cde01d23d26efa5fe596e616642b88004016cdb9e77297c68,2024-10,Northumbria Police,Northumbria Police,-1.762548,55.060860,On or near Morse Crescent,E01033714,Northumberland 033F,Violence and sexual offences,Status update unavailable,
b07afac2023e97c362fd4a0855ef15e343e9b0d4b11f370bf0078f70c4383f84,2024-10,Northumbria Police,Northumbria Police,-1.757047,55.059097,On or near Bergerac Road,E01033714,Northumberland 033F,Violence and sexual offences,Status update unavailable,
3a067560a866cb919c22e133b610ffcf7051d2b424a5ee8d9b4c99d1ca73b0ff,2024-10,Northumbria Police,Northumbria Police,-1.765953,55.037997,On or near Darras Mews,E01033714,Northumberland 033F,Violence and sexual offences,Status update unavailable,
1241a4ba7de8d6b371250e5866d20909d51cb1e1d4415b9cfbc4bbbc0aa6fe18,2024-10,Northumbria Police,Northumbria Police,-1.765394,55.037331,On or near Petrol Station,E01033714,Northumberland 033F,Violence and sexual offences,Investigation complete; no suspect identified,
74f124b5249802ad9b6223a74d843cb04e2d0fae430c197d6c951efb9d578b46,2024-10,Northumbria Police,Northumbria Police,-1.765394,55.037331,On or near Petrol Station,E01033714,Northumberland 033F,Violence and sexual offences,Investigation complete; no suspect identified,
92b32fa8c83f8e1933204866f6f7454bf305c90a54bca1d477fb63b78fecd744,2024-10,Northumbria Police,Northumbria Police,-1.757047,55.059097,On or near Bergerac Road,E01033714,Northumberland 033F,Violence and sexual offences,Investigation complete; no suspect identified,
344a8c02bd22bba67903860096de66f8a8d6bac73fb3165f8af1e2c166fe33bc,2024-10,Northumbria Police,Northumbria Police,-1.757047,55.059097,On or near Bergerac Road,E01033714,Northumberland 033F,Violence and sexual offences,Status update unavailable,
02e0ad4893dc96258c5ebc6bfe317f7b122fbee3337eb64c6d9f3929b63f0586,2024-10,Northumbria Police,Northumbria Police,-1.757047,55.059097,On or near Bergerac Road,E01033714,Northumberland 033F,Violence and sexual offences,Status update unavailable,
b45c68bac450828bf4e659cf5624c8533f6a515999b486e258645ec9717ebff9,2024-10,Northumbria Police,Northumbria Police,-1.765394,55.037331,On or near Petrol Station,E01033714,Northumberland 033F,Other crime,Status update unavailable,
,2024-10,Northumbria Police,Northumbria Police,-1.789223,54.995589,On or near Calvus Drive,E01027449,Northumberland 034A,Anti-social behaviour,,
,2024-10,Northumbria Police,Northumbria Police,-1.797830,54.993528,On or near Campus Martius,E01027449,Northumberland 034A,Anti-social behaviour,,
,2024-10,Northumbria Police,Northumbria Police,-1.800334,54.992948,On or near Tynedale Close,E01027449,Northumberland 034A,Anti-social behaviour,,
15d1004651fc13c4d37b24f5c9e835b3a208c5d4b709e9dfd03d187fb18ed870,2024-10,Northumbria Police,Northumbria Police,-1.816177,55.001007,On or near Military Road,E01027449,Northumberland 034A,Other theft,Investigation complete; no suspect identified,
2e325e5552a418022459b335b8c37481ea97ad30138f3ec172852000337d7175,2024-10,Northumbria Police,Northumbria Police,-1.791050,54.996087,On or near The Towne Gate,E01027449,Northumberland 034A,Violence and sexual offences,Status update unavailable,
a84eab9f792782794660471639ce4178c1cb84c56466e9b82201b7f7d9194ddb,2024-10,Northumbria Police,Northumbria Police,-1.760672,55.036630,On or near Middle Drive,E01027468,Northumberland 034B,Violence and sexual offences,Status update unavailable,
,2024-10,Northumbria Police,Northumbria Police,-1.775860,55.031977,On or near Western Way,E01027469,Northumberland 034C,Anti-social behaviour,,
,2024-10,Northumbria Police,Northumbria Police,-1.778117,55.042612,On or near Regency Way,E01027471,Northumberland 034D,Anti-social behaviour,,
affe2a5027ca7de5cc73e6eca2e22f7d3d1429dffa5f21371509e7afdb15df49,2024-10,Northumbria Police,Northumbria Police,-1.778212,55.036735,On or near The Crescent,E01027471,Northumberland 034D,Vehicle crime,Investigation complete; no suspect identified,
acf180d0e9035b1e4404c979dcf035f6ed8cc57c7c4e83d400cd4102a95c492e,2024-10,Northumbria Police,Northumbria Police,-1.878517,55.017359,On or near Hadrian Crescent,E01027472,Northumberland 034E,Other theft,Investigation complete; no suspect identified,
9b09fb88b702aa2df4ac2030ddfe4ac97fec415fd2cf0c027cd907681ee43e62,2024-10,Northumbria Police,Northumbria Police,-1.878880,55.042565,On or near Brinkburn Place,E01027472,Northumberland 034E,Public order,Status update unavailable,
c284f2b1bb6a6ee944db90e24d3431bbb08a00de39fc4cd5192ec69f7790b905,2024-10,Northumbria Police,Northumbria Police,-1.954041,55.042500,On or near The Oaks,E01027472,Northumberland 034E,Violence and sexual offences,Investigation complete; no suspect identified,
09ed1cedb174818c789426a348ed2d08fec86206ff749fd5417ab358277d4fcd,2024-10,Northumbria Police,Northumbria Police,-1.877301,55.041845,On or near Grange Avenue,E01027472,Northumberland 034E,Other crime,Status update unavailable,
,2024-10,Northumbria Police,Northumbria Police,-2.103963,54.972893,On or near Gilesgate,E01027476,Northumberland 035A,Anti-social behaviour,,
,2024-10,Northumbria Police,Northumbria Police,-2.101011,54.972931,On or near Cecil Terrace,E01027476,Northumberland 035A,Anti-social behaviour,,
,2024-10,Northumbria Police,Northumbria Police,-2.101321,54.971916,On or near Back Row,E01027476,Northumberland 035A,Anti-social behaviour,,
,2024-10,Northumbria Police,Northumbria Police,-2.101011,54.972931,On or near Cecil Terrace,E01027476,Northumberland 035A,Anti-social behaviour,,
,2024-10,Northumbria Police,Northumbria Police,-2.101321,54.971916,On or near Back Row,E01027476,Northumberland 035A,Anti-social behaviour,,
,2024-10,Northumbria Police,Northumbria Police,-2.108672,54.992658,On or near Main Street,E01027476,Northumberland 035A,Anti-social behaviour,,
,2024-10,Northumbria Police,Northumbria Police,-2.105266,54.975453,On or near Burn Lane,E01027476,Northumberland 035A,Anti-social behaviour,,
,2024-10,Northumbria Police,Northumbria Police,-2.101011,54.972931,On or near Cecil Terrace,E01027476,Northumberland 035A,Anti-social behaviour,,
,2024-10,Northumbria Police,Northumbria Police,-2.101011,54.972931,On or near Cecil Terrace,E01027476,Northumberland 035A,Anti-social behaviour,,
9de1cc5d1f0e9ae7d3b0f0b20eef88b93d574826234ca268c278e649b4d82396,2024-10,Northumbria Police,Northumbria Police,-2.103065,54.994371,On or near Bishops Hill,E01027476,Northumberland 035A,Burglary,Investigation complete; no suspect identified,
72197ac41805244482d464cb08ba5598997c39c35a87b129b96612d1164e2cdd,2024-10,Northumbria Police,Northumbria Police,-2.101321,54.971916,On or near Back Row,E01027476,Northumberland 035A,Burglary,Investigation complete; no suspect identified,
8cfef9bd9759c59ab25d2fc8a0d97799a7c0eb8171567c06712b0c4cf82b81ea,2024-10,Northumbria Police,Northumbria Police,-2.103776,54.973064,On or near Parking Area,E01027476,Northumberland 035A,Burglary,Investigation complete; no suspect identified,
bb7c30de3deb87952263cd369fa2e0dd41c10a11c73703061067d33a99397492,2024-10,Northumbria Police,Northumbria Police,-2.113466,54.980181,On or near Parking Area,E01027476,Northumberland 035A,Drugs,Local resolution,
a95557f4903e3eb5da173b0b785c9bce7b0f4c0c7a570766d3ce68d712f05edf,2024-10,Northumbria Police,Northumbria Police,-2.113466,54.980181,On or near Parking Area,E01027476,Northumberland 035A,Drugs,Local resolution,
3cb91523a7f885b1166e895cde021c2c88fe4cf2d2a8684d3a7d27b55333bd92,2024-10,Northumbria Police,Northumbria Police,-2.113466,54.980181,On or near Parking Area,E01027476,Northumberland 035A,Drugs,Local resolution,
3ccf934461ebd2252faff9cc164677a143957d525f6ec67d22dd13be64a73213,2024-10,Northumbria Police,Northumbria Police,-2.101321,54.971916,On or near Back Row,E01027476,Northumberland 035A,Other theft,Investigation complete; no suspect identified,
f0adf0d2ccf5c40dfa5fa6dbb7166a5d7d889173327c70c503c1f89571edbacc,2024-10,Northumbria Police,Northumbria Police,-2.101011,54.972931,On or near Cecil Terrace,E01027476,Northumberland 035A,Other theft,Investigation complete; no suspect identified,
348972dff3ea051ada847922f3a20f5c25f5c98e78812b879f6286cbee54bc50,2024-10,Northumbria Police,Northumbria Police,-2.103467,54.974295,On or near Garden Terrace,E01027476,Northumberland 035A,Public order,Investigation complete; no suspect identified,
294ecd709040ff504b34a8c10c27becf7943e76f59258a0a1dea59a0e7caeffa,2024-10,Northumbria Police,Northumbria Police,-2.101011,54.972931,On or near Cecil Terrace,E01027476,Northumberland 035A,Public order,Status update unavailable,
8f91a606ac7f05d230e99245e3998e7b11cff55573938b3b469735883b907402,2024-10,Northumbria Police,Northumbria Police,-2.103065,54.994371,On or near Bishops Hill,E01027476,Northumberland 035A,Robbery,Investigation complete; no suspect identified,
bbcf1584236fc29bdeb5c1031dffadd2b39cbdb26ab4bdc9f816814ed3fe23d1,2024-10,Northumbria Police,Northumbria Police,-2.101011,54.972931,On or near Cecil Terrace,E01027476,Northumberland 035A,Shoplifting,Status update unavailable,
47cb81deafac289105b964b120904c648ffa92b96158b4edd7ff18a4aab4ac08,2024-10,Northumbria Police,Northumbria Police,-2.101011,54.972931,On or near Cecil Terrace,E01027476,Northumberland 035A,Shoplifting,Investigation complete; no suspect identified,
5e1470116ea8c01d031db14ff989e7a29c8b25c4a369628bfb069fb566e94952,2024-10,Northumbria Police,Northumbria Police,-2.101011,54.972931,On or near Cecil Terrace,E01027476,Northumberland 035A,Shoplifting,Investigation complete; no suspect identified,
1077d7e412b4af84dde1ee965f59671290a0bce326aa387ee161c6791fc76941,2024-10,Northumbria Police,Northumbria Police,-2.101011,54.972931,On or near Cecil Terrace,E01027476,Northumberland 035A,Shoplifting,Investigation complete; no suspect identified,
e5fa3e9a50fe1ae05e0b1eccd2b93e5b9240852d41772ef02d205e7b3811ddf5,2024-10,Northumbria Police,Northumbria Police,-2.101011,54.972931,On or near Cecil Terrace,E01027476,Northumberland 035A,Shoplifting,Investigation complete; no suspect identified,
2410aba28be0e28d78b8a04fb883ed0a9aea257efd343912c667ef8f8c9ef8f9,2024-10,Northumbria Police,Northumbria Police,-2.101011,54.972931,On or near Cecil Terrace,E01027476,Northumberland 035A,Shoplifting,Court result unavailable,
f58c6e33f193345d57464c20536445fa7bd711c1009f6e1475096bb85aaef66d,2024-10,Northumbria Police,Northumbria Police,-2.101011,54.972931,On or near Cecil Terrace,E01027476,Northumberland 035A,Shoplifting,Investigation complete; no suspect identified,
aa8672dd71c29d3c03cf13279324e4d64e21ca3812603c943e2dbea1addd8193,2024-10,Northumbria Police,Northumbria Police,-2.101011,54.972931,On or near Cecil Terrace,E01027476,Northumberland 035A,Shoplifting,Investigation complete; no suspect identified,
62033d2717a1cf6ffa284758c99c4eb21e3a28421990c29cd958234493ab8cbf,2024-10,Northumbria Police,Northumbria Police,-2.101011,54.972931,On or near Cecil Terrace,E01027476,Northumberland 035A,Shoplifting,Investigation complete; no suspect identified,
fad614b69a1823c4215c3809df125d91113ad34624d9c38c1c3563c0ea7d689a,2024-10,Northumbria Police,Northumbria Police,-2.101011,54.972931,On or near Cecil Terrace,E01027476,Northumberland 035A,Shoplifting,Investigation complete; no suspect identified,
dd1ae7541805e603a9bbab605348c9dc795aafefde1ee05dff292dd46b703e65,2024-10,Northumbria Police,Northumbria Police,-2.101011,54.972931,On or near Cecil Terrace,E01027476,Northumberland 035A,Shoplifting,Investigation complete; no suspect identified,
7a54f6b0ce7550555032bb759c9d9c76e430569d3528d202b92da43ba36870d1,2024-10,Northumbria Police,Northumbria Police,-2.101011,54.972931,On or near Cecil Terrace,E01027476,Northumberland 035A,Shoplifting,Investigation complete; no suspect identified,
4a7e6243d718025db8f9b1bd83c3e7966b4cb7c75e42cf07f3ca275309fd5b63,2024-10,Northumbria Police,Northumbria Police,-2.088738,54.982628,On or near Oakwood Bank,E01027476,Northumberland 035A,Violence and sexual offences,Status update unavailable,
87ed441911b0048e72719c03a0f3dfa07383f55800a508fbb20f493ca650770e,2024-10,Northumbria Police,Northumbria Police,-2.088738,54.982628,On or near Oakwood Bank,E01027476,Northumberland 035A,Violence and sexual offences,Status update unavailable,
29ba0808760a6a81ea359794e4813ed15def9146dcb30638d40fc2bbf8d8b3ac,2024-10,Northumbria Police,Northumbria Police,-2.088738,54.982628,On or near Oakwood Bank,E01027476,Northumberland 035A,Violence and sexual offences,Status update unavailable,
8182fab8725e780182ac636a6ec4cd71280e321e0405fb57447ccb4923de2fa7,2024-10,Northumbria Police,Northumbria Police,-2.101011,54.972931,On or near Cecil Terrace,E01027476,Northumberland 035A,Violence and sexual offences,Offender given a caution,
43ef213ce0827f62b67cb81b5d8d62ac5b362acc07829257d0eb7d6d4ba7ccab,2024-10,Northumbria Police,Northumbria Police,-2.088738,54.982628,On or near Oakwood Bank,E01027476,Northumberland 035A,Violence and sexual offences,Status update unavailable,
bbcc1d483ad51fdf36487698f0b20c0df1ea72c6852b5b5759344d55512b74d5,2024-10,Northumbria Police,Northumbria Police,-2.113414,54.989383,On or near Redburn Crescent,E01027476,Northumberland 035A,Violence and sexual offences,Investigation complete; no suspect identified,
deb30c97b735be19c211814c1db2d3fa3f677d3cf1c057e139e0b71598d84e61,2024-10,Northumbria Police,Northumbria Police,-2.088738,54.982628,On or near Oakwood Bank,E01027476,Northumberland 035A,Violence and sexual offences,Status update unavailable,
fdb51f97e33788b3d4752662e004e8b9096a891d714adc39927a082f9cc2c021,2024-10,Northumbria Police,Northumbria Police,-2.088738,54.982628,On or near Oakwood Bank,E01027476,Northumberland 035A,Violence and sexual offences,Status update unavailable,
f28f7737c0eb3748e3b82517c01e12d7906ea762b44afaa9b9adca780c90ab97,2024-10,Northumbria Police,Northumbria Police,-2.088738,54.982628,On or near Oakwood Bank,E01027476,Northumberland 035A,Violence and sexual offences,Status update unavailable,
9aa69707e161bac59b1a6ad59d1978484a36c44a501afc28fe01d83814ff6fe5,2024-10,Northumbria Police,Northumbria Police,-2.088738,54.982628,On or near Oakwood Bank,E01027476,Northumberland 035A,Violence and sexual offences,Status update unavailable,
56ff0bf485192922b3050e3fed01fb366bf972c5f9b3405e59910a03d9181ce0,2024-10,Northumbria Police,Northumbria Police,-2.101011,54.972931,On or near Cecil Terrace,E01027476,Northumberland 035A,Violence and sexual offences,Investigation complete; no suspect identified,
217dcf0e3769f8f3d520efd4e79bd2f0d06790e4a0cc10c3e262c186521d492e,2024-10,Northumbria Police,Northumbria Police,-2.088738,54.982628,On or near Oakwood Bank,E01027476,Northumberland 035A,Violence and sexual offences,Investigation complete; no suspect identified,
b09e54344ab02c3c4d0df5ae6c3e160d4fc38b628dce0990db53510ece5e6a57,2024-10,Northumbria Police,Northumbria Police,-2.088738,54.982628,On or near Oakwood Bank,E01027476,Northumberland 035A,Violence and sexual offences,Status update unavailable,
243db716872a468941379f2d70e8680301056fe91f9394675c0e74e5f2a25293,2024-10,Northumbria Police,Northumbria Police,-2.101011,54.972931,On or near Cecil Terrace,E01027476,Northumberland 035A,Violence and sexual offences,Status update unavailable,
,2024-10,Northumbria Police,Northumbria Police,-2.110937,54.963811,On or near Wydon Park,E01027489,Northumberland 035B,Anti-social behaviour,,
11f9d46e97c1a4ef73cce197e49886350bd1fa096245fe694b28b99e27daa9d3,2024-10,Northumbria Police,Northumbria Police,-2.111942,54.966038,On or near St Pauls Road,E01027489,Northumberland 035B,Violence and sexual offences,Status update unavailable,
,2024-10,Northumbria Police,Northumbria Police,-2.100910,54.970002,On or near Cattle Market,E01027490,Northumberland 035C,Anti-social behaviour,,
6fcb9420f028cccb0b82a97171006fc0d12bf5b450b9ff2dbef8487c17973038,2024-10,Northumbria Police,Northumbria Police,-2.100943,54.970793,On or near Fore Street,E01027490,Northumberland 035C,Burglary,Investigation complete; no suspect identified,
63d60b596e51035425e555ed95fbd314327e3777204a287c3cd683e5c4709bd1,2024-10,Northumbria Police,Northumbria Police,-2.102471,54.969848,On or near Battle Hill,E01027490,Northumberland 035C,Criminal damage and arson,Investigation complete; no suspect identified,
47d4ca7ddbfe732af80ef94e070f9dea4bf4cdc06bf5c261aaa72fea10bf4ec8,2024-10,Northumbria Police,Northumbria Police,-2.100943,54.970793,On or near Fore Street,E01027490,Northumberland 035C,Shoplifting,Investigation complete; no suspect identified,
2a1f641e135d27c9117f8868d02e0901536dd3ebe5ff27be1c4da76161698207,2024-10,Northumbria Police,Northumbria Police,-2.100943,54.970793,On or near Fore Street,E01027490,Northumberland 035C,Shoplifting,Investigation complete; no suspect identified,
a5baa463a860e11bf507d15cfeb195b47f7d0bd30ef2dc08657e392057faa354,2024-10,Northumbria Police,Northumbria Police,-2.103501,54.969344,On or near St Wilfrid'S Road,E01027490,Northumberland 035C,Vehicle crime,Investigation complete; no suspect identified,
1b515654a8bba2bae276ed01d3a407b4bcf1431f7cc96469aae54ba6e9261c90,2024-10,Northumbria Police,Northumbria Police,-2.102598,54.970531,On or near Theatre/Concert Hall,E01027490,Northumberland 035C,Violence and sexual offences,Investigation complete; no suspect identified,
,2024-10,Northumbria Police,Northumbria Police,-2.115731,54.969081,On or near Whetstone Green,E01027491,Northumberland 035D,Anti-social behaviour,,
8504adf3db2079f6b52b45ce4ee8813943d66a32f33d037c4d56b3a779b7489d,2024-10,Northumbria Police,Northumbria Police,-2.128964,54.955409,On or near Race Track,E01027491,Northumberland 035D,Other theft,Investigation complete; no suspect identified,
8fd3b2fcf3ddd7df57d5d3edf82877154a9fb6c1b2a48a29c904b304f3eb4916,2024-10,Northumbria Police,Northumbria Police,-2.117309,54.969214,On or near B6305,E01027491,Northumberland 035D,Possession of weapons,Court result unavailable,
6ed5de820104c84d743f47065d855a8025c3a11781bbc959d029cbd6c9dd6586,2024-10,Northumbria Police,Northumbria Police,-2.117309,54.969214,On or near B6305,E01027491,Northumberland 035D,Robbery,Investigation complete; no suspect identified,
ffe1a599b1c0e2e944984df94e1517bc6160587ca23ba40ed9006a0bdfb1414d,2024-10,Northumbria Police,Northumbria Police,-2.117309,54.969214,On or near B6305,E01027491,Northumberland 035D,Violence and sexual offences,Status update unavailable,
9c6874876122f68c1ee1da5c6820e3434832577efb102881a376a285a65d0727,2024-10,Northumbria Police,Northumbria Police,-2.115503,54.971283,On or near Hellpool Lane,E01027492,Northumberland 035E,Violence and sexual offences,Status update unavailable,
,2024-10,Northumbria Police,Northumbria Police,-2.091836,54.970629,On or near Peth Head,E01027493,Northumberland 035F,Anti-social behaviour,,
,2024-10,Northumbria Police,Northumbria Police,-2.091836,54.970629,On or near Peth Head,E01027493,Northumberland 035F,Anti-social behaviour,,
6212fca9d94b049f8de556715431e710d2383943132e22eb1c0184e2842aeb56,2024-10,Northumbria Police,Northumbria Police,-2.088913,54.970020,On or near Dene Park,E01027493,Northumberland 035F,Criminal damage and arson,Investigation complete; no suspect identified,
4ebfefe81db655a75381dd533cd163d239e23bf3f6b492e786a6eb61ddb8d113,2024-10,Northumbria Police,Northumbria Police,-2.095840,54.966205,On or near Bondgate Close,E01027493,Northumberland 035F,Criminal damage and arson,Investigation complete; no suspect identified,
a663621812e1ea62edf832f3bce6e6af53a991ab83108b1449eb5c18b9d6996f,2024-10,Northumbria Police,Northumbria Police,-2.095937,54.967813,On or near Wanless Lane,E01027493,Northumberland 035F,Criminal damage and arson,Investigation complete; no suspect identified,
18939dab1d76aa099c12edf851231f5ced7eaa358390bceafd3a3a7d746efac7,2024-10,Northumbria Police,Northumbria Police,-2.091836,54.970629,On or near Peth Head,E01027493,Northumberland 035F,Other theft,Investigation complete; no suspect identified,
1e895b4253db07989a1bff1fad1935161e188928f153c057fd5bd70c10975207,2024-10,Northumbria Police,Northumbria Police,-2.093945,54.971059,On or near Dean Street,E01027493,Northumberland 035F,Other theft,Status update unavailable,
57c450503d6c7211a028e6ec7ff38c4f4ab589a1a0164a49397c5c43f1c9f720,2024-10,Northumbria Police,Northumbria Police,-2.090208,54.969300,On or near White Cross,E01027493,Northumberland 035F,Other theft,Status update unavailable,
519ee1db1b63ba2f8dcd57d96750b35f437e9b28d9658ce319e6ae54104cee05,2024-10,Northumbria Police,Northumbria Police,-2.093945,54.971059,On or near Dean Street,E01027493,Northumberland 035F,Public order,Investigation complete; no suspect identified,
ffd3257d8c140499386a91129350f2c598cb273bdfe0bfbd65834e5a36eb3de0,2024-10,Northumbria Police,Northumbria Police,-2.090208,54.969300,On or near White Cross,E01027493,Northumberland 035F,Public order,Investigation complete; no suspect identified,
f89e4000aade202d12b343dda2121781f0a2b397cdec82b7a5a1c4a2bbd2cf71,2024-10,Northumbria Police,Northumbria Police,-2.096908,54.968846,On or near Shopping Area,E01027493,Northumberland 035F,Shoplifting,Investigation complete; no suspect identified,
f1ee5256c7b9497e7f812fd6cf3769b7c374ede4d9d59c55ff571cc8cc9169dd,2024-10,Northumbria Police,Northumbria Police,-2.090208,54.969300,On or near White Cross,E01027493,Northumberland 035F,Violence and sexual offences,Status update unavailable,
9bf3b9267876a30107fc889c0f29dad87f5f4788499767e7adefcdf7f2203ad6,2024-10,Northumbria Police,Northumbria Police,-2.095840,54.966205,On or near Bondgate Close,E01027493,Northumberland 035F,Violence and sexual offences,Status update unavailable,
863d51e269b0518e2d2375ca30a1912c10f7035f84d9b4e65d8c0b6179afac43,2024-10,Northumbria Police,Northumbria Police,-2.094080,54.968686,On or near Maiden'S Walk,E01027493,Northumberland 035F,Violence and sexual offences,Status update unavailable,
0cffd84d28eca3adaad9462ec7ca5388f97e61d2118836cb8c6305c6df4b1cb4,2024-10,Northumbria Police,Northumbria Police,-2.091295,54.966487,On or near Valley View,E01027493,Northumberland 035F,Violence and sexual offences,Status update unavailable,
3f8836e39edf6fc2b18fbad7caac7a8ae041138a3ec6dbc6d5788ff23bc63cf7,2024-10,Northumbria Police,Northumbria Police,-2.090208,54.969300,On or near White Cross,E01027493,Northumberland 035F,Violence and sexual offences,Status update unavailable,
6ad3683c2d33015aa0f6c0ca4457fc88abf19a26a8014d0fab59098a0b14f0c8,2024-10,Northumbria Police,Northumbria Police,-2.088913,54.970020,On or near Dene Park,E01027493,Northumberland 035F,Violence and sexual offences,Investigation complete; no suspect identified,
3c8ed5c24d75022fdb3706662ff9c567d6e4a2fd7c01a70c6b496387e0f97ecc,2024-10,Northumbria Police,Northumbria Police,-2.091295,54.966487,On or near Valley View,E01027493,Northumberland 035F,Violence and sexual offences,Status update unavailable,
9b77429116758552512b3888eaecf558e8065732bfd6d0ae457f16df163d0709,2024-10,Northumbria Police,Northumbria Police,-2.090208,54.969300,On or near White Cross,E01027493,Northumberland 035F,Violence and sexual offences,Status update unavailable,
10044ecb6d952ecd1367f2dc8ec7cfcd1504afea3a4295ce6cab3bfc31bd0461,2024-10,Northumbria Police,Northumbria Police,-2.095840,54.966205,On or near Bondgate Close,E01027493,Northumberland 035F,Violence and sexual offences,Status update unavailable,
,2024-10,Northumbria Police,Northumbria Police,-2.100226,54.971386,On or near Hallgate,E01027494,Northumberland 035G,Anti-social behaviour,,
,2024-10,Northumbria Police,Northumbria Police,-2.099566,54.969985,On or near Commercial Place,E01027494,Northumberland 035G,Anti-social behaviour,,
,2024-10,Northumbria Police,Northumbria Police,-2.099783,54.969248,On or near North Terrace,E01027494,Northumberland 035G,Anti-social behaviour,,
,2024-10,Northumbria Police,Northumbria Police,-2.100226,54.971386,On or near Hallgate,E01027494,Northumberland 035G,Anti-social behaviour,,
,2024-10,Northumbria Police,Northumbria Police,-2.099566,54.969985,On or near Commercial Place,E01027494,Northumberland 035G,Anti-social behaviour,,
,2024-10,Northumbria Police,Northumbria Police,-2.099783,54.969248,On or near North Terrace,E01027494,Northumberland 035G,Anti-social behaviour,,
c99612ed23f9aed30a08ffc2e525bc92b79d4e91024172880cf659ea8935dbcc,2024-10,Northumbria Police,Northumbria Police,-2.099566,54.969985,On or near Commercial Place,E01027494,Northumberland 035G,Criminal damage and arson,Investigation complete; no suspect identified,
36153973f96eaa14191f187e5a292c38ddab89b4318f16bcebd201abc75a43dc,2024-10,Northumbria Police,Northumbria Police,-2.099061,54.961467,On or near Loughbrow Park,E01027494,Northumberland 035G,Criminal damage and arson,Investigation complete; no suspect identified,
e8c0b1fc6264610867f16d0f3cc1921584c280650388d1e5f83a91fe89636a57,2024-10,Northumbria Police,Northumbria Police,-2.099566,54.969985,On or near Commercial Place,E01027494,Northumberland 035G,Criminal damage and arson,Local resolution,
0a99f1d1a73884dc1291bfaf6921b60456ea86293ea9db2a445813603ea50e7c,2024-10,Northumbria Police,Northumbria Police,-2.070056,54.968307,On or near Coach House Drive,E01027494,Northumberland 035G,Shoplifting,Investigation complete; no suspect identified,
d1222fbd02b84b73a9623682aa689f076d0e86cc4ff190004f65b823b3d3b58e,2024-10,Northumbria Police,Northumbria Police,-2.099946,54.971827,On or near Hallstile Bank,E01027494,Northumberland 035G,Shoplifting,Court result unavailable,
4f9c4980fc9c723c11f344c012adee61eea4e336c97bfb17749e409d7261a34d,2024-10,Northumbria Police,Northumbria Police,-2.099946,54.971827,On or near Hallstile Bank,E01027494,Northumberland 035G,Shoplifting,Investigation complete; no suspect identified,
030c895576820fd2581fa693200bfcdd73fb95d64c4f2e3de904d54c2d7c77f2,2024-10,Northumbria Police,Northumbria Police,-2.099946,54.971827,On or near Hallstile Bank,E01027494,Northumberland 035G,Shoplifting,Court result unavailable,
55c9c234682c1388fa464b04fa5d33dffb72d4f989ad71473c58d54255fa7c0e,2024-10,Northumbria Police,Northumbria Police,-2.096445,54.971129,On or near Chisholm Place,E01027494,Northumberland 035G,Vehicle crime,Court result unavailable,
52d359001aa25827cf7ec946c396d2c0f83788fc97c5d7a4c8c20a154dd4df8b,2024-10,Northumbria Police,Northumbria Police,-2.099946,54.971827,On or near Hallstile Bank,E01027494,Northumberland 035G,Vehicle crime,Status update unavailable,
ff0fb46ae005e7fddb8003588ad6b4aa9f1839a51c07235b059485a11f81ab98,2024-10,Northumbria Police,Northumbria Police,-2.082196,54.969684,On or near A695,E01027494,Northumberland 035G,Violence and sexual offences,Investigation complete; no suspect identified,
b0d1898a214d0f53af83977d8f6cc2f61b7b2e18392d6f288c63584e8bc36aff,2024-10,Northumbria Police,Northumbria Police,-2.097942,54.970229,On or near Priestpopple,E01027494,Northumberland 035G,Violence and sexual offences,Investigation complete; no suspect identified,
e7dab2fec3d098603ad60d3105c18427b1723d0f70f3a9ba86b9abd7c42a7997,2024-10,Northumbria Police,Northumbria Police,-2.086175,54.968081,On or near Langley Avenue,E01027494,Northumberland 035G,Violence and sexual offences,Investigation complete; no suspect identified,
8d91d57424538d3d63dbdf41f20c0b50f9588178aeffcb3e4d35d9d008c8eb93,2024-10,Northumbria Police,Northumbria Police,-2.089634,54.964062,On or near Quarry Edge,E01027494,Northumberland 035G,Violence and sexual offences,Status update unavailable,
37b1fd0c61c23b81805cb3590538c8908be9dea643eb6be186d0f9192e9543c2,2024-10,Northumbria Police,Northumbria Police,-2.076023,54.968277,On or near Eastwood Grange Road,E01027494,Northumberland 035G,Violence and sexual offences,Investigation complete; no suspect identified,
9003cdc143f18bc1af7e783739e097b6d8646d3f071ea6003e2c08dd2f1ac2bb,2024-10,Northumbria Police,Northumbria Police,-2.076023,54.968277,On or near Eastwood Grange Road,E01027494,Northumberland 035G,Violence and sexual offences,Status update unavailable,
,2024-10,Northumbria Police,Northumbria Police,-1.849398,54.983727,On or near Mill Way,E01027483,Northumberland 036A,Anti-social behaviour,,
618518673c9a5eb78ff754c1dd6d3bc67b0076a5e0a440b688797e3cf0062d70,2024-10,Northumbria Police,Northumbria Police,-1.849398,54.983727,On or near Mill Way,E01027483,Northumberland 036A,Criminal damage and arson,Status update unavailable,
8c0d2ca4f3398dee9b814d2a31530535268bcbfc1c92ab8f4c52d11d5301767b,2024-10,Northumbria Police,Northumbria Police,-1.852195,54.988143,On or near Mill Way,E01027483,Northumberland 036A,Other theft,Status update unavailable,
95b306c4585ab9143cdf1e0fd9127b882c3aaf18008b3e2e6fc0fc97ad7532c0,2024-10,Northumbria Police,Northumbria Police,-1.901892,54.968405,On or near Jubilee Road,E01027483,Northumberland 036A,Violence and sexual offences,Status update unavailable,
9a7d24c01f0256af710bc01f56dd40a4fc78f6feacdbba845af4eda2c9d9a573,2024-10,Northumbria Police,Northumbria Police,-1.898328,54.969534,On or near Springfield,E01027483,Northumberland 036A,Violence and sexual offences,Investigation complete; no suspect identified,
b0a64c11647cb3a96113c2b733d625d197baa86652be5a4286e1a25042eaea57,2024-10,Northumbria Police,Northumbria Police,-1.901892,54.968405,On or near Jubilee Road,E01027483,Northumberland 036A,Violence and sexual offences,Status update unavailable,
ea733382b661296841f8c6ff9be527b008fe33896588b1b4f7de331e1e9d0011,2024-10,Northumbria Police,Northumbria Police,-1.869098,54.970801,On or near Horsley Road,E01027496,Northumberland 036B,Public order,Offender given a caution,
d673dd2e854f199c9bd1e7a6e40efe4508a098bee7557c24a376cec584e90404,2024-10,Northumbria Police,Northumbria Police,-1.871045,54.967648,On or near Burnside Close,E01027496,Northumberland 036B,Violence and sexual offences,Status update unavailable,
81a6d8676f125f09bdc97b1be7f96a303d1925608264379866e294bc4e7b5fee,2024-10,Northumbria Police,Northumbria Police,-1.871045,54.967648,On or near Burnside Close,E01027496,Northumberland 036B,Violence and sexual offences,Status update unavailable,
fecba75313075ca67b12fd4ec39f99891a25589101fa6a608321a858daa1ee88,2024-10,Northumbria Police,Northumbria Police,-1.869576,54.967782,On or near West Road,E01027496,Northumberland 036B,Violence and sexual offences,Status update unavailable,
85294edb3a4c3b7dd173fc46e1043d1c1511d95ea2e018a4d9e9c94ea90e3d9d,2024-10,Northumbria Police,Northumbria Police,-1.871045,54.967648,On or near Burnside Close,E01027496,Northumberland 036B,Violence and sexual offences,Status update unavailable,
c878316a1a4cfa7c02eadabc0117dc4ecd1eb071fbcb9d92f410797d55230879,2024-10,Northumbria Police,Northumbria Police,-1.871045,54.967648,On or near Burnside Close,E01027496,Northumberland 036B,Violence and sexual offences,Status update unavailable,
2b637f1c8e2d87760fb15ad1786899190e5e26c21a597f01f611703f082e3fff,2024-10,Northumbria Police,Northumbria Police,-1.869576,54.967782,On or near West Road,E01027496,Northumberland 036B,Violence and sexual offences,Status update unavailable,
2453a098cf8fc74c3705814d31fb46bfe2a6bb7024e61c9984fc647741be4ed6,2024-10,Northumbria Police,Northumbria Police,-1.869576,54.967782,On or near West Road,E01027496,Northumberland 036B,Violence and sexual offences,Offender given a caution,
ee08ba972c4aa0b0249ee19e350e33756dbc3c6e54e97ff7e5b0d151a3745d8d,2024-10,Northumbria Police,Northumbria Police,-1.884234,54.954677,On or near Station Bank,E01027508,Northumberland 036C,Criminal damage and arson,Status update unavailable,
6fe400c60e68aa74f0911c380448de7b10cfffeda7d40ee86b066e6871e48a89,2024-10,Northumbria Police,Northumbria Police,-1.891117,54.950100,On or near Oak Street,E01027508,Northumberland 036C,Public order,Status update unavailable,
99e5aabfce733836bbf7a59c01f87315b8b9ae274dbc1629f8615cce6c8d878e,2024-10,Northumbria Police,Northumbria Police,-1.870864,54.941220,On or near Lumley'S Lane,E01027508,Northumberland 036C,Violence and sexual offences,Status update unavailable,
47660bfe737de2620098c9ddb9b19bad9c7caa377fc199966061f75a8c38bff7,2024-10,Northumbria Police,Northumbria Police,-1.883459,54.952591,On or near Eastgate Bank,E01027508,Northumberland 036C,Violence and sexual offences,Status update unavailable,
ab0509ff8b3ef75613a2af7194d1e0ca5a59324e7e2f3448ed677b161e3d8edd,2024-10,Northumbria Police,Northumbria Police,-1.883459,54.952591,On or near Eastgate Bank,E01027508,Northumberland 036C,Violence and sexual offences,Status update unavailable,
79d46a8cb1dc201486a13f54f295b2ec1733f6c4137c4df153eae005a28a1ec7,2024-10,Northumbria Police,Northumbria Police,-1.883459,54.952591,On or near Eastgate Bank,E01027508,Northumberland 036C,Violence and sexual offences,Awaiting court outcome,
96b7cfea0ee1a39cb47f18ca96575216f137561f058bb784fc469d59bb7271d0,2024-10,Northumbria Police,Northumbria Police,-1.820148,54.976381,On or near Main Road,E01027513,Northumberland 036D,Shoplifting,Investigation complete; no suspect identified,
913dcc32ffcc76d05c4513a0af4a8f031d2c8deff9db0ba65827978b17b37e47,2024-10,Northumbria Police,Northumbria Police,-1.818620,54.979300,On or near Tynedale Close,E01027513,Northumberland 036D,Violence and sexual offences,Status update unavailable,
e9a41bde28b57d957f681b4345b54775b5d72fe62cdfe72c1cfd3fe3de6db811,2024-10,Northumbria Police,Northumbria Police,-2.364174,54.975216,On or near Petrol Station,E01027484,Northumberland 037A,Criminal damage and arson,Investigation complete; no suspect identified,
759c0973d2da8461e5a62d22afe54bb1bfc4f549d91fd64bea0c2b6b4f282f70,2024-10,Northumbria Police,Northumbria Police,-2.364174,54.975216,On or near Petrol Station,E01027484,Northumberland 037A,Other theft,Investigation complete; no suspect identified,
9cfcc21a2ed301e9e6abbcb9e79dd98f8420ae282e753c70ef78eb92e7c155fc,2024-10,Northumbria Police,Northumbria Police,-2.336698,54.985860,On or near Park/Open Space,E01027484,Northumberland 037A,Violence and sexual offences,Status update unavailable,
ffc68460d8e23faa85f4511b341c5e4354c41526bbfc8e9150cf275926c672ec,2024-10,Northumbria Police,Northumbria Police,-2.464367,54.973439,On or near Sports/Recreation Area,E01027485,Northumberland 037B,Other theft,Investigation complete; no suspect identified,
8a4b369e3940abab8a77c9e10f4727048339e85751334e8686841ba7d2935ce6,2024-10,Northumbria Police,Northumbria Police,-2.466422,54.973094,On or near Woodhead Park,E01027485,Northumberland 037B,Other theft,Investigation complete; no suspect identified,
c71f2330fae5a573481db48ffdf6dd0d4bf9e1079e4c310ceeed4cad3bd0df95,2024-10,Northumbria Police,Northumbria Police,-2.463721,54.970588,On or near Holmeside Crescent,E01027485,Northumberland 037B,Other theft,Status update unavailable,
0949cc1596e688b79728fe3a32050a6abaa9acc9801dddaf6c357b4cdbe1c64a,2024-10,Northumbria Police,Northumbria Police,-2.485878,54.984657,On or near Park/Open Space,E01027485,Northumberland 037B,Other theft,Status update unavailable,
8e006e6becc425f85ce4a4e54226b7251364e83c7b99d3450492c956d5ae751e,2024-10,Northumbria Police,Northumbria Police,-2.463171,54.971614,On or near Fleming Court,E01027485,Northumberland 037B,Violence and sexual offences,Investigation complete; no suspect identified,
fedb317d851cc51b22feff3aeec8779e7b92c3f1d2bef10c0f4701838aa13080,2024-10,Northumbria Police,Northumbria Police,-2.462525,54.971176,On or near Greenholme Road,E01027485,Northumberland 037B,Violence and sexual offences,Investigation complete; no suspect identified,
fc16350e19f45f6872562aa02d9bfcbb127c413acb3884dd740256847b0ae435,2024-10,Northumbria Police,Northumbria Police,-2.462525,54.971176,On or near Greenholme Road,E01027485,Northumberland 037B,Other crime,Investigation complete; no suspect identified,
,2024-10,Northumbria Police,Northumbria Police,-2.464775,54.968463,On or near West Road,E01027486,Northumberland 037C,Anti-social behaviour,,
,2024-10,Northumbria Police,Northumbria Police,-2.464775,54.968463,On or near West Road,E01027486,Northumberland 037C,Anti-social behaviour,,
f343d6f729ea975b15751ea74c663e4e9309458af27490284cbf45e9f690e8b1,2024-10,Northumbria Police,Northumbria Police,-2.472731,54.964955,On or near Stoneyrigg Close,E01027486,Northumberland 037C,Burglary,Investigation complete; no suspect identified,
824fe183874a2437b5611e038afef79f8fdec2ac993f69202b0341a1917d8412,2024-10,Northumbria Police,Northumbria Police,-2.457536,54.970602,On or near Golden Square,E01027486,Northumberland 037C,Criminal damage and arson,Investigation complete; no suspect identified,
02fe7168bf7ab707374c850664bedb73b650d5e0b8bb12cefb389eb18bf59455,2024-10,Northumbria Police,Northumbria Police,-2.467275,54.968579,On or near Millfield Terrace,E01027486,Northumberland 037C,Criminal damage and arson,Investigation complete; no suspect identified,
fc559b54ef261888e1a5e3512acbf6244f2f9fdcfc0cf21522ac1093de4e9e72,2024-10,Northumbria Police,Northumbria Police,-2.472731,54.964955,On or near Stoneyrigg Close,E01027486,Northumberland 037C,Other theft,Investigation complete; no suspect identified,
99e566943b2b40046cc7eddded8265189e6158e5f6b4f3daafd33b311d0601aa,2024-10,Northumbria Police,Northumbria Police,-2.458842,54.970058,On or near Black Bull Lane,E01027486,Northumberland 037C,Other theft,Investigation complete; no suspect identified,
2297e6aa716e3e094df0678c3311d2182a869361f6f31a1bf33afd2606819359,2024-10,Northumbria Police,Northumbria Police,-2.464461,54.968329,On or near Haltwhistle,E01027486,Northumberland 037C,Public order,Status update unavailable,
33851c48eef1457b2daf7ac72aaca5449ae41bcc74f400619b96850c47692584,2024-10,Northumbria Police,Northumbria Police,-2.467519,54.968030,On or near West View,E01027486,Northumberland 037C,Violence and sexual offences,Investigation complete; no suspect identified,
bec2bd5a9d533b7ba2baf74cc30a74ef5c5c4c06a8e824c48b793341429dbd41,2024-10,Northumbria Police,Northumbria Police,-2.461852,54.969660,On or near Westgate,E01027486,Northumberland 037C,Violence and sexual offences,Investigation complete; no suspect identified,
f3da1ad5866e546ee9439b676abc259d88ff1fbdde29015e1c64fa17890bd3b2,2024-10,Northumbria Police,Northumbria Police,-2.467275,54.968579,On or near Millfield Terrace,E01027486,Northumberland 037C,Violence and sexual offences,Court result unavailable,
64aa46d714e38a7882c0b4c60e698732530b2f065d878326c86bc39455ec00ba,2024-10,Northumbria Police,Northumbria Police,-2.472731,54.964955,On or near Stoneyrigg Close,E01027486,Northumberland 037C,Violence and sexual offences,Investigation complete; no suspect identified,
92a6e2d0f85d6f4866e0f5341fa6db6fe2e3d0ff975575d44e49d17e330e18e4,2024-10,Northumbria Police,Northumbria Police,-2.472731,54.964955,On or near Stoneyrigg Close,E01027486,Northumberland 037C,Violence and sexual offences,Status update unavailable,
4cef960a8ad5f35feabf5a0f5af861a38efb285fe74c35049d305564679e2137,2024-10,Northumbria Police,Northumbria Police,-2.461857,54.972823,On or near Combhill Terrace,E01027487,Northumberland 037D,Criminal damage and arson,Status update unavailable,
6136d761cd0c337c79838fb235ebb4f26b88e1908e5eead5783bf8ec1b1b793b,2024-10,Northumbria Police,Northumbria Police,-2.451455,54.971658,On or near Castle Hill,E01027487,Northumberland 037D,Public order,Status update unavailable,
ec8ae313f0575f3be6c49dda139c8f6ceea4bedfa5eb974a196e2f0f83195b4f,2024-10,Northumbria Police,Northumbria Police,-2.458169,54.971301,On or near St James' Lane,E01027487,Northumberland 037D,Public order,Status update unavailable,
663a6f094c89584362807d7bc1de6d8605bf5b0e0b575916e2930ca9a4d424ae,2024-10,Northumbria Police,Northumbria Police,-2.455012,54.971223,On or near Orchard Gardens,E01027487,Northumberland 037D,Violence and sexual offences,Status update unavailable,
d6e7ce33df3b8109ee48892bb2587ae068bf99564d1fe77a9c2508b55362f9bc,2024-10,Northumbria Police,Northumbria Police,-2.458169,54.971301,On or near St James' Lane,E01027487,Northumberland 037D,Violence and sexual offences,Status update unavailable,
fe24c575add3ce0df45e7c33c9c306ae9d4cea5a702e04fb4f1342681d9d4fd7,2024-10,Northumbria Police,Northumbria Police,-2.540972,54.919792,On or near Pennine Road,E01027512,Northumberland 037E,Burglary,Investigation complete; no suspect identified,
8357115928e1fe55d07a358602b81899d833ca659f8269400bbb5ad68049635f,2024-10,Northumbria Police,Northumbria Police,-2.471297,54.922536,On or near Pinewood Grove,E01027512,Northumberland 037E,Criminal damage and arson,Status update unavailable,
d80fcd48aced8bfc027439ea44b8f4b2a8147a894e08c4ceebe9dede46cde3c5,2024-10,Northumbria Police,Northumbria Police,-2.540972,54.919792,On or near Pennine Road,E01027512,Northumberland 037E,Public order,Status update unavailable,
80ab7e7c10056e9582264d297a1c58990d641b68169057648e80e7ab05170dd6,2024-10,Northumbria Police,Northumbria Police,-2.471297,54.922536,On or near Pinewood Grove,E01027512,Northumberland 037E,Violence and sexual offences,Status update unavailable,
50fe68752521b41166726a770212f905211b83392681f3acb772999d64b9c7a9,2024-10,Northumbria Police,Northumbria Police,-2.526820,54.923063,On or near Park/Open Space,E01027512,Northumberland 037E,Violence and sexual offences,Status update unavailable,
abdb9fd5b3535122021eaf330f90284429fdf625ba431ffa04468b67abc3e02a,2024-10,Northumbria Police,Northumbria Police,-2.506510,54.942281,On or near Hall Bank,E01027512,Northumberland 037E,Violence and sexual offences,Status update unavailable,
e7c7b8b28aec2c59bd8738a790917feccceb76c3c43540593473d7ed6fdc7213,2024-10,Northumbria Police,Northumbria Police,-2.545605,54.922099,On or near Leaside,E01027512,Northumberland 037E,Violence and sexual offences,Status update unavailable,
,2024-10,Northumbria Police,Northumbria Police,-1.864302,54.961557,On or near Master'S Crescent,E01027497,Northumberland 038A,Anti-social behaviour,,
,2024-10,Northumbria Police,Northumbria Police,-1.864302,54.961557,On or near Master'S Crescent,E01027497,Northumberland 038A,Anti-social behaviour,,
f7d446f7706fb9cb190d6deb254879a7b1ab3c956aaf8dbe7fa0c8360c4be6fa,2024-10,Northumbria Police,Northumbria Police,-1.854157,54.964233,On or near Appletree Drive,E01027497,Northumberland 038A,Burglary,Status update unavailable,
90992f5ba363fc4a135bc7b4b0bbea47199e2a0c22b4f8f4f204d29b31979d58,2024-10,Northumbria Police,Northumbria Police,-1.852110,54.964374,On or near The Haughs,E01027497,Northumberland 038A,Burglary,Status update unavailable,
d79466b8272b5d7b49af8afadda6f7f423d5bd8172ae3a5e2a09336a53dab860,2024-10,Northumbria Police,Northumbria Police,-1.854157,54.964233,On or near Appletree Drive,E01027497,Northumberland 038A,Burglary,Status update unavailable,
9e80793d9602bc7033f36a7b206d800a6d57e292079922c23d5718888a214e84,2024-10,Northumbria Police,Northumbria Police,-1.853561,54.964753,On or near Orchard Hill,E01027497,Northumberland 038A,Burglary,Status update unavailable,
ae520382848837624194780ea1a6af33dfa23079dde0205f2e3dc6710f4a0a7e,2024-10,Northumbria Police,Northumbria Police,-1.833615,54.966672,On or near Sports/Recreation Area,E01027497,Northumberland 038A,Public order,Status update unavailable,
261821286f40a5afb361d429e96b013a1a54322b1cab3e5765ab48f742feecf9,2024-10,Northumbria Police,Northumbria Police,-1.863509,54.965007,On or near Petrol Station,E01027497,Northumberland 038A,Violence and sexual offences,Investigation complete; no suspect identified,
46cfe300f150e1efa64a33cb00b4088afe618827c6e391facb1efa93de8a4d69,2024-10,Northumbria Police,Northumbria Police,-1.836316,54.965439,On or near Sports/Recreation Area,E01027497,Northumberland 038A,Violence and sexual offences,Status update unavailable,
1a3c2f6b1d76077687ad1fed012fa46fca629bad99c21d9f9dd6169b51923845,2024-10,Northumbria Police,Northumbria Police,-1.863509,54.965007,On or near Petrol Station,E01027497,Northumberland 038A,Violence and sexual offences,Status update unavailable,
4d9f932777626533961e5a7eea175d3cbba3b24bc2a92df3dcc1369cd1f01ca9,2024-10,Northumbria Police,Northumbria Police,-1.863509,54.965007,On or near Petrol Station,E01027497,Northumberland 038A,Violence and sexual offences,Investigation complete; no suspect identified,
33ca507c820c413bf8972b73824a3f295573218f4339c4ae15c13c2b0c4b0240,2024-10,Northumbria Police,Northumbria Police,-1.861629,54.962246,On or near Dene Grove,E01027497,Northumberland 038A,Violence and sexual offences,Status update unavailable,
,2024-10,Northumbria Police,Northumbria Police,-1.847511,54.962131,On or near Neale Street,E01027498,Northumberland 038B,Anti-social behaviour,,
,2024-10,Northumbria Police,Northumbria Police,-1.847511,54.962131,On or near Neale Street,E01027498,Northumberland 038B,Anti-social behaviour,,
,2024-10,Northumbria Police,Northumbria Police,-1.841171,54.961997,On or near Biverfield Road,E01027498,Northumberland 038B,Anti-social behaviour,,
,2024-10,Northumbria Police,Northumbria Police,-1.850774,54.962350,On or near Cranleigh Grove,E01027498,Northumberland 038B,Anti-social behaviour,,
,2024-10,Northumbria Police,Northumbria Police,-1.831786,54.961679,On or near Bell View,E01027498,Northumberland 038B,Anti-social behaviour,,
,2024-10,Northumbria Police,Northumbria Police,-1.841171,54.961997,On or near Biverfield Road,E01027498,Northumberland 038B,Anti-social behaviour,,
a5fd4c913593b7dfeedc97611385c47c0e581ce3a8882ef43e9e304f9f94c4f3,2024-10,Northumbria Police,Northumbria Police,-1.838170,54.962523,On or near Prince George Court,E01027498,Northumberland 038B,Burglary,Status update unavailable,
1d3cc5a319ed73d50fe61e0e584ce062a259e7a9f22b1a51a8665d15a13f8050,2024-10,Northumbria Police,Northumbria Police,-1.837541,54.963627,On or near Stanley Crescent,E01027498,Northumberland 038B,Criminal damage and arson,Investigation complete; no suspect identified,
aed57f203540778f54fa98a36fe995bd375ef734110a8f4922161699b54d8294,2024-10,Northumbria Police,Northumbria Police,-1.831786,54.961679,On or near Bell View,E01027498,Northumberland 038B,Other theft,Status update unavailable,
156133388c3ab3906d31f75235a793e65d50bae714205427f085d72c1794cc65,2024-10,Northumbria Police,Northumbria Police,-1.837541,54.963627,On or near Stanley Crescent,E01027498,Northumberland 038B,Other theft,Status update unavailable,
a3797c6f3167565d3b7da73a05a128aec39541491e6b4a50b30572defd222944,2024-10,Northumbria Police,Northumbria Police,-1.835407,54.962349,On or near Sandyford Avenue,E01027498,Northumberland 038B,Other theft,Investigation complete; no suspect identified,
0430defc376326476256a8fe2bcde03480bbfbfbd565febf6298750a8ac9d0af,2024-10,Northumbria Police,Northumbria Police,-1.837955,54.961768,On or near West Wylam Drive,E01027498,Northumberland 038B,Public order,Status update unavailable,
399c4893d3e682817d640c858ba8d8d8eec26a405e691f313c40c4e3690267cc,2024-10,Northumbria Police,Northumbria Police,-1.838170,54.962523,On or near Prince George Court,E01027498,Northumberland 038B,Violence and sexual offences,Investigation complete; no suspect identified,
88e76c5779bf7c5fdc8c8a994b99673a6126396d761d42adf0d14e1b593cd931,2024-10,Northumbria Police,Northumbria Police,-1.841171,54.961997,On or near Biverfield Road,E01027498,Northumberland 038B,Violence and sexual offences,Status update unavailable,
ba7781c8df0a8dd73a09635c910cc07a5ce01a496925b92eb8dd9209656e0496,2024-10,Northumbria Police,Northumbria Police,-1.841171,54.961997,On or near Biverfield Road,E01027498,Northumberland 038B,Violence and sexual offences,Status update unavailable,
167c712d19892ea78765e12e438564710f0101d36c3d813163e399bee7deeb04,2024-10,Northumbria Police,Northumbria Police,-1.835407,54.962349,On or near Sandyford Avenue,E01027498,Northumberland 038B,Violence and sexual offences,Status update unavailable,
ad21d2d37cf9ccf1e0fdb2b465c1210e4ef948b8043e56fac9dee16cf82cc763,2024-10,Northumbria Police,Northumbria Police,-1.844243,54.963268,On or near Broomhill Road,E01027498,Northumberland 038B,Violence and sexual offences,Status update unavailable,
5bd91e9e20766b5458d22de739cfe37f072c29714ba5a5711c88e9ef8006aa83,2024-10,Northumbria Police,Northumbria Police,-1.835942,54.961226,On or near Scales Crescent,E01027498,Northumberland 038B,Violence and sexual offences,Investigation complete; no suspect identified,
20812b185643ca396561826ee98b3108f9750ab8638449371f5def213d1dd247,2024-10,Northumbria Police,Northumbria Police,-1.853354,54.961545,On or near Kepwell Bank Top,E01027498,Northumberland 038B,Violence and sexual offences,Status update unavailable,
589a4dca34386a968aae36238a0479ee14bc0b150a7aaa92bee1ec6c20cf4b94,2024-10,Northumbria Police,Northumbria Police,-1.841171,54.961997,On or near Biverfield Road,E01027498,Northumberland 038B,Violence and sexual offences,Investigation complete; no suspect identified,
ec9f9d9e27bef2325860d19ad1e4bdc279d14dfb3cad9bbadb3a289953e62ff1,2024-10,Northumbria Police,Northumbria Police,-1.844243,54.963268,On or near Broomhill Road,E01027498,Northumberland 038B,Violence and sexual offences,Offender given a caution,
26c9d2482dfff4c2972fc270a360d9b0be50d86f687814bb66a8961ac4a24361,2024-10,Northumbria Police,Northumbria Police,-1.844243,54.963268,On or near Broomhill Road,E01027498,Northumberland 038B,Violence and sexual offences,Offender given a caution,
35f31594cf1deda1315ede03bad920679353fff9c9c9d1311ee3b65e6beee921,2024-10,Northumbria Police,Northumbria Police,-1.841171,54.961997,On or near Biverfield Road,E01027498,Northumberland 038B,Violence and sexual offences,Status update unavailable,
fc2f79f8f8b66ecad32f0e446a06e43f6167cc3099e5a85b5f0189dd31ae9be8,2024-10,Northumbria Police,Northumbria Police,-1.836542,54.963608,On or near Parkwood Avenue,E01027498,Northumberland 038B,Violence and sexual offences,Status update unavailable,
,2024-10,Northumbria Police,Northumbria Police,-1.840317,54.960720,On or near Stancley Road,E01027499,Northumberland 038C,Anti-social behaviour,,
ca4f41aa09d2713f2213f385a52370e009c5bc23e8983a64b15b62cc52fd150e,2024-10,Northumbria Police,Northumbria Police,-1.845387,54.953995,On or near Moor Grange,E01027499,Northumberland 038C,Criminal damage and arson,Investigation complete; no suspect identified,
ede6df89c9af0efe15a5800cff4f48932dc8bba006cdb5491c9a630f5485d1ce,2024-10,Northumbria Police,Northumbria Police,-1.847235,54.956766,On or near Orchard Close,E01027499,Northumberland 038C,Criminal damage and arson,Status update unavailable,
651c33d913415d565025ee8fa735fec70981e39de65c70d2bf51a934c4bae743,2024-10,Northumbria Police,Northumbria Police,-1.838754,54.961185,On or near Stonyflat Bank,E01027499,Northumberland 038C,Drugs,Investigation complete; no suspect identified,
6b11203d63723bb2a915c16a5d692e3dbc464ff4ca7b14588298ab7528058c5c,2024-10,Northumbria Police,Northumbria Police,-1.842153,54.950415,On or near Guardswood Close,E01027499,Northumberland 038C,Possession of weapons,Investigation complete; no suspect identified,
d37b8bb1d5a03b657a120ea1fc9783e44ad90fa2f0c2b548812e9c0ce1385111,2024-10,Northumbria Police,Northumbria Police,-1.847235,54.956766,On or near Orchard Close,E01027499,Northumberland 038C,Public order,Status update unavailable,
9625865621d569c2cfffb4859f6f5673256a97d6776724770f4a4656c29d80a5,2024-10,Northumbria Police,Northumbria Police,-1.841740,54.948294,On or near Moor Road,E01027499,Northumberland 038C,Public order,Status update unavailable,
819dd11f991ea09d2ee56181da9ab2b125b44bc0d9bfe562ff44117b4ab33c68,2024-10,Northumbria Police,Northumbria Police,-1.841740,54.948294,On or near Moor Road,E01027499,Northumberland 038C,Public order,Status update unavailable,
079533fdf58758103536384a6269d45141a131f2b473a537a42f4681641e7ec1,2024-10,Northumbria Police,Northumbria Police,-1.847235,54.956766,On or near Orchard Close,E01027499,Northumberland 038C,Violence and sexual offences,Status update unavailable,
ec9ac8aaa3038fe351dda389e41987b52bcccd8544a0e4ec5e770c5856da01cf,2024-10,Northumbria Police,Northumbria Police,-1.847235,54.956766,On or near Orchard Close,E01027499,Northumberland 038C,Violence and sexual offences,Status update unavailable,
cad725b5df205eca633c1c1a0b4efdb02c42a93eea0eceecc10862694bde093f,2024-10,Northumbria Police,Northumbria Police,-1.847235,54.956766,On or near Orchard Close,E01027499,Northumberland 038C,Violence and sexual offences,Status update unavailable,
5b82c36ccc2dc076bf466719d45bcd64b2d443906a67622319738d52d838130f,2024-10,Northumbria Police,Northumbria Police,-1.853210,54.958408,On or near Highfield,E01027499,Northumberland 038C,Other crime,Status update unavailable,
,2024-10,Northumbria Police,Northumbria Police,-1.852238,54.959360,On or near St Mathews Lane,E01027500,Northumberland 038D,Anti-social behaviour,,
,2024-10,Northumbria Police,Northumbria Police,-1.852981,54.961239,On or near B6395,E01027500,Northumberland 038D,Anti-social behaviour,,
,2024-10,Northumbria Police,Northumbria Police,-1.852981,54.961239,On or near B6395,E01027500,Northumberland 038D,Anti-social behaviour,,
,2024-10,Northumbria Police,Northumbria Police,-1.848999,54.960892,On or near Wesley Terrace,E01027500,Northumberland 038D,Anti-social behaviour,,
bcfbe61512eeda9b457f653cc94c616c2a71b0668101fb89c48f7bbdb293de9c,2024-10,Northumbria Police,Northumbria Police,-1.847876,54.960612,On or near The Haven,E01027500,Northumberland 038D,Robbery,Investigation complete; no suspect identified,
483d4031a2d82b29a826eaba4fffce7f44efd7f85ba4f469f46795bcd98572a8,2024-10,Northumbria Police,Northumbria Police,-1.851232,54.961012,On or near Oakfield Terrace,E01027500,Northumberland 038D,Shoplifting,Local resolution,
73d83d40b71b841055deab2628ec551eaca9cc59bdd10ebf21f3b0ceb76d0cda,2024-10,Northumbria Police,Northumbria Police,-1.851232,54.961012,On or near Oakfield Terrace,E01027500,Northumberland 038D,Violence and sexual offences,Status update unavailable,
364ffe6e8cef0b840e2c8fdb52909ae9d2d23c6be08f57d3aaebc68e5189d763,2024-10,Northumbria Police,Northumbria Police,-1.852981,54.961239,On or near B6395,E01027500,Northumberland 038D,Violence and sexual offences,Status update unavailable,
3a986c904e765303452ab15327413a933ebedb863d74ab0650b2217570a94226,2024-10,Northumbria Police,Northumbria Police,-1.844337,54.959107,On or near Redwell Road,E01027500,Northumberland 038D,Violence and sexual offences,Status update unavailable,
b7c371a11ac0d2d69926560278eeb38e4448957b5165e8c26258611a38dd8e2b,2024-10,Northumbria Police,Northumbria Police,-1.864032,54.958304,On or near Parking Area,E01035636,Northumberland 038G,Vehicle crime,Status update unavailable,
2c60c28b24fb645717f0f293aecf96ffbad1641df1279418f51763f20fb48c69,2024-10,Northumbria Police,Northumbria Police,-1.859522,54.961723,On or near Cheyne Road,E01035636,Northumberland 038G,Violence and sexual offences,Investigation complete; no suspect identified,
79e8b088db2fbfbe3b09500417e49e9a3e44e9b68e3ef805c8ad17f65e7eea61,2024-10,Northumbria Police,Northumbria Police,-2.235281,54.868990,On or near Garret'S Hill Bank,E01027477,Northumberland 040A,Criminal damage and arson,Status update unavailable,
2c2139b7600418e03f58805c93f0fbf8f3c52f057aa83984189e63551a002d63,2024-10,Northumbria Police,Northumbria Police,-2.249927,54.851212,On or near Black Way,E01027477,Northumberland 040A,Other theft,Investigation complete; no suspect identified,
6e9c69adb58896ed9fd6943f0d2f7f7befba9c45a37a71855683ebfbe6076406,2024-10,Northumbria Police,Northumbria Police,-2.260693,54.820591,On or near Park/Open Space,E01027477,Northumberland 040A,Violence and sexual offences,Investigation complete; no suspect identified,
,2024-10,Northumbria Police,Northumbria Police,-2.254429,54.895901,On or near Selah Close,E01027478,Northumberland 040B,Anti-social behaviour,,
8227c89e392440a648d0e7d925deed9fd9ef91dc07c8625a3d81f5706e3804e6,2024-10,Northumbria Police,Northumbria Police,-2.250429,54.897078,On or near Dale Park,E01027478,Northumberland 040B,Criminal damage and arson,Investigation complete; no suspect identified,
503a10520503c1d83241ab3564b08d37d88ffb1332803d232c0f2708b0457d57,2024-10,Northumbria Police,Northumbria Police,-2.250771,54.899386,On or near Denelands,E01027478,Northumberland 040B,Criminal damage and arson,Investigation complete; no suspect identified,
9c7fbb80b6a26b7de4347f1f06da7dc87ae95e64d15e1ab2512b8a76c4776b0f,2024-10,Northumbria Police,Northumbria Police,-2.258039,54.895536,On or near Bus/Coach Station,E01027478,Northumberland 040B,Possession of weapons,Court result unavailable,
6e071245efad7e6a8749963e3ba7f9406823dc02f807c4163efea7c4f95037cc,2024-10,Northumbria Police,Northumbria Police,-2.258039,54.895536,On or near Bus/Coach Station,E01027478,Northumberland 040B,Violence and sexual offences,Investigation complete; no suspect identified,
13ecff5d7d9062d91585117aa024d9faf04c49bac7127fc5c51e7eea9dd75fc3,2024-10,Northumbria Police,Northumbria Police,-2.258039,54.895536,On or near Bus/Coach Station,E01027478,Northumberland 040B,Violence and sexual offences,Court result unavailable,
,2024-10,Northumbria Police,Northumbria Police,-2.247968,54.970932,On or near Douglas Gardens,E01027488,Northumberland 040C,Anti-social behaviour,,
42225778ad1eba438de223e05697b2cece0affc9057bc09eaf6b959da29716e6,2024-10,Northumbria Police,Northumbria Police,-2.270062,54.971837,On or near Parking Area,E01027488,Northumberland 040C,Burglary,Status update unavailable,
93c22d5043fa63f06f6b93eccbdb81f672d568061d6a6a67e316a94a0591acdc,2024-10,Northumbria Police,Northumbria Police,-2.244161,54.971739,On or near Whittis Hill,E01027488,Northumberland 040C,Criminal damage and arson,Status update unavailable,
44a476dab83bd3c55b266857ecb32710c5b4baf1808d97bbf288fdb7af2b6497,2024-10,Northumbria Police,Northumbria Police,-2.247463,54.973253,On or near Supermarket,E01027488,Northumberland 040C,Shoplifting,Investigation complete; no suspect identified,
cfbffc257b9656be5d304e834f06ce98e61033e3eaada6ab6d208ec323b8c59f,2024-10,Northumbria Police,Northumbria Police,-2.253079,54.976412,On or near North Bank,E01027488,Northumberland 040C,Violence and sexual offences,Status update unavailable,
47ee29990248e8bd34c1e56d847d3a14292f088494936b59ff40a3fca0c8d2b1,2024-10,Northumbria Police,Northumbria Police,-2.253079,54.976412,On or near North Bank,E01027488,Northumberland 040C,Violence and sexual offences,Status update unavailable,
abd822094a41178ff5d0ed495f6a6866239b21cd16bed11b98ab65ba060e0b55,2024-10,Northumbria Police,Northumbria Police,-2.247821,54.974976,On or near Parking Area,E01027488,Northumberland 040C,Violence and sexual offences,Status update unavailable,
7cc8003920bb16ad2cf2877553d76a7c0eec23bb176506c391e0fe879badcc65,2024-10,Northumbria Police,Northumbria Police,-2.259053,54.994318,On or near North Road,E01027488,Northumberland 040C,Violence and sexual offences,Status update unavailable,
daa2b54a8a0f56beffc9298b4e695b95a7d1b9fd9715a75c9452af196694ba6c,2024-10,Northumbria Police,Northumbria Police,-2.253079,54.976412,On or near North Bank,E01027488,Northumberland 040C,Violence and sexual offences,Status update unavailable,
a1ebb20379fdd8749cb1eeca8a4bb6043780e8953788fe4809df0a5c21592e07,2024-10,Northumbria Police,Northumbria Police,-2.238727,54.973390,On or near Parking Area,E01027488,Northumberland 040C,Violence and sexual offences,Status update unavailable,
a29f6f035c6861c87b69fba4fb4fe6b3a473394a2ef20c9d099b3f5f3d905c1f,2024-10,Northumbria Police,Northumbria Police,-2.253079,54.976412,On or near North Bank,E01027488,Northumberland 040C,Violence and sexual offences,Status update unavailable,
d991a55cefe0fe34683bbba7d2a835e0811199ceceea29e8346bbcbdf2211fdf,2024-10,Northumbria Police,Northumbria Police,-2.128382,55.037210,On or near Farm Lane,E01027495,Northumberland 040D,Criminal damage and arson,Status update unavailable,
aca20beb129d321e7d7b1ca474e7372e2a19ed9fc3144cbda8f8fccfdce13541,2024-10,Northumbria Police,Northumbria Police,-2.128382,55.037210,On or near Farm Lane,E01027495,Northumberland 040D,Violence and sexual offences,Status update unavailable,
,2024-10,Northumbria Police,Northumbria Police,-2.065273,54.898918,On or near Park/Open Space,E01027505,Northumberland 040E,Anti-social behaviour,,
,2024-10,Northumbria Police,Northumbria Police,-2.115326,54.915092,On or near Leazes Lane,E01027505,Northumberland 040E,Anti-social behaviour,,
a1bfc9eb0efa04f67c8b06a35239fa44d36fd4516ee7787a842d4b11dd8f3ec6,2024-10,Northumbria Police,Northumbria Police,-2.172342,55.006289,On or near Broadway,E01027510,Northumberland 040F,Burglary,Investigation complete; no suspect identified,
80dac1d0b00706c1b45a7a546eab676d6a885c66a559efd438eb6ef8fa1fce4a,2024-10,Northumbria Police,Northumbria Police,-2.176981,55.005186,On or near St Aidans Park,E01027510,Northumberland 040F,Public order,Status update unavailable,
f320836b27832100d94145b0169bdd7ba1cad55ddfd7375bc5c202a6e8ad9c17,2024-10,Northumbria Police,Northumbria Police,-2.200967,55.005777,On or near Home Farm,E01027510,Northumberland 040F,Violence and sexual offences,Status update unavailable,
,2024-10,Northumbria Police,Northumbria Police,-1.591535,55.171798,On or near Parking Area,E01027525,Northumberland 041A,Anti-social behaviour,,
,2024-10,Northumbria Police,Northumbria Police,-1.593699,55.184377,On or near Dorset Close,E01027525,Northumberland 041A,Anti-social behaviour,,
,2024-10,Northumbria Police,Northumbria Police,-1.595021,55.184076,On or near Devon Close,E01027525,Northumberland 041A,Anti-social behaviour,,
,2024-10,Northumbria Police,Northumbria Police,-1.591535,55.171798,On or near Parking Area,E01027525,Northumberland 041A,Anti-social behaviour,,
,2024-10,Northumbria Police,Northumbria Police,-1.591535,55.171798,On or near Parking Area,E01027525,Northumberland 041A,Anti-social behaviour,,
,2024-10,Northumbria Police,Northumbria Police,-1.595021,55.184076,On or near Devon Close,E01027525,Northumberland 041A,Anti-social behaviour,,
,2024-10,Northumbria Police,Northumbria Police,-1.595021,55.184076,On or near Devon Close,E01027525,Northumberland 041A,Anti-social behaviour,,
,2024-10,Northumbria Police,Northumbria Police,-1.593228,55.184393,On or near Somerset Close,E01027525,Northumberland 041A,Anti-social behaviour,,
9fe065deff85806ae47da29cf500b0f4fa0fa11b95dd0dce6ebf5029cd22f414,2024-10,Northumbria Police,Northumbria Police,-1.598125,55.184598,On or near New Moor Close,E01027525,Northumberland 041A,Burglary,Investigation complete; no suspect identified,
43dcf39c9399d1071e3149a91ecb7790e2ede9848078531b128e3395861ecd54,2024-10,Northumbria Police,Northumbria Police,-1.595021,55.184076,On or near Devon Close,E01027525,Northumberland 041A,Other theft,Investigation complete; no suspect identified,
334311e95ddbf3bee7d874ccfc870626d182ba57a2780b5cd20679c7cc74b819,2024-10,Northumbria Police,Northumbria Police,-1.585424,55.179694,On or near Dene View,E01027525,Northumberland 041A,Public order,Investigation complete; no suspect identified,
7059b71f24a4243f6f0a1d430750e8892fc089ea0dcd972c7a35af5a09d145a0,2024-10,Northumbria Police,Northumbria Police,-1.600852,55.166312,On or near Glebe Farm,E01027525,Northumberland 041A,Shoplifting,Suspect charged as part of another case,
fc4c8f5c142cb22c5df5616c5d8158f4ed020da0902a961a61bf7dbd60eb3d1c,2024-10,Northumbria Police,Northumbria Police,-1.588072,55.184834,On or near Essex Close,E01027525,Northumberland 041A,Shoplifting,Investigation complete; no suspect identified,
3f81a7c5354a11e991a1b4db588ae4da1e9cadd586af32e0db4d36ce1796cee7,2024-10,Northumbria Police,Northumbria Police,-1.600852,55.166312,On or near Glebe Farm,E01027525,Northumberland 041A,Shoplifting,Suspect charged as part of another case,
7b44f78b216e9454dc66fdefe8a4e823fcd451a9cf1b5e8d6943ffbbbad8e7f8,2024-10,Northumbria Police,Northumbria Police,-1.588072,55.184834,On or near Essex Close,E01027525,Northumberland 041A,Shoplifting,Investigation complete; no suspect identified,
8120c020c56fe34089b0c95dac95799f84d09eab090ee41fa3543ff0ca14eed1,2024-10,Northumbria Police,Northumbria Police,-1.588072,55.184834,On or near Essex Close,E01027525,Northumberland 041A,Shoplifting,Investigation complete; no suspect identified,
bd2f1f9ecd66804cb18c536c9a672d4d78871025c09de42d4ca7fbcbef61c4b1,2024-10,Northumbria Police,Northumbria Police,-1.588072,55.184834,On or near Essex Close,E01027525,Northumberland 041A,Shoplifting,Status update unavailable,
a1250067d0d10e13e707cffff34c8119fbdcfac4d812d132f571de25735a522e,2024-10,Northumbria Police,Northumbria Police,-1.588072,55.184834,On or near Essex Close,E01027525,Northumberland 041A,Shoplifting,Court result unavailable,
ab8e95d2a80897445d58187d23dff0e017db576c7fc2487b5ab6dff0d2e42b70,2024-10,Northumbria Police,Northumbria Police,-1.587092,55.183951,On or near Norfolk Close,E01027525,Northumberland 041A,Vehicle crime,Investigation complete; no suspect identified,
f02defbd672f544a35ba4c9d5489fd331c02f70c8f9839a0f01fbbfe79fb942c,2024-10,Northumbria Police,Northumbria Police,-1.591388,55.183075,On or near High Market,E01027525,Northumberland 041A,Violence and sexual offences,Investigation complete; no suspect identified,
e365ca4167ffd374df1836fb12307994d52258d3b114eaf3d51b9c7357dfd7eb,2024-10,Northumbria Police,Northumbria Police,-1.600852,55.166312,On or near Glebe Farm,E01027525,Northumberland 041A,Violence and sexual offences,Investigation complete; no suspect identified,
,2024-10,Northumbria Police,Northumbria Police,-1.581785,55.180823,On or near Parking Area,E01027524,Northumberland 041B,Anti-social behaviour,,
,2024-10,Northumbria Police,Northumbria Police,-1.592682,55.188642,On or near Wingate Way,E01027524,Northumberland 041B,Anti-social behaviour,,
,2024-10,Northumbria Police,Northumbria Police,-1.592682,55.188642,On or near Wingate Way,E01027524,Northumberland 041B,Anti-social behaviour,,
,2024-10,Northumbria Police,Northumbria Police,-1.586558,55.183886,On or near Booths Road,E01027524,Northumberland 041B,Anti-social behaviour,,
,2024-10,Northumbria Police,Northumbria Police,-1.592682,55.188642,On or near Wingate Way,E01027524,Northumberland 041B,Anti-social behaviour,,
,2024-10,Northumbria Police,Northumbria Police,-1.580295,55.182139,On or near Park View,E01027524,Northumberland 041B,Anti-social behaviour,,
,2024-10,Northumbria Police,Northumbria Police,-1.586558,55.183886,On or near Booths Road,E01027524,Northumberland 041B,Anti-social behaviour,,
,2024-10,Northumbria Police,Northumbria Police,-1.586558,55.183886,On or near Booths Road,E01027524,Northumberland 041B,Anti-social behaviour,,
,2024-10,Northumbria Police,Northumbria Police,-1.592682,55.188642,On or near Wingate Way,E01027524,Northumberland 041B,Anti-social behaviour,,
a40acdb16845688bfddc13c57c337a62df8eee233e2f2cf9d44a10c6595e99a0,2024-10,Northumbria Police,Northumbria Police,-1.584206,55.179025,On or near Wansbeck Road,E01027524,Northumberland 041B,Criminal damage and arson,Investigation complete; no suspect identified,
e055e7ba3de6ae7375be89711a3a6bb8216a7f70d9d50f40b17a58c31063f294,2024-10,Northumbria Police,Northumbria Police,-1.584797,55.181067,On or near Wansbeck Mews,E01027524,Northumberland 041B,Other theft,Investigation complete; no suspect identified,
36fc911f05c20d14cd8a6f059dc3e8c4b2ab8f18947f9fe1387b9acf3ca95778,2024-10,Northumbria Police,Northumbria Police,-1.578119,55.184477,On or near Rotary Parkway,E01027524,Northumberland 041B,Other theft,Investigation complete; no suspect identified,
2f3df581b3e51dc1d267d6923bcabf920a94d3f60a5fc54db992d36b1c1d883a,2024-10,Northumbria Police,Northumbria Police,-1.591397,55.185277,On or near Petrol Station,E01027524,Northumberland 041B,Public order,Status update unavailable,
bfbd6b650f33eab7accb7cd19da69961f09d54f53af33bf3f3b58ed6475858f1,2024-10,Northumbria Police,Northumbria Police,-1.586558,55.183886,On or near Booths Road,E01027524,Northumberland 041B,Public order,Status update unavailable,
b05fba4e5ea1d163d87865008018700064b388eb0f3ecd2bea7e69c16e8a1faf,2024-10,Northumbria Police,Northumbria Police,-1.586558,55.183886,On or near Booths Road,E01027524,Northumberland 041B,Public order,Status update unavailable,
7ed14d54be64e0fb80ac87e968dbf12f6a103ef9f29973e7183e6ee7421744aa,2024-10,Northumbria Police,Northumbria Police,-1.586558,55.183886,On or near Booths Road,E01027524,Northumberland 041B,Public order,Status update unavailable,
18b7d0608b7bb62901208e822f37584ea9986324cfe447e3eb473cb38715d06e,2024-10,Northumbria Police,Northumbria Police,-1.578119,55.184477,On or near Rotary Parkway,E01027524,Northumberland 041B,Violence and sexual offences,Status update unavailable,
c1f847e1c54efdd9e5a35dc8df8bb50c6c30373c4d433ca158b260cdd3cdbdca,2024-10,Northumbria Police,Northumbria Police,-1.592849,55.186135,On or near Longhorsley Green,E01027524,Northumberland 041B,Violence and sexual offences,Status update unavailable,
e359aa1714d0c6e721e131dc5c704e03046587add026bed91558a9d4016171ec,2024-10,Northumbria Police,Northumbria Police,-1.580295,55.182139,On or near Park View,E01027524,Northumberland 041B,Violence and sexual offences,Status update unavailable,
996e37e10c979f260a34fdf402af8c375fd9e11b2aff307a294bcbc7c8f82ea5,2024-10,Northumbria Police,Northumbria Police,-1.592311,55.188012,On or near Belford Meadows,E01027524,Northumberland 041B,Violence and sexual offences,Status update unavailable,
497d11c8fefdb2e21d402777f53501db000f4ea692c84ed2565f2b030f4e7fbb,2024-10,Northumbria Police,Northumbria Police,-1.586558,55.183886,On or near Booths Road,E01027524,Northumberland 041B,Violence and sexual offences,Court result unavailable,
8de2e011b3fe609904d29524a0bf39e02a11204fa8dc25af491f8401fc4449e9,2024-10,Northumbria Police,Northumbria Police,-1.586558,55.183886,On or near Booths Road,E01027524,Northumberland 041B,Violence and sexual offences,Investigation complete; no suspect identified,
86b0d38ce4cf748083782bce3864ac7101d850396ce0a5a2a7e57679bbd831ea,2024-10,Northumbria Police,Northumbria Police,-1.592849,55.186135,On or near Longhorsley Green,E01027524,Northumberland 041B,Violence and sexual offences,Status update unavailable,
1a708fe5efb7e09e8e53cbbe3f755d8b620873b8cb82698ac34dca9d1db1c326,2024-10,Northumbria Police,Northumbria Police,-1.595129,55.187329,On or near A1068,E01027524,Northumberland 041B,Violence and sexual offences,Investigation complete; no suspect identified,
6044704218c79f5ed402a7d8cba9f68cf9e914902dc15e4d04cf94754918c2a7,2024-10,Northumbria Police,Northumbria Police,-1.566144,55.178001,On or near Cavendish Terrace,E01027527,Northumberland 041C,Criminal damage and arson,Investigation complete; no suspect identified,
7bc076d0972686ce71edd1785e71e19bdbe5608ee923133f0305b4b1b7cc4f7f,2024-10,Northumbria Police,Northumbria Police,-1.572951,55.178753,On or near Bamburgh Terrace,E01027527,Northumberland 041C,Public order,Investigation complete; no suspect identified,
96e58de9c1c1e1f5c3719707f00e3cf4367dd417e3b271695d3a10716e73a897,2024-10,Northumbria Police,Northumbria Police,-1.574591,55.178013,On or near Kielder Drive,E01027527,Northumberland 041C,Violence and sexual offences,Status update unavailable,
f57651cdf6534754d9df063f544f0654e330b2c94a87452eccb1dd6e649db084,2024-10,Northumbria Police,Northumbria Police,-1.576602,55.177903,On or near Wedderburn Square,E01027527,Northumberland 041C,Violence and sexual offences,Investigation complete; no suspect identified,
7d467ac4ebbcacbc3c345f10927c2a493e9eaf0d3af10bc13a764668cb878e88,2024-10,Northumbria Police,Northumbria Police,-1.572951,55.178753,On or near Bamburgh Terrace,E01027527,Northumberland 041C,Violence and sexual offences,Status update unavailable,
6f92dc1432961c0b7e9bceadb90cc6a799f56965a19e033f683ba2698b4d4251,2024-10,Northumbria Police,Northumbria Police,-1.571424,55.179098,On or near Chillingham Crescent,E01027527,Northumberland 041C,Other crime,Status update unavailable,
,2024-10,Northumbria Police,Northumbria Police,-1.582061,55.172431,On or near Blackthorn Way,E01027526,Northumberland 041D,Anti-social behaviour,,
,2024-10,Northumbria Police,Northumbria Police,-1.586507,55.173687,On or near Barrasford Close,E01027526,Northumberland 041D,Anti-social behaviour,,
,2024-10,Northumbria Police,Northumbria Police,-1.585503,55.172084,On or near Whittingham Close,E01027526,Northumberland 041D,Anti-social behaviour,,
,2024-10,Northumbria Police,Northumbria Police,-1.586507,55.173687,On or near Barrasford Close,E01027526,Northumberland 041D,Anti-social behaviour,,
,2024-10,Northumbria Police,Northumbria Police,-1.585503,55.172084,On or near Whittingham Close,E01027526,Northumberland 041D,Anti-social behaviour,,
4ff42f640e8148e9d2da325a58be1f74929dde30400a2ddba91cc36849615e24,2024-10,Northumbria Police,Northumbria Police,-1.582968,55.175777,On or near Blackdene,E01027526,Northumberland 041D,Violence and sexual offences,Status update unavailable,
7717ff9e50d15d01b6d24ad20a074b1d9b2ca0620cec718d6b37f8e0b43abf08,2024-10,Northumbria Police,Northumbria Police,-1.579943,55.173772,On or near Ryedale Close,E01027526,Northumberland 041D,Violence and sexual offences,Status update unavailable,
,2024-10,Northumbria Police,Northumbria Police,-1.574518,55.174634,On or near Glenwood,E01027536,Northumberland 041E,Anti-social behaviour,,
,2024-10,Northumbria Police,Northumbria Police,-1.579066,55.170561,On or near Speedwell Court,E01027536,Northumberland 041E,Anti-social behaviour,,
97658b006105a7d6fb0f414a2d8932c38137fdd264c428dca45284dd1d923d66,2024-10,Northumbria Police,Northumbria Police,-1.576585,55.173653,On or near Briardene,E01027536,Northumberland 041E,Bicycle theft,Court result unavailable,
bc12d14e2c9569a7747b8e178e79979f6a31b5b7b15f2c055d3b6f3fbc37d8c1,2024-10,Northumbria Police,Northumbria Police,-1.572121,55.172622,On or near Supermarket,E01027536,Northumberland 041E,Robbery,Court result unavailable,
0fb972d375fad7c4cd70e7e9324dd401ea89b26131d3d1d95f50c85afa3a5c21,2024-10,Northumbria Police,Northumbria Police,-1.572121,55.172622,On or near Supermarket,E01027536,Northumberland 041E,Shoplifting,Court result unavailable,
3d201642bd9423774992aed0b2e39b911f529cb1a7c94cd8ccf25f8d5716a042,2024-10,Northumbria Police,Northumbria Police,-1.572121,55.172622,On or near Supermarket,E01027536,Northumberland 041E,Shoplifting,Court result unavailable,
6cf9b953ad127905e7de317f45e4ab99c48525001e95ab31bc6ba41341e1d3a8,2024-10,Northumbria Police,Northumbria Police,-1.572121,55.172622,On or near Supermarket,E01027536,Northumberland 041E,Shoplifting,Suspect charged as part of another case,
65616dc08c90b246abfa2353749a92a988256388f23a2e6fbf73745e5093b165,2024-10,Northumbria Police,Northumbria Police,-1.572121,55.172622,On or near Supermarket,E01027536,Northumberland 041E,Shoplifting,Investigation complete; no suspect identified,
f4fc35ca4b368f6250e5700b19ef23561e4ddc295b5e6e7bb1e72fc9f7ad6982,2024-10,Northumbria Police,Northumbria Police,-1.572121,55.172622,On or near Supermarket,E01027536,Northumberland 041E,Shoplifting,Suspect charged as part of another case,
4b5efd5eadbcd15962c04c17651d46526344135c6c5a83cbd5109c816bd656b3,2024-10,Northumbria Police,Northumbria Police,-1.572121,55.172622,On or near Supermarket,E01027536,Northumberland 041E,Shoplifting,Investigation complete; no suspect identified,
c9385bb9a3e7875288eb9f92ae5862dff2af1e75d94d75c71623d6d30e6e238d,2024-10,Northumbria Police,Northumbria Police,-1.572121,55.172622,On or near Supermarket,E01027536,Northumberland 041E,Shoplifting,Investigation complete; no suspect identified,
5fbb22988d192928e7d74b703d1e56857ed473b9f0fb0ebe40194cddc05e1239,2024-10,Northumbria Police,Northumbria Police,-1.572121,55.172622,On or near Supermarket,E01027536,Northumberland 041E,Shoplifting,Suspect charged as part of another case,
a892b05a4a66e33e022040c8171fcd605295b341d761ba386885548cf1a9000a,2024-10,Northumbria Police,Northumbria Police,-1.572121,55.172622,On or near Supermarket,E01027536,Northumberland 041E,Shoplifting,Suspect charged as part of another case,
f967d3ad61b768ec1a9cfae9184b333bc4acf2b27b1f65a58acb196630488f5b,2024-10,Northumbria Police,Northumbria Police,-1.572121,55.172622,On or near Supermarket,E01027536,Northumberland 041E,Shoplifting,Court result unavailable,
bf04172fcd5a17e779b17a37831de96058e9bf1a5cdb6bb8b7979f7220edda38,2024-10,Northumbria Police,Northumbria Police,-1.572121,55.172622,On or near Supermarket,E01027536,Northumberland 041E,Shoplifting,Investigation complete; no suspect identified,
02d6dd25313e1dbb6d58c1ef646b25053a5d8701e6bd9a8aa85b5d02d574edc3,2024-10,Northumbria Police,Northumbria Police,-1.572121,55.172622,On or near Supermarket,E01027536,Northumberland 041E,Shoplifting,Suspect charged as part of another case,
000c45659c9c6e63ad394fd51b7e6c7de52af02b5ea15b5e48e67ea64993b5e7,2024-10,Northumbria Police,Northumbria Police,-1.572121,55.172622,On or near Supermarket,E01027536,Northumberland 041E,Shoplifting,Investigation complete; no suspect identified,
76055f908a831231e02827cdc132bd75a4a8a0601663a5234a8bc087ee0b7340,2024-10,Northumbria Police,Northumbria Police,-1.572121,55.172622,On or near Supermarket,E01027536,Northumberland 041E,Shoplifting,Suspect charged as part of another case,
189a1d612b706c50435a36f40bbb95d07dceb150a692500f42b8b57a71d8c243,2024-10,Northumbria Police,Northumbria Police,-1.572121,55.172622,On or near Supermarket,E01027536,Northumberland 041E,Shoplifting,Suspect charged as part of another case,
57e1ef29dc09a616b7b2a27e0b4c6ec4a7ba6ded5eeb78ee95d636f24bc6b18a,2024-10,Northumbria Police,Northumbria Police,-1.572121,55.172622,On or near Supermarket,E01027536,Northumberland 041E,Shoplifting,Status update unavailable,
a504fb1c8fac6966d8374b561cdd742f99229e8c41489ed33a4fe19af3793299,2024-10,Northumbria Police,Northumbria Police,-1.572121,55.172622,On or near Supermarket,E01027536,Northumberland 041E,Shoplifting,Status update unavailable,
9db59549d1eb15e1f06e69df3ddfc914532475f59e43b4a180e0a30fc7614b6f,2024-10,Northumbria Police,Northumbria Police,-1.572121,55.172622,On or near Supermarket,E01027536,Northumberland 041E,Shoplifting,Investigation complete; no suspect identified,
14145fa4eb58793bc45088f68c8c6941bc3bc9b28ca304e95ebe280953022ce6,2024-10,Northumbria Police,Northumbria Police,-1.572121,55.172622,On or near Supermarket,E01027536,Northumberland 041E,Shoplifting,Status update unavailable,
787b6fde8d4a19c668e4bef5968e16952d42b83839d3ac77be85ddaa676e7e94,2024-10,Northumbria Police,Northumbria Police,-1.574518,55.174634,On or near Glenwood,E01027536,Northumberland 041E,Vehicle crime,Investigation complete; no suspect identified,
bd2f2fd4a9197e8f69b346748812341e334e10308c9b72fa94a507313595f0e3,2024-10,Northumbria Police,Northumbria Police,-1.578094,55.176461,On or near Parking Area,E01027536,Northumberland 041E,Violence and sexual offences,Status update unavailable,
262d9ee77e25a016835aec1a193285f71f073b19bc77a32d88c5ff6f416b5310,2024-10,Northumbria Police,Northumbria Police,-1.578094,55.176461,On or near Parking Area,E01027536,Northumberland 041E,Violence and sexual offences,Investigation complete; no suspect identified,
3ca7d5f499939ec52bf8e22d00ca5c9da9291be11aa8f3d5c110d12302a4853e,2024-10,Northumbria Police,Northumbria Police,-1.572121,55.172622,On or near Supermarket,E01027536,Northumberland 041E,Violence and sexual offences,Investigation complete; no suspect identified,
920850d412a30910ef9e80b3edb17bafa78755b6cad18e76bd26aa86356ccb26,2024-10,Northumbria Police,Northumbria Police,-1.572121,55.172622,On or near Supermarket,E01027536,Northumberland 041E,Violence and sexual offences,Status update unavailable,
,2024-10,Northumbria Police,Northumbria Police,-1.564658,55.174563,On or near Lesbury Avenue,E01027537,Northumberland 041F,Anti-social behaviour,,
3f3b79f947e87f654f71d1c13d5085a7a2f3bb4e7cdeca946bd6d39507d77e97,2024-10,Northumbria Police,Northumbria Police,-1.560658,55.169948,On or near Parking Area,E01027537,Northumberland 041F,Public order,Status update unavailable,
66b1293d933bcc33cadbd6fb0bb25a99cc3344ee235d7771c7587b8641f7e7ce,2024-10,Northumbria Police,Northumbria Police,-1.564019,55.174129,On or near Ford Avenue,E01027537,Northumberland 041F,Violence and sexual offences,Investigation complete; no suspect identified,
4dd3d1f89d577b016aaea094c86d8d4a286b49cf359eb13af5c2544c46f2d8f6,2024-10,Northumbria Police,Northumbria Police,-1.563854,55.173482,On or near Bywell Road,E01027537,Northumberland 041F,Violence and sexual offences,Investigation complete; no suspect identified,
6dfd1422487dca54a909b42cb48de4072f6ba8321e754c49c77f61fe4f71f2c0,2024-10,Northumbria Police,Northumbria Police,-1.565115,55.175895,On or near Farne Avenue,E01027537,Northumberland 041F,Violence and sexual offences,Status update unavailable,
48173026f3d391be690f93be16930b414a46129b013b96287ff00b027c4b5cae,2024-10,Northumbria Police,Northumbria Police,-1.565115,55.175895,On or near Farne Avenue,E01027537,Northumberland 041F,Violence and sexual offences,Status update unavailable,
,2024-10,Northumbria Police,Northumbria Police,-1.572245,55.177160,On or near Parking Area,E01027538,Northumberland 041G,Anti-social behaviour,,
,2024-10,Northumbria Police,Northumbria Police,-1.575167,55.169640,On or near Magnolia Drive,E01027538,Northumberland 041G,Anti-social behaviour,,
81894bf3e841ddb2dc23757b579fa14e3ed9b783cfffb7e8ddc3317e92d48972,2024-10,Northumbria Police,Northumbria Police,-1.570955,55.170074,On or near Remscheid Way,E01027538,Northumberland 041G,Bicycle theft,Investigation complete; no suspect identified,
4b1622fbc158ca26d986cbb56611af9415a124618005eb861b7db655ad127052,2024-10,Northumbria Police,Northumbria Police,-1.570955,55.170074,On or near Remscheid Way,E01027538,Northumberland 041G,Vehicle crime,Investigation complete; no suspect identified,
9f9b2d18e90b120b8d79b43f3dfaeb2220969baca76fd4426920f239943ff3ec,2024-10,Northumbria Police,Northumbria Police,-1.561824,55.168191,On or near Heron Close,E01027538,Northumberland 041G,Violence and sexual offences,Status update unavailable,
fe6242c2a90b36e10ad05c4c1a44130c2b13d167db8ee67a8e0ecd9e31f74f30,2024-10,Northumbria Police,Northumbria Police,-1.567492,55.168013,On or near Blackclose Bank,E01027538,Northumberland 041G,Violence and sexual offences,Status update unavailable,
,2024-10,Northumbria Police,Northumbria Police,-1.553697,55.167739,On or near Chiltern Close,E01027532,Northumberland 041H,Anti-social behaviour,,
,2024-10,Northumbria Police,Northumbria Police,-1.549592,55.171246,On or near Ancroft Place,E01027532,Northumberland 041H,Anti-social behaviour,,
,2024-10,Northumbria Police,Northumbria Police,-1.559595,55.173880,On or near Seventh Avenue,E01027532,Northumberland 041H,Anti-social behaviour,,
823d48084d4b6a67357c80a15f893d7a67aad3a4d4bde3a57b57f473b6cefa3d,2024-10,Northumbria Police,Northumbria Police,-1.556356,55.170004,On or near Petrol Station,E01027532,Northumberland 041H,Burglary,Investigation complete; no suspect identified,
7ec9fa187ed48c905f2fdfc6936c64ff473a89a721b652d032d7a8a3d8218cd6,2024-10,Northumbria Police,Northumbria Police,-1.560007,55.172039,On or near Eighth Avenue,E01027532,Northumberland 041H,Criminal damage and arson,Investigation complete; no suspect identified,
d9612b58ad5487efa57153149fd345802545cf35bfaaa2aa305827559277d92c,2024-10,Northumbria Police,Northumbria Police,-1.559595,55.173880,On or near Seventh Avenue,E01027532,Northumberland 041H,Criminal damage and arson,Investigation complete; no suspect identified,
739f732bfe12becf4b71d12fd2b7d9d38c0f651721117e0923648246997a1eab,2024-10,Northumbria Police,Northumbria Police,-1.553925,55.171253,On or near Falstone Crescent,E01027532,Northumberland 041H,Criminal damage and arson,Investigation complete; no suspect identified,
6528db1fe081443fb1791959997c136227ffe53b085f157e54f413a21d163f77,2024-10,Northumbria Police,Northumbria Police,-1.551258,55.171064,On or near Colwell Road,E01027532,Northumberland 041H,Criminal damage and arson,Local resolution,
7dd8e626be33d48b3f99501aa7dc089126e91ddf7b7cc1da6a1d31c9169b6223,2024-10,Northumbria Police,Northumbria Police,-1.544122,55.171810,On or near Pembroke Gardens,E01027532,Northumberland 041H,Other theft,Investigation complete; no suspect identified,
02f0b674add717ff468f7b027ac674a80c5a0139fc51bf75ad3086c76ed6e622,2024-10,Northumbria Police,Northumbria Police,-1.556356,55.170004,On or near Petrol Station,E01027532,Northumberland 041H,Public order,Status update unavailable,
73e08d63582eb3a61ad1d610149c64574f8bb14331be64f5824ce1332795a25f,2024-10,Northumbria Police,Northumbria Police,-1.544122,55.171810,On or near Pembroke Gardens,E01027532,Northumberland 041H,Public order,Investigation complete; no suspect identified,
f1a986a4c4be49828aa9384db3e030c4437b548cd9ff2f881ad1c8cddaee13c0,2024-10,Northumbria Police,Northumbria Police,-1.560940,55.173749,On or near Supermarket,E01027532,Northumberland 041H,Robbery,Investigation complete; no suspect identified,
06efd52057a1134ec0865abb0ca6668b534922e1737f4472ddb128376c526447,2024-10,Northumbria Police,Northumbria Police,-1.551013,55.169059,On or near Hedley Way,E01027532,Northumberland 041H,Shoplifting,Investigation complete; no suspect identified,
cb9934bd488b649f998a6a0a922ae28f0b5cdf80fba0a5e27a9770497f45b1f2,2024-10,Northumbria Police,Northumbria Police,-1.551013,55.169059,On or near Hedley Way,E01027532,Northumberland 041H,Shoplifting,Court result unavailable,
8b4757d22fdeadfdfbcd0dcdbcf7c4de6428ae16c83f452605fab7099d5a21e9,2024-10,Northumbria Police,Northumbria Police,-1.560940,55.173749,On or near Supermarket,E01027532,Northumberland 041H,Shoplifting,Investigation complete; no suspect identified,
c3883f85f1bf2a86b5be14dc6b3c846bb36f48083e72f101b38393880793f4e7,2024-10,Northumbria Police,Northumbria Police,-1.560940,55.173749,On or near Supermarket,E01027532,Northumberland 041H,Shoplifting,Investigation complete; no suspect identified,
befb9398351b96708422c92bcff416f23a44caacd4fb862194b4853f274384e3,2024-10,Northumbria Police,Northumbria Police,-1.551013,55.169059,On or near Hedley Way,E01027532,Northumberland 041H,Shoplifting,Investigation complete; no suspect identified,
5240e65d221aba2905a43a1343a050e58b8d39581d1efb303699049899bdfeec,2024-10,Northumbria Police,Northumbria Police,-1.551013,55.169059,On or near Hedley Way,E01027532,Northumberland 041H,Shoplifting,Investigation complete; no suspect identified,
1da8e1229e1aedae74eee8e7b62f1b6007c3a16891b1d3950681334c85520b8c,2024-10,Northumbria Police,Northumbria Police,-1.551013,55.169059,On or near Hedley Way,E01027532,Northumberland 041H,Shoplifting,Investigation complete; no suspect identified,
9ccf8ec160c2079a1f0fc8157fd23c9515d2b6ab94aa9ef188ccb0aef0a20bfb,2024-10,Northumbria Police,Northumbria Police,-1.551013,55.169059,On or near Hedley Way,E01027532,Northumberland 041H,Shoplifting,Investigation complete; no suspect identified,
0c5c336f2fe1bb809caff258f78d1856c2a4823b4a6f12bc4d4049ccc8063d77,2024-10,Northumbria Police,Northumbria Police,-1.551013,55.169059,On or near Hedley Way,E01027532,Northumberland 041H,Shoplifting,Status update unavailable,
d350ca3464122d386138a26fa71dd468d5539f8ae48f7045c08bf5c70045efcc,2024-10,Northumbria Police,Northumbria Police,-1.551013,55.169059,On or near Hedley Way,E01027532,Northumberland 041H,Shoplifting,Status update unavailable,
a74a749a9e6feffaf1bf95731e22bb1de840e65645856acdb23e064c5c678697,2024-10,Northumbria Police,Northumbria Police,-1.551013,55.169059,On or near Hedley Way,E01027532,Northumberland 041H,Shoplifting,Investigation complete; no suspect identified,
a7af3dca67441357543e0f697f34154b02e77205192d0b46a2d84c4d842faceb,2024-10,Northumbria Police,Northumbria Police,-1.551013,55.169059,On or near Hedley Way,E01027532,Northumberland 041H,Shoplifting,Suspect charged as part of another case,
178e87c422b2b0aa743a991490d26a8c6dc070b5be7d4e362f660c028649f848,2024-10,Northumbria Police,Northumbria Police,-1.551013,55.169059,On or near Hedley Way,E01027532,Northumberland 041H,Shoplifting,Investigation complete; no suspect identified,
2a0372bb966b05d16e0526f0bc1423fa3822bf28c3b8cb3b4bd98150f36e1608,2024-10,Northumbria Police,Northumbria Police,-1.551013,55.169059,On or near Hedley Way,E01027532,Northumberland 041H,Shoplifting,Court result unavailable,
18fe50d25c71bd9def7c5e5e0e684202917efedc74deda4780e5dc3f81151a61,2024-10,Northumbria Police,Northumbria Police,-1.551013,55.169059,On or near Hedley Way,E01027532,Northumberland 041H,Shoplifting,Suspect charged as part of another case,
2328a22ee87a1bff2672c90a44f09c1ef21e886f558ea043e1c868a2fdaa40b7,2024-10,Northumbria Police,Northumbria Police,-1.551013,55.169059,On or near Hedley Way,E01027532,Northumberland 041H,Shoplifting,Suspect charged as part of another case,
02397855269af0ed027ce2ac526f58225481a1e07e8b0a6eeba9387dea74dd2d,2024-10,Northumbria Police,Northumbria Police,-1.551013,55.169059,On or near Hedley Way,E01027532,Northumberland 041H,Shoplifting,Investigation complete; no suspect identified,
09c5df4bc15c767d5af559417cc96f00359fd03b6107216c58c6d1ef87121f30,2024-10,Northumbria Police,Northumbria Police,-1.551013,55.169059,On or near Hedley Way,E01027532,Northumberland 041H,Shoplifting,Investigation complete; no suspect identified,
0345ca703a6c308b5f476a6f90e1ea9996c4b219d5ed3acc597a404c4cd7ce46,2024-10,Northumbria Police,Northumbria Police,-1.551013,55.169059,On or near Hedley Way,E01027532,Northumberland 041H,Shoplifting,Suspect charged as part of another case,
89cd1f77b0c59683d41fe133385faf9e40ccf332fda8d1cf2167c133ac533323,2024-10,Northumbria Police,Northumbria Police,-1.551013,55.169059,On or near Hedley Way,E01027532,Northumberland 041H,Shoplifting,Investigation complete; no suspect identified,
12b40f424bfa4abc05365db720a4820aff6688f4431fa068516505078ee93711,2024-10,Northumbria Police,Northumbria Police,-1.551013,55.169059,On or near Hedley Way,E01027532,Northumberland 041H,Shoplifting,Investigation complete; no suspect identified,
d021680e8e02a81009d52c40c1fc9ca5cbabc6fc12416a77d199376134e7bef0,2024-10,Northumbria Police,Northumbria Police,-1.560940,55.173749,On or near Supermarket,E01027532,Northumberland 041H,Shoplifting,Investigation complete; no suspect identified,
ff4e8faa187db50be1f540930ef4fb7a1ffc3d24553be93e46bcbe036eaeed45,2024-10,Northumbria Police,Northumbria Police,-1.551013,55.169059,On or near Hedley Way,E01027532,Northumberland 041H,Shoplifting,Status update unavailable,
8973fd70aeed3b83a32c7522916812caead5d4830c82161538fdf0d558bf33ff,2024-10,Northumbria Police,Northumbria Police,-1.551013,55.169059,On or near Hedley Way,E01027532,Northumberland 041H,Shoplifting,Suspect charged as part of another case,
66665a344725ad135d787cd9ed0c7ea0a3ee92b0a28e385b6a9659cb92f81121,2024-10,Northumbria Police,Northumbria Police,-1.551013,55.169059,On or near Hedley Way,E01027532,Northumberland 041H,Shoplifting,Investigation complete; no suspect identified,
cc58a97faa429f5bd342587a71fa24aa0bc0c9031941c95c500e32fe6a56f5c3,2024-10,Northumbria Police,Northumbria Police,-1.551013,55.169059,On or near Hedley Way,E01027532,Northumberland 041H,Shoplifting,Status update unavailable,
b3ec7b120c35221722fe7a760a7cea6e66901eff77fceab2c7d21e862e5ddc15,2024-10,Northumbria Police,Northumbria Police,-1.560007,55.172039,On or near Eighth Avenue,E01027532,Northumberland 041H,Violence and sexual offences,Status update unavailable,
d71356e139cd9ba6127802eefb2d9465c326721e31b767ffe7e3a70b65e64f11,2024-10,Northumbria Police,Northumbria Police,-1.560007,55.172039,On or near Eighth Avenue,E01027532,Northumberland 041H,Violence and sexual offences,Awaiting court outcome,
7e9f7a631394d50b432b30f999dceb7ae916fb8899e289cb76c20173e74ff819,2024-10,Northumbria Police,Northumbria Police,-1.560007,55.172039,On or near Eighth Avenue,E01027532,Northumberland 041H,Violence and sexual offences,Awaiting court outcome,
af86a6fdabea7938e84413259ede52a22885f8672736ad36d550c951fbd16a1c,2024-10,Northumbria Police,Northumbria Police,-1.545618,55.170055,On or near Harrison Crescent,E01027532,Northumberland 041H,Violence and sexual offences,Investigation complete; no suspect identified,
6a783d3042b6247207e2eb09e98e7aa1655048fc3cc7cfc129c7d306e49ed371,2024-10,Northumbria Police,Northumbria Police,-1.556356,55.170004,On or near Petrol Station,E01027532,Northumberland 041H,Violence and sexual offences,Investigation complete; no suspect identified,
cd8d87268af4e5469d8373677141e8ddfaf9a1fc67f1dc756eec08b9ae51c861,2024-10,Northumbria Police,Northumbria Police,-1.559595,55.173880,On or near Seventh Avenue,E01027532,Northumberland 041H,Violence and sexual offences,Status update unavailable,
7ce65d1e250cbbd0823909f5aae458cb807f3d834aa28f08b14578d694004297,2024-10,Northumbria Police,Northumbria Police,-1.560007,55.172039,On or near Eighth Avenue,E01027532,Northumberland 041H,Violence and sexual offences,Status update unavailable,
da8e7dda74be22edc2f882c2cae55046dc50b4c90cb8d2fda730322983282d70,2024-10,Northumbria Police,Northumbria Police,-1.559595,55.173880,On or near Seventh Avenue,E01027532,Northumberland 041H,Violence and sexual offences,Status update unavailable,
9dd7382322b2c56f6fd86384a830839d3cedaf71671e0b5b9961e838dfcacc78,2024-10,Northumbria Police,Northumbria Police,-1.544122,55.171810,On or near Pembroke Gardens,E01027532,Northumberland 041H,Other crime,Investigation complete; no suspect identified,
0a66668e90b9427a0dbdf644ed0c8fc92ecf7f227f1f534ce8759862e55f407f,2024-10,Northumbria Police,Northumbria Police,-1.570904,55.101672,On or near Murston Avenue,E01027400,Northumberland 042A,Drugs,Court result unavailable,
4808f80984f4a2c9b44602301c1e9429f03309124e0e170215edfe9e71592c58,2024-10,Northumbria Police,Northumbria Police,-1.579123,55.102564,On or near Fern Avenue,E01027400,Northumberland 042A,Other theft,Status update unavailable,
5a2f1aabc4b01840854570a432e38e2d427f573a69a7199f8031d0fe1b578c63,2024-10,Northumbria Police,Northumbria Police,-1.584074,55.102635,On or near Kemble Close,E01027402,Northumberland 042B,Violence and sexual offences,Status update unavailable,
,2024-10,Northumbria Police,Northumbria Police,-1.579533,55.097830,On or near Selby Close,E01027401,Northumberland 042C,Anti-social behaviour,,
,2024-10,Northumbria Police,Northumbria Police,-1.584446,55.096984,On or near Goldthorpe Close,E01027401,Northumberland 042C,Anti-social behaviour,,
,2024-10,Northumbria Police,Northumbria Police,-1.577162,55.099708,On or near Sefton Court,E01027401,Northumberland 042C,Anti-social behaviour,,
,2024-10,Northumbria Police,Northumbria Police,-1.584446,55.096984,On or near Goldthorpe Close,E01027401,Northumberland 042C,Anti-social behaviour,,
,2024-10,Northumbria Police,Northumbria Police,-1.581835,55.100929,On or near Bondene Way,E01027401,Northumberland 042C,Anti-social behaviour,,
,2024-10,Northumbria Police,Northumbria Police,-1.578587,55.099839,On or near Sheldon Grove,E01027401,Northumberland 042C,Anti-social behaviour,,
,2024-10,Northumbria Police,Northumbria Police,-1.592809,55.092896,On or near Yardley Grove,E01027403,Northumberland 042D,Anti-social behaviour,,
ff8aaea0f02aaeedb90051619cc50b30178bd0b99aabf77aac0c55475a98f502,2024-10,Northumbria Police,Northumbria Police,-1.588384,55.096521,On or near Ilford Avenue,E01027403,Northumberland 042D,Shoplifting,Status update unavailable,
,2024-10,Northumbria Police,Northumbria Police,-1.570373,55.092792,On or near Bowmont Drive,E01027399,Northumberland 042E,Anti-social behaviour,,
ed2d531f69a59e4f945b3a5c34a13dc346bb33c2eb4834beb78466c438409cf7,2024-10,Northumbria Police,Northumbria Police,-1.572688,55.090150,On or near Hayton Close,E01027399,Northumberland 042E,Burglary,Investigation complete; no suspect identified,
14f238386bbb99b8fc1abcb8021426e4eeba289688dec79a838b8b4d97af73a9,2024-10,Northumbria Police,Northumbria Police,-1.570373,55.092792,On or near Bowmont Drive,E01027399,Northumberland 042E,Criminal damage and arson,Investigation complete; no suspect identified,
ee5642c55546d5c786692670e163bd7f00bbc7eef2d396171cb9bc5a97850a5e,2024-10,Northumbria Police,Northumbria Police,-1.572688,55.090150,On or near Hayton Close,E01027399,Northumberland 042E,Other theft,Investigation complete; no suspect identified,
dcd4cd8090ad61af61466be153d2af15cb04e1f9946c12d6bcd86ca54d5b18ff,2024-10,Northumbria Police,Northumbria Police,-1.575741,55.093305,On or near Kingswood Road,E01027399,Northumberland 042E,Other theft,Investigation complete; no suspect identified,
089bfb340c4754e5f10e093b3553c25bcffe84195097198c5e352337eb68c2c8,2024-10,Northumbria Police,Northumbria Police,-1.570304,55.088946,On or near Oxted Close,E01027399,Northumberland 042E,Violence and sexual offences,Status update unavailable,
124b267e542e77b42559d78070fdca9dda0309f523cf5157ec90c415174b0d15,2024-10,Northumbria Police,Northumbria Police,-1.572688,55.090150,On or near Hayton Close,E01027399,Northumberland 042E,Violence and sexual offences,Status update unavailable,
3c1607777cec59cc76079fe32f1c6ac587b79376cb840223ed062cc36b676c7f,2024-10,Northumbria Police,Northumbria Police,-1.571705,55.091296,On or near Hazelmere Crescent,E01027399,Northumberland 042E,Violence and sexual offences,Investigation complete; no suspect identified,
4c8282ef81598659ac6ecd1f36148498002b6ba60d616f9659d19c61db9f41d2,2024-10,Northumbria Police,Northumbria Police,-1.574141,55.092087,On or near Kirkbride Place,E01027399,Northumberland 042E,Violence and sexual offences,Offender given a caution,
,2024-10,Northumbria Police,Northumbria Police,-1.585919,55.090995,On or near Newlyn Drive,E01027404,Northumberland 042F,Anti-social behaviour,,
8ecfc06a81a38a22ba80777d44a8219b3056465b76f67503a6ae2ff4f693f179,2024-10,Northumbria Police,Northumbria Police,-1.585919,55.090995,On or near Newlyn Drive,E01027404,Northumberland 042F,Criminal damage and arson,Investigation complete; no suspect identified,
6169fb78a0314df03e8e698b051f0ac69edc94398ec86c84071217689f6ba334,2024-10,Northumbria Police,Northumbria Police,-1.585919,55.090995,On or near Newlyn Drive,E01027404,Northumberland 042F,Criminal damage and arson,Investigation complete; no suspect identified,
de13c368c29d098c5b1312c2b6156f920683594d68f741db17a34ac79a3a184c,2024-10,Northumbria Police,Northumbria Police,-1.581703,55.094081,On or near Tintagel Close,E01027404,Northumberland 042F,Other theft,Investigation complete; no suspect identified,
c8140d9359c332dfd24d0771730d4f42bafe691d8b36d505f8a23c407491543b,2024-10,Northumbria Police,Northumbria Police,-1.585919,55.090995,On or near Newlyn Drive,E01027404,Northumberland 042F,Violence and sexual offences,Status update unavailable,
01222c494d63ce0800185412eada4096a47131241fa39a2a5ffa8f1fe8ee6082,2024-10,Northumbria Police,Northumbria Police,-1.583749,55.091680,On or near Filey Close,E01027404,Northumberland 042F,Violence and sexual offences,Investigation complete; no suspect identified,
24e5cca48eb00e112f39f60a103b317d9dfa7ec7b682b8a2d5621162db220cc1,2024-10,Northumbria Police,Northumbria Police,-1.583749,55.091680,On or near Filey Close,E01027404,Northumberland 042F,Other crime,Status update unavailable,
,2024-10,Northumbria Police,Northumbria Police,-1.574461,55.089949,On or near Pentridge Close,E01027405,Northumberland 042G,Anti-social behaviour,,
,2024-10,Northumbria Police,Northumbria Police,-1.582040,55.088870,On or near Romsey Close,E01027405,Northumberland 042G,Anti-social behaviour,,
69379aa1cb885accaf1f09eeca912b4ba34088eb48106cc07df8af3b8dfa2a2a,2024-10,Northumbria Police,Northumbria Police,-1.576359,55.091196,On or near Poole Close,E01027405,Northumberland 042G,Criminal damage and arson,Investigation complete; no suspect identified,
d9f963f2f1d0da70371f5280e575553b2321ce405978f14f48b539f64a9905fc,2024-10,Northumbria Police,Northumbria Police,-1.576359,55.091196,On or near Poole Close,E01027405,Northumberland 042G,Vehicle crime,Investigation complete; no suspect identified,
cdaf2e8f7870d3e5fbca001eadc67ed9ceda8e404d8be71d4d798481a9a74897,2024-10,Northumbria Police,Northumbria Police,-1.576359,55.091196,On or near Poole Close,E01027405,Northumberland 042G,Violence and sexual offences,Local resolution,
,2024-10,Northumbria Police,Northumbria Police,-1.577372,55.084334,On or near Cornhill Road,E01027396,Northumberland 042H,Anti-social behaviour,,
29e8a0df7089ce4ceb5550fa7275cec045c110a72f737668b7d5b7b003a6f4c0,2024-10,Northumbria Police,Northumbria Police,-1.569490,55.087469,On or near Olney Close,E01027396,Northumberland 042H,Criminal damage and arson,Investigation complete; no suspect identified,
196df5b86f655df8720f144b4fba3f640feebbe0e06ec6c7d29d40a4d73d5b30,2024-10,Northumbria Police,Northumbria Police,-1.578763,55.086118,On or near Northumbrian Road,E01027396,Northumberland 042H,Other theft,Investigation complete; no suspect identified,
3132fa06a2ec58c8d1d4b2f7ff9323082404ef776be596bc4779607a43354fe1,2024-10,Northumbria Police,Northumbria Police,-1.572791,55.086385,On or near Torwood Court,E01027396,Northumberland 042H,Public order,Status update unavailable,
e2fa87d2ba1cf20288e2a8a68c7d54fbf8eb6cd79963d08f05ba23ce92173d32,2024-10,Northumbria Police,Northumbria Police,-1.573978,55.085230,On or near Tindale Avenue,E01027396,Northumberland 042H,Violence and sexual offences,Status update unavailable,
b51344f097383dfc01dc47e842bb207c56e41446262f2011ad2836e5786c6867,2024-10,Northumbria Police,Northumbria Police,-1.573978,55.085230,On or near Tindale Avenue,E01027396,Northumberland 042H,Violence and sexual offences,Status update unavailable,
96806d8204d5180046dbd7acf978c93872ebcbbdead87c8fa5565f670be2f4b6,2024-10,Northumbria Police,Northumbria Police,-1.573978,55.085230,On or near Tindale Avenue,E01027396,Northumberland 042H,Violence and sexual offences,Investigation complete; no suspect identified,
e879ffb55562f6be0554b2d9c713fb32945814b972596f32f79859db63966186,2024-10,Northumbria Police,Northumbria Police,-1.570923,55.088175,On or near Oulton Close,E01027396,Northumberland 042H,Other crime,Status update unavailable,
8fd57b1a75917c47db4ab921c822ee536fe0d6132391dce8f13ee8c08b265058,2024-10,Northumbria Police,Northumbria Police,-1.578763,55.086118,On or near Northumbrian Road,E01027396,Northumberland 042H,Other crime,Investigation complete; no suspect identified,
,2024-10,Northumbria Police,Northumbria Police,-1.570672,55.085281,On or near Fernley Villas,E01027397,Northumberland 042I,Anti-social behaviour,,
782a7fc397dcf66e8594f160982e58be65e74e78295be125c6c9bfd7a1b07cd8,2024-10,Northumbria Police,Northumbria Police,-1.573943,55.084151,On or near Village Road,E01027397,Northumberland 042I,Criminal damage and arson,Investigation complete; no suspect identified,
2623f29c46703ebbc5b5c9edb388579beaa5f7d6b0497d4049e7bc84d751cb2a,2024-10,Northumbria Police,Northumbria Police,-1.573729,55.082201,On or near Brinkburn Avenue,E01027397,Northumberland 042I,Criminal damage and arson,Investigation complete; no suspect identified,
,2024-10,Northumbria Police,Northumbria Police,-1.567311,55.078844,On or near Rowan Grove,E01027395,Northumberland 042J,Anti-social behaviour,,
,2024-10,Northumbria Police,Northumbria Police,-1.569066,55.083110,On or near B1326,E01027395,Northumberland 042J,Anti-social behaviour,,
d1a599593e3918f33b637fb82ee064af362fff73299ba6fc2705792e16c65b04,2024-10,Northumbria Police,Northumbria Police,-1.574489,55.081358,On or near Clifton Road,E01027395,Northumberland 042J,Criminal damage and arson,Investigation complete; no suspect identified,
419a4c7f39f38d05e60a89049d495e2887df005597e0d56aa8a8f5b5f6cb7dd9,2024-10,Northumbria Police,Northumbria Police,-1.572304,55.080668,On or near Pickering Close,E01027395,Northumberland 042J,Public order,Status update unavailable,
ea28f6da30b49eb786dd6b967d3a9e427ffe4a04e045e1c0c887c3295db46728,2024-10,Northumbria Police,Northumbria Police,-1.554941,55.078485,On or near Marjorie Street,E01027395,Northumberland 042J,Violence and sexual offences,Status update unavailable,
73ca869ff08be2ab837e2b2644107f2455a4d5ce75cdf60bb602a0c5722c3fd4,2024-10,Northumbria Police,Northumbria Police,-1.561870,55.079346,On or near Reedswood Crescent,E01027395,Northumberland 042J,Violence and sexual offences,Investigation complete; no suspect identified,
3256d6bf29301a59652b5b4fc4996a95432994b3c72510db5384d1b2171c108c,2024-10,Northumbria Police,Northumbria Police,-1.559991,55.077946,On or near Gladwell Close,E01027395,Northumberland 042J,Violence and sexual offences,Status update unavailable,
7826d2404b2d1ddb0ce6d3df90233f6d3a06eec74fec9eadc6ae05e2f97f169c,2024-10,Northumbria Police,Northumbria Police,-1.559991,55.077946,On or near Gladwell Close,E01027395,Northumberland 042J,Violence and sexual offences,Status update unavailable,
bc80a5702e1c29e6ca62cc9868094163907aab151576e50d993f2bef85fe8790,2024-10,Northumbria Police,Northumbria Police,-1.559991,55.077946,On or near Gladwell Close,E01027395,Northumberland 042J,Violence and sexual offences,Status update unavailable,
45ed5d5c7fe59f9ed4461ad268747c36d58b4bc317a812bed38a8150d8dc058a,2024-10,Northumbria Police,Northumbria Police,-1.574489,55.081358,On or near Clifton Road,E01027395,Northumberland 042J,Violence and sexual offences,Status update unavailable,
f666b4d4fd7b37320049c96d38657dc4a7c1cb4bbbebba293713ef16178a03e9,2024-10,Northumbria Police,Northumbria Police,-1.554941,55.078485,On or near Marjorie Street,E01027395,Northumberland 042J,Violence and sexual offences,Status update unavailable,
,2024-10,Northumbria Police,Northumbria Police,-2.018091,54.974230,On or near Supermarket,E01027481,Northumberland 043A,Anti-social behaviour,,
,2024-10,Northumbria Police,Northumbria Police,-2.018282,54.980359,On or near The Riggs,E01027481,Northumberland 043A,Anti-social behaviour,,
00b0047c8e2d3eb475df80d8f91769b6fc939d82c7e6f69de387d1ca61347c7c,2024-10,Northumbria Police,Northumbria Police,-2.020075,54.974059,On or near Market Place,E01027481,Northumberland 043A,Other theft,Status update unavailable,
5e15f5963d0be7928a6a8438a9dc8b21b8cb8906eccbf925cd312633b929a8f1,2024-10,Northumbria Police,Northumbria Police,-2.016935,54.973835,On or near Petrol Station,E01027481,Northumberland 043A,Shoplifting,Investigation complete; no suspect identified,
84cf5efc163f498f759125d849dec9336404cb97149b0cf0a184f616961b492c,2024-10,Northumbria Police,Northumbria Police,-2.009062,54.975076,On or near Crofts Close,E01027482,Northumberland 043B,Other theft,Investigation complete; no suspect identified,
,2024-10,Northumbria Police,Northumbria Police,-2.090320,54.977352,On or near Ferry Road,E01027504,Northumberland 043C,Anti-social behaviour,,
,2024-10,Northumbria Police,Northumbria Police,-2.013098,54.968353,On or near Sports/Recreation Area,E01027504,Northumberland 043C,Anti-social behaviour,,
f35e4036409a5020bef247c446e1fc067950af2c5c0c6525e7f478ca05942686,2024-10,Northumbria Police,Northumbria Police,-1.978596,54.948197,On or near Sandy Bank,E01027504,Northumberland 043C,Burglary,Investigation complete; no suspect identified,
4b6d5547348e821a9117a4b8a714ab695345475cdaff997b8dec30241b4d8c7e,2024-10,Northumbria Police,Northumbria Police,-2.013098,54.968353,On or near Sports/Recreation Area,E01027504,Northumberland 043C,Criminal damage and arson,Investigation complete; no suspect identified,
3338f181456977dabe69d29d695c68b8cc515c887ed301a0e5513080df9fa353,2024-10,Northumbria Police,Northumbria Police,-2.090320,54.977352,On or near Ferry Road,E01027504,Northumberland 043C,Drugs,Investigation complete; no suspect identified,
ad6fda3c9dc5f7cd1155830f2279c8ceafdbe3dc8a1a8e1c19b5c839623c16ba,2024-10,Northumbria Police,Northumbria Police,-2.090320,54.977352,On or near Ferry Road,E01027504,Northumberland 043C,Drugs,Investigation complete; no suspect identified,
2007b517852ce0e5cb2608b5adf61593f7b89d4506c642ae93bcbe14370fec05,2024-10,Northumbria Police,Northumbria Police,-2.090320,54.977352,On or near Ferry Road,E01027504,Northumberland 043C,Public order,Status update unavailable,
348b5cb663a520568829a92d219e9225f2a2e08d8a0a4f9c7a97e2f1c2158d38,2024-10,Northumbria Police,Northumbria Police,-2.090320,54.977352,On or near Ferry Road,E01027504,Northumberland 043C,Public order,Status update unavailable,
27a3990dff1ab897911060e8629b0c14f62f6c6c91e2c982a89db2a17135f11e,2024-10,Northumbria Police,Northumbria Police,-2.090320,54.977352,On or near Ferry Road,E01027504,Northumberland 043C,Violence and sexual offences,Status update unavailable,
f65287e1af953ca54b0d0a4ccd63df18a66845358ad05576f020b45f361b72be,2024-10,Northumbria Police,Northumbria Police,-2.090320,54.977352,On or near Ferry Road,E01027504,Northumberland 043C,Violence and sexual offences,Status update unavailable,
915090bc808d433e9a7997643c718aedb70c58424878e4327ba7349c5d203ea2,2024-10,Northumbria Police,Northumbria Police,-2.090320,54.977352,On or near Ferry Road,E01027504,Northumberland 043C,Violence and sexual offences,Status update unavailable,
f41fb2eeda016ad4d89fb4381cc9abe445babb6cab0c9249d735d0a7d1842717,2024-10,Northumbria Police,Northumbria Police,-2.090320,54.977352,On or near Ferry Road,E01027504,Northumberland 043C,Violence and sexual offences,Status update unavailable,
8e7d1411137795dd04347851a6dce2a73c185d61089058dbd5a21552b522d823,2024-10,Northumbria Police,Northumbria Police,-2.090320,54.977352,On or near Ferry Road,E01027504,Northumberland 043C,Violence and sexual offences,Status update unavailable,
da8e9e3987ca9aba599d252a64a0adc57a9c7be92ef7cd19baab4ae3cf139913,2024-10,Northumbria Police,Northumbria Police,-2.090320,54.977352,On or near Ferry Road,E01027504,Northumberland 043C,Violence and sexual offences,Status update unavailable,
94e2c91cadc4545e4c4cee20b18def431db441479d9f4cb68f2da904003af0a9,2024-10,Northumbria Police,Northumbria Police,-1.979956,54.944800,On or near Long Rigg,E01027504,Northumberland 043C,Violence and sexual offences,Investigation complete; no suspect identified,
5064a491116cc8c31faa79d83c329bd52921cda69cfd06af743703c0fb6f8ee3,2024-10,Northumbria Police,Northumbria Police,-2.090320,54.977352,On or near Ferry Road,E01027504,Northumberland 043C,Violence and sexual offences,Status update unavailable,
62db68ddf84ccef8e8d9ef43be6f03712ea6ba04834c906a20501aa588deeca1,2024-10,Northumbria Police,Northumbria Police,-1.908856,54.948812,On or near Parking Area,E01027509,Northumberland 043D,Violence and sexual offences,Investigation complete; no suspect identified,
225023ca0f21d993d58e128ead676dda9a655fe69c7f807936bf1008f854b510,2024-10,Northumbria Police,Northumbria Police,-1.908856,54.948812,On or near Parking Area,E01027509,Northumberland 043D,Other crime,Status update unavailable,
205739142881fa8983abb8ca99c50ca30e57b30add4aaa2c81a9f5c3aed9f30f,2024-10,Northumbria Police,Northumbria Police,-1.902876,54.935759,On or near The Paddock,E01027507,Northumberland 043E,Violence and sexual offences,Status update unavailable,
e2b141bf757ce218ea8de49e72340f7fabacd2472c64601d02c7b7fd5a67f0cc,2024-10,Northumbria Police,Northumbria Police,-1.912000,54.938911,On or near Ridley Mill Road,E01027507,Northumberland 043E,Violence and sexual offences,Status update unavailable,
40e12036fd1c5b70a53adb4316297f9fa583a40bee8e1cacb6cbd8bbb8fc0db6,2024-10,Northumbria Police,Northumbria Police,-1.888982,54.908779,On or near Anvil Court,E01035637,Northumberland 043F,Other theft,Investigation complete; no suspect identified,
1c2afbe13c7a939838d897ee8776f4ba91a8fe5ac378523f77e811f4d43e111a,2024-10,Northumbria Police,Northumbria Police,-1.888982,54.908779,On or near Anvil Court,E01035637,Northumberland 043F,Public order,Status update unavailable,
3d5b921c0a05698a82a1a0f3dea095bc6bc0f76547993ffa6dc8cc6b07af0ce6,2024-10,Northumbria Police,Northumbria Police,-1.904456,54.848386,On or near Wallish Walls Road,E01035637,Northumberland 043F,Vehicle crime,Status update unavailable,
a61ccf4b3362d4f796d2bfb4b8c0f705b3989363c3660137d26694e09fc54864,2024-10,Northumbria Police,Northumbria Police,-1.888982,54.908779,On or near Anvil Court,E01035637,Northumberland 043F,Violence and sexual offences,Status update unavailable,
,2024-10,Northumbria Police,Northumbria Police,-1.423669,54.993455,On or near Ladysmith Street,E01008595,South Tyneside 001A,Anti-social behaviour,,
,2024-10,Northumbria Police,Northumbria Police,-1.428474,54.994071,On or near Romilly Street,E01008595,South Tyneside 001A,Anti-social behaviour,,
,2024-10,Northumbria Police,Northumbria Police,-1.420373,54.993314,On or near Hutton Row,E01008595,South Tyneside 001A,Anti-social behaviour,,
a44acebd7a0e317759c3a4ff653b338780062c4909bb8ac4d2756026ac17fc47,2024-10,Northumbria Police,Northumbria Police,-1.426737,54.993137,On or near Graham Street,E01008595,South Tyneside 001A,Criminal damage and arson,Status update unavailable,
8ad0c03642e9c2a9ebd7765b9c827e916a30c1ac44b49b1d7ac7948a0a1aac53,2024-10,Northumbria Police,Northumbria Police,-1.420373,54.993314,On or near Hutton Row,E01008595,South Tyneside 001A,Public order,Status update unavailable,
170418b0729ffdf5cebc418634963d60ec8fc24c99f8c5cfb2d45cc85d78075a,2024-10,Northumbria Police,Northumbria Police,-1.420373,54.993314,On or near Hutton Row,E01008595,South Tyneside 001A,Public order,Status update unavailable,
a1d782b64736d70dab8b0755a1c2bcd10180c1e15e1794aa9ce23eb68c962fb0,2024-10,Northumbria Police,Northumbria Police,-1.428474,54.994071,On or near Romilly Street,E01008595,South Tyneside 001A,Vehicle crime,Investigation complete; no suspect identified,
10ede0762a2343bc742cd677ff6f79449b9ad34257d43cb21da774200de3545d,2024-10,Northumbria Police,Northumbria Police,-1.425282,54.995440,On or near Selbourne Street,E01008595,South Tyneside 001A,Vehicle crime,Court result unavailable,
3bbc40d744999aa557913eed9701b2a237c22f1db22795b3a29c9ccdfd459787,2024-10,Northumbria Police,Northumbria Police,-1.427584,54.992889,On or near Dunelm Street,E01008595,South Tyneside 001A,Violence and sexual offences,Investigation complete; no suspect identified,
43bd732e598cd672b0ececf7caa3b46005e82d576315277e1f0d5aafc0e0616f,2024-10,Northumbria Police,Northumbria Police,-1.420373,54.993314,On or near Hutton Row,E01008595,South Tyneside 001A,Violence and sexual offences,Status update unavailable,
c1876d0b483463ce858bd850b1c686b0da39b43863bab72ddfe672e8ac056da3,2024-10,Northumbria Police,Northumbria Police,-1.425282,54.995440,On or near Selbourne Street,E01008595,South Tyneside 001A,Violence and sexual offences,Status update unavailable,
5cbd2edc6cb2534b93aeb07c503fa6f2bdaf359d5c6454bbaafcd21566dc8088,2024-10,Northumbria Police,Northumbria Police,-1.426051,54.995192,On or near Lyndhurst Street,E01008595,South Tyneside 001A,Violence and sexual offences,Status update unavailable,
63367fd16806e813c19277b8dc0d1cf8c4ad293f6b851e978bf351ae26db81ee,2024-10,Northumbria Police,Northumbria Police,-1.425282,54.995440,On or near Selbourne Street,E01008595,South Tyneside 001A,Violence and sexual offences,Status update unavailable,
a547e59b7b72caecf8149681218473971a372745330c6827ce611d3468b8e10e,2024-10,Northumbria Police,Northumbria Police,-1.423669,54.993455,On or near Ladysmith Street,E01008595,South Tyneside 001A,Violence and sexual offences,Investigation complete; no suspect identified,
ed3d6e11a7dcc6051ec600f3e8a31522efbeafe51f3e541b23fdc836bebc1aee,2024-10,Northumbria Police,Northumbria Police,-1.428474,54.994071,On or near Romilly Street,E01008595,South Tyneside 001A,Violence and sexual offences,Status update unavailable,
44194732e303889cba3d51ccbc14b7a5e064074c4801678cb216d26fb719fecd,2024-10,Northumbria Police,Northumbria Police,-1.425282,54.995440,On or near Selbourne Street,E01008595,South Tyneside 001A,Violence and sexual offences,Investigation complete; no suspect identified,
74166b2e3de49e75cbf3bb8a65db53fd5256c92e2110caf8947b1bdd67042094,2024-10,Northumbria Police,Northumbria Police,-1.428474,54.994071,On or near Romilly Street,E01008595,South Tyneside 001A,Other crime,Status update unavailable,
,2024-10,Northumbria Police,Northumbria Police,-1.432079,54.998913,On or near Nightclub,E01008596,South Tyneside 001B,Anti-social behaviour,,
,2024-10,Northumbria Police,Northumbria Police,-1.430687,54.996741,On or near Fowler Street,E01008596,South Tyneside 001B,Anti-social behaviour,,
,2024-10,Northumbria Police,Northumbria Police,-1.430573,54.999302,On or near Supermarket,E01008596,South Tyneside 001B,Anti-social behaviour,,
,2024-10,Northumbria Police,Northumbria Police,-1.432079,54.998913,On or near Nightclub,E01008596,South Tyneside 001B,Anti-social behaviour,,
,2024-10,Northumbria Police,Northumbria Police,-1.430573,54.999302,On or near Supermarket,E01008596,South Tyneside 001B,Anti-social behaviour,,
,2024-10,Northumbria Police,Northumbria Police,-1.432079,54.998913,On or near Nightclub,E01008596,South Tyneside 001B,Anti-social behaviour,,
,2024-10,Northumbria Police,Northumbria Police,-1.426060,55.000071,On or near Shortridge Street,E01008596,South Tyneside 001B,Anti-social behaviour,,
,2024-10,Northumbria Police,Northumbria Police,-1.432079,54.998913,On or near Nightclub,E01008596,South Tyneside 001B,Anti-social behaviour,,
,2024-10,Northumbria Police,Northumbria Police,-1.426060,55.000071,On or near Shortridge Street,E01008596,South Tyneside 001B,Anti-social behaviour,,
,2024-10,Northumbria Police,Northumbria Police,-1.432079,54.998913,On or near Nightclub,E01008596,South Tyneside 001B,Anti-social behaviour,,
,2024-10,Northumbria Police,Northumbria Police,-1.430573,54.999302,On or near Supermarket,E01008596,South Tyneside 001B,Anti-social behaviour,,
,2024-10,Northumbria Police,Northumbria Police,-1.432079,54.998913,On or near Nightclub,E01008596,South Tyneside 001B,Anti-social behaviour,,
,2024-10,Northumbria Police,Northumbria Police,-1.430428,54.998501,On or near Parking Area,E01008596,South Tyneside 001B,Anti-social behaviour,,
,2024-10,Northumbria Police,Northumbria Police,-1.432079,54.998913,On or near Nightclub,E01008596,South Tyneside 001B,Anti-social behaviour,,
,2024-10,Northumbria Police,Northumbria Police,-1.430573,54.999302,On or near Supermarket,E01008596,South Tyneside 001B,Anti-social behaviour,,
,2024-10,Northumbria Police,Northumbria Police,-1.432079,54.998913,On or near Nightclub,E01008596,South Tyneside 001B,Anti-social behaviour,,
,2024-10,Northumbria Police,Northumbria Police,-1.432079,54.998913,On or near Nightclub,E01008596,South Tyneside 001B,Anti-social behaviour,,
,2024-10,Northumbria Police,Northumbria Police,-1.432079,54.998913,On or near Nightclub,E01008596,South Tyneside 001B,Anti-social behaviour,,
,2024-10,Northumbria Police,Northumbria Police,-1.432079,54.998913,On or near Nightclub,E01008596,South Tyneside 001B,Anti-social behaviour,,
,2024-10,Northumbria Police,Northumbria Police,-1.432079,54.998913,On or near Nightclub,E01008596,South Tyneside 001B,Anti-social behaviour,,
,2024-10,Northumbria Police,Northumbria Police,-1.431680,55.000556,On or near Coston Drive,E01008596,South Tyneside 001B,Anti-social behaviour,,
,2024-10,Northumbria Police,Northumbria Police,-1.424849,54.997271,On or near Eastbourne Grove,E01008596,South Tyneside 001B,Anti-social behaviour,,
,2024-10,Northumbria Police,Northumbria Police,-1.432079,54.998913,On or near Nightclub,E01008596,South Tyneside 001B,Anti-social behaviour,,
,2024-10,Northumbria Police,Northumbria Police,-1.432079,54.998913,On or near Nightclub,E01008596,South Tyneside 001B,Anti-social behaviour,,
,2024-10,Northumbria Police,Northumbria Police,-1.430687,54.996741,On or near Fowler Street,E01008596,South Tyneside 001B,Anti-social behaviour,,
acd27eabba4763b2368772dc38b58598a125d1da29c72c4b47b8763da435219f,2024-10,Northumbria Police,Northumbria Police,-1.430687,54.996741,On or near Fowler Street,E01008596,South Tyneside 001B,Burglary,Investigation complete; no suspect identified,
3b6cf23dd2231e55c75c24e6a4d34dcd9de96e2bb6b3f62e0d515b1d387b39a4,2024-10,Northumbria Police,Northumbria Police,-1.432079,54.998913,On or near Nightclub,E01008596,South Tyneside 001B,Burglary,Investigation complete; no suspect identified,
9d8e41c3e32b62a6946b3ba5794b4f2846f208d33727371dca6edd19f3a3e688,2024-10,Northumbria Police,Northumbria Police,-1.433719,55.000107,On or near B1303,E01008596,South Tyneside 001B,Burglary,Investigation complete; no suspect identified,
381a0b690c34be581d98e2946060d56a8d66b99a5dc6b6f27092b6350e046358,2024-10,Northumbria Police,Northumbria Police,-1.430687,54.996741,On or near Fowler Street,E01008596,South Tyneside 001B,Criminal damage and arson,Investigation complete; no suspect identified,
c269b5f5d150e4edb08f21cd19a9cc5e738c30fa63e5e56d2b6602c9f4639866,2024-10,Northumbria Police,Northumbria Police,-1.430687,54.996741,On or near Fowler Street,E01008596,South Tyneside 001B,Criminal damage and arson,Investigation complete; no suspect identified,
7940c3de0dc67dac69ee769ead06cf210f664e8c93eefd18e2069d3551f2cb7d,2024-10,Northumbria Police,Northumbria Police,-1.432079,54.998913,On or near Nightclub,E01008596,South Tyneside 001B,Criminal damage and arson,Investigation complete; no suspect identified,
2959261ee0f6c95d316ae2ba457fae96d12c0d58622b8c69ecdadad72bff595a,2024-10,Northumbria Police,Northumbria Police,-1.432079,54.998913,On or near Nightclub,E01008596,South Tyneside 001B,Criminal damage and arson,Investigation complete; no suspect identified,
161952d22d57d7be53d0f8d4646764e747aa6acc727b88c39f73ffa8b5145326,2024-10,Northumbria Police,Northumbria Police,-1.432079,54.998913,On or near Nightclub,E01008596,South Tyneside 001B,Criminal damage and arson,Investigation complete; no suspect identified,
b94ca891342c0e84ccfca88c92fe71eea5ff7c61fbbb182dfffbab1c00f7781e,2024-10,Northumbria Police,Northumbria Police,-1.432079,54.998913,On or near Nightclub,E01008596,South Tyneside 001B,Criminal damage and arson,Investigation complete; no suspect identified,
b47bcc601e9e10999d12c54353d536dd8f88e749bb6ead397e11f6760e7bd1e9,2024-10,Northumbria Police,Northumbria Police,-1.432079,54.998913,On or near Nightclub,E01008596,South Tyneside 001B,Drugs,Status update unavailable,
28753042cf864150b843f3885c6139df8aa956d43dc6a4fc68ed18a7c781e817,2024-10,Northumbria Police,Northumbria Police,-1.430573,54.999302,On or near Supermarket,E01008596,South Tyneside 001B,Other theft,Investigation complete; no suspect identified,
c9f59f649f901bd2dc51babc27abe66550856a6719fee0e0c065c2b6f9b15570,2024-10,Northumbria Police,Northumbria Police,-1.430687,54.996741,On or near Fowler Street,E01008596,South Tyneside 001B,Other theft,Status update unavailable,
a4999fb33ed01677d8057bcaaaa7e3254ef524dde448f82897a51da82ba6c099,2024-10,Northumbria Police,Northumbria Police,-1.430687,54.996741,On or near Fowler Street,E01008596,South Tyneside 001B,Other theft,Investigation complete; no suspect identified,
3b82d566c1c5afdf097bb488b18be129c6181e6cd9539b199b9ccb9e7d7b4f56,2024-10,Northumbria Police,Northumbria Police,-1.432079,54.998913,On or near Nightclub,E01008596,South Tyneside 001B,Other theft,Investigation complete; no suspect identified,
fa6e784c4a959fc6ad44106d95d36e56e342e3921a6ff69947a13ce33ba43387,2024-10,Northumbria Police,Northumbria Police,-1.430573,54.999302,On or near Supermarket,E01008596,South Tyneside 001B,Other theft,Investigation complete; no suspect identified,
84cc12fe7cf7d2c81d4ec467b0e822ed00019d815d9795176e720918e7309dc4,2024-10,Northumbria Police,Northumbria Police,-1.432079,54.998913,On or near Nightclub,E01008596,South Tyneside 001B,Other theft,Investigation complete; no suspect identified,
13eb0adc82ff62bc1832644f7c28a899c44d871faf662a0842739a91cd4d60d1,2024-10,Northumbria Police,Northumbria Police,-1.425658,54.999728,On or near Parking Area,E01008596,South Tyneside 001B,Possession of weapons,Offender given a caution,
e8fcec9256995eb1e16b6a513962fed0e7baf1dddf49c2d2689e4ddeaf52b461,2024-10,Northumbria Police,Northumbria Police,-1.432079,54.998913,On or near Nightclub,E01008596,South Tyneside 001B,Public order,Investigation complete; no suspect identified,
94bcd60f0b0b91dabbe48d3500c3b169ef7c29e19c0334fa4ab8e1f47e0e7915,2024-10,Northumbria Police,Northumbria Police,-1.430687,54.996741,On or near Fowler Street,E01008596,South Tyneside 001B,Public order,Investigation complete; no suspect identified,
be272c5155e103568eaa3317d66883d33df6b184dcc0065d054d2f82b5cdb7b6,2024-10,Northumbria Police,Northumbria Police,-1.428811,54.998979,On or near Parking Area,E01008596,South Tyneside 001B,Public order,Investigation complete; no suspect identified,
51ee67b463d37f067a1e57a75474ccd1ca02fe701caec85474684b923c808d49,2024-10,Northumbria Police,Northumbria Police,-1.432079,54.998913,On or near Nightclub,E01008596,South Tyneside 001B,Public order,Investigation complete; no suspect identified,
9b992351648baf2933f5bed9f31301165b6020944be16f9765e05fad77d5d462,2024-10,Northumbria Police,Northumbria Police,-1.430573,54.999302,On or near Supermarket,E01008596,South Tyneside 001B,Public order,Investigation complete; no suspect identified,
103b7bceaa24a91174cecc717a7038182eee857b68841464cceaeade5c25c27b,2024-10,Northumbria Police,Northumbria Police,-1.432079,54.998913,On or near Nightclub,E01008596,South Tyneside 001B,Public order,Investigation complete; no suspect identified,
eceba61d8c8e61890929332f5eadceb3b9790b0ae5ad5c52dee42b2f95b82541,2024-10,Northumbria Police,Northumbria Police,-1.430573,54.999302,On or near Supermarket,E01008596,South Tyneside 001B,Public order,Investigation complete; no suspect identified,
fde2d6928bd48f49285c0092d5dc39bcb38ca8417ce2b35e76b7b5374db23632,2024-10,Northumbria Police,Northumbria Police,-1.432079,54.998913,On or near Nightclub,E01008596,South Tyneside 001B,Public order,Investigation complete; no suspect identified,
ea0df33409918c3ea57db9455c49fde1e836824b5134d29024977bf58463bf6e,2024-10,Northumbria Police,Northumbria Police,-1.430573,54.999302,On or near Supermarket,E01008596,South Tyneside 001B,Public order,Investigation complete; no suspect identified,
f335f3fd4841f4f76c708742f71d0930fe9838b9ae4d6344484dc939f9b5becf,2024-10,Northumbria Police,Northumbria Police,-1.430687,54.996741,On or near Fowler Street,E01008596,South Tyneside 001B,Public order,Investigation complete; no suspect identified,
64abeb86722abecdfeb760c15c65f6b343918aedcc14b904a47c20ba89b5e55f,2024-10,Northumbria Police,Northumbria Police,-1.430573,54.999302,On or near Supermarket,E01008596,South Tyneside 001B,Public order,Investigation complete; no suspect identified,
11b1b7b83a1678560c227b5cc50e8eea60739504ba9eb38771e5de518a1f0e01,2024-10,Northumbria Police,Northumbria Police,-1.430573,54.999302,On or near Supermarket,E01008596,South Tyneside 001B,Public order,Investigation complete; no suspect identified,
f1edb2935dac28cc3a8c2877fd535507315faf70bf99802ad25a2286691963b2,2024-10,Northumbria Police,Northumbria Police,-1.430428,54.998501,On or near Parking Area,E01008596,South Tyneside 001B,Shoplifting,Investigation complete; no suspect identified,
f415e2289bc6892520c675a18b57aa84e02170bbdbaebc1cc643f65ce401a1e7,2024-10,Northumbria Police,Northumbria Police,-1.430428,54.998501,On or near Parking Area,E01008596,South Tyneside 001B,Shoplifting,Status update unavailable,
c81ba438da2f00f878af5e74583bff7854c5c0828aadea4134926686aa276a5c,2024-10,Northumbria Police,Northumbria Police,-1.430573,54.999302,On or near Supermarket,E01008596,South Tyneside 001B,Shoplifting,Investigation complete; no suspect identified,
d2ad4a0eaed38351779de065a08771b4b34eb61b59c60a0959db07eb3f38b80d,2024-10,Northumbria Police,Northumbria Police,-1.430573,54.999302,On or near Supermarket,E01008596,South Tyneside 001B,Shoplifting,Investigation complete; no suspect identified,
11ace8266b6b0119f731ef20e01fb7bc6b31915ec867a9230dc2e94674cbabeb,2024-10,Northumbria Police,Northumbria Police,-1.430573,54.999302,On or near Supermarket,E01008596,South Tyneside 001B,Shoplifting,Investigation complete; no suspect identified,
38ae04ccb738f4a400e1e3a31d69d7f9e0c4f6fc9cfcf650e7283c45e6fc5cac,2024-10,Northumbria Police,Northumbria Police,-1.430573,54.999302,On or near Supermarket,E01008596,South Tyneside 001B,Shoplifting,Investigation complete; no suspect identified,
9c6aefdf6030c87a8f5da1cee87d5bd47cf24d7d3f377cd29a755c575629d758,2024-10,Northumbria Police,Northumbria Police,-1.430573,54.999302,On or near Supermarket,E01008596,South Tyneside 001B,Shoplifting,Investigation complete; no suspect identified,
8088a41d8f788a06ff044980b57dc9f9677850bd9f641d0955f7927750f41df3,2024-10,Northumbria Police,Northumbria Police,-1.430573,54.999302,On or near Supermarket,E01008596,South Tyneside 001B,Shoplifting,Investigation complete; no suspect identified,
dfbe73cb867cce98e04ffa9c6800b7d8983d60fa0be03e99743660759de34447,2024-10,Northumbria Police,Northumbria Police,-1.430573,54.999302,On or near Supermarket,E01008596,South Tyneside 001B,Shoplifting,Investigation complete; no suspect identified,
984eda77fbe7be7eb411d3b72923de6542a320466e3efb02d406171dcdbbb5d4,2024-10,Northumbria Police,Northumbria Police,-1.433719,55.000107,On or near B1303,E01008596,South Tyneside 001B,Shoplifting,Status update unavailable,
bd167b1e15e7fffafb1f8a1498240c3e3e1e3891dda32ff5e6c652237dedd28b,2024-10,Northumbria Police,Northumbria Police,-1.430573,54.999302,On or near Supermarket,E01008596,South Tyneside 001B,Shoplifting,Investigation complete; no suspect identified,
8956fe7882fa93fd409e4e31b35ee8c34c8899211ae23050e522663fe3b9fce4,2024-10,Northumbria Police,Northumbria Police,-1.430573,54.999302,On or near Supermarket,E01008596,South Tyneside 001B,Shoplifting,Investigation complete; no suspect identified,
6cb41a152252ab924d1bf80e8e6df87331c87c1e5fae08ad7630c5c5f5cfec1d,2024-10,Northumbria Police,Northumbria Police,-1.426060,55.000071,On or near Shortridge Street,E01008596,South Tyneside 001B,Shoplifting,Investigation complete; no suspect identified,
70f10cf3082b5669ddc9c7104193799e03aab9ab53bf3fb25fd82eff2a4905e1,2024-10,Northumbria Police,Northumbria Police,-1.430573,54.999302,On or near Supermarket,E01008596,South Tyneside 001B,Shoplifting,Investigation complete; no suspect identified,
cfb1adaf8ee8eafac7d62077e2c9d9876cd7abd3bdf8cc66ac24b837b236634d,2024-10,Northumbria Police,Northumbria Police,-1.426060,55.000071,On or near Shortridge Street,E01008596,South Tyneside 001B,Shoplifting,Investigation complete; no suspect identified,
ebc3fcb3bef08902caf3e3c68871878daf6cf1abcc6dc959cf06c65b14bc8f96,2024-10,Northumbria Police,Northumbria Police,-1.430573,54.999302,On or near Supermarket,E01008596,South Tyneside 001B,Shoplifting,Investigation complete; no suspect identified,
02f6f5f02d201ce460071a346589491d63a0b47606b850587da3321c7f395f7b,2024-10,Northumbria Police,Northumbria Police,-1.430573,54.999302,On or near Supermarket,E01008596,South Tyneside 001B,Shoplifting,Investigation complete; no suspect identified,
2916642d301050bb572612b2889af5c1909225d9c4b7ec0f273d160fda84b718,2024-10,Northumbria Police,Northumbria Police,-1.430573,54.999302,On or near Supermarket,E01008596,South Tyneside 001B,Shoplifting,Status update unavailable,
39638e146cce5515a9d7fb7218ed6d5ff529e836be5fb0d463fde9338b8fe975,2024-10,Northumbria Police,Northumbria Police,-1.432079,54.998913,On or near Nightclub,E01008596,South Tyneside 001B,Shoplifting,Investigation complete; no suspect identified,
7fe812fa53ff684ee22221caacac4ed0824b0b3b5c578b5f74b52e9fcad8608f,2024-10,Northumbria Police,Northumbria Police,-1.432079,54.998913,On or near Nightclub,E01008596,South Tyneside 001B,Shoplifting,Investigation complete; no suspect identified,
1ff14c0d3acdabc1572e08c3eda8a7bac53702a13bfd41234ee9d258888c6540,2024-10,Northumbria Police,Northumbria Police,-1.430573,54.999302,On or near Supermarket,E01008596,South Tyneside 001B,Shoplifting,Status update unavailable,
3ece2168565f187751edd169afc9aea77775702d3bb537dc8095f8441534c89a,2024-10,Northumbria Police,Northumbria Police,-1.430573,54.999302,On or near Supermarket,E01008596,South Tyneside 001B,Shoplifting,Investigation complete; no suspect identified,
69407aee9a13ed17aa9092d0d6b3c2899bb0809d3bd10026811d2dfb644c6d2a,2024-10,Northumbria Police,Northumbria Police,-1.430573,54.999302,On or near Supermarket,E01008596,South Tyneside 001B,Shoplifting,Investigation complete; no suspect identified,
7cf06068211271f7620923b558a8f5d661ce1c6cd84beeae9c1732eb8366427c,2024-10,Northumbria Police,Northumbria Police,-1.430573,54.999302,On or near Supermarket,E01008596,South Tyneside 001B,Shoplifting,Investigation complete; no suspect identified,
7a7c075d7f6cf93f86dd322e7186756ee78057ddf9e5202a1e9e0c5dd13e37af,2024-10,Northumbria Police,Northumbria Police,-1.430573,54.999302,On or near Supermarket,E01008596,South Tyneside 001B,Shoplifting,Investigation complete; no suspect identified,
f9e6f7e177eccbe2a3dd1bf245ca9194239895cf3b9354f3c6729e5aa8e61da9,2024-10,Northumbria Police,Northumbria Police,-1.430573,54.999302,On or near Supermarket,E01008596,South Tyneside 001B,Shoplifting,Investigation complete; no suspect identified,
ae4a076cbf5d029be5dadc88e424be409d83a05adddd1f2736284351c390228e,2024-10,Northumbria Police,Northumbria Police,-1.430573,54.999302,On or near Supermarket,E01008596,South Tyneside 001B,Shoplifting,Investigation complete; no suspect identified,
97cb79a9546304ba6d1e6ae98db6d792fefde517c6254953037d234aa17f291e,2024-10,Northumbria Police,Northumbria Police,-1.430573,54.999302,On or near Supermarket,E01008596,South Tyneside 001B,Shoplifting,Investigation complete; no suspect identified,
a451d2c379e017177fd782549293cffa95ebe8a4e658421ed8224a5ec76937f8,2024-10,Northumbria Police,Northumbria Police,-1.432079,54.998913,On or near Nightclub,E01008596,South Tyneside 001B,Shoplifting,Court result unavailable,
e78042f871ab93362eccafb4c2d391655ffea4127d1266053ea7befcef7626e6,2024-10,Northumbria Police,Northumbria Police,-1.430573,54.999302,On or near Supermarket,E01008596,South Tyneside 001B,Shoplifting,Investigation complete; no suspect identified,
b9ba917a70da9ae65275df23c17bc31759e10fa4a7f00d0f513b1833f5e196cd,2024-10,Northumbria Police,Northumbria Police,-1.430573,54.999302,On or near Supermarket,E01008596,South Tyneside 001B,Shoplifting,Investigation complete; no suspect identified,
a4ca77c7249ed2f8ac81f708ac115502d80adcad8670d7e34789f8fe8faebe28,2024-10,Northumbria Police,Northumbria Police,-1.430573,54.999302,On or near Supermarket,E01008596,South Tyneside 001B,Shoplifting,Investigation complete; no suspect identified,
208fd3968d440597aceb51c68af0121694d27e244a15ee475e3833197ec2badb,2024-10,Northumbria Police,Northumbria Police,-1.432079,54.998913,On or near Nightclub,E01008596,South Tyneside 001B,Shoplifting,Investigation complete; no suspect identified,
ca85e400cd63c2a0dfff11c0ff8aca042027efa1d903c5843bc762229755a146,2024-10,Northumbria Police,Northumbria Police,-1.430428,54.998501,On or near Parking Area,E01008596,South Tyneside 001B,Shoplifting,Investigation complete; no suspect identified,
d8dfde24cfdaf561e4a44a6ea6a339cc095b7a93959cc7b6b0588f441b2effb7,2024-10,Northumbria Police,Northumbria Police,-1.430573,54.999302,On or near Supermarket,E01008596,South Tyneside 001B,Shoplifting,Investigation complete; no suspect identified,
5fc7be097b084819946e70b65c17052a76b241dc9fc8a0fa07c80e2014067a79,2024-10,Northumbria Police,Northumbria Police,-1.430573,54.999302,On or near Supermarket,E01008596,South Tyneside 001B,Shoplifting,Status update unavailable,
2c2cfa4b2b67113a2a4d1e6cf0359c49f1b8c2378b69bb915b13faac9ba55d13,2024-10,Northumbria Police,Northumbria Police,-1.430573,54.999302,On or near Supermarket,E01008596,South Tyneside 001B,Shoplifting,Investigation complete; no suspect identified,
e9baef65071260eed712ca406fbde6471894e1c95979e148a8afd470422df503,2024-10,Northumbria Police,Northumbria Police,-1.430573,54.999302,On or near Supermarket,E01008596,South Tyneside 001B,Shoplifting,Investigation complete; no suspect identified,
1b16af1c8436d6c74939629f3962505a9a48cb47ce208f24600f4bda51deb84a,2024-10,Northumbria Police,Northumbria Police,-1.430573,54.999302,On or near Supermarket,E01008596,South Tyneside 001B,Shoplifting,Investigation complete; no suspect identified,
886f96cf0d94853e017d3263fd323dd828c8815b36366f50abdff481f93ed676,2024-10,Northumbria Police,Northumbria Police,-1.432079,54.998913,On or near Nightclub,E01008596,South Tyneside 001B,Shoplifting,Status update unavailable,
350cdf5e1e0b427bab7e8aed84dff2af86a3386ca50de63604bb23b9a9aecd33,2024-10,Northumbria Police,Northumbria Police,-1.433719,55.000107,On or near B1303,E01008596,South Tyneside 001B,Shoplifting,Investigation complete; no suspect identified,
fda7dab0acf386b7aa78b46d1b518d0b4e3429f82390b7dd18b3fc466da503f7,2024-10,Northumbria Police,Northumbria Police,-1.430573,54.999302,On or near Supermarket,E01008596,South Tyneside 001B,Shoplifting,Investigation complete; no suspect identified,
93f6ad60d815b82ee3dca531d50423e4c7440759b67a31aca772c99fd52cbf12,2024-10,Northumbria Police,Northumbria Police,-1.430573,54.999302,On or near Supermarket,E01008596,South Tyneside 001B,Shoplifting,Investigation complete; no suspect identified,
a29df530d3e5ff2b754499cb4704d5b6ae071842024d01480b5e7936515dba4f,2024-10,Northumbria Police,Northumbria Police,-1.430573,54.999302,On or near Supermarket,E01008596,South Tyneside 001B,Shoplifting,Status update unavailable,
1d9786e586d2f4992bb6a975e1dcf277d98edf91c6418faa01dfe38b5d7e6fa3,2024-10,Northumbria Police,Northumbria Police,-1.430687,54.996741,On or near Fowler Street,E01008596,South Tyneside 001B,Theft from the person,Court result unavailable,
72867423b498e0e89a8e66a91bfbc908115bfc308bed450c41732843e3d80d58,2024-10,Northumbria Police,Northumbria Police,-1.430573,54.999302,On or near Supermarket,E01008596,South Tyneside 001B,Vehicle crime,Investigation complete; no suspect identified,
6f9b738d8e2b08a2d298077c871e7346963146604aba900ec7dc09d47cb3e241,2024-10,Northumbria Police,Northumbria Police,-1.429767,54.997689,On or near Parking Area,E01008596,South Tyneside 001B,Violence and sexual offences,Investigation complete; no suspect identified,
f3095661eb9af0ff5f1d04e01dda621576b2c1397de8401ea8b76a9f002c3d0a,2024-10,Northumbria Police,Northumbria Police,-1.433719,55.000107,On or near B1303,E01008596,South Tyneside 001B,Violence and sexual offences,Court result unavailable,
3502427d409bbfd2b631876fd79988a9a2883aa5eccc86cf5e85492ce6b800b9,2024-10,Northumbria Police,Northumbria Police,-1.432079,54.998913,On or near Nightclub,E01008596,South Tyneside 001B,Violence and sexual offences,Investigation complete; no suspect identified,
db51f2c4d4981cb12703d02e0661532009187513d09cc9b7a896f76796d0db6f,2024-10,Northumbria Police,Northumbria Police,-1.430573,54.999302,On or near Supermarket,E01008596,South Tyneside 001B,Violence and sexual offences,Status update unavailable,
3ad4c3ca5dc84fbd49f2e1caa5f95fc35879486cb8c8d13396967db918e0e165,2024-10,Northumbria Police,Northumbria Police,-1.430687,54.996741,On or near Fowler Street,E01008596,South Tyneside 001B,Violence and sexual offences,Status update unavailable,
c170e4ec86f2c140e2d276bd37d8015ff0caf8ff082a1859b60a17b3f74a1fda,2024-10,Northumbria Police,Northumbria Police,-1.432079,54.998913,On or near Nightclub,E01008596,South Tyneside 001B,Violence and sexual offences,Investigation complete; no suspect identified,
3943cdd02793459ecc4fe0b5476e35e47a6e334f344bf407501f4f6ca368fba2,2024-10,Northumbria Police,Northumbria Police,-1.430687,54.996741,On or near Fowler Street,E01008596,South Tyneside 001B,Violence and sexual offences,Status update unavailable,
5deb0c1fbd5ea69b3b8c981ccc922080b0c7b74bf8fe96df21b3a3e19b161856,2024-10,Northumbria Police,Northumbria Police,-1.430573,54.999302,On or near Supermarket,E01008596,South Tyneside 001B,Violence and sexual offences,Investigation complete; no suspect identified,
38d8a7c1791155d50ee28cd6684b537216f6c368f0c5a38a3bc3d1a7b39ee607,2024-10,Northumbria Police,Northumbria Police,-1.430687,54.996741,On or near Fowler Street,E01008596,South Tyneside 001B,Violence and sexual offences,Investigation complete; no suspect identified,
7b1a619cd56879e39b0999a1dab51fccf7357d90c73bb7fd1d21610046dae688,2024-10,Northumbria Police,Northumbria Police,-1.425658,54.999728,On or near Parking Area,E01008596,South Tyneside 001B,Violence and sexual offences,Investigation complete; no suspect identified,
4505c875b6fe731acc6cf6b31c954779fe540a98c6b51a2c7de20ce368e4fb7c,2024-10,Northumbria Police,Northumbria Police,-1.432079,54.998913,On or near Nightclub,E01008596,South Tyneside 001B,Violence and sexual offences,Status update unavailable,
7f27fc49e2a0a14db5a81dd2b266250cc0d53b481462fe8a167a1cefb840a351,2024-10,Northumbria Police,Northumbria Police,-1.432079,54.998913,On or near Nightclub,E01008596,South Tyneside 001B,Violence and sexual offences,Investigation complete; no suspect identified,
d58f05d546674da4a41d8055d10145fb271f4c48bedda4c65b9ca16558d83ff6,2024-10,Northumbria Police,Northumbria Police,-1.430687,54.996741,On or near Fowler Street,E01008596,South Tyneside 001B,Violence and sexual offences,Investigation complete; no suspect identified,
2637a3036976c8a3d3d011b29938a1a9edeaa4de7c6d6ff4466b4510c9948d46,2024-10,Northumbria Police,Northumbria Police,-1.432079,54.998913,On or near Nightclub,E01008596,South Tyneside 001B,Violence and sexual offences,Investigation complete; no suspect identified,
009a31ee7ec02109c97ffb3d291857a1ebd5c40087fc9d64e219b1794cf59308,2024-10,Northumbria Police,Northumbria Police,-1.430687,54.996741,On or near Fowler Street,E01008596,South Tyneside 001B,Violence and sexual offences,Status update unavailable,
002c9042f56d67d6fbe54629df1c83262db4e3e10cad5ff8992d3375d6a1a714,2024-10,Northumbria Police,Northumbria Police,-1.430687,54.996741,On or near Fowler Street,E01008596,South Tyneside 001B,Violence and sexual offences,Status update unavailable,
506bcdf87bba2c4f502bd35a865aaf3b143342e6ab19ec75c23e45a8ca18f7d4,2024-10,Northumbria Police,Northumbria Police,-1.432079,54.998913,On or near Nightclub,E01008596,South Tyneside 001B,Other crime,Status update unavailable,
790d7d99ec84786203a006bf0b92e31eaec4e54ffb018bfd1ce79a631b84c114,2024-10,Northumbria Police,Northumbria Police,-1.432079,54.998913,On or near Nightclub,E01008596,South Tyneside 001B,Other crime,Status update unavailable,
,2024-10,Northumbria Police,Northumbria Police,-1.423511,55.000086,On or near Seafield Terrace,E01008597,South Tyneside 001C,Anti-social behaviour,,
,2024-10,Northumbria Police,Northumbria Police,-1.419602,54.998010,On or near Nelson Avenue,E01008597,South Tyneside 001C,Anti-social behaviour,,
,2024-10,Northumbria Police,Northumbria Police,-1.423465,54.997866,On or near Brodrick Street,E01008597,South Tyneside 001C,Anti-social behaviour,,
,2024-10,Northumbria Police,Northumbria Police,-1.418756,55.002454,On or near Parking Area,E01008597,South Tyneside 001C,Anti-social behaviour,,
,2024-10,Northumbria Police,Northumbria Police,-1.423511,55.000086,On or near Seafield Terrace,E01008597,South Tyneside 001C,Anti-social behaviour,,
,2024-10,Northumbria Police,Northumbria Police,-1.414372,54.994336,On or near Greenside Drift,E01008597,South Tyneside 001C,Anti-social behaviour,,
,2024-10,Northumbria Police,Northumbria Police,-1.419602,54.998010,On or near Nelson Avenue,E01008597,South Tyneside 001C,Anti-social behaviour,,
,2024-10,Northumbria Police,Northumbria Police,-1.420912,54.997126,On or near Salisbury Place,E01008597,South Tyneside 001C,Anti-social behaviour,,
,2024-10,Northumbria Police,Northumbria Police,-1.424174,55.004043,On or near B1344,E01008597,South Tyneside 001C,Anti-social behaviour,,
,2024-10,Northumbria Police,Northumbria Police,-1.423511,55.000086,On or near Seafield Terrace,E01008597,South Tyneside 001C,Anti-social behaviour,,
,2024-10,Northumbria Police,Northumbria Police,-1.422836,54.998133,On or near Wouldhave Street,E01008597,South Tyneside 001C,Anti-social behaviour,,
,2024-10,Northumbria Police,Northumbria Police,-1.423511,55.000086,On or near Seafield Terrace,E01008597,South Tyneside 001C,Anti-social behaviour,,
,2024-10,Northumbria Police,Northumbria Police,-1.413343,54.996709,On or near Sports/Recreation Area,E01008597,South Tyneside 001C,Anti-social behaviour,,
,2024-10,Northumbria Police,Northumbria Police,-1.423511,55.000086,On or near Seafield Terrace,E01008597,South Tyneside 001C,Anti-social behaviour,,
fd7b71cbfb679e5c3094086dc2a4562767acc7a6e2eca4c5b802a4ad70fc182b,2024-10,Northumbria Police,Northumbria Police,-1.418756,55.002454,On or near Parking Area,E01008597,South Tyneside 001C,Bicycle theft,Investigation complete; no suspect identified,
a085eff6e70332763bcd3f4564313de5c46033ac164e9a784955ab169635ed70,2024-10,Northumbria Police,Northumbria Police,-1.424100,54.997177,On or near Belgrave Terrace,E01008597,South Tyneside 001C,Burglary,Court result unavailable,
c35ed62a9d64405538240a17e3231903490fd016f1ed715567dad5c28e8866e5,2024-10,Northumbria Police,Northumbria Police,-1.418756,55.002454,On or near Parking Area,E01008597,South Tyneside 001C,Burglary,Status update unavailable,
f59e480030677700f4e0ab5988d7bb676e70f04dc9a02f2c330e34b9c69658d0,2024-10,Northumbria Police,Northumbria Police,-1.416849,54.995984,On or near North Main Court,E01008597,South Tyneside 001C,Criminal damage and arson,Status update unavailable,
2ce72df78f9678d732515640a1dfe4cfb7232839482f75610251739973511e2a,2024-10,Northumbria Police,Northumbria Police,-1.424713,54.994763,On or near Erskine Road,E01008597,South Tyneside 001C,Drugs,Status update unavailable,
72d92d446209041b0712c3f1bc630f96572eab2cdcc2bfb6dfa4f3b4dabdb75c,2024-10,Northumbria Police,Northumbria Police,-1.424821,54.995941,On or near Broughton Road,E01008597,South Tyneside 001C,Drugs,Status update unavailable,
0fe757f3d6173324fbcc00f1868c0a902485af3996ac3552da4aaa14f9add3e0,2024-10,Northumbria Police,Northumbria Police,-1.422783,54.998546,On or near Wouldhave Court,E01008597,South Tyneside 001C,Other theft,Awaiting court outcome,
8d0daa0b2facd14a422a5fc1c57619e18309a87c4043ef16bf8935f8990368a0,2024-10,Northumbria Police,Northumbria Police,-1.414372,54.994336,On or near Greenside Drift,E01008597,South Tyneside 001C,Possession of weapons,Investigation complete; no suspect identified,
b1771f635f54e45f0a3c9730c2989079e1c20fd20ed225a8c7d06552c46a91ba,2024-10,Northumbria Police,Northumbria Police,-1.418756,55.002454,On or near Parking Area,E01008597,South Tyneside 001C,Public order,Investigation complete; no suspect identified,
bf40759b7ea5424fb5e8108f7d748a2458123f3bc88b6882b189d725733289d4,2024-10,Northumbria Police,Northumbria Police,-1.418756,55.002454,On or near Parking Area,E01008597,South Tyneside 001C,Public order,Investigation complete; no suspect identified,
9e31cfc58f8b6400d2b18ad225750584971d130ccbc57cd7c0323e69854facb5,2024-10,Northumbria Police,Northumbria Police,-1.416849,54.995984,On or near North Main Court,E01008597,South Tyneside 001C,Public order,Status update unavailable,
db5b0f2c19edd6bc61f5ece2b620205c9f78f170b12fee71a0369e6d3b35ebf2,2024-10,Northumbria Police,Northumbria Police,-1.426397,54.997251,On or near Woodbine Street,E01008597,South Tyneside 001C,Public order,Investigation complete; no suspect identified,
156aeecbec091575b77e100f09fdfb7425799b85d7a0299bd7e5b2efd90b143a,2024-10,Northumbria Police,Northumbria Police,-1.420109,54.995388,On or near Baltic Court,E01008597,South Tyneside 001C,Shoplifting,Investigation complete; no suspect identified,
9f980f8ea0ac28fca3ba906f9803e5fc4c33cc675be7ca1fdb10342d45ea6ac9,2024-10,Northumbria Police,Northumbria Police,-1.420109,54.995388,On or near Baltic Court,E01008597,South Tyneside 001C,Shoplifting,Status update unavailable,
9bf958574984dbd327307f379ab8b3ae9117fe734906584a5dd65a6aeda6516c,2024-10,Northumbria Police,Northumbria Police,-1.422783,54.998546,On or near Wouldhave Court,E01008597,South Tyneside 001C,Vehicle crime,Investigation complete; no suspect identified,
699183d157b17657c6946b460afb40736a8c08e7d858713d91110895930c525a,2024-10,Northumbria Police,Northumbria Police,-1.414372,54.994336,On or near Greenside Drift,E01008597,South Tyneside 001C,Vehicle crime,Investigation complete; no suspect identified,
1541de0bd8b1c14e08500f13c07c2c5fd4b3a648695e90d1adae89f4ff199361,2024-10,Northumbria Police,Northumbria Police,-1.422783,54.998546,On or near Wouldhave Court,E01008597,South Tyneside 001C,Violence and sexual offences,Investigation complete; no suspect identified,
4bbc3ad8793d9f9e6c300d6f6ecf1c2afcdbcd3854ee63d1c32c962f6f18b66e,2024-10,Northumbria Police,Northumbria Police,-1.424174,55.004043,On or near B1344,E01008597,South Tyneside 001C,Violence and sexual offences,Status update unavailable,
e860e02c5f5260ed3437010a3500913622046e2d4fba0e80cdf7722a75cc92ea,2024-10,Northumbria Police,Northumbria Police,-1.422783,54.998546,On or near Wouldhave Court,E01008597,South Tyneside 001C,Violence and sexual offences,Investigation complete; no suspect identified,
425c3c98fb1935699d19a66f556fbd5f9c08c90b7fe57998fe438563c2b1d795,2024-10,Northumbria Police,Northumbria Police,-1.426397,54.997251,On or near Woodbine Street,E01008597,South Tyneside 001C,Violence and sexual offences,Court result unavailable,
b8bd2fcc2c46d03fa6cb201cf45386db3bb26e8705b735c769dd4940186e80b0,2024-10,Northumbria Police,Northumbria Police,-1.423511,55.000086,On or near Seafield Terrace,E01008597,South Tyneside 001C,Violence and sexual offences,Status update unavailable,
6ac4e168810feae51c6a272876ef0ad85b879474bae7235651d837375feb7905,2024-10,Northumbria Police,Northumbria Police,-1.426397,54.997251,On or near Woodbine Street,E01008597,South Tyneside 001C,Violence and sexual offences,Status update unavailable,
5b1102ca6b21cf318cc942d6eebbfe3c13fe00fb761d5045b6075870d7d98722,2024-10,Northumbria Police,Northumbria Police,-1.424100,54.997177,On or near Belgrave Terrace,E01008597,South Tyneside 001C,Violence and sexual offences,Status update unavailable,
417313c63e92c836908ba4252706148b07bc7fd7e9194053f055c2deda9f2269,2024-10,Northumbria Police,Northumbria Police,-1.422836,54.998133,On or near Wouldhave Street,E01008597,South Tyneside 001C,Violence and sexual offences,Investigation complete; no suspect identified,
d8c0fd5e8bc4443a9a2840a30bbf55423668f597b1e4b4df24db30af61f6975e,2024-10,Northumbria Police,Northumbria Police,-1.424100,54.997177,On or near Belgrave Terrace,E01008597,South Tyneside 001C,Violence and sexual offences,Status update unavailable,
a4d3977b5e064ca11d8820f0979d7bd1696bc2e12d40da72aa36ef0b8a56ab9b,2024-10,Northumbria Police,Northumbria Police,-1.424100,54.997177,On or near Belgrave Terrace,E01008597,South Tyneside 001C,Violence and sexual offences,Investigation complete; no suspect identified,
ae0984a349a62fd55f4558b5db6f9aad62e5afa87ac07a11c749a9b3a75a0e42,2024-10,Northumbria Police,Northumbria Police,-1.422081,54.998462,On or near Seaview Terrace,E01008597,South Tyneside 001C,Violence and sexual offences,Status update unavailable,
7074bb0e70299f454c0a455adf78113046a086cc1a0fe521f05d9f888af16382,2024-10,Northumbria Police,Northumbria Police,-1.424281,54.996540,On or near Sydenham Terrace,E01008597,South Tyneside 001C,Violence and sexual offences,Status update unavailable,
9ea29c5ecbe804ab5bfbf4f80b2481f951e511ac0de8e6151308b4060b36698b,2024-10,Northumbria Police,Northumbria Police,-1.423204,54.997551,On or near Beach Road,E01008597,South Tyneside 001C,Violence and sexual offences,Investigation complete; no suspect identified,
d8b9e06b99734d955afebe45ccf73c86540396739c48c5b50832bea59cb1ee54,2024-10,Northumbria Police,Northumbria Police,-1.422783,54.998546,On or near Wouldhave Court,E01008597,South Tyneside 001C,Violence and sexual offences,Investigation complete; no suspect identified,
,2024-10,Northumbria Police,Northumbria Police,-1.427879,55.000727,On or near Salmon Street,E01008598,South Tyneside 001D,Anti-social behaviour,,
,2024-10,Northumbria Police,Northumbria Police,-1.427879,55.000727,On or near Salmon Street,E01008598,South Tyneside 001D,Anti-social behaviour,,
,2024-10,Northumbria Police,Northumbria Police,-1.427879,55.000727,On or near Salmon Street,E01008598,South Tyneside 001D,Anti-social behaviour,,
,2024-10,Northumbria Police,Northumbria Police,-1.427879,55.000727,On or near Salmon Street,E01008598,South Tyneside 001D,Anti-social behaviour,,
c45df14f55d84e887f91c8cecdf405460a4d59cccb1c3b779e0b067c3f8330a5,2024-10,Northumbria Police,Northumbria Police,-1.425050,55.000714,On or near George Scott Street,E01008598,South Tyneside 001D,Burglary,Investigation complete; no suspect identified,
61bce48cba753cfd1b28c40bc9dca7937119012f55b9a641278ba73648e91e7e,2024-10,Northumbria Police,Northumbria Police,-1.428227,55.003739,On or near Trajan Avenue,E01008598,South Tyneside 001D,Burglary,Investigation complete; no suspect identified,
809b0c1a28838b0a4679f41447c49cd9bda8cc9686891e03cccfff4826190f4b,2024-10,Northumbria Police,Northumbria Police,-1.425050,55.000714,On or near George Scott Street,E01008598,South Tyneside 001D,Burglary,Court result unavailable,
3290e5173bf9aba3c526ce691c9e64def6bfccf7d141a418046841f61a0f2461,2024-10,Northumbria Police,Northumbria Police,-1.426951,55.002250,On or near Fairies Street,E01008598,South Tyneside 001D,Criminal damage and arson,Investigation complete; no suspect identified,
b360f8d6e91f4618604adb487101f869de9a7fea3fa3706f97c333a614a2f2b0,2024-10,Northumbria Police,Northumbria Police,-1.426975,55.001630,On or near St Aidan'S Road,E01008598,South Tyneside 001D,Criminal damage and arson,Investigation complete; no suspect identified,
165cb045a0fbbb90d504e3fce19c2799bbe1097b07e63981c93a3e8a3afd7dbb,2024-10,Northumbria Police,Northumbria Police,-1.426975,55.001630,On or near St Aidan'S Road,E01008598,South Tyneside 001D,Criminal damage and arson,Investigation complete; no suspect identified,
07244622c8a6f2098963edf0e19595a15f66acef7606ab589ed383140ac1e776,2024-10,Northumbria Police,Northumbria Police,-1.426951,55.002250,On or near Fairies Street,E01008598,South Tyneside 001D,Drugs,Investigation complete; no suspect identified,
6fa6bad6cb19e3deb74ac5ceabb5c7df1b3cd2072d3f9ceabe0ae1a9707bdbee,2024-10,Northumbria Police,Northumbria Police,-1.425925,55.000718,On or near Henry Nelson Street,E01008598,South Tyneside 001D,Public order,Investigation complete; no suspect identified,
2a990651aaf0da0d1099053c95ce0f4fc43a792965f15421c870371ba80fa1f2,2024-10,Northumbria Police,Northumbria Police,-1.425050,55.000714,On or near George Scott Street,E01008598,South Tyneside 001D,Public order,Investigation complete; no suspect identified,
13d0cf210d22350932da2e27766e7fff8c5d97f651da87a818c453193637d3be,2024-10,Northumbria Police,Northumbria Police,-1.428227,55.003739,On or near Trajan Avenue,E01008598,South Tyneside 001D,Violence and sexual offences,Investigation complete; no suspect identified,
042790a7365634fe76fc4e85c06987a615fa25443c2a9c5e074d4991f43d95c8,2024-10,Northumbria Police,Northumbria Police,-1.427879,55.000727,On or near Salmon Street,E01008598,South Tyneside 001D,Violence and sexual offences,Investigation complete; no suspect identified,
f0ca02b6a192bf055a32616ab53735ed5b9751cc84e576d85927b746d428cbaf,2024-10,Northumbria Police,Northumbria Police,-1.425050,55.000714,On or near George Scott Street,E01008598,South Tyneside 001D,Violence and sexual offences,Investigation complete; no suspect identified,
a951c5cfec666951ae3ca9521d6729f8b667c1e8211a3b0646565f72b0b30229,2024-10,Northumbria Police,Northumbria Police,-1.426951,55.002250,On or near Fairies Street,E01008598,South Tyneside 001D,Violence and sexual offences,Status update unavailable,
fa7d36685731adb20062faebd8747dd188905bfa12b5029b00a6caa9a20ab3fb,2024-10,Northumbria Police,Northumbria Police,-1.427879,55.000727,On or near Salmon Street,E01008598,South Tyneside 001D,Violence and sexual offences,Status update unavailable,
87a50a45ceaadfccf725b686b0547baed93c6af5d21875c697f5c18da2a0df2e,2024-10,Northumbria Police,Northumbria Police,-1.427082,55.002943,On or near Julian Avenue,E01008598,South Tyneside 001D,Violence and sexual offences,Status update unavailable,
a0eacac2ad452f675ff352e4327a19113c5b375e33b0111a9d822ae808f83993,2024-10,Northumbria Police,Northumbria Police,-1.425050,55.000714,On or near George Scott Street,E01008598,South Tyneside 001D,Violence and sexual offences,Investigation complete; no suspect identified,
,2024-10,Northumbria Police,Northumbria Police,-1.430884,55.004929,On or near Roman Road North,E01008599,South Tyneside 001E,Anti-social behaviour,,
,2024-10,Northumbria Police,Northumbria Police,-1.433524,55.002829,On or near Caer Urfa Close,E01008599,South Tyneside 001E,Anti-social behaviour,,
,2024-10,Northumbria Police,Northumbria Police,-1.431876,55.002237,On or near Parking Area,E01008599,South Tyneside 001E,Anti-social behaviour,,
,2024-10,Northumbria Police,Northumbria Police,-1.433524,55.002829,On or near Caer Urfa Close,E01008599,South Tyneside 001E,Anti-social behaviour,,
f4c7695473d774f46d3ade9f6e8bb45298338615e61bb7c43b4310ac7c846a0a,2024-10,Northumbria Police,Northumbria Police,-1.431876,55.002237,On or near Parking Area,E01008599,South Tyneside 001E,Criminal damage and arson,Investigation complete; no suspect identified,
7283dd1978ec203eab7915b90e5d316ed34dfb87150b596620acf513f7e9db21,2024-10,Northumbria Police,Northumbria Police,-1.433634,55.005022,On or near Green'S Place,E01008599,South Tyneside 001E,Other theft,Investigation complete; no suspect identified,
0cce16fa912a0ab3f5d7c8d42dd1b83f625c058b31b4a1e56452e9cf2d8a60fa,2024-10,Northumbria Police,Northumbria Police,-1.433524,55.002829,On or near Caer Urfa Close,E01008599,South Tyneside 001E,Public order,Status update unavailable,
21207e75f6559cd81afdc5c3628224f7c3e474691cbaf11e55cc959ee6393aa9,2024-10,Northumbria Police,Northumbria Police,-1.430884,55.004929,On or near Roman Road North,E01008599,South Tyneside 001E,Vehicle crime,Investigation complete; no suspect identified,
2fc3ea094c34e39c5dd723ce2e6db7edd54de5c633c982ba9ce7c8cbb4346a37,2024-10,Northumbria Police,Northumbria Police,-1.437549,55.004591,On or near Wapping Street,E01008599,South Tyneside 001E,Vehicle crime,Investigation complete; no suspect identified,
0741d3c2ce6580c283138eed739d08ff79d73d34e9d33cb57b92ab5d0e8588ee,2024-10,Northumbria Police,Northumbria Police,-1.433524,55.002829,On or near Caer Urfa Close,E01008599,South Tyneside 001E,Violence and sexual offences,Investigation complete; no suspect identified,
73dfa7f92e3e87c30cc1c265532345eab361febc28d316a673e0c2abe8e3be7b,2024-10,Northumbria Police,Northumbria Police,-1.437549,55.004591,On or near Wapping Street,E01008599,South Tyneside 001E,Violence and sexual offences,Investigation complete; no suspect identified,
0a573e23af3bd897885da227164d78c8b71192ba9e39aae4ecfc4b655db00d84,2024-10,Northumbria Police,Northumbria Police,-1.433524,55.002829,On or near Caer Urfa Close,E01008599,South Tyneside 001E,Violence and sexual offences,Investigation complete; no suspect identified,
,2024-10,Northumbria Police,Northumbria Police,-1.432369,54.986109,On or near Beaufront Terrace,E01008664,South Tyneside 002A,Anti-social behaviour,,
,2024-10,Northumbria Police,Northumbria Police,-1.431542,54.987094,On or near Chichester Place,E01008664,South Tyneside 002A,Anti-social behaviour,,
,2024-10,Northumbria Police,Northumbria Police,-1.435165,54.987281,On or near St Jude'S Terrace,E01008664,South Tyneside 002A,Anti-social behaviour,,
,2024-10,Northumbria Police,Northumbria Police,-1.432369,54.986109,On or near Beaufront Terrace,E01008664,South Tyneside 002A,Anti-social behaviour,,
,2024-10,Northumbria Police,Northumbria Police,-1.432369,54.986109,On or near Beaufront Terrace,E01008664,South Tyneside 002A,Anti-social behaviour,,
,2024-10,Northumbria Police,Northumbria Police,-1.432369,54.986109,On or near Beaufront Terrace,E01008664,South Tyneside 002A,Anti-social behaviour,,
,2024-10,Northumbria Police,Northumbria Police,-1.432369,54.986109,On or near Beaufront Terrace,E01008664,South Tyneside 002A,Anti-social behaviour,,
,2024-10,Northumbria Police,Northumbria Police,-1.431542,54.987094,On or near Chichester Place,E01008664,South Tyneside 002A,Anti-social behaviour,,
d3513aa88202020d6ee584856f1c4249c1c22f11a135343b5c310a7ee7eb4272,2024-10,Northumbria Police,Northumbria Police,-1.432369,54.986109,On or near Beaufront Terrace,E01008664,South Tyneside 002A,Bicycle theft,Investigation complete; no suspect identified,
d48266b875a2f40a53483676b25a314e4ffcf5388c22f8f261685621ff84ebd3,2024-10,Northumbria Police,Northumbria Police,-1.431542,54.987094,On or near Chichester Place,E01008664,South Tyneside 002A,Burglary,Court result unavailable,
e949c09a85a41e21abfed716eadab0f5e3cd8e06e54a1f5c3c2ed73a8b595116,2024-10,Northumbria Police,Northumbria Police,-1.432369,54.986109,On or near Beaufront Terrace,E01008664,South Tyneside 002A,Criminal damage and arson,Investigation complete; no suspect identified,
b47a576e06f13b76787f12add2352e248b57f3a9c25679c6feff32885678d669,2024-10,Northumbria Police,Northumbria Police,-1.430834,54.988591,On or near Shakespeare Street,E01008664,South Tyneside 002A,Criminal damage and arson,Investigation complete; no suspect identified,
21fb3a64c25203e36a71ad77046828c5ddb81aa73eecb210c38614000fcb92da,2024-10,Northumbria Police,Northumbria Police,-1.431082,54.987613,On or near West George Potts Street,E01008664,South Tyneside 002A,Criminal damage and arson,Investigation complete; no suspect identified,
7d0790cb7d291b087ec3187f24b2a23ac2970c53d24b21396fe6dc63bafc836c,2024-10,Northumbria Police,Northumbria Police,-1.432369,54.986109,On or near Beaufront Terrace,E01008664,South Tyneside 002A,Criminal damage and arson,Status update unavailable,
feabf38f39bf1d2fb841d0dc1eb7ef0aed1824fa0bc05add634df9d4e42520a2,2024-10,Northumbria Police,Northumbria Police,-1.431129,54.988727,On or near Chichester Road,E01008664,South Tyneside 002A,Criminal damage and arson,Investigation complete; no suspect identified,
bb34497ec6f967fdb510662c6d43c8cc0d497db95239f29056cfe189e815d4f7,2024-10,Northumbria Police,Northumbria Police,-1.432369,54.986109,On or near Beaufront Terrace,E01008664,South Tyneside 002A,Criminal damage and arson,Status update unavailable,
d9671fe1c5f756761897a1e8f86c82ec66a3fcaf4da35b1998f02cb065e86540,2024-10,Northumbria Police,Northumbria Police,-1.432369,54.986109,On or near Beaufront Terrace,E01008664,South Tyneside 002A,Criminal damage and arson,Investigation complete; no suspect identified,
b251cf1e5724ff45a2f0020954765cca92aa90c4403d203d523f42ff68d59821,2024-10,Northumbria Police,Northumbria Police,-1.431542,54.987094,On or near Chichester Place,E01008664,South Tyneside 002A,Criminal damage and arson,Investigation complete; no suspect identified,
94a3c96f19c3e1524fa655c0dbb76c7a2a3546f03104f31c96520d886d228dba,2024-10,Northumbria Police,Northumbria Police,-1.431082,54.987613,On or near West George Potts Street,E01008664,South Tyneside 002A,Drugs,Investigation complete; no suspect identified,
745f8aa28263e9f7d832ea755920d33688963c16addfc0b3ac341668d57b3160,2024-10,Northumbria Police,Northumbria Police,-1.431082,54.987613,On or near West George Potts Street,E01008664,South Tyneside 002A,Drugs,Investigation complete; no suspect identified,
44d44c1d96544568b371309e022b18ae915aa7c989f53e464c77be303efdc26b,2024-10,Northumbria Police,Northumbria Police,-1.430078,54.986737,On or near Milton Street,E01008664,South Tyneside 002A,Public order,Status update unavailable,
33f5adc91de1bc4e640fbbd62f91b1dc2a1b2cc36cf5ea8ed2ca715df95d3196,2024-10,Northumbria Police,Northumbria Police,-1.431985,54.990034,On or near Frost Mews,E01008664,South Tyneside 002A,Public order,Investigation complete; no suspect identified,
4c301e42c2b863357cc9d91373eb6780418b1c9ac556e0d854314a24b4ade17b,2024-10,Northumbria Police,Northumbria Police,-1.431985,54.990034,On or near Frost Mews,E01008664,South Tyneside 002A,Public order,Investigation complete; no suspect identified,
f89ce705fd95d2bcb23705d79fdb15162ea89781ee3433b33482d9a979aab515,2024-10,Northumbria Police,Northumbria Police,-1.430078,54.986737,On or near Milton Street,E01008664,South Tyneside 002A,Public order,Investigation complete; no suspect identified,
878144f82d14be3444349872d6a8a505b309887ddecfbb8e51f0deb8ccac696b,2024-10,Northumbria Police,Northumbria Police,-1.431985,54.990034,On or near Frost Mews,E01008664,South Tyneside 002A,Public order,Investigation complete; no suspect identified,
a15df95d4907d84e05e90f698b889a8ea708048038f2f556de18ca6d547aae08,2024-10,Northumbria Police,Northumbria Police,-1.435165,54.987281,On or near St Jude'S Terrace,E01008664,South Tyneside 002A,Public order,Investigation complete; no suspect identified,
62248ab5303a99a1291581d619f5da918f333ae52e22d8497a4a1fe64465756f,2024-10,Northumbria Police,Northumbria Police,-1.432369,54.986109,On or near Beaufront Terrace,E01008664,South Tyneside 002A,Robbery,Investigation complete; no suspect identified,
25b07f13636c3bef930c7f7e6032216330ce85ab3f253019d7b21eaf772ed64f,2024-10,Northumbria Police,Northumbria Police,-1.430078,54.986737,On or near Milton Street,E01008664,South Tyneside 002A,Shoplifting,Court result unavailable,
10d50e0326c9e2324a7d0ae80474d4cda54b9bee054a692f30e25b51f1e3a187,2024-10,Northumbria Police,Northumbria Police,-1.430078,54.986737,On or near Milton Street,E01008664,South Tyneside 002A,Shoplifting,Status update unavailable,
cc3c90dec9a05586a9911f423dc71192add83e9b8a0e911220cabad53c1b4b7e,2024-10,Northumbria Police,Northumbria Police,-1.431985,54.990034,On or near Frost Mews,E01008664,South Tyneside 002A,Shoplifting,Investigation complete; no suspect identified,
9c8f9b41ffc3574b8437c2352444d0bf8ba450e2a81057084c075e66c88d78bf,2024-10,Northumbria Police,Northumbria Police,-1.430078,54.986737,On or near Milton Street,E01008664,South Tyneside 002A,Shoplifting,Investigation complete; no suspect identified,
496299c2e3e0f2a29bae0d1e4af6fab1185b242d1b8539a9f5d30533baaedc6b,2024-10,Northumbria Police,Northumbria Police,-1.430078,54.986737,On or near Milton Street,E01008664,South Tyneside 002A,Shoplifting,Investigation complete; no suspect identified,
6c8bdc24925b915a0606699418076f4b65c283a8bd95b43547e02b337ad5f6ad,2024-10,Northumbria Police,Northumbria Police,-1.430078,54.986737,On or near Milton Street,E01008664,South Tyneside 002A,Shoplifting,Investigation complete; no suspect identified,
793202f5826c5898cf06179ef802100abef77827aa2a56c5b12bd759ef4f132e,2024-10,Northumbria Police,Northumbria Police,-1.430078,54.986737,On or near Milton Street,E01008664,South Tyneside 002A,Shoplifting,Investigation complete; no suspect identified,
53267bca5841fc244302083fd55084c720f59b6ffaa6f7ddab7f6c83f61d05ae,2024-10,Northumbria Police,Northumbria Police,-1.430078,54.986737,On or near Milton Street,E01008664,South Tyneside 002A,Shoplifting,Court result unavailable,
6979cb4941a163638455faf75aae98eb50f17b9eaf8879cac421604c8f1166eb,2024-10,Northumbria Police,Northumbria Police,-1.430078,54.986737,On or near Milton Street,E01008664,South Tyneside 002A,Shoplifting,Status update unavailable,
0f594877075b675e9f0944dc513fb820183efe74ba1f0ae58f89c0af9546f6b6,2024-10,Northumbria Police,Northumbria Police,-1.430078,54.986737,On or near Milton Street,E01008664,South Tyneside 002A,Shoplifting,Investigation complete; no suspect identified,
9abcfbfe9207722a8f02eda73cfc901d4a39baac077ef46ac2b1f66916edc220,2024-10,Northumbria Police,Northumbria Police,-1.430078,54.986737,On or near Milton Street,E01008664,South Tyneside 002A,Shoplifting,Investigation complete; no suspect identified,
39de6e9af75e8bae6403ed010be392b395a4e4b1042d55144cb6f9855816a0e9,2024-10,Northumbria Police,Northumbria Police,-1.430078,54.986737,On or near Milton Street,E01008664,South Tyneside 002A,Shoplifting,Court result unavailable,
54619cb7df10aef27b570baa3c407c9ca61c7466ff141643652dbd9077a0441e,2024-10,Northumbria Police,Northumbria Police,-1.430078,54.986737,On or near Milton Street,E01008664,South Tyneside 002A,Shoplifting,Investigation complete; no suspect identified,
ab7fe2372a9448faa5f8fb8acb20a70760b702df2fb69bb5100604159fe96f67,2024-10,Northumbria Police,Northumbria Police,-1.430078,54.986737,On or near Milton Street,E01008664,South Tyneside 002A,Shoplifting,Court result unavailable,
e874467ffacc9e9add1fbdc6ed1996772bf6d1d0c0df47be1150b5061579a02d,2024-10,Northumbria Police,Northumbria Police,-1.430078,54.986737,On or near Milton Street,E01008664,South Tyneside 002A,Shoplifting,Investigation complete; no suspect identified,
8972a4766886d9be37a9c07fb0730ce268086647ea8c6b45d1f3e844791693cb,2024-10,Northumbria Police,Northumbria Police,-1.430078,54.986737,On or near Milton Street,E01008664,South Tyneside 002A,Shoplifting,Court result unavailable,
6315e901cc951d1c44025dc9ccc080e8f716d5ee7fd194395b622879d90cffe0,2024-10,Northumbria Police,Northumbria Police,-1.430078,54.986737,On or near Milton Street,E01008664,South Tyneside 002A,Shoplifting,Court result unavailable,
84b52dd612d108d8c34dbb7a42ce36cd60b6371d436f63dd18661dfea43f0558,2024-10,Northumbria Police,Northumbria Police,-1.431985,54.990034,On or near Frost Mews,E01008664,South Tyneside 002A,Shoplifting,Status update unavailable,
64dbe99db0fb7dc3aecaec8b724f2551adef67fe96ceaee582bb0a2ece80bc8b,2024-10,Northumbria Police,Northumbria Police,-1.430078,54.986737,On or near Milton Street,E01008664,South Tyneside 002A,Shoplifting,Court result unavailable,
2974b89742353bee79ca3cf4fc66af2f888f5f67a67352f917c9ed567d69c58f,2024-10,Northumbria Police,Northumbria Police,-1.430078,54.986737,On or near Milton Street,E01008664,South Tyneside 002A,Shoplifting,Court result unavailable,
b7889989f0e9dd9b01c03fadf62171bb26ccb8b30364b11a2a48fdf9c06fb316,2024-10,Northumbria Police,Northumbria Police,-1.431985,54.990034,On or near Frost Mews,E01008664,South Tyneside 002A,Shoplifting,Investigation complete; no suspect identified,
d117c38bcc8f8b23dd7ba51a0e729a440b9f9c62e815b81d6076e4e0a72b235e,2024-10,Northumbria Police,Northumbria Police,-1.430078,54.986737,On or near Milton Street,E01008664,South Tyneside 002A,Shoplifting,Investigation complete; no suspect identified,
15cd1aad59350df673c2a589c937f0e0f531196957b7302386fa3833b36b7917,2024-10,Northumbria Police,Northumbria Police,-1.433336,54.986231,On or near Dacre Street,E01008664,South Tyneside 002A,Theft from the person,Investigation complete; no suspect identified,
541562de8a17b0c4dcd043e3d5eaecc072e166519903c694fcfa19946411b8c1,2024-10,Northumbria Police,Northumbria Police,-1.435851,54.985227,On or near Bertram Street,E01008664,South Tyneside 002A,Vehicle crime,Investigation complete; no suspect identified,
26b91ca398046cc75edeff11cd77cf1747010babcde25419434232045860db8f,2024-10,Northumbria Police,Northumbria Police,-1.431542,54.987094,On or near Chichester Place,E01008664,South Tyneside 002A,Violence and sexual offences,Investigation complete; no suspect identified,
db47658fc8cc58e47eb6e534cf50dba0ac3851938376b465b0ea7a32d549e738,2024-10,Northumbria Police,Northumbria Police,-1.432369,54.986109,On or near Beaufront Terrace,E01008664,South Tyneside 002A,Violence and sexual offences,Investigation complete; no suspect identified,
6229e13b5f2885f522269421afbf5abe65086ea10b7da5f0bbd2c3f5cb38934c,2024-10,Northumbria Police,Northumbria Police,-1.432369,54.986109,On or near Beaufront Terrace,E01008664,South Tyneside 002A,Violence and sexual offences,Status update unavailable,
195bc816c13704566d3e7dcd609327a19060ed28c75b9fbe951a11bed7c46f87,2024-10,Northumbria Police,Northumbria Police,-1.435008,54.986220,On or near Reed Street,E01008664,South Tyneside 002A,Violence and sexual offences,Status update unavailable,
319308284fa857394eb9de104915a9f02c3f94a7112c8c9e7a4f3019ac9c95a0,2024-10,Northumbria Police,Northumbria Police,-1.429693,54.987454,On or near Delaval Court,E01008664,South Tyneside 002A,Violence and sexual offences,Status update unavailable,
68133e0af37b3d65ae875fbf449c32ef9401e2d96c391bb7d0f317fbdae4f8c2,2024-10,Northumbria Police,Northumbria Police,-1.433435,54.985072,On or near Bus/Coach Station,E01008664,South Tyneside 002A,Violence and sexual offences,Status update unavailable,
f62c20dfacbadf31e4561f580fd228e2ee69b533b7c19f41e33507dbc9562342,2024-10,Northumbria Police,Northumbria Police,-1.432369,54.986109,On or near Beaufront Terrace,E01008664,South Tyneside 002A,Violence and sexual offences,Investigation complete; no suspect identified,
12c7dc289f215d6d73a00f0e8c706b56ece3664acbd1a9910600f4e5d385563b,2024-10,Northumbria Police,Northumbria Police,-1.431542,54.987094,On or near Chichester Place,E01008664,South Tyneside 002A,Violence and sexual offences,Status update unavailable,
7d5fc52509cf181febdc5018e49bd45b4774499698917a7cee0c8da42b07dde0,2024-10,Northumbria Police,Northumbria Police,-1.435165,54.987281,On or near St Jude'S Terrace,E01008664,South Tyneside 002A,Violence and sexual offences,Investigation complete; no suspect identified,
289d3f719241c1d215d0d6d331f821d2a2a145b7310d62f068be3717ac0d0abf,2024-10,Northumbria Police,Northumbria Police,-1.431129,54.988727,On or near Chichester Road,E01008664,South Tyneside 002A,Violence and sexual offences,Status update unavailable,
bf38d9dc84a91cea65786f869b1eab2f713080532fe26507f468f6cd263193ac,2024-10,Northumbria Police,Northumbria Police,-1.429327,54.986850,On or near Parking Area,E01008664,South Tyneside 002A,Violence and sexual offences,Status update unavailable,
4e4db068663f2a9880c3610a4f1c04f7c8962ba40cf322038f9ccfa276fc86a7,2024-10,Northumbria Police,Northumbria Police,-1.435802,54.985343,On or near Marshall Wallis Road,E01008664,South Tyneside 002A,Violence and sexual offences,Status update unavailable,
8b19e1f46158be4603829ccf33398c839414ad5c61a2e7dfd76788f5242f2353,2024-10,Northumbria Police,Northumbria Police,-1.429327,54.986850,On or near Parking Area,E01008664,South Tyneside 002A,Violence and sexual offences,Status update unavailable,
07c3670ebdfe5e64ec5df7c07fb3621d4e6730ab6fa0ccd9c85ae7e0b9808b3f,2024-10,Northumbria Police,Northumbria Police,-1.431082,54.987613,On or near West George Potts Street,E01008664,South Tyneside 002A,Violence and sexual offences,Status update unavailable,
462809ccf941d3ce46a4ecf3de4fd861858ec7183d8307a8e22a459d0001f0b1,2024-10,Northumbria Police,Northumbria Police,-1.435851,54.985227,On or near Bertram Street,E01008664,South Tyneside 002A,Other crime,Status update unavailable,
6e61726f652c6889c28a6582fe87721c19f9550bb6105cd6da7f3b897980110c,2024-10,Northumbria Police,Northumbria Police,-1.435851,54.985227,On or near Bertram Street,E01008664,South Tyneside 002A,Other crime,Status update unavailable,
62fe946643d24ee6bb8b8470848204a3b75acf47e9c27e3b67d13ca009692190,2024-10,Northumbria Police,Northumbria Police,-1.440013,54.981427,On or near Temple Street,E01008665,South Tyneside 002B,Bicycle theft,Investigation complete; no suspect identified,
c8b445ff339064a48779bf19660033a96dbb7754009e79dc0186e00ad5b69faf,2024-10,Northumbria Police,Northumbria Police,-1.441246,54.984946,On or near Cook Close,E01008665,South Tyneside 002B,Criminal damage and arson,Investigation complete; no suspect identified,
fab095f946db7123bf61ca8afa360ae486458cab8b32f73170ba5dec0b82329e,2024-10,Northumbria Police,Northumbria Police,-1.439014,54.982483,On or near John Williamson Street,E01008665,South Tyneside 002B,Criminal damage and arson,Investigation complete; no suspect identified,
395dd3b80716f99122c366dfbc6a8af4452751419a6e5cc97b84c10b8d9bfbe1,2024-10,Northumbria Police,Northumbria Police,-1.438086,54.980672,On or near Wharfedale Drive,E01008665,South Tyneside 002B,Criminal damage and arson,Investigation complete; no suspect identified,
9f3858f40ef6044e5e1d821fba271041ae6417c47b9026649fb2a4f3c2145291,2024-10,Northumbria Police,Northumbria Police,-1.441246,54.984946,On or near Cook Close,E01008665,South Tyneside 002B,Criminal damage and arson,Investigation complete; no suspect identified,
f6fd688e5be934e0874114215a3ed3a0225e39e74977621f54793592164b6cb4,2024-10,Northumbria Police,Northumbria Police,-1.441246,54.984946,On or near Cook Close,E01008665,South Tyneside 002B,Criminal damage and arson,Status update unavailable,
b1214b5f090d6307042412ea48b6cf535e8187953d31d232563ee6e2e09ac5c5,2024-10,Northumbria Police,Northumbria Police,-1.440013,54.981427,On or near Temple Street,E01008665,South Tyneside 002B,Drugs,Investigation complete; no suspect identified,
b6013873f041f445b0ffd03449708bbc32301172a971cd2f74b59e813ad4db5f,2024-10,Northumbria Police,Northumbria Police,-1.441246,54.984946,On or near Cook Close,E01008665,South Tyneside 002B,Other theft,Status update unavailable,
d84fc46b0d3cbee861316ca3b66a42e10ee104f2920452efb935e630da4dbb1c,2024-10,Northumbria Police,Northumbria Police,-1.438086,54.980672,On or near Wharfedale Drive,E01008665,South Tyneside 002B,Other theft,Status update unavailable,
f5f0b2f9d239e0c8f48dd160c1ecffeacd5213876db2ded5e2a5bae1efffa960,2024-10,Northumbria Police,Northumbria Police,-1.439014,54.982483,On or near John Williamson Street,E01008665,South Tyneside 002B,Public order,Investigation complete; no suspect identified,
67fba4a4520842edcd02a2a985050de3849acee2378dc7a9e24e36f0b825fe6f,2024-10,Northumbria Police,Northumbria Police,-1.442556,54.982822,On or near Taylor Street,E01008665,South Tyneside 002B,Violence and sexual offences,Status update unavailable,
ef275c466e064abbabac17dc28c610a730659bec4ea4db39c41e1d6451967aa5,2024-10,Northumbria Police,Northumbria Police,-1.441246,54.984946,On or near Cook Close,E01008665,South Tyneside 002B,Violence and sexual offences,Status update unavailable,
ed9ddb15db3c3011f2cd0901924495e5777c069c1e07d54068bd8dd2b20599eb,2024-10,Northumbria Police,Northumbria Police,-1.440013,54.981427,On or near Temple Street,E01008665,South Tyneside 002B,Violence and sexual offences,Status update unavailable,
59db18a654c0a2ca793c0606368fb5045f214ecbd1b956f0e2ec07020f14b603,2024-10,Northumbria Police,Northumbria Police,-1.439014,54.982483,On or near John Williamson Street,E01008665,South Tyneside 002B,Violence and sexual offences,Status update unavailable,
a3e3aa41aa741e3fe4a18ff1da047c18bd5763cb3d8af9c07f4fea83b5489994,2024-10,Northumbria Police,Northumbria Police,-1.442556,54.982822,On or near Taylor Street,E01008665,South Tyneside 002B,Violence and sexual offences,Status update unavailable,
e9eeea74f08d76d0d6c36c37b546f36a668cb63bf0f5607a6028d28963c34b9a,2024-10,Northumbria Police,Northumbria Police,-1.442556,54.982822,On or near Taylor Street,E01008665,South Tyneside 002B,Violence and sexual offences,Status update unavailable,
2f722ab2b1ab1abff00ef0071f8d9334ed4a40705504e218116f3d96c57699ae,2024-10,Northumbria Police,Northumbria Police,-1.440013,54.981427,On or near Temple Street,E01008665,South Tyneside 002B,Violence and sexual offences,Court result unavailable,
ed842f04f06067bc13e3478d820726524d6b04873e67535ea179ab951af30e23,2024-10,Northumbria Police,Northumbria Police,-1.441246,54.984946,On or near Cook Close,E01008665,South Tyneside 002B,Violence and sexual offences,Status update unavailable,
f3dac35e27e45ae447f5201b24eae8d929a8934aad02d756a82f965734e8419f,2024-10,Northumbria Police,Northumbria Police,-1.440013,54.981427,On or near Temple Street,E01008665,South Tyneside 002B,Other crime,Investigation complete; no suspect identified,
,2024-10,Northumbria Police,Northumbria Police,-1.434615,54.989750,On or near St Mark'S Way,E01008666,South Tyneside 002C,Anti-social behaviour,,
,2024-10,Northumbria Police,Northumbria Police,-1.439242,54.987462,On or near O'Leary Close,E01008666,South Tyneside 002C,Anti-social behaviour,,
,2024-10,Northumbria Police,Northumbria Police,-1.437293,54.989358,On or near Frederick Street,E01008666,South Tyneside 002C,Anti-social behaviour,,
,2024-10,Northumbria Police,Northumbria Police,-1.435986,54.989515,On or near Supermarket,E01008666,South Tyneside 002C,Anti-social behaviour,,
,2024-10,Northumbria Police,Northumbria Police,-1.437711,54.981794,On or near Malvern Street,E01008666,South Tyneside 002C,Anti-social behaviour,,
,2024-10,Northumbria Police,Northumbria Police,-1.434180,54.990099,On or near Sports/Recreation Area,E01008666,South Tyneside 002C,Anti-social behaviour,,
,2024-10,Northumbria Police,Northumbria Police,-1.437711,54.981794,On or near Malvern Street,E01008666,South Tyneside 002C,Anti-social behaviour,,
,2024-10,Northumbria Police,Northumbria Police,-1.435986,54.989515,On or near Supermarket,E01008666,South Tyneside 002C,Anti-social behaviour,,
70bff3b70835177a5664372f958c9deb21bf6161a8ce7ff410f6a4b39ed2d11b,2024-10,Northumbria Police,Northumbria Police,-1.439621,54.990519,On or near Trinity Walk,E01008666,South Tyneside 002C,Bicycle theft,Court result unavailable,
b6e03cedacee8e41814e74432b052965fe9747283cf7f65e5a0eb1e1b4fa2c7b,2024-10,Northumbria Police,Northumbria Police,-1.434180,54.990099,On or near Sports/Recreation Area,E01008666,South Tyneside 002C,Burglary,Investigation complete; no suspect identified,
1cbfd2b593804f1946cde582f801fc805085d458d056cf0cdd6f0c8fd39c92cf,2024-10,Northumbria Police,Northumbria Police,-1.437293,54.989358,On or near Frederick Street,E01008666,South Tyneside 002C,Burglary,Investigation complete; no suspect identified,
4e665911062c88902aa25e49981b21100e5c380da6d0696b4837b77abd70497e,2024-10,Northumbria Police,Northumbria Police,-1.435271,54.990876,On or near Western Approach,E01008666,South Tyneside 002C,Criminal damage and arson,Status update unavailable,
68a9df511bbbfcde9bf5405ba2884a9ee5f4b9a5d79b4d004de8c15760ce807e,2024-10,Northumbria Police,Northumbria Police,-1.439621,54.990519,On or near Trinity Walk,E01008666,South Tyneside 002C,Criminal damage and arson,Investigation complete; no suspect identified,
cf74c943f6e255b4987a0acf0da2287e504a79fc10afc6b246c582425b6d0fe1,2024-10,Northumbria Police,Northumbria Police,-1.439621,54.990519,On or near Trinity Walk,E01008666,South Tyneside 002C,Criminal damage and arson,Investigation complete; no suspect identified,
feaf0cd5a5a93b79d6d832bc18ad30751f799b4d7876c95ae43ac0b77ee1a2cd,2024-10,Northumbria Police,Northumbria Police,-1.437657,54.982342,On or near Johnson Street,E01008666,South Tyneside 002C,Criminal damage and arson,Status update unavailable,
f20fb911fd3f49b03bfbb4e2d13a3fdb4a93ee886acd56db83f9b7f7e29a0f93,2024-10,Northumbria Police,Northumbria Police,-1.436478,54.991781,On or near Wilson Street,E01008666,South Tyneside 002C,Other theft,Status update unavailable,
849b7afa5553f75aca209632df16140b4aed26d0e0e15d51ef59f7373f4a3905,2024-10,Northumbria Police,Northumbria Police,-1.438671,54.983541,On or near Gilbert Street,E01008666,South Tyneside 002C,Other theft,Status update unavailable,
4fbbdb7807530abb6df166236524d3788ebc8a15eff860693c6ec0a3c6d8532c,2024-10,Northumbria Police,Northumbria Police,-1.435986,54.989515,On or near Supermarket,E01008666,South Tyneside 002C,Other theft,Investigation complete; no suspect identified,
8f686f56433f2eff3ff994e1ff5fbdfc6ddaa9fcf9fdf8a2fd58d7e7c7fe17ac,2024-10,Northumbria Police,Northumbria Police,-1.435986,54.989515,On or near Supermarket,E01008666,South Tyneside 002C,Possession of weapons,Investigation complete; no suspect identified,
ebabc05c16ef29f79d03e0bb7a8aeccc00d34c6099984b4ba9db5c0af97b0019,2024-10,Northumbria Police,Northumbria Police,-1.435986,54.989515,On or near Supermarket,E01008666,South Tyneside 002C,Possession of weapons,Investigation complete; no suspect identified,
951e38df7b3808585e7fb8d70a9d7c10946d9c5a96dbec5e389a096bfcd4ffb6,2024-10,Northumbria Police,Northumbria Police,-1.435986,54.989515,On or near Supermarket,E01008666,South Tyneside 002C,Possession of weapons,Investigation complete; no suspect identified,
088ccb945d37e48725b4ed0ab90a871185879f35693973c69a7b1b09072091a2,2024-10,Northumbria Police,Northumbria Police,-1.435271,54.990876,On or near Western Approach,E01008666,South Tyneside 002C,Possession of weapons,Investigation complete; no suspect identified,
0f9662fe58eee07fafafcee4dbfdefd33eeae5c335df5b600936243dbef4619b,2024-10,Northumbria Police,Northumbria Police,-1.435271,54.990876,On or near Western Approach,E01008666,South Tyneside 002C,Public order,Status update unavailable,
b698ced3ecd24489e9915f111a2020b0ed382fa990b441fa98b04713080cec23,2024-10,Northumbria Police,Northumbria Police,-1.433264,54.989142,On or near Bedford Avenue,E01008666,South Tyneside 002C,Robbery,Investigation complete; no suspect identified,
82d57d2e549035d3022abb68f064ec3a301332dae1ad85167456c965d3f4e1fa,2024-10,Northumbria Police,Northumbria Police,-1.435986,54.989515,On or near Supermarket,E01008666,South Tyneside 002C,Shoplifting,Investigation complete; no suspect identified,
e320a488c3447be7ba5b92f28712a69e7f9c6c00e4ee6d3b48001a2e820d945e,2024-10,Northumbria Police,Northumbria Police,-1.435986,54.989515,On or near Supermarket,E01008666,South Tyneside 002C,Shoplifting,Status update unavailable,
e4c7914517177109e5d14d7fcb22f4066f4378a925342520ae671459e7cd8a00,2024-10,Northumbria Police,Northumbria Police,-1.435986,54.989515,On or near Supermarket,E01008666,South Tyneside 002C,Shoplifting,Investigation complete; no suspect identified,
afad59576962d58529aa4dbb3fca389c93ec8ff064b58491005e0baf66af4320,2024-10,Northumbria Police,Northumbria Police,-1.435986,54.989515,On or near Supermarket,E01008666,South Tyneside 002C,Shoplifting,Status update unavailable,
75a134509c385cbf531f6d9502fc33c917090efeda7da9d885beba4afdd00dbb,2024-10,Northumbria Police,Northumbria Police,-1.437228,54.987273,On or near High Shields Close,E01008666,South Tyneside 002C,Vehicle crime,Status update unavailable,
69519227f343779b8dd20a4e71cc0eec3f8f1bf11cad9d2e25fc7dbf969d6603,2024-10,Northumbria Police,Northumbria Police,-1.439574,54.988263,On or near Garden Gate Drive,E01008666,South Tyneside 002C,Vehicle crime,Investigation complete; no suspect identified,
7706b508895c291c80ececb8a89f3a3ea11e37e045f0f81666c426472b55c349,2024-10,Northumbria Police,Northumbria Police,-1.438812,54.986903,On or near Harvey Close,E01008666,South Tyneside 002C,Vehicle crime,Status update unavailable,
aa9d17caa12fbf0a157d44bc55a4f850c03df8e955808ef52981143fc7393c5a,2024-10,Northumbria Police,Northumbria Police,-1.439574,54.988263,On or near Garden Gate Drive,E01008666,South Tyneside 002C,Vehicle crime,Investigation complete; no suspect identified,
2b1a5a0548ece3f5eba899052d26d1ca7859d9d83df08fd371d003f9ac768796,2024-10,Northumbria Police,Northumbria Police,-1.439574,54.988263,On or near Garden Gate Drive,E01008666,South Tyneside 002C,Vehicle crime,Investigation complete; no suspect identified,
b82b00c062e7112acc5c718eb9288176deb6f76afad0875ed7104b24a01f8471,2024-10,Northumbria Police,Northumbria Police,-1.437228,54.987273,On or near High Shields Close,E01008666,South Tyneside 002C,Vehicle crime,Status update unavailable,
70d20ceeb03ea95337be9ee2baa7816091bbc76bcf4f6b1f5383927b04a366bd,2024-10,Northumbria Police,Northumbria Police,-1.439574,54.988263,On or near Garden Gate Drive,E01008666,South Tyneside 002C,Vehicle crime,Status update unavailable,
22791c491d71f338e075088c3174aae03fad0aeb9eb118be8e88a275cff1f867,2024-10,Northumbria Police,Northumbria Police,-1.433808,54.988228,On or near Dixon Street,E01008666,South Tyneside 002C,Violence and sexual offences,Status update unavailable,
ef37956f4db0708c32c67a19600466ea1a1740c5d7dd9cf45d0be27cc558a3d6,2024-10,Northumbria Police,Northumbria Police,-1.435461,54.984066,On or near Grace Court,E01008666,South Tyneside 002C,Violence and sexual offences,Status update unavailable,
6bd1add6360ef3291ad25438ce947d092f5e616c0583eacdff55fa1773494301,2024-10,Northumbria Police,Northumbria Police,-1.435461,54.984066,On or near Grace Court,E01008666,South Tyneside 002C,Violence and sexual offences,Status update unavailable,
281c733913cf8a1be24bfa4f3f346cd7cbc050c92ca504a79901b6e6d83f5f84,2024-10,Northumbria Police,Northumbria Police,-1.438641,54.991314,On or near Parking Area,E01008666,South Tyneside 002C,Violence and sexual offences,Status update unavailable,
637a68b72ba337b5161cd9c79e7d1aad6ae89ffd8a78406df1bbb0393d90e78e,2024-10,Northumbria Police,Northumbria Police,-1.434180,54.990099,On or near Sports/Recreation Area,E01008666,South Tyneside 002C,Violence and sexual offences,Status update unavailable,
91ce7138ce56d5e19034df35358642fe3cc0a53942fef840334e3ff142787186,2024-10,Northumbria Police,Northumbria Police,-1.437293,54.989358,On or near Frederick Street,E01008666,South Tyneside 002C,Violence and sexual offences,Status update unavailable,
8ef9d78d8d6f820ae4f34ac4be38ca7bf007c4b25147981703ef3c1433c01b46,2024-10,Northumbria Police,Northumbria Police,-1.434180,54.990099,On or near Sports/Recreation Area,E01008666,South Tyneside 002C,Violence and sexual offences,Status update unavailable,
15cc707cef604f23d7b1b634dc4311a0959ee7ab83c61a215246adba9acad09d,2024-10,Northumbria Police,Northumbria Police,-1.434180,54.990099,On or near Sports/Recreation Area,E01008666,South Tyneside 002C,Violence and sexual offences,Status update unavailable,
ed98ba85e093935507129dec26594e72c90b5790b3e22b584a577e1b5a2b75c2,2024-10,Northumbria Police,Northumbria Police,-1.435461,54.984066,On or near Grace Court,E01008666,South Tyneside 002C,Violence and sexual offences,Investigation complete; no suspect identified,
92c55f4b1fc66f5fabefbabf0e2ce989b03d02f85790d98a37292579de3de543,2024-10,Northumbria Police,Northumbria Police,-1.434615,54.989750,On or near St Mark'S Way,E01008666,South Tyneside 002C,Violence and sexual offences,Status update unavailable,
4f386f44dac09a8b6d461e6687cfa33c8136c5df9c9cdad2eaac77a5a5b5170c,2024-10,Northumbria Police,Northumbria Police,-1.434615,54.989750,On or near St Mark'S Way,E01008666,South Tyneside 002C,Violence and sexual offences,Investigation complete; no suspect identified,
0f7d4765d737b91dfcb262ffa566459e73273c8e6d3141c523798ab36dd301ad,2024-10,Northumbria Police,Northumbria Police,-1.434780,54.984710,On or near Dean Road,E01008666,South Tyneside 002C,Violence and sexual offences,Status update unavailable,
,2024-10,Northumbria Police,Northumbria Police,-1.438367,54.995285,On or near Parking Area,E01008667,South Tyneside 002D,Anti-social behaviour,,
,2024-10,Northumbria Police,Northumbria Police,-1.438367,54.995285,On or near Parking Area,E01008667,South Tyneside 002D,Anti-social behaviour,,
,2024-10,Northumbria Police,Northumbria Police,-1.432243,54.993909,On or near Crossgate,E01008667,South Tyneside 002D,Anti-social behaviour,,
,2024-10,Northumbria Police,Northumbria Police,-1.439770,54.994420,On or near Riverside Court,E01008667,South Tyneside 002D,Anti-social behaviour,,
,2024-10,Northumbria Police,Northumbria Police,-1.439770,54.994420,On or near Riverside Court,E01008667,South Tyneside 002D,Anti-social behaviour,,
,2024-10,Northumbria Police,Northumbria Police,-1.438367,54.995285,On or near Parking Area,E01008667,South Tyneside 002D,Anti-social behaviour,,
,2024-10,Northumbria Police,Northumbria Police,-1.439650,54.995156,On or near Mill Dam,E01008667,South Tyneside 002D,Anti-social behaviour,,
,2024-10,Northumbria Police,Northumbria Police,-1.439650,54.995156,On or near Mill Dam,E01008667,South Tyneside 002D,Anti-social behaviour,,
3cedcec18e8aa02a536ff6eb8f6ff4f08b866ca42b318a7cefbe188fc3296f6c,2024-10,Northumbria Police,Northumbria Police,-1.439042,55.000671,On or near Long Row,E01008667,South Tyneside 002D,Bicycle theft,Investigation complete; no suspect identified,
9fddd59d1985bcf4dec14928a959324cb2f66919bf63fb5cbe0159bcc6843093,2024-10,Northumbria Police,Northumbria Police,-1.439770,54.994420,On or near Riverside Court,E01008667,South Tyneside 002D,Burglary,Investigation complete; no suspect identified,
0bde35dce806bf5a1f16dc7f26a78189e8363897ac5dbc85b17c13693289a64b,2024-10,Northumbria Police,Northumbria Police,-1.439626,54.997987,On or near Coble Landing,E01008667,South Tyneside 002D,Burglary,Investigation complete; no suspect identified,
71cdc94cbc88c8e169a77c15eb99c0afab1d2660e9bad3bca2fc89b81f3a7692,2024-10,Northumbria Police,Northumbria Police,-1.438367,54.995285,On or near Parking Area,E01008667,South Tyneside 002D,Burglary,Investigation complete; no suspect identified,
ba0bf0ab7366ec8950c0c8e18153b6d4bce4879fdf3bb83139a067d20a74bdb3,2024-10,Northumbria Police,Northumbria Police,-1.430511,54.992643,On or near Derby Terrace,E01008667,South Tyneside 002D,Burglary,Status update unavailable,
0ac8a0a1f4666d96cf80583b63748f03df4fcdab84e973fc076b7cfb7b835bbe,2024-10,Northumbria Police,Northumbria Police,-1.444446,54.989670,On or near Windmill Hill,E01008667,South Tyneside 002D,Criminal damage and arson,Investigation complete; no suspect identified,
6326f9d85c0f85943e7c55f42f99b07275a73d0697df6c4c00eb64c1333be7db,2024-10,Northumbria Police,Northumbria Police,-1.430511,54.992643,On or near Derby Terrace,E01008667,South Tyneside 002D,Criminal damage and arson,Investigation complete; no suspect identified,
d7480a81c6cb25715d0e093cde50b03709ecbb36e5406d73f9556d5c1e4d8dac,2024-10,Northumbria Police,Northumbria Police,-1.438367,54.995285,On or near Parking Area,E01008667,South Tyneside 002D,Other theft,Investigation complete; no suspect identified,
89e4366a6c4daded1438c79a8c2184f08c935d796a291dfab52993bc5e62b1ac,2024-10,Northumbria Police,Northumbria Police,-1.438890,54.996977,On or near Ferry Street,E01008667,South Tyneside 002D,Other theft,Investigation complete; no suspect identified,
94a4a26528e0c8d7b437b8512468a2d2ee2741c5a51a73c900be1ed3705e9d4c,2024-10,Northumbria Police,Northumbria Police,-1.438367,54.995285,On or near Parking Area,E01008667,South Tyneside 002D,Shoplifting,Investigation complete; no suspect identified,
ba63fbe1639b8ad89e3de67c7aa17b66b37ca0607f8a524b739c84de7903553d,2024-10,Northumbria Police,Northumbria Police,-1.438890,54.996977,On or near Ferry Street,E01008667,South Tyneside 002D,Shoplifting,Court result unavailable,
a86c96f74cbfea6d755f7c9baeb553748e5aa84a08041c4178d88b97f43e0739,2024-10,Northumbria Police,Northumbria Police,-1.432103,54.996074,On or near Franklin Street,E01008667,South Tyneside 002D,Shoplifting,Suspect charged as part of another case,
36b447ebe342888aed8a6db5bfe4f401ab84f1d4a4eab4ce1e6006a66a344d19,2024-10,Northumbria Police,Northumbria Police,-1.439626,54.997987,On or near Coble Landing,E01008667,South Tyneside 002D,Shoplifting,Investigation complete; no suspect identified,
4a01e21f9354c199d7ef09fbc66b93cb66eb854d443abc2a04ab929e44e1bc94,2024-10,Northumbria Police,Northumbria Police,-1.432103,54.996074,On or near Franklin Street,E01008667,South Tyneside 002D,Shoplifting,Investigation complete; no suspect identified,
7fa77c5142cc09033a75232ae5663492348c397d22dd145c949232341ecf50b3,2024-10,Northumbria Police,Northumbria Police,-1.432103,54.996074,On or near Franklin Street,E01008667,South Tyneside 002D,Shoplifting,Investigation complete; no suspect identified,
a114142a78d98d599e1da4791a5de2af5b9f487e595e3108d633ca3f5551c12f,2024-10,Northumbria Police,Northumbria Police,-1.439626,54.997987,On or near Coble Landing,E01008667,South Tyneside 002D,Shoplifting,Court result unavailable,
ebe94811ad962c97feacdc626e9c2c99ebf744d0ed1bf31c6f50de0e549d3cfc,2024-10,Northumbria Police,Northumbria Police,-1.438890,54.996977,On or near Ferry Street,E01008667,South Tyneside 002D,Shoplifting,Status update unavailable,
b1a4f20fc447ee6c001bded6ea7f0dee20a7792726e5f5c441aff11e0e20bf77,2024-10,Northumbria Police,Northumbria Police,-1.438367,54.995285,On or near Parking Area,E01008667,South Tyneside 002D,Shoplifting,Court result unavailable,
80d76748dd98323c4e857fb41b336dc0cee89d555fb19638529fcc34740f5fef,2024-10,Northumbria Police,Northumbria Police,-1.432103,54.996074,On or near Franklin Street,E01008667,South Tyneside 002D,Shoplifting,Status update unavailable,
0ed7845c9661b7be93e88b511393f7eb97270e97bb9947f6eb3a57db3f20af38,2024-10,Northumbria Police,Northumbria Police,-1.438367,54.995285,On or near Parking Area,E01008667,South Tyneside 002D,Shoplifting,Status update unavailable,
c353b8508248b9c456a834cf860871b61d92a5f9bae7d3bfa119636f7ddef6e9,2024-10,Northumbria Police,Northumbria Police,-1.438367,54.995285,On or near Parking Area,E01008667,South Tyneside 002D,Shoplifting,Court result unavailable,
a8f412687c528b2e8e861c12e3974786a75abbf94d29a1ea05a0165076fab9b8,2024-10,Northumbria Police,Northumbria Police,-1.438367,54.995285,On or near Parking Area,E01008667,South Tyneside 002D,Shoplifting,Investigation complete; no suspect identified,
4b652b28dfa6fef577e405106b03097eff473c0226ba05de24e5e5db19147cc1,2024-10,Northumbria Police,Northumbria Police,-1.432103,54.996074,On or near Franklin Street,E01008667,South Tyneside 002D,Shoplifting,Court result unavailable,
f52b98077102fabfdfd1a48631b8fa5672e80b5a704814e4cb8cb5ff37c8a139,2024-10,Northumbria Police,Northumbria Police,-1.432103,54.996074,On or near Franklin Street,E01008667,South Tyneside 002D,Shoplifting,Court result unavailable,
6abc1794d644d419bc18507b350c367fe25e6b72714be8130b9ab8279cfa8b15,2024-10,Northumbria Police,Northumbria Police,-1.432103,54.996074,On or near Franklin Street,E01008667,South Tyneside 002D,Shoplifting,Investigation complete; no suspect identified,
e21b9bbe1e973c623d4c10244b9be7c0438a9bc544f07f8e948cd5ce6f0dd675,2024-10,Northumbria Police,Northumbria Police,-1.432103,54.996074,On or near Franklin Street,E01008667,South Tyneside 002D,Shoplifting,Status update unavailable,
cd4ab22fbddb1f809efa42926a15bb964dea598d2cdb4bff54fb95116f1e3993,2024-10,Northumbria Police,Northumbria Police,-1.432103,54.996074,On or near Franklin Street,E01008667,South Tyneside 002D,Shoplifting,Investigation complete; no suspect identified,
c6676599b1e905a1403ded59f5751b4321f9632d7b1b6763f2a4fa057444f060,2024-10,Northumbria Police,Northumbria Police,-1.438367,54.995285,On or near Parking Area,E01008667,South Tyneside 002D,Shoplifting,Investigation complete; no suspect identified,
e895c571e6049fd9753e91d35d35310cefb7538ca08d08d5d3ccb035a65e1fc9,2024-10,Northumbria Police,Northumbria Police,-1.438367,54.995285,On or near Parking Area,E01008667,South Tyneside 002D,Shoplifting,Investigation complete; no suspect identified,
36d3cecf4abea69575ad5c0908b289066339acc50d1291eb3b23cd6c3afc1353,2024-10,Northumbria Police,Northumbria Police,-1.439626,54.997987,On or near Coble Landing,E01008667,South Tyneside 002D,Shoplifting,Investigation complete; no suspect identified,
31e17170d406d7ee4e90ca26aa504ee477b34f0e6d9aa4224187e452970e4685,2024-10,Northumbria Police,Northumbria Police,-1.438367,54.995285,On or near Parking Area,E01008667,South Tyneside 002D,Shoplifting,Court result unavailable,
213614fe9e7cc6b00daf466d35576d9617867aba7f9b309dbaa5fcf50499ac43,2024-10,Northumbria Police,Northumbria Police,-1.432103,54.996074,On or near Franklin Street,E01008667,South Tyneside 002D,Shoplifting,Status update unavailable,
e3312aa5bf957ea0d74616b6e3ceb05e5d55079f248fd26a7493c8218ba57e67,2024-10,Northumbria Police,Northumbria Police,-1.438367,54.995285,On or near Parking Area,E01008667,South Tyneside 002D,Vehicle crime,Court result unavailable,
3c3059fefea23f7a193a006f010de2ea96f19db4686c588434a433102117fb93,2024-10,Northumbria Police,Northumbria Police,-1.432243,54.993909,On or near Crossgate,E01008667,South Tyneside 002D,Vehicle crime,Status update unavailable,
63a40894b794bbe3b426b13c9940270ff706ca33295c9f641059aef02f4c5629,2024-10,Northumbria Police,Northumbria Police,-1.443013,54.989384,On or near Cornwallis Square,E01008667,South Tyneside 002D,Vehicle crime,Investigation complete; no suspect identified,
fc096e9d5e4f97dc933224413cbb8c784eaa3c7cc060067f83ba7edd2ca3a291,2024-10,Northumbria Police,Northumbria Police,-1.432176,54.990916,On or near Parking Area,E01008667,South Tyneside 002D,Violence and sexual offences,Status update unavailable,
b93e581e79df845f64f93eea46df1d4b052fcd1f81a2992407da4bfde773c171,2024-10,Northumbria Police,Northumbria Police,-1.430511,54.992643,On or near Derby Terrace,E01008667,South Tyneside 002D,Violence and sexual offences,Status update unavailable,
b5367f003044c05db05dc5fab7915c6ff6bed83c1726d1476545901195d4df35,2024-10,Northumbria Police,Northumbria Police,-1.437664,54.993026,On or near Police Station,E01008667,South Tyneside 002D,Violence and sexual offences,Status update unavailable,
19514892d054b09073241309eba21ca33aef4c658f78f689b8fabd190f71f30b,2024-10,Northumbria Police,Northumbria Police,-1.439770,54.994420,On or near Riverside Court,E01008667,South Tyneside 002D,Violence and sexual offences,Status update unavailable,
95b41b7f52dbc6ce79719bf5003fbc51edd13309c8bb584d17aebda693c8657a,2024-10,Northumbria Police,Northumbria Police,-1.444446,54.989670,On or near Windmill Hill,E01008667,South Tyneside 002D,Violence and sexual offences,Status update unavailable,
f7a83dba26e98edcc4bc4598b7485781f964320fa2d2056c243b365bc29a153a,2024-10,Northumbria Police,Northumbria Police,-1.438367,54.995285,On or near Parking Area,E01008667,South Tyneside 002D,Violence and sexual offences,Status update unavailable,
8a235012db503d11af94528a8050e390f9406e94f156742ce11a2ff93faaa5dc,2024-10,Northumbria Police,Northumbria Police,-1.438890,54.996977,On or near Ferry Street,E01008667,South Tyneside 002D,Violence and sexual offences,Court result unavailable,
079c8e8712c8be0541bbb1d773fc3ff7d09918914a1144b71796dca8be417214,2024-10,Northumbria Police,Northumbria Police,-1.438367,54.995285,On or near Parking Area,E01008667,South Tyneside 002D,Violence and sexual offences,Investigation complete; no suspect identified,
c777b1d759829dfef8d44d859737d2cb552ff742a7805caa857276574efe296f,2024-10,Northumbria Police,Northumbria Police,-1.432176,54.990916,On or near Parking Area,E01008667,South Tyneside 002D,Violence and sexual offences,Status update unavailable,
013efccb4f0a5d8a05805d4f576134fd142da808856777817520317a30b93d96,2024-10,Northumbria Police,Northumbria Police,-1.438367,54.995285,On or near Parking Area,E01008667,South Tyneside 002D,Violence and sexual offences,Status update unavailable,
4ffe71214193ffe2cfc7d9ce1fadf4008633df544cfd8c5ac92f9baeaf8a5203,2024-10,Northumbria Police,Northumbria Police,-1.438890,54.996977,On or near Ferry Street,E01008667,South Tyneside 002D,Violence and sexual offences,Investigation complete; no suspect identified,
e63f7ec75215bfb8fa1c1540ad6e6165b33ed04efdbf3041de38b0b51c363b35,2024-10,Northumbria Police,Northumbria Police,-1.438367,54.995285,On or near Parking Area,E01008667,South Tyneside 002D,Violence and sexual offences,Investigation complete; no suspect identified,
7f8c877be2e28ec8641db747648366d801f6afebd5aa26b73d61d10a79df8aeb,2024-10,Northumbria Police,Northumbria Police,-1.432103,54.996074,On or near Franklin Street,E01008667,South Tyneside 002D,Violence and sexual offences,Status update unavailable,
09b41b56cda6b364f1759def7729347778a98ba2d49ab366d6f10244ba431e05,2024-10,Northumbria Police,Northumbria Police,-1.432103,54.996074,On or near Franklin Street,E01008667,South Tyneside 002D,Other crime,Investigation complete; no suspect identified,
94b27300ddbb9718e1b0d0f50e5d74622e8ec753a0548da3ff8eeb5149676f44,2024-10,Northumbria Police,Northumbria Police,-1.439565,54.999038,On or near Broad Landing,E01008667,South Tyneside 002D,Other crime,Investigation complete; no suspect identified,
7bbbf09f4d25eaaa37474a6bb6e135e41ad4905a3bfad6c6ab8716268c283e88,2024-10,Northumbria Police,Northumbria Police,-1.443013,54.989384,On or near Cornwallis Square,E01008667,South Tyneside 002D,Other crime,Status update unavailable,
,2024-10,Northumbria Police,Northumbria Police,-1.428880,54.990784,On or near Parking Area,E01008668,South Tyneside 002E,Anti-social behaviour,,
,2024-10,Northumbria Police,Northumbria Police,-1.428498,54.992364,On or near Elizabeth Street,E01008668,South Tyneside 002E,Anti-social behaviour,,
6bbf686d54519dc82613b4e100b83203651afdd96b0b52f612ef63d2ba242803,2024-10,Northumbria Police,Northumbria Police,-1.429733,54.989035,On or near Kenton Court,E01008668,South Tyneside 002E,Bicycle theft,Investigation complete; no suspect identified,
ba8990791c82822aefbae549a1df67f31af98d200a3f1c670610d3450f97d7cb,2024-10,Northumbria Police,Northumbria Police,-1.424019,54.987544,On or near Ada Street,E01008668,South Tyneside 002E,Burglary,Status update unavailable,
10a9f7a1eded2d9b430570feaca82ec4ca8d1c29b7130285a82497befeee8f7b,2024-10,Northumbria Police,Northumbria Police,-1.428880,54.990784,On or near Parking Area,E01008668,South Tyneside 002E,Criminal damage and arson,Investigation complete; no suspect identified,
a101057eae1bddd0bbd260604590044824bbeeecba69d70cab2c934dd313eb61,2024-10,Northumbria Police,Northumbria Police,-1.429733,54.989035,On or near Kenton Court,E01008668,South Tyneside 002E,Criminal damage and arson,Investigation complete; no suspect identified,
1b9d110c811d35eaebb5862a05f7b92978a2caca577cfab21855e8944b50f4a6,2024-10,Northumbria Police,Northumbria Police,-1.427611,54.988810,On or near Ryton Court,E01008668,South Tyneside 002E,Criminal damage and arson,Investigation complete; no suspect identified,
83397894e67eda757139f5c3b7fa528c192d27946e903b3e4106b439e1a402b0,2024-10,Northumbria Police,Northumbria Police,-1.427110,54.986669,On or near Marsden Street,E01008668,South Tyneside 002E,Criminal damage and arson,Investigation complete; no suspect identified,
ba0f400cd64ad8c10f87ae51b38ead2bffec0f7daac0797fff3e364b8814dabe,2024-10,Northumbria Police,Northumbria Police,-1.428255,54.991868,On or near Robinson Street,E01008668,South Tyneside 002E,Criminal damage and arson,Investigation complete; no suspect identified,
15c2ff9620e1a7eb6add5a4e87b35125bc0785f93994daf007d80d85834a677c,2024-10,Northumbria Police,Northumbria Police,-1.431085,54.990704,On or near Victoria Road,E01008668,South Tyneside 002E,Criminal damage and arson,Status update unavailable,
ec84de211b0b84e63df6f21b3e1963d53ba408c903e8b0e472e9a4120a568701,2024-10,Northumbria Police,Northumbria Police,-1.429112,54.986588,On or near Byron Street,E01008668,South Tyneside 002E,Drugs,Offender given a caution,
4716c501c64ff9d3885198469073dd1e93e3fba39b95db1926770d3daefaa9c9,2024-10,Northumbria Police,Northumbria Police,-1.427611,54.988810,On or near Ryton Court,E01008668,South Tyneside 002E,Drugs,Investigation complete; no suspect identified,
1f260eb1c35b8dfa6c193dcaf561c1dac599346501b9bfae6c5ba92266100087,2024-10,Northumbria Police,Northumbria Police,-1.428255,54.991868,On or near Robinson Street,E01008668,South Tyneside 002E,Drugs,Investigation complete; no suspect identified,
8b0783030f8595a5a5fb03eef6704287876a163785dca1bfb96df822174671fb,2024-10,Northumbria Police,Northumbria Police,-1.424019,54.987544,On or near Ada Street,E01008668,South Tyneside 002E,Drugs,Status update unavailable,
7f57a2094b568de597d549aaf6d9435917ab9d3531ce60af6b75067eee7c48c9,2024-10,Northumbria Police,Northumbria Police,-1.429733,54.989035,On or near Kenton Court,E01008668,South Tyneside 002E,Public order,Investigation complete; no suspect identified,
aa016790d236908f00a47e88f223e642019896ed0df4a17c81083a16ab205782,2024-10,Northumbria Police,Northumbria Police,-1.429493,54.990571,On or near John Clay Street,E01008668,South Tyneside 002E,Public order,Investigation complete; no suspect identified,
3d2b42b3c3ccd4b11a072f2bdd71e1fe94a090e6da97ed2e357ff13b66651f5d,2024-10,Northumbria Police,Northumbria Police,-1.429733,54.989035,On or near Kenton Court,E01008668,South Tyneside 002E,Public order,Status update unavailable,
52d95d4b93cb015fc3fe6a1b60f504ed9543fd764455b931c8d2aed65c200743,2024-10,Northumbria Police,Northumbria Police,-1.429493,54.990571,On or near John Clay Street,E01008668,South Tyneside 002E,Shoplifting,Court result unavailable,
bbba77f4187e5b0dd9141c6dabf8d88a74b99fc22769caa50211440e11e13ba6,2024-10,Northumbria Police,Northumbria Police,-1.429493,54.990571,On or near John Clay Street,E01008668,South Tyneside 002E,Shoplifting,Court result unavailable,
79873c88b6e141bf287c9587b06c743cd37e329bad2a6e5e8eccb0f75d21ad10,2024-10,Northumbria Police,Northumbria Police,-1.429493,54.990571,On or near John Clay Street,E01008668,South Tyneside 002E,Shoplifting,Court result unavailable,
892751b3e26bd4a8d08addce25dcd815da2e942d871d71cf77f94303d7d26de3,2024-10,Northumbria Police,Northumbria Police,-1.429493,54.990571,On or near John Clay Street,E01008668,South Tyneside 002E,Shoplifting,Status update unavailable,
738a8f3b2e24e0e882fdffa97c09e3a2e796659f48e452e90cbd7bf63b12b568,2024-10,Northumbria Police,Northumbria Police,-1.424019,54.987544,On or near Ada Street,E01008668,South Tyneside 002E,Shoplifting,Status update unavailable,
461d26e87f80142ae7416f20bfeb19fa73401fb2ec187a92bd53f31d755478af,2024-10,Northumbria Police,Northumbria Police,-1.429493,54.990571,On or near John Clay Street,E01008668,South Tyneside 002E,Shoplifting,Court result unavailable,
aa0e8ad7a2c2c2bcc7c319340d60de928eb07e42820b201dde5b31ad1a79889e,2024-10,Northumbria Police,Northumbria Police,-1.429493,54.990571,On or near John Clay Street,E01008668,South Tyneside 002E,Shoplifting,Court result unavailable,
aff113db5a678dfa684f14d49fe38732110881e635a466a5981251cfb1c8c4e1,2024-10,Northumbria Police,Northumbria Police,-1.429493,54.990571,On or near John Clay Street,E01008668,South Tyneside 002E,Shoplifting,Investigation complete; no suspect identified,
d759063605c48007f357e00d459fa60c3efb6eb1640b97e922e3aa6166f578f8,2024-10,Northumbria Police,Northumbria Police,-1.429493,54.990571,On or near John Clay Street,E01008668,South Tyneside 002E,Shoplifting,Investigation complete; no suspect identified,
5871d47da49f060f6fe59b64b41116561638ecb39424906be8fdba8b68801373,2024-10,Northumbria Police,Northumbria Police,-1.428498,54.992364,On or near Elizabeth Street,E01008668,South Tyneside 002E,Vehicle crime,Investigation complete; no suspect identified,
aa0d3562ec5356bbb3c7b9707bb774e630439c2842c049bb6a7da388945cc85f,2024-10,Northumbria Police,Northumbria Police,-1.429112,54.986588,On or near Byron Street,E01008668,South Tyneside 002E,Violence and sexual offences,Offender given a caution,
81a0c79a28f4b7c28102bc768391102ee0a40626f33812238b77ee1e3aee5577,2024-10,Northumbria Police,Northumbria Police,-1.431085,54.990704,On or near Victoria Road,E01008668,South Tyneside 002E,Violence and sexual offences,Investigation complete; no suspect identified,
21d4cfd8ffa96fa52348c65aa40e823475cc1215ad5f6cfc485b1377ca5af221,2024-10,Northumbria Police,Northumbria Police,-1.429943,54.988560,On or near Newburn Court,E01008668,South Tyneside 002E,Violence and sexual offences,Status update unavailable,
773ff74af5b8a596d68077c3cd10303874e2d138df6d9d08499f231d74b62747,2024-10,Northumbria Police,Northumbria Police,-1.426902,54.987009,On or near Parking Area,E01008668,South Tyneside 002E,Violence and sexual offences,Investigation complete; no suspect identified,
390d63fe6a8022270bfa57760a01f3e6d8fce8bad8702683148f9f3046955c8f,2024-10,Northumbria Police,Northumbria Police,-1.429733,54.989035,On or near Kenton Court,E01008668,South Tyneside 002E,Violence and sexual offences,Investigation complete; no suspect identified,
fb004b2b309be397676a79af86c7ef029b49365fa832587e015384e922f9fec0,2024-10,Northumbria Police,Northumbria Police,-1.429112,54.986588,On or near Byron Street,E01008668,South Tyneside 002E,Violence and sexual offences,Offender given a caution,
c51fa969f27466d4281eb9dd82f1a35dddb6a6a6f9de2e91851d30873953ba78,2024-10,Northumbria Police,Northumbria Police,-1.428880,54.990784,On or near Parking Area,E01008668,South Tyneside 002E,Violence and sexual offences,Status update unavailable,
18149ed6e18176da987a0eb21e55af05abc2345cf6d99fb21b1be7a4ca2351cf,2024-10,Northumbria Police,Northumbria Police,-1.429733,54.989035,On or near Kenton Court,E01008668,South Tyneside 002E,Violence and sexual offences,Investigation complete; no suspect identified,
d2403b18eec5b7df7b77691c0a5b11cde3a0d5a3bbc4f661843aa24ca1216fc8,2024-10,Northumbria Police,Northumbria Police,-1.424019,54.987544,On or near Ada Street,E01008668,South Tyneside 002E,Violence and sexual offences,Status update unavailable,
d74551f7df93111e9c7fa3433aa32d4f04a2a7333a99d163f0375a8d4302cc1c,2024-10,Northumbria Police,Northumbria Police,-1.428880,54.990784,On or near Parking Area,E01008668,South Tyneside 002E,Violence and sexual offences,Investigation complete; no suspect identified,
92e7e0b91fd5a5d6729d403a2a2bae3c165954cfd9b07fb2c054d294726b74c8,2024-10,Northumbria Police,Northumbria Police,-1.431085,54.990704,On or near Victoria Road,E01008668,South Tyneside 002E,Violence and sexual offences,Status update unavailable,
d44ce6bddf096051788236df0c8045b432b66bab2720b27222cea77c4decef0b,2024-10,Northumbria Police,Northumbria Police,-1.421495,54.989230,On or near Readhead Avenue,E01008675,South Tyneside 003B,Criminal damage and arson,Investigation complete; no suspect identified,
6ae271b022f21a01e6f8f04f4b1853c6dd7d68410df051f3801fb9a9c0404352,2024-10,Northumbria Police,Northumbria Police,-1.420270,54.989611,On or near Westoe Avenue,E01008675,South Tyneside 003B,Criminal damage and arson,Investigation complete; no suspect identified,
2058746728d404c8f4f2c2746a8ce38d44a39a2986895099cf6a9d9a1aa2b4d2,2024-10,Northumbria Police,Northumbria Police,-1.419852,54.992556,On or near Leighton Street,E01008675,South Tyneside 003B,Other theft,Investigation complete; no suspect identified,
2a19177d41277368495d9476eb226071608f23ccec0603b6508cf0943ffba932,2024-10,Northumbria Police,Northumbria Police,-1.417132,54.992606,On or near Eccleston Road,E01008675,South Tyneside 003B,Public order,Investigation complete; no suspect identified,
a062697f54ed1a2f9dc1f430189a1dfd98471be2e8cc13f765b952990ee75518,2024-10,Northumbria Police,Northumbria Police,-1.421495,54.989230,On or near Readhead Avenue,E01008675,South Tyneside 003B,Violence and sexual offences,Status update unavailable,
411897802fdff4e519088175e18c13963394b0d151a12a1e36638405213721c4,2024-10,Northumbria Police,Northumbria Police,-1.419852,54.992556,On or near Leighton Street,E01008675,South Tyneside 003B,Violence and sexual offences,Court result unavailable,
2249cdf8b77e445f2d81aa3b734291b6141c666d9a0e41562ed1b379eba60381,2024-10,Northumbria Police,Northumbria Police,-1.419852,54.992556,On or near Leighton Street,E01008675,South Tyneside 003B,Violence and sexual offences,Court result unavailable,
,2024-10,Northumbria Police,Northumbria Police,-1.425123,54.990137,On or near Hunter Street,E01008676,South Tyneside 003C,Anti-social behaviour,,
ffae153df2849d2d141cb7bc1a759759b5e86f5766564a6e0cf525e0fbed5807,2024-10,Northumbria Police,Northumbria Police,-1.420024,54.991524,On or near Lord Street,E01008676,South Tyneside 003C,Public order,Status update unavailable,
b62861f1d9666141aa1897f579c234a20d0b2bcef0562f20b4cac6a01e28e926,2024-10,Northumbria Police,Northumbria Police,-1.424598,54.990746,On or near St Michael'S Avenue North,E01008676,South Tyneside 003C,Public order,Investigation complete; no suspect identified,
ae339f6583f80f19dd00b2978b2e095e97866f2e1025805851c2bfa58a07e382,2024-10,Northumbria Police,Northumbria Police,-1.425783,54.990967,On or near Robert Street,E01008676,South Tyneside 003C,Vehicle crime,Investigation complete; no suspect identified,
74bdcabf6ac02902e1c198bccc7ce306cc775a0515351b93a19ffeabec5defd2,2024-10,Northumbria Police,Northumbria Police,-1.425783,54.990967,On or near Robert Street,E01008676,South Tyneside 003C,Violence and sexual offences,Status update unavailable,
3ce6049253f9098fcaa746c5dedfa4c68850e5240a7f2fe77b910d7485cbbc2b,2024-10,Northumbria Police,Northumbria Police,-1.422030,54.990904,On or near Sports/Recreation Area,E01008676,South Tyneside 003C,Violence and sexual offences,Investigation complete; no suspect identified,
,2024-10,Northumbria Police,Northumbria Police,-1.415270,54.988437,On or near Phoenix Court,E01008677,South Tyneside 003D,Anti-social behaviour,,
25fdc6f5b5a27c6e4f86e4d982a238dd24ab7ffaa7811d8e99683e2851d062da,2024-10,Northumbria Police,Northumbria Police,-1.419046,54.988841,On or near Horsley Hill Road,E01008677,South Tyneside 003D,Other theft,Investigation complete; no suspect identified,
769ca2362e324a820fd4f192855879113815e4e6ceb0662c1cbad3b3d11c9b46,2024-10,Northumbria Police,Northumbria Police,-1.418717,54.990017,On or near Westcott Avenue,E01008677,South Tyneside 003D,Public order,Investigation complete; no suspect identified,
1c454ab029efcceee33f29858b526d8b0d5d185101d70bdf9d9d535ead5c5ed0,2024-10,Northumbria Police,Northumbria Police,-1.412828,54.987643,On or near Rockcliffe,E01008677,South Tyneside 003D,Vehicle crime,Investigation complete; no suspect identified,
06c970273d8391aaba57795b7a391d752b74220cdae2b75c4764805b1984e633,2024-10,Northumbria Police,Northumbria Police,-1.418143,54.990769,On or near St Vincent Street,E01008677,South Tyneside 003D,Violence and sexual offences,Investigation complete; no suspect identified,
e38cf97953693e0c76a9777f63e255a69474806f0a4ece63d3e92e61485a6e91,2024-10,Northumbria Police,Northumbria Police,-1.421162,54.987323,On or near Westoe Village,E01008677,South Tyneside 003D,Violence and sexual offences,Status update unavailable,
,2024-10,Northumbria Police,Northumbria Police,-1.428969,54.985653,On or near Marlborough Street North,E01008678,South Tyneside 003E,Anti-social behaviour,,
,2024-10,Northumbria Police,Northumbria Police,-1.426835,54.984034,On or near Marlborough Street South,E01008678,South Tyneside 003E,Anti-social behaviour,,
7f2b27bb6a531f212acbff5fca1f5826a0016b92675ff37edddd85cef3ab59ae,2024-10,Northumbria Police,Northumbria Police,-1.426932,54.984906,On or near Canterbury Street,E01008678,South Tyneside 003E,Criminal damage and arson,Investigation complete; no suspect identified,
b52ed0a3a1aeb53a87100ee968fd413a9891ee78b56b2fc43a0dbff3bbd4dd40,2024-10,Northumbria Police,Northumbria Police,-1.428969,54.985653,On or near Marlborough Street North,E01008678,South Tyneside 003E,Criminal damage and arson,Status update unavailable,
67c33ca9ac21d2165520ffad2ff3edf4da5e51b1f9e1717ec7079b616a0c8f3b,2024-10,Northumbria Police,Northumbria Police,-1.428969,54.985653,On or near Marlborough Street North,E01008678,South Tyneside 003E,Criminal damage and arson,Status update unavailable,
96caae168159fd62defbd5cc2461e29ccf5f667a2e9fe076a52efb22e274a505,2024-10,Northumbria Police,Northumbria Police,-1.426130,54.985280,On or near Hartington Terrace,E01008678,South Tyneside 003E,Public order,Court result unavailable,
fe2f97572cf3c3a78ec1944f81a6f2a27e8b1964fe583f9a97228a3444dde0f0,2024-10,Northumbria Police,Northumbria Police,-1.421642,54.985484,On or near College Drive,E01008678,South Tyneside 003E,Vehicle crime,Investigation complete; no suspect identified,
2b510840757c2bf5d2b2ab2099b5aa4dfb99376b75b186ee33531350d88c4a54,2024-10,Northumbria Police,Northumbria Police,-1.426130,54.985280,On or near Hartington Terrace,E01008678,South Tyneside 003E,Violence and sexual offences,Status update unavailable,
9636d89293026acec4a990de2e8a0477e4148e614cf73e56cd6ca9a9469caeb7,2024-10,Northumbria Police,Northumbria Police,-1.428969,54.985653,On or near Marlborough Street North,E01008678,South Tyneside 003E,Violence and sexual offences,Status update unavailable,
8ed02a5564e4409ced86328f437b70d8845d9990a3894cb1651e607abb660e51,2024-10,Northumbria Police,Northumbria Police,-1.426932,54.984906,On or near Canterbury Street,E01008678,South Tyneside 003E,Violence and sexual offences,Status update unavailable,
,2024-10,Northumbria Police,Northumbria Police,-1.404907,54.988539,On or near Bamburgh Avenue,E01008647,South Tyneside 004A,Anti-social behaviour,,
26b6cc7692008412071cf2e60782e65a33458faac7f1f70977a235eade04761a,2024-10,Northumbria Police,Northumbria Police,-1.404856,54.987811,On or near Bideford Gardens,E01008647,South Tyneside 004A,Vehicle crime,Investigation complete; no suspect identified,
747aac616089ef81e06468e46e525a80604a09a2993ef989798c0c4b0b5bfecc,2024-10,Northumbria Police,Northumbria Police,-1.396804,54.985929,On or near Coast Road,E01008647,South Tyneside 004A,Vehicle crime,Investigation complete; no suspect identified,
da3f1edf72d0ec2c6aa16c4a438afd7e058c1c72884d3007063d94f6ff5160e1,2024-10,Northumbria Police,Northumbria Police,-1.414248,54.992107,On or near Tadema Road,E01008648,South Tyneside 004B,Drugs,Offender given a caution,
9d597afd6031e857a9995359842c82c7cce28fe1b3845023ae8ab6d2027d01f7,2024-10,Northumbria Police,Northumbria Police,-1.410929,54.987158,On or near Eastfield Road,E01008648,South Tyneside 004B,Robbery,Investigation complete; no suspect identified,
bb44e4273495d58e2daa96fe0d514c1f12c6dba6ceb3c8b95d69fa6b38dd96e4,2024-10,Northumbria Police,Northumbria Police,-1.412652,54.991174,On or near Euryalus Court,E01008648,South Tyneside 004B,Violence and sexual offences,Investigation complete; no suspect identified,
3798e47ad9020563c863e3fc8ac0feac69e0d7d7f4b053f2811191db8eb8e526,2024-10,Northumbria Police,Northumbria Police,-1.412652,54.991174,On or near Euryalus Court,E01008648,South Tyneside 004B,Violence and sexual offences,Status update unavailable,
2084e4dbdf8f17eb631b0777f1f3cd0c9dea7b4af65b2bd1c91a73fd3ea3d753,2024-10,Northumbria Police,Northumbria Police,-1.414248,54.992107,On or near Tadema Road,E01008648,South Tyneside 004B,Violence and sexual offences,Status update unavailable,
491192e13920cbf1da5b5ab4f10e76002670730f3b4a4e820d2e7bf28ccaa6dd,2024-10,Northumbria Police,Northumbria Police,-1.414248,54.992107,On or near Tadema Road,E01008648,South Tyneside 004B,Violence and sexual offences,Status update unavailable,
87b861b04095d050f06bbf13b95b57f7a3821fc3aaf3fd3361c764f695e8eb55,2024-10,Northumbria Police,Northumbria Police,-1.392223,54.980901,On or near Cumberland Place,E01008649,South Tyneside 004C,Criminal damage and arson,Investigation complete; no suspect identified,
f6ad631752973d57e45143d9355c7ca1060c99ca8ea9391c2d12f3c9dd0ad638,2024-10,Northumbria Police,Northumbria Police,-1.390179,54.980711,On or near Suffolk Gardens,E01008649,South Tyneside 004C,Violence and sexual offences,Investigation complete; no suspect identified,
85316866f52139d10dec8a984ef2fe0d38eaf3094b07cb76941c94a79a02458d,2024-10,Northumbria Police,Northumbria Police,-1.390179,54.980711,On or near Suffolk Gardens,E01008649,South Tyneside 004C,Violence and sexual offences,Status update unavailable,
ff7c7372b069c5504338c714af6354b488829ad7633e63af0b07ba2c2be8df94,2024-10,Northumbria Police,Northumbria Police,-1.387165,54.979626,On or near Westmorland Road,E01008649,South Tyneside 004C,Violence and sexual offences,Investigation complete; no suspect identified,
61c96fbd3da2387821e63b262fff3f11619cb8f6af57a5290e83ab4af6c0712b,2024-10,Northumbria Police,Northumbria Police,-1.390896,54.981883,On or near Hertford Avenue,E01008649,South Tyneside 004C,Violence and sexual offences,Investigation complete; no suspect identified,
6d27285012ca4364426d18ba9c552ff06962d34659597b3f09041fb87f0a247b,2024-10,Northumbria Police,Northumbria Police,-1.385981,54.980429,On or near Norfolk Road,E01008649,South Tyneside 004C,Violence and sexual offences,Investigation complete; no suspect identified,
da4a0724d4f6c1518aea458854f72ba423208ef2b3311eddcaf5df4ee375c36c,2024-10,Northumbria Police,Northumbria Police,-1.389137,54.979358,On or near Hampshire Way,E01008649,South Tyneside 004C,Violence and sexual offences,Status update unavailable,
3f235141916475e03de15b38ae50eb211208319592eacd524f4763bab627fd48,2024-10,Northumbria Police,Northumbria Police,-1.390179,54.980711,On or near Suffolk Gardens,E01008649,South Tyneside 004C,Violence and sexual offences,Investigation complete; no suspect identified,
,2024-10,Northumbria Police,Northumbria Police,-1.397458,54.980900,On or near Parking Area,E01008651,South Tyneside 004D,Anti-social behaviour,,
,2024-10,Northumbria Police,Northumbria Police,-1.397039,54.983854,On or near Amble Avenue,E01008651,South Tyneside 004D,Anti-social behaviour,,
,2024-10,Northumbria Police,Northumbria Police,-1.397039,54.983854,On or near Amble Avenue,E01008651,South Tyneside 004D,Anti-social behaviour,,
,2024-10,Northumbria Police,Northumbria Police,-1.397458,54.980900,On or near Parking Area,E01008651,South Tyneside 004D,Anti-social behaviour,,
,2024-10,Northumbria Police,Northumbria Police,-1.398680,54.982766,On or near Frenchman'S Way,E01008651,South Tyneside 004D,Anti-social behaviour,,
6136e1bd7dc3e796f0b58b36df98e74a9c8e1df80c5679c6ee1ee3284b9ca5d9,2024-10,Northumbria Police,Northumbria Police,-1.403364,54.984038,On or near Cheviot Road,E01008651,South Tyneside 004D,Criminal damage and arson,Investigation complete; no suspect identified,
45bc584c96669528f6c710859a4184d9042691397d8d48e225f4f29062550496,2024-10,Northumbria Police,Northumbria Police,-1.393389,54.983405,On or near Chatton Avenue,E01008651,South Tyneside 004D,Criminal damage and arson,Investigation complete; no suspect identified,
83ea2a4f7daffa43484d09d75eed69c8accf29a9878c045f74f998bea6e70b8c,2024-10,Northumbria Police,Northumbria Police,-1.403364,54.984038,On or near Cheviot Road,E01008651,South Tyneside 004D,Drugs,Investigation complete; no suspect identified,
7734332120ee8d6ce8689dcfec891b90128d2596f7e08b01700651fecff38466,2024-10,Northumbria Police,Northumbria Police,-1.397247,54.981447,On or near Warkworth Avenue,E01008651,South Tyneside 004D,Other theft,Status update unavailable,
46999bcca8deb913cfc141c02ec65fcaef389be0d69289c8bfc597437caf29e7,2024-10,Northumbria Police,Northumbria Police,-1.401124,54.983353,On or near St Cuthbert'S Avenue,E01008651,South Tyneside 004D,Public order,Status update unavailable,
7e13131faebb2e9fd974f508467a85a7c3eecab18211487c7b8b8e86ed2ebbf7,2024-10,Northumbria Police,Northumbria Police,-1.398586,54.983808,On or near Coquet Avenue,E01008651,South Tyneside 004D,Public order,Status update unavailable,
db9d142d273c8796e35aaf0786db4feb965b4f57e347c4767d5914ce5c03694d,2024-10,Northumbria Police,Northumbria Police,-1.400073,54.982620,On or near Norham Avenue South,E01008651,South Tyneside 004D,Violence and sexual offences,Status update unavailable,
52743ce7f11b3bb06083a95ece8ef662553bdf1ed15e479a3af60e3543feeace,2024-10,Northumbria Police,Northumbria Police,-1.397247,54.981447,On or near Warkworth Avenue,E01008651,South Tyneside 004D,Violence and sexual offences,Investigation complete; no suspect identified,
2067507a21cd84abae338bb2359fb61f3c1be45889c0b7ac2202c1faead0ef32,2024-10,Northumbria Police,Northumbria Police,-1.395010,54.984689,On or near Bamburgh Grove,E01008651,South Tyneside 004D,Violence and sexual offences,Status update unavailable,
0b18e2a86259a49819125e01fc119b1ce1946a276f917cdf3f2564b805619434,2024-10,Northumbria Police,Northumbria Police,-1.397458,54.980900,On or near Parking Area,E01008651,South Tyneside 004D,Violence and sexual offences,Investigation complete; no suspect identified,
163ad24cf2a0d33d6c94df4b20fb702fa462b2554976d57ef2fedbe002c034ab,2024-10,Northumbria Police,Northumbria Police,-1.397247,54.981447,On or near Warkworth Avenue,E01008651,South Tyneside 004D,Violence and sexual offences,Investigation complete; no suspect identified,
4a2436819c71dbe982e10a1c457870b1e5cb5967b3ba34fbd3c9842a6200a151,2024-10,Northumbria Police,Northumbria Police,-1.395010,54.984689,On or near Bamburgh Grove,E01008651,South Tyneside 004D,Violence and sexual offences,Investigation complete; no suspect identified,
9cbdd66b2da269fe968b8a32c200ec5d46b5afb7c4c741a01660d49ccfff8800,2024-10,Northumbria Police,Northumbria Police,-1.398680,54.982766,On or near Frenchman'S Way,E01008651,South Tyneside 004D,Violence and sexual offences,Status update unavailable,
071a972ab31b5e04cbed503c988b1af1b6fdccc3a62329a73b8a7da76a2a0cf3,2024-10,Northumbria Police,Northumbria Police,-1.401124,54.983353,On or near St Cuthbert'S Avenue,E01008651,South Tyneside 004D,Violence and sexual offences,Investigation complete; no suspect identified,
b5bce7e6e700adfc3cb19b4e5578c867ba2991d933051ef3b05bed99c140ed86,2024-10,Northumbria Police,Northumbria Police,-1.397458,54.980900,On or near Parking Area,E01008651,South Tyneside 004D,Violence and sexual offences,Investigation complete; no suspect identified,
,2024-10,Northumbria Police,Northumbria Police,-1.433686,54.982458,On or near West Park Road,E01008679,South Tyneside 005A,Anti-social behaviour,,
,2024-10,Northumbria Police,Northumbria Police,-1.433686,54.982458,On or near West Park Road,E01008679,South Tyneside 005A,Anti-social behaviour,,
,2024-10,Northumbria Police,Northumbria Police,-1.429506,54.978610,On or near Ascot Gardens,E01008679,South Tyneside 005A,Anti-social behaviour,,
,2024-10,Northumbria Police,Northumbria Police,-1.433686,54.982458,On or near West Park Road,E01008679,South Tyneside 005A,Anti-social behaviour,,
,2024-10,Northumbria Police,Northumbria Police,-1.433686,54.982458,On or near West Park Road,E01008679,South Tyneside 005A,Anti-social behaviour,,
,2024-10,Northumbria Police,Northumbria Police,-1.433686,54.982458,On or near West Park Road,E01008679,South Tyneside 005A,Anti-social behaviour,,
,2024-10,Northumbria Police,Northumbria Police,-1.433686,54.982458,On or near West Park Road,E01008679,South Tyneside 005A,Anti-social behaviour,,
,2024-10,Northumbria Police,Northumbria Police,-1.433686,54.982458,On or near West Park Road,E01008679,South Tyneside 005A,Anti-social behaviour,,
,2024-10,Northumbria Police,Northumbria Police,-1.433209,54.978619,On or near Stanhope Road,E01008679,South Tyneside 005A,Anti-social behaviour,,
,2024-10,Northumbria Police,Northumbria Police,-1.433686,54.982458,On or near West Park Road,E01008679,South Tyneside 005A,Anti-social behaviour,,
,2024-10,Northumbria Police,Northumbria Police,-1.433686,54.982458,On or near West Park Road,E01008679,South Tyneside 005A,Anti-social behaviour,,
,2024-10,Northumbria Police,Northumbria Police,-1.433686,54.982458,On or near West Park Road,E01008679,South Tyneside 005A,Anti-social behaviour,,
,2024-10,Northumbria Police,Northumbria Police,-1.433209,54.978619,On or near Stanhope Road,E01008679,South Tyneside 005A,Anti-social behaviour,,
,2024-10,Northumbria Police,Northumbria Police,-1.433686,54.982458,On or near West Park Road,E01008679,South Tyneside 005A,Anti-social behaviour,,
478a47c5c30b8ce5c20fcbfedaa72c5876847e03514ef73cd674118c7237191c,2024-10,Northumbria Police,Northumbria Police,-1.423154,54.975929,On or near Temple Park Road,E01008679,South Tyneside 005A,Burglary,Status update unavailable,
6fa97fa90c92b725e641c8fa1bbbb23f1d6af4cbadb335ed847b60fa11bf9c23,2024-10,Northumbria Police,Northumbria Police,-1.433209,54.978619,On or near Stanhope Road,E01008679,South Tyneside 005A,Other theft,Status update unavailable,
5b14907e3c9d925d53280466ac4105d0670a97285e18288acb1f1e40deb27a06,2024-10,Northumbria Police,Northumbria Police,-1.429207,54.982095,On or near Dulverton Avenue,E01008679,South Tyneside 005A,Vehicle crime,Investigation complete; no suspect identified,
ddebed863c136dfb9a42f532f842ada6de813e6b98847e9c7657fed09ac731b0,2024-10,Northumbria Police,Northumbria Police,-1.430631,54.979721,On or near Lismore Avenue,E01008679,South Tyneside 005A,Vehicle crime,Investigation complete; no suspect identified,
dc14334275ae563c696ee38eb40076a9e0ce2d1cf9f97c85fb7ca392bd13b1c4,2024-10,Northumbria Police,Northumbria Police,-1.427263,54.982518,On or near Aston Street,E01008679,South Tyneside 005A,Violence and sexual offences,Investigation complete; no suspect identified,
a188145cf4ff79f7c90af80238fe30bcf65aa0aa9361d10ba8b986ac821eeac0,2024-10,Northumbria Police,Northumbria Police,-1.428758,54.978508,On or near Compton Avenue,E01008679,South Tyneside 005A,Violence and sexual offences,Investigation complete; no suspect identified,
1d0524c674a2fe8804c1b75bb5470c893f980bf0594e15e13ea3c51b8f27541a,2024-10,Northumbria Police,Northumbria Police,-1.427263,54.982518,On or near Aston Street,E01008679,South Tyneside 005A,Violence and sexual offences,Status update unavailable,
21467f2b77a9ad8c9d3fa06753193b25aeb49a767d1b72e704abf6482a9ace99,2024-10,Northumbria Police,Northumbria Police,-1.429801,54.980948,On or near Birchington Avenue,E01008679,South Tyneside 005A,Violence and sexual offences,Status update unavailable,
3dfcdc6b7be73d8e6495581066ec3948cc2b4f469bcf1d4b0a649d3c18db1834,2024-10,Northumbria Police,Northumbria Police,-1.428758,54.978508,On or near Compton Avenue,E01008679,South Tyneside 005A,Violence and sexual offences,Status update unavailable,
adf2f04c95230a23c09191d7f21ffbacd734266368e69fbce87dfb725c981c1a,2024-10,Northumbria Police,Northumbria Police,-1.429506,54.978610,On or near Ascot Gardens,E01008679,South Tyneside 005A,Violence and sexual offences,Investigation complete; no suspect identified,
8af8635db50ae3822a7339cb527c1bbb51c71dae928761221a5940072c7f0cee,2024-10,Northumbria Police,Northumbria Police,-1.433209,54.978619,On or near Stanhope Road,E01008679,South Tyneside 005A,Violence and sexual offences,Status update unavailable,
59abbf8ec20ff03e8acad0aff036f0fd06761657359ae2831980db0de707aa6d,2024-10,Northumbria Police,Northumbria Police,-1.433686,54.982458,On or near West Park Road,E01008679,South Tyneside 005A,Violence and sexual offences,Investigation complete; no suspect identified,
76a9ced722ebc8d46c338e5548925b1789800aa9200b0988e5561f4ef0cbf6ff,2024-10,Northumbria Police,Northumbria Police,-1.433686,54.982458,On or near West Park Road,E01008679,South Tyneside 005A,Violence and sexual offences,Status update unavailable,
82a0272f6c5379f8f36fa2e228103ae1b1c7edcfa685963597f11234db3a4cbf,2024-10,Northumbria Police,Northumbria Police,-1.428758,54.978508,On or near Compton Avenue,E01008679,South Tyneside 005A,Violence and sexual offences,Status update unavailable,
658b4c21977d0c82877acfef15b5f657ff66ba0658c8b927857c7595c4337ac1,2024-10,Northumbria Police,Northumbria Police,-1.433686,54.982458,On or near West Park Road,E01008679,South Tyneside 005A,Violence and sexual offences,Status update unavailable,
e8cc2d885039cc895482d482f8cd5daf5ee750393edf3e619e4cac34e99b7acd,2024-10,Northumbria Police,Northumbria Police,-1.421928,54.977532,On or near Ambleside Avenue,E01008680,South Tyneside 005B,Criminal damage and arson,Investigation complete; no suspect identified,
e3098101ac2e5a55f56983f8e13423e11839ce95a697f7e24e3f899b3629130e,2024-10,Northumbria Police,Northumbria Police,-1.419827,54.979158,On or near Stanton Avenue,E01008680,South Tyneside 005B,Public order,Investigation complete; no suspect identified,
61e35268a6d0f11877e347c46636c33c7d2cf37e4baf302520d1fef191ca9d32,2024-10,Northumbria Police,Northumbria Police,-1.423039,54.980709,On or near Supermarket,E01008680,South Tyneside 005B,Shoplifting,Court result unavailable,
3fd43afe54f2e88b03377c4e05b93ac50321d39782b61d31ece4634b1cc352a9,2024-10,Northumbria Police,Northumbria Police,-1.423039,54.980709,On or near Supermarket,E01008680,South Tyneside 005B,Shoplifting,Investigation complete; no suspect identified,
3e584ae2e8dcfd3bcd2c1f658bca916eaff51e69d21a69f1be69e68126166685,2024-10,Northumbria Police,Northumbria Police,-1.423039,54.980709,On or near Supermarket,E01008680,South Tyneside 005B,Shoplifting,Court result unavailable,
bff617c8554c208672a260716fc54ba8c6869ed0fea3812ca96402111c8bedd6,2024-10,Northumbria Police,Northumbria Police,-1.423039,54.980709,On or near Supermarket,E01008680,South Tyneside 005B,Shoplifting,Court result unavailable,
99daccc97434c5d776cc855bce6147541920703ca3d6027da561bfe2883f818e,2024-10,Northumbria Police,Northumbria Police,-1.423039,54.980709,On or near Supermarket,E01008680,South Tyneside 005B,Shoplifting,Court result unavailable,
,2024-10,Northumbria Police,Northumbria Police,-1.424637,54.971641,On or near Haylands Square,E01008682,South Tyneside 005C,Anti-social behaviour,,
db56b188b0ea1da2db2235dcde523d9bc12f93d873319ed7db1194fd27dd5a5f,2024-10,Northumbria Police,Northumbria Police,-1.424637,54.971641,On or near Haylands Square,E01008682,South Tyneside 005C,Criminal damage and arson,Status update unavailable,
624a14f6a937d052cb141731198f8d577f60aa483fc905651f2f0c2bce836904,2024-10,Northumbria Police,Northumbria Police,-1.424637,54.971641,On or near Haylands Square,E01008682,South Tyneside 005C,Criminal damage and arson,Investigation complete; no suspect identified,
9c0a9aa51a20d91cfde885882a62577765f193ae836eff1c32f577fc86923666,2024-10,Northumbria Police,Northumbria Police,-1.424637,54.971641,On or near Haylands Square,E01008682,South Tyneside 005C,Criminal damage and arson,Investigation complete; no suspect identified,
f769f226b3be8b5a592fd43cb8fcfa449dba3fcf8fb95f7a2877ddcd0355b2a2,2024-10,Northumbria Police,Northumbria Police,-1.422169,54.970587,On or near A1300,E01008682,South Tyneside 005C,Public order,Investigation complete; no suspect identified,
a7a97a220c46379f440fcf086642b5e600556f924bd8ec2d917c027a84e01600,2024-10,Northumbria Police,Northumbria Police,-1.424637,54.971641,On or near Haylands Square,E01008682,South Tyneside 005C,Violence and sexual offences,Status update unavailable,
a41ef6b511a6bd01f687443fc3006732f04e6d4479675cc622759e46097034bd,2024-10,Northumbria Police,Northumbria Police,-1.422169,54.970587,On or near A1300,E01008682,South Tyneside 005C,Violence and sexual offences,Investigation complete; no suspect identified,
3029c4837f08086677486884c559faec4f753753d1b5e7a5234dca2a2ec0a214,2024-10,Northumbria Police,Northumbria Police,-1.424637,54.971641,On or near Haylands Square,E01008682,South Tyneside 005C,Violence and sexual offences,Court result unavailable,
75760bfbbb1d85d41183d620149584086a386476e9866aad9f76fb9f1ffb9dc1,2024-10,Northumbria Police,Northumbria Police,-1.421728,54.971861,On or near Lapwing Court,E01008682,South Tyneside 005C,Violence and sexual offences,Investigation complete; no suspect identified,
fec9743ec9d657369d8bb943abb4a6d19d11ade14f2170c28746ac2bed1db202,2024-10,Northumbria Police,Northumbria Police,-1.424637,54.971641,On or near Haylands Square,E01008682,South Tyneside 005C,Violence and sexual offences,Status update unavailable,
ff2b7955da597c28c7183262c6947ec49f18c18931eed1de064e0a9dda5a932e,2024-10,Northumbria Police,Northumbria Police,-1.424637,54.971641,On or near Haylands Square,E01008682,South Tyneside 005C,Violence and sexual offences,Status update unavailable,
ac2e3b61e742a65fb7328d8e2c633e1cac187288891c6601c911926207b2bfa9,2024-10,Northumbria Police,Northumbria Police,-1.424637,54.971641,On or near Haylands Square,E01008682,South Tyneside 005C,Violence and sexual offences,Investigation complete; no suspect identified,
04675f3566dd7c562eee509cab109ba912810e4d90fc528a352711d4483042e8,2024-10,Northumbria Police,Northumbria Police,-1.424673,54.975005,On or near Sports/Recreation Area,E01008682,South Tyneside 005C,Violence and sexual offences,Status update unavailable,
7b7be04c0517f4b8905f7b7cc6f78d6357d4e3e0eae7b8145477d66e5b1691fa,2024-10,Northumbria Police,Northumbria Police,-1.424637,54.971641,On or near Haylands Square,E01008682,South Tyneside 005C,Violence and sexual offences,Investigation complete; no suspect identified,
a93ff276dc8191dc6c337eec4a434ae61ce33be8ab7524b43fa3b80882f9700d,2024-10,Northumbria Police,Northumbria Police,-1.424637,54.971641,On or near Haylands Square,E01008682,South Tyneside 005C,Other crime,Investigation complete; no suspect identified,
,2024-10,Northumbria Police,Northumbria Police,-1.431183,54.983794,On or near Bewick Street,E01008683,South Tyneside 005D,Anti-social behaviour,,
,2024-10,Northumbria Police,Northumbria Police,-1.431183,54.983794,On or near Bewick Street,E01008683,South Tyneside 005D,Anti-social behaviour,,
,2024-10,Northumbria Police,Northumbria Police,-1.431183,54.983794,On or near Bewick Street,E01008683,South Tyneside 005D,Anti-social behaviour,,
,2024-10,Northumbria Police,Northumbria Police,-1.431183,54.983794,On or near Bewick Street,E01008683,South Tyneside 005D,Anti-social behaviour,,
,2024-10,Northumbria Police,Northumbria Police,-1.433372,54.983706,On or near Ravensworth Terrace,E01008683,South Tyneside 005D,Anti-social behaviour,,
,2024-10,Northumbria Police,Northumbria Police,-1.428913,54.984071,On or near Albany Street West,E01008683,South Tyneside 005D,Anti-social behaviour,,
,2024-10,Northumbria Police,Northumbria Police,-1.431183,54.983794,On or near Bewick Street,E01008683,South Tyneside 005D,Anti-social behaviour,,
,2024-10,Northumbria Police,Northumbria Police,-1.431640,54.982394,On or near Shrewsbury Terrace,E01008683,South Tyneside 005D,Anti-social behaviour,,
,2024-10,Northumbria Police,Northumbria Police,-1.431183,54.983794,On or near Bewick Street,E01008683,South Tyneside 005D,Anti-social behaviour,,
,2024-10,Northumbria Police,Northumbria Police,-1.431640,54.982394,On or near Shrewsbury Terrace,E01008683,South Tyneside 005D,Anti-social behaviour,,
,2024-10,Northumbria Police,Northumbria Police,-1.431183,54.983794,On or near Bewick Street,E01008683,South Tyneside 005D,Anti-social behaviour,,
,2024-10,Northumbria Police,Northumbria Police,-1.431183,54.983794,On or near Bewick Street,E01008683,South Tyneside 005D,Anti-social behaviour,,
,2024-10,Northumbria Police,Northumbria Police,-1.428913,54.984071,On or near Albany Street West,E01008683,South Tyneside 005D,Anti-social behaviour,,
,2024-10,Northumbria Police,Northumbria Police,-1.431183,54.983794,On or near Bewick Street,E01008683,South Tyneside 005D,Anti-social behaviour,,
,2024-10,Northumbria Police,Northumbria Police,-1.431183,54.983794,On or near Bewick Street,E01008683,South Tyneside 005D,Anti-social behaviour,,
,2024-10,Northumbria Police,Northumbria Police,-1.431183,54.983794,On or near Bewick Street,E01008683,South Tyneside 005D,Anti-social behaviour,,
,2024-10,Northumbria Police,Northumbria Police,-1.431183,54.983794,On or near Bewick Street,E01008683,South Tyneside 005D,Anti-social behaviour,,
,2024-10,Northumbria Police,Northumbria Police,-1.431183,54.983794,On or near Bewick Street,E01008683,South Tyneside 005D,Anti-social behaviour,,
,2024-10,Northumbria Police,Northumbria Police,-1.433372,54.983706,On or near Ravensworth Terrace,E01008683,South Tyneside 005D,Anti-social behaviour,,
,2024-10,Northumbria Police,Northumbria Police,-1.428913,54.984071,On or near Albany Street West,E01008683,South Tyneside 005D,Anti-social behaviour,,
,2024-10,Northumbria Police,Northumbria Police,-1.431183,54.983794,On or near Bewick Street,E01008683,South Tyneside 005D,Anti-social behaviour,,
cf4cf8fcf51748d5d17c0bec1bb25ec3c0a255d463b1d5159250df073bd4991e,2024-10,Northumbria Police,Northumbria Police,-1.432594,54.983414,On or near Collingwood Street,E01008683,South Tyneside 005D,Burglary,Investigation complete; no suspect identified,
c97eef7dae21e46ffae16f8ff8ce6f6c050f5ca546fc7ac5b05504c3e860abe3,2024-10,Northumbria Police,Northumbria Police,-1.429465,54.982618,On or near Crondall Street,E01008683,South Tyneside 005D,Criminal damage and arson,Offender given a caution,
3a33d98bb8c84d3b70120f283500db7c683fc50931ddee67db45e2dab3d55e12,2024-10,Northumbria Police,Northumbria Police,-1.428061,54.983537,On or near Oxford Street,E01008683,South Tyneside 005D,Other theft,Investigation complete; no suspect identified,
88b2cbeb791fd2ff1c92301986beb61c38ca3eac05be3912ff9979b21da474b1,2024-10,Northumbria Police,Northumbria Police,-1.431183,54.983794,On or near Bewick Street,E01008683,South Tyneside 005D,Possession of weapons,Offender given a caution,
ba1b36e65f47f289b1ec05c84b3c9798e314a9af8e4849eda326a0c9b755cfe5,2024-10,Northumbria Police,Northumbria Police,-1.431640,54.982394,On or near Shrewsbury Terrace,E01008683,South Tyneside 005D,Public order,Court result unavailable,
0763c2ce804c9892f2c6301b496e023f749e5d4523bf85bd95a16c3b5c39c476,2024-10,Northumbria Police,Northumbria Police,-1.431640,54.982394,On or near Shrewsbury Terrace,E01008683,South Tyneside 005D,Public order,Investigation complete; no suspect identified,
a4e1636adccf3e64744ca946355ddc80f6c223c8d377eb28a8ffb7f7edecc5a0,2024-10,Northumbria Police,Northumbria Police,-1.431640,54.982394,On or near Shrewsbury Terrace,E01008683,South Tyneside 005D,Public order,Court result unavailable,
efd18e4743e6c8ffb8354b822a48ec6e8342f8c245d2f38190f4c1d5eae68e12,2024-10,Northumbria Police,Northumbria Police,-1.431640,54.982394,On or near Shrewsbury Terrace,E01008683,South Tyneside 005D,Public order,Court result unavailable,
7fc6a1d4c2c5bf318b3b7fb88ef03ef36fd07e27d36d81d61a84593a633e6c5c,2024-10,Northumbria Police,Northumbria Police,-1.431640,54.982394,On or near Shrewsbury Terrace,E01008683,South Tyneside 005D,Shoplifting,Status update unavailable,
7558bcaff97e8ca68e134dff6ea4587793fecb271c16c6b6a96cb874fffd026e,2024-10,Northumbria Police,Northumbria Police,-1.431640,54.982394,On or near Shrewsbury Terrace,E01008683,South Tyneside 005D,Shoplifting,Status update unavailable,
ae15cc7ec90a44c97a9e4703bd54cfc8aff2c6fce8d5b407b1f6599b3c1e2c71,2024-10,Northumbria Police,Northumbria Police,-1.431640,54.982394,On or near Shrewsbury Terrace,E01008683,South Tyneside 005D,Shoplifting,Status update unavailable,
ff840a636601f0021482f941789e2191f235b6d23a565c9f2fd645dc7dec0f65,2024-10,Northumbria Police,Northumbria Police,-1.431640,54.982394,On or near Shrewsbury Terrace,E01008683,South Tyneside 005D,Shoplifting,Status update unavailable,
01a4f9f89200e897aa8d7d0441fe97b178e14a4348eb452b754811b178f69685,2024-10,Northumbria Police,Northumbria Police,-1.431640,54.982394,On or near Shrewsbury Terrace,E01008683,South Tyneside 005D,Shoplifting,Court result unavailable,
b6f99353e6caefec4cf88f6331926161bf98fb84b031a5c3b25dd1c35ce4337e,2024-10,Northumbria Police,Northumbria Police,-1.431640,54.982394,On or near Shrewsbury Terrace,E01008683,South Tyneside 005D,Shoplifting,Investigation complete; no suspect identified,
00abca2c47724a29b3a32a25c12c0a4eba1fdc1ad933a02db227baad965cf7ca,2024-10,Northumbria Police,Northumbria Police,-1.431640,54.982394,On or near Shrewsbury Terrace,E01008683,South Tyneside 005D,Shoplifting,Suspect charged as part of another case,
1a914584f41524b5d8e84c6698fd8bbb1ac5eedbe4c205dfc02bc76b70b29a67,2024-10,Northumbria Police,Northumbria Police,-1.431640,54.982394,On or near Shrewsbury Terrace,E01008683,South Tyneside 005D,Shoplifting,Investigation complete; no suspect identified,
d3e85bcb9ea8a9d802a8eea53ab626edc3ec844670f8e4806be617fddfb99e47,2024-10,Northumbria Police,Northumbria Police,-1.433353,54.982780,On or near Clifton Terrace,E01008683,South Tyneside 005D,Violence and sexual offences,Status update unavailable,
786d48c8bc589589dd62edc46649205e876f4d6eb127c6f0b7c68b9650714b39,2024-10,Northumbria Police,Northumbria Police,-1.431640,54.982394,On or near Shrewsbury Terrace,E01008683,South Tyneside 005D,Violence and sexual offences,Status update unavailable,
14915eb7642fc492d1f540560aa28bd80f571101017150114f231b3e1349bb47,2024-10,Northumbria Police,Northumbria Police,-1.430749,54.984646,On or near Hampden Street,E01008683,South Tyneside 005D,Violence and sexual offences,Status update unavailable,
6bb59d35972688ca726c9cabc6ad5f0a21c7a944e7e69f452dbc66086d851cb4,2024-10,Northumbria Police,Northumbria Police,-1.429958,54.983141,On or near Alverthorpe Street,E01008683,South Tyneside 005D,Violence and sexual offences,Investigation complete; no suspect identified,
b0488aec3e8e92c3a1ef26e5c8ebf177607a4f3f62774f6984a4f6cf05ea02e3,2024-10,Northumbria Police,Northumbria Police,-1.432594,54.983414,On or near Collingwood Street,E01008683,South Tyneside 005D,Violence and sexual offences,Investigation complete; no suspect identified,
,2024-10,Northumbria Police,Northumbria Police,-1.406780,54.974916,On or near The High Road,E01008635,South Tyneside 006A,Anti-social behaviour,,
,2024-10,Northumbria Police,Northumbria Police,-1.406780,54.974916,On or near The High Road,E01008635,South Tyneside 006A,Anti-social behaviour,,
320be3b9237349b4636a38771ea9070a62a906078c406a7edf8156b1a9803934,2024-10,Northumbria Police,Northumbria Police,-1.406780,54.974916,On or near The High Road,E01008635,South Tyneside 006A,Criminal damage and arson,Investigation complete; no suspect identified,
db1bfd1231460eb29c0e594120a63e81bb32a722eb22713484d379a187905fd0,2024-10,Northumbria Police,Northumbria Police,-1.411082,54.979861,On or near Harton House Road,E01008674,South Tyneside 006C,Public order,Investigation complete; no suspect identified,
0ab432e0359fbb2910f9f06aaaea5546c92c5c90e6dc660b3a27cd1a24046bc3,2024-10,Northumbria Police,Northumbria Police,-1.416208,54.985233,On or near Lavington Road,E01008674,South Tyneside 006C,Violence and sexual offences,Investigation complete; no suspect identified,
,2024-10,Northumbria Police,Northumbria Police,-1.415849,54.972282,On or near Prince Of Wales Close,E01008681,South Tyneside 006D,Anti-social behaviour,,
,2024-10,Northumbria Police,Northumbria Police,-1.414354,54.977400,On or near Petrol Station,E01008681,South Tyneside 006D,Anti-social behaviour,,
,2024-10,Northumbria Police,Northumbria Police,-1.415537,54.978715,On or near Hotspur Avenue,E01008681,South Tyneside 006D,Anti-social behaviour,,
,2024-10,Northumbria Police,Northumbria Police,-1.415849,54.972282,On or near Prince Of Wales Close,E01008681,South Tyneside 006D,Anti-social behaviour,,
,2024-10,Northumbria Police,Northumbria Police,-1.415849,54.972282,On or near Prince Of Wales Close,E01008681,South Tyneside 006D,Anti-social behaviour,,
e6befd60aa053479b26148e59d2adb0e1a05c8c9296fe4e5cc436ff1c2ef4cb7,2024-10,Northumbria Police,Northumbria Police,-1.414354,54.977400,On or near Petrol Station,E01008681,South Tyneside 006D,Drugs,Status update unavailable,
08b069764368e71b130bbc827da19d1cc68a7c9cc6f5efbd17480ce143f71e01,2024-10,Northumbria Police,Northumbria Police,-1.414354,54.977400,On or near Petrol Station,E01008681,South Tyneside 006D,Other theft,Investigation complete; no suspect identified,
29a65d01a2e8d148c0b3cdacd97b107a7e23f12d104d3702290cdad7ce0ff59b,2024-10,Northumbria Police,Northumbria Police,-1.412704,54.972608,On or near South Avenue,E01008681,South Tyneside 006D,Public order,Investigation complete; no suspect identified,
f995652f2e1140ea53013f4fd83f395e343cc675cdb8be9db2af268e312398a7,2024-10,Northumbria Police,Northumbria Police,-1.412704,54.972608,On or near South Avenue,E01008681,South Tyneside 006D,Public order,Court result unavailable,
02ffd640d2ff0b9ae1c00c219e4481ea0bd2767906c1d4a5d5fbdf74ea7ac203,2024-10,Northumbria Police,Northumbria Police,-1.414354,54.977400,On or near Petrol Station,E01008681,South Tyneside 006D,Public order,Investigation complete; no suspect identified,
28588b099d1df1c80eae6c9f9c002ec9dfb5809204e01375fadc697b5d3a9e22,2024-10,Northumbria Police,Northumbria Police,-1.414354,54.977400,On or near Petrol Station,E01008681,South Tyneside 006D,Shoplifting,Investigation complete; no suspect identified,
a1cd8ffc001815c95c604698a34f1e8d58c4efea031391b3a8dfe135fef8b1ba,2024-10,Northumbria Police,Northumbria Police,-1.412704,54.972608,On or near South Avenue,E01008681,South Tyneside 006D,Shoplifting,Investigation complete; no suspect identified,
5f599f65630f1fc47fdf1b8904c957f728afeac0c7ee8b1bdcab21cbe91655fe,2024-10,Northumbria Police,Northumbria Police,-1.412704,54.972608,On or near South Avenue,E01008681,South Tyneside 006D,Shoplifting,Status update unavailable,
fd97412ec16f20f9bad171d90b71d5f8629682ecaf18ed043237f69f922b9cc4,2024-10,Northumbria Police,Northumbria Police,-1.418309,54.972824,On or near Wylam Close,E01008681,South Tyneside 006D,Vehicle crime,Status update unavailable,
f83a7bf4334228973a266fa6d922455bbb0b976cc0f3f51d03039d194e074067,2024-10,Northumbria Police,Northumbria Police,-1.412704,54.972608,On or near South Avenue,E01008681,South Tyneside 006D,Violence and sexual offences,Investigation complete; no suspect identified,
,2024-10,Northumbria Police,Northumbria Police,-1.479900,54.982988,On or near Canon Grove,E01008600,South Tyneside 007A,Anti-social behaviour,,
,2024-10,Northumbria Police,Northumbria Police,-1.482013,54.980247,On or near Russell Street,E01008600,South Tyneside 007A,Anti-social behaviour,,
,2024-10,Northumbria Police,Northumbria Police,-1.480888,54.981518,On or near High Street,E01008600,South Tyneside 007A,Anti-social behaviour,,
,2024-10,Northumbria Police,Northumbria Police,-1.480888,54.981518,On or near High Street,E01008600,South Tyneside 007A,Anti-social behaviour,,
,2024-10,Northumbria Police,Northumbria Police,-1.481222,54.982229,On or near Abbey Drive,E01008600,South Tyneside 007A,Anti-social behaviour,,
,2024-10,Northumbria Police,Northumbria Police,-1.484151,54.980454,On or near Dee Street,E01008600,South Tyneside 007A,Anti-social behaviour,,
,2024-10,Northumbria Police,Northumbria Police,-1.482013,54.980247,On or near Russell Street,E01008600,South Tyneside 007A,Anti-social behaviour,,
,2024-10,Northumbria Police,Northumbria Police,-1.479879,54.981002,On or near Percy Street,E01008600,South Tyneside 007A,Anti-social behaviour,,
b7cbedf2b7d9652f98f569e08c5e87f66e4a7154d0d099accd33aa57acfff881,2024-10,Northumbria Police,Northumbria Police,-1.489966,54.980271,On or near Shopping Area,E01008600,South Tyneside 007A,Bicycle theft,Investigation complete; no suspect identified,
28a4c7a64d26cfa898bfb2d1e00fdf90580c6b68d9d37647cdf956eb3fc89865,2024-10,Northumbria Police,Northumbria Police,-1.489966,54.980271,On or near Shopping Area,E01008600,South Tyneside 007A,Burglary,Investigation complete; no suspect identified,
7bef3ed8fc23764e21d9a0e984cac627e5b112ecc79cb6fa86510e0018397e90,2024-10,Northumbria Police,Northumbria Police,-1.482013,54.980247,On or near Russell Street,E01008600,South Tyneside 007A,Burglary,Investigation complete; no suspect identified,
2857c66a9b41fc89864c5a4e4e68c2e1c3d62cfdb9950a4e207af0872bb6c4cb,2024-10,Northumbria Police,Northumbria Police,-1.478564,54.982344,On or near Priory Road,E01008600,South Tyneside 007A,Burglary,Investigation complete; no suspect identified,
27b965f6af6671d394ce3081caae8ce8cff95d3f38abbaebfeeccbb9d0f42108,2024-10,Northumbria Police,Northumbria Police,-1.482013,54.980247,On or near Russell Street,E01008600,South Tyneside 007A,Criminal damage and arson,Investigation complete; no suspect identified,
b3bab5cb8c683019304889c992d2ede8c21339efdf1e131e661bf445246e63cb,2024-10,Northumbria Police,Northumbria Police,-1.489966,54.980271,On or near Shopping Area,E01008600,South Tyneside 007A,Criminal damage and arson,Investigation complete; no suspect identified,
a1ab8856aae56db47f17ef3a7a7ee8c50393f44901a84040485e7c462356564e,2024-10,Northumbria Police,Northumbria Police,-1.489966,54.980271,On or near Shopping Area,E01008600,South Tyneside 007A,Criminal damage and arson,Investigation complete; no suspect identified,
97dfa254698831612e71b73633b298e13d075879d3f4902117d0358a4e657b54,2024-10,Northumbria Police,Northumbria Police,-1.484287,54.979592,On or near Randolph Street,E01008600,South Tyneside 007A,Criminal damage and arson,Investigation complete; no suspect identified,
0ee477368aecab23cb86927d8e6fe1410898ded15e431e75c1ee38a307d892f1,2024-10,Northumbria Police,Northumbria Police,-1.483595,54.981179,On or near Stanley Street,E01008600,South Tyneside 007A,Other theft,Investigation complete; no suspect identified,
4c432a7a82f0ecda45bfe38912ce26259047161bae17d8586706c9cb7b8748c4,2024-10,Northumbria Police,Northumbria Police,-1.480290,54.983016,On or near Bishop Crescent,E01008600,South Tyneside 007A,Other theft,Investigation complete; no suspect identified,
032425bc8a82eff02688d9a461937965c6b4363183d666fd9534a593c3ccd0c2,2024-10,Northumbria Police,Northumbria Police,-1.482013,54.980247,On or near Russell Street,E01008600,South Tyneside 007A,Public order,Investigation complete; no suspect identified,
2496a5b719bf869f9a5e16bc8f8d8189f4b626826580a62b6ca8a50aa963216e,2024-10,Northumbria Police,Northumbria Police,-1.489966,54.980271,On or near Shopping Area,E01008600,South Tyneside 007A,Shoplifting,Investigation complete; no suspect identified,
f74bd6cbd638062cfc157153a75db2793b1a8d2a6ce6205c61ed6adbce7d36a9,2024-10,Northumbria Police,Northumbria Police,-1.489966,54.980271,On or near Shopping Area,E01008600,South Tyneside 007A,Shoplifting,Investigation complete; no suspect identified,
3abaa28dd786d33bb125d35141c845b93dc14e0834934063bfee14c13afef0a4,2024-10,Northumbria Police,Northumbria Police,-1.489966,54.980271,On or near Shopping Area,E01008600,South Tyneside 007A,Shoplifting,Investigation complete; no suspect identified,
8280a023b39e4582cd08c088c7a3a131c3a76df15c3695ff15df9c8051b8520c,2024-10,Northumbria Police,Northumbria Police,-1.489966,54.980271,On or near Shopping Area,E01008600,South Tyneside 007A,Shoplifting,Suspect charged as part of another case,
aae13955ca41167f3d756698b857c396acb9363ee69bcd487b8d68d202e01e97,2024-10,Northumbria Police,Northumbria Police,-1.489966,54.980271,On or near Shopping Area,E01008600,South Tyneside 007A,Shoplifting,Investigation complete; no suspect identified,
5f084b88bc56ba36753f832ae036b7519279f1c899f3e774d26876970f087a83,2024-10,Northumbria Police,Northumbria Police,-1.489966,54.980271,On or near Shopping Area,E01008600,South Tyneside 007A,Shoplifting,Investigation complete; no suspect identified,
26a4614fb3b422465ae56483c3bd1a3c8fed4f7ad684e24e5e192b3501d09ed7,2024-10,Northumbria Police,Northumbria Police,-1.489966,54.980271,On or near Shopping Area,E01008600,South Tyneside 007A,Shoplifting,Investigation complete; no suspect identified,
949b212d9ff86f1c31723ae0f6ee0b91eebb732cb3f0bbecfebc544e9a25e912,2024-10,Northumbria Police,Northumbria Police,-1.489966,54.980271,On or near Shopping Area,E01008600,South Tyneside 007A,Shoplifting,Investigation complete; no suspect identified,
eaa9fb2a7fd157221f6dd2e80f5826ce868f41240eb99ee62bb7f3670ae63dfd,2024-10,Northumbria Police,Northumbria Police,-1.489966,54.980271,On or near Shopping Area,E01008600,South Tyneside 007A,Shoplifting,Investigation complete; no suspect identified,
aee83490aa415f1fd02a9ecca4717d7769ecba5d244a021451b5416e5ca557b5,2024-10,Northumbria Police,Northumbria Police,-1.489966,54.980271,On or near Shopping Area,E01008600,South Tyneside 007A,Shoplifting,Investigation complete; no suspect identified,
f39ee1987e0be027056f864df4c7f2e0ee56ceb4ee884e8157c2b0b8dd71a3b5,2024-10,Northumbria Police,Northumbria Police,-1.489966,54.980271,On or near Shopping Area,E01008600,South Tyneside 007A,Shoplifting,Investigation complete; no suspect identified,
aed07c54bc05b5baacb79e694fb9b63b4be98da1290a3eef888b1e20b80f0f0c,2024-10,Northumbria Police,Northumbria Police,-1.489966,54.980271,On or near Shopping Area,E01008600,South Tyneside 007A,Shoplifting,Investigation complete; no suspect identified,
eb9f3e81c468f2aa2afa5bb47e390850cd5f47302e58d3ebd74141382f3d09ec,2024-10,Northumbria Police,Northumbria Police,-1.489966,54.980271,On or near Shopping Area,E01008600,South Tyneside 007A,Shoplifting,Investigation complete; no suspect identified,
12add62ba6132918d243a3b59855e133c5b780d90fdc338730fc2a6cc2d48530,2024-10,Northumbria Police,Northumbria Police,-1.489966,54.980271,On or near Shopping Area,E01008600,South Tyneside 007A,Shoplifting,Investigation complete; no suspect identified,
b2953b35c849ae958d99e23464740fc093aa819b87197dc5246f2cc9dc58e8bd,2024-10,Northumbria Police,Northumbria Police,-1.489966,54.980271,On or near Shopping Area,E01008600,South Tyneside 007A,Shoplifting,Investigation complete; no suspect identified,
aad7abea7cd0b5eb0d2a838aeb733daa686b89d8637187e6033527b4d433fa5d,2024-10,Northumbria Police,Northumbria Police,-1.489966,54.980271,On or near Shopping Area,E01008600,South Tyneside 007A,Shoplifting,Investigation complete; no suspect identified,
fe60d92aa3e96ddb6712a10308a21f9105a424f949b63a41705da2212d919421,2024-10,Northumbria Police,Northumbria Police,-1.489966,54.980271,On or near Shopping Area,E01008600,South Tyneside 007A,Shoplifting,Investigation complete; no suspect identified,
7cd615164d6ba16a99df599ad05d55ad34d5205df3f0dbdd0d9ae6656def8c92,2024-10,Northumbria Police,Northumbria Police,-1.489966,54.980271,On or near Shopping Area,E01008600,South Tyneside 007A,Shoplifting,Investigation complete; no suspect identified,
5bfc813334d6b241c1f44b559a3f4d656b90bd0b3926720c5537cb0f55975226,2024-10,Northumbria Police,Northumbria Police,-1.489966,54.980271,On or near Shopping Area,E01008600,South Tyneside 007A,Shoplifting,Investigation complete; no suspect identified,
a796483ca6f36ada3c75a445e1fc5c89d6ca68cb7379116466e8f7fc7e27239c,2024-10,Northumbria Police,Northumbria Police,-1.489966,54.980271,On or near Shopping Area,E01008600,South Tyneside 007A,Shoplifting,Investigation complete; no suspect identified,
b1ec8a5940c4b826692465146cc3659cb3421a26b28e9e9d72c14b7323a8fdc8,2024-10,Northumbria Police,Northumbria Police,-1.489966,54.980271,On or near Shopping Area,E01008600,South Tyneside 007A,Shoplifting,Investigation complete; no suspect identified,
f2e925cc0afeff51cc33bad1d65d7d34875c8f4b4402249985a85a9ad0ac3581,2024-10,Northumbria Police,Northumbria Police,-1.489966,54.980271,On or near Shopping Area,E01008600,South Tyneside 007A,Shoplifting,Investigation complete; no suspect identified,
6704d7217f19b68d1d35f12742dfe84c11f6a3a9984008f02ca17e173a2efc12,2024-10,Northumbria Police,Northumbria Police,-1.489966,54.980271,On or near Shopping Area,E01008600,South Tyneside 007A,Shoplifting,Investigation complete; no suspect identified,
6f0644c37d5edd1c8e9b17861736f23fc9214ba381aa1e6bf850185249c1b67f,2024-10,Northumbria Police,Northumbria Police,-1.489966,54.980271,On or near Shopping Area,E01008600,South Tyneside 007A,Shoplifting,Investigation complete; no suspect identified,
0ade80b42b919718b18bc239ad219ba84f897f834ce318c1f589ab7f954a1e70,2024-10,Northumbria Police,Northumbria Police,-1.489966,54.980271,On or near Shopping Area,E01008600,South Tyneside 007A,Shoplifting,Investigation complete; no suspect identified,
c5214f366e470973cddc8bbece3ee355afcc20bb667ee9592e860223b84af432,2024-10,Northumbria Police,Northumbria Police,-1.489966,54.980271,On or near Shopping Area,E01008600,South Tyneside 007A,Shoplifting,Investigation complete; no suspect identified,
beba86cb88291af858e98e3b21be16c0e10d50ef83b02b1049ed00a10c2ceaa4,2024-10,Northumbria Police,Northumbria Police,-1.481222,54.982229,On or near Abbey Drive,E01008600,South Tyneside 007A,Shoplifting,Investigation complete; no suspect identified,
626b477f7e8f6c8d0eb0a813cfbc1d60c7a56e799c71c337031b320f12b03d95,2024-10,Northumbria Police,Northumbria Police,-1.489966,54.980271,On or near Shopping Area,E01008600,South Tyneside 007A,Shoplifting,Investigation complete; no suspect identified,
56feed34ed35b6d5282b2187727ce3a2ca7c6ae5f5dff0410bbb73e2d13e487c,2024-10,Northumbria Police,Northumbria Police,-1.489966,54.980271,On or near Shopping Area,E01008600,South Tyneside 007A,Shoplifting,Investigation complete; no suspect identified,
dbde709bd6c6ef5d32e55421fb2ddb1043b6e15aa01b16f827aeb69f9b3083ef,2024-10,Northumbria Police,Northumbria Police,-1.489966,54.980271,On or near Shopping Area,E01008600,South Tyneside 007A,Shoplifting,Investigation complete; no suspect identified,
3da9d3855adf992e174295b40b105ab6ca52d9fedab5070b50bc9fe75d005d19,2024-10,Northumbria Police,Northumbria Police,-1.489966,54.980271,On or near Shopping Area,E01008600,South Tyneside 007A,Shoplifting,Investigation complete; no suspect identified,
7dd5e8ffaa75b54fa4f60c9d53f8e779c074528646030be4cae7b414cae1fd6a,2024-10,Northumbria Police,Northumbria Police,-1.489966,54.980271,On or near Shopping Area,E01008600,South Tyneside 007A,Shoplifting,Investigation complete; no suspect identified,
9053c06b6bea5d0e428039faddc9d9655bb635c9433dab973c2b033a99398d08,2024-10,Northumbria Police,Northumbria Police,-1.489966,54.980271,On or near Shopping Area,E01008600,South Tyneside 007A,Shoplifting,Investigation complete; no suspect identified,
810a2d64eea6d8324c3a423bea751f8700b214637d8117cc6ea29ec8bcb0666c,2024-10,Northumbria Police,Northumbria Police,-1.489966,54.980271,On or near Shopping Area,E01008600,South Tyneside 007A,Shoplifting,Investigation complete; no suspect identified,
b86b54d1a279a24c20f18ffbc22e48b879742e5078bedbddadaa82cea6741846,2024-10,Northumbria Police,Northumbria Police,-1.489966,54.980271,On or near Shopping Area,E01008600,South Tyneside 007A,Shoplifting,Status update unavailable,
d8ad56009ab7f099779760503927c5ae7fc15a173dbea1fc8a302bf249825e76,2024-10,Northumbria Police,Northumbria Police,-1.489966,54.980271,On or near Shopping Area,E01008600,South Tyneside 007A,Shoplifting,Investigation complete; no suspect identified,
70ac2b840c91a9b96b22106c5e6034ba06834a7a4dad58281a1f390968d74d81,2024-10,Northumbria Police,Northumbria Police,-1.489966,54.980271,On or near Shopping Area,E01008600,South Tyneside 007A,Shoplifting,Investigation complete; no suspect identified,
df08b1bd38266a528de4bdb6fb8da1f59699f132b9a14945a258618778d72488,2024-10,Northumbria Police,Northumbria Police,-1.489966,54.980271,On or near Shopping Area,E01008600,South Tyneside 007A,Shoplifting,Investigation complete; no suspect identified,
a8e9757968e8cf7ba9eadb82df455273b528631d244cf55244db0ea5bffd2a2b,2024-10,Northumbria Police,Northumbria Police,-1.489966,54.980271,On or near Shopping Area,E01008600,South Tyneside 007A,Shoplifting,Investigation complete; no suspect identified,
60c68d85bc3ec82d03bdc1864ad13c5ac8211944bc959fa049d05a0db8e1d96d,2024-10,Northumbria Police,Northumbria Police,-1.489966,54.980271,On or near Shopping Area,E01008600,South Tyneside 007A,Shoplifting,Investigation complete; no suspect identified,
2655a69b1895dd4624067116a3e3f467098bca510b06372a94b47e374d290882,2024-10,Northumbria Police,Northumbria Police,-1.489218,54.981365,On or near Parking Area,E01008600,South Tyneside 007A,Theft from the person,Investigation complete; no suspect identified,
2ab7d3fb71a280bbc3b052ce379143e8f788490adcac04e7972dd4fb24ca2657,2024-10,Northumbria Police,Northumbria Police,-1.474820,54.977089,On or near A185,E01008600,South Tyneside 007A,Vehicle crime,Status update unavailable,
0a6c890cb1527aa3f4f8a0b6159cd952c62bb35292c84152b0ac211b625994ee,2024-10,Northumbria Police,Northumbria Police,-1.482365,54.979610,On or near Stothard Street,E01008600,South Tyneside 007A,Violence and sexual offences,Status update unavailable,
60c5167b112218fe3b38c1cf0005b07f5d849442f3832e511c5f9b6ce64b81de,2024-10,Northumbria Police,Northumbria Police,-1.489966,54.980271,On or near Shopping Area,E01008600,South Tyneside 007A,Violence and sexual offences,Investigation complete; no suspect identified,
e14058d0a6a8aaaff1246b28757f67227c43f0238247e23c05a46b3780c6a2d7,2024-10,Northumbria Police,Northumbria Police,-1.489966,54.980271,On or near Shopping Area,E01008600,South Tyneside 007A,Violence and sexual offences,Investigation complete; no suspect identified,
10712f41ebae84325a07347d04bf3ba206856596d1a17775ccd2b5b133b0bb0c,2024-10,Northumbria Police,Northumbria Police,-1.489218,54.981365,On or near Parking Area,E01008600,South Tyneside 007A,Violence and sexual offences,Status update unavailable,
7109f885d0530ce8ea20567481e898fe6851867c7a994d284c9b402b0a64c083,2024-10,Northumbria Police,Northumbria Police,-1.489966,54.980271,On or near Shopping Area,E01008600,South Tyneside 007A,Violence and sexual offences,Investigation complete; no suspect identified,
440aa63fc88c3506deff20787923e31f2d235ff6513391a4b85eb5a428abcaae,2024-10,Northumbria Police,Northumbria Police,-1.482013,54.980247,On or near Russell Street,E01008600,South Tyneside 007A,Violence and sexual offences,Status update unavailable,
fad3c65875e53e81be75b88d24707c41c120669650a33df4e8af2a58ca222cb0,2024-10,Northumbria Police,Northumbria Police,-1.480290,54.983016,On or near Bishop Crescent,E01008600,South Tyneside 007A,Violence and sexual offences,Offender given a caution,
bdd9182f0bd8a93730ce3e1fea6cb6018cc0dacf3b4a3cfd71a068facf51b80d,2024-10,Northumbria Police,Northumbria Police,-1.480290,54.983016,On or near Bishop Crescent,E01008600,South Tyneside 007A,Violence and sexual offences,Status update unavailable,
3d22f9c44e59601562a8d762c3f29f7de43dbcb686b2392194bb06b976dbf25a,2024-10,Northumbria Police,Northumbria Police,-1.479900,54.982988,On or near Canon Grove,E01008600,South Tyneside 007A,Violence and sexual offences,Status update unavailable,
454c32af6a34e7ac7f809d15410ef0d72751edae3b739c92614320721d913326,2024-10,Northumbria Police,Northumbria Police,-1.478564,54.982344,On or near Priory Road,E01008600,South Tyneside 007A,Violence and sexual offences,Investigation complete; no suspect identified,
ac69892ac13d455dc241ae5ae1e7a2a643b8a39a29d1eeb3039a2b8522379f37,2024-10,Northumbria Police,Northumbria Police,-1.489966,54.980271,On or near Shopping Area,E01008600,South Tyneside 007A,Violence and sexual offences,Investigation complete; no suspect identified,
c7ff92284caf730f368ac55bd76119d4b862e0f668438d48dc3a4f46c26d877a,2024-10,Northumbria Police,Northumbria Police,-1.478564,54.982344,On or near Priory Road,E01008600,South Tyneside 007A,Violence and sexual offences,Investigation complete; no suspect identified,
7b16ac36f5c0edf2702d7b1c561e1accb56f850c00abb8d519a61d70195052bb,2024-10,Northumbria Police,Northumbria Police,-1.481222,54.982229,On or near Abbey Drive,E01008600,South Tyneside 007A,Violence and sexual offences,Investigation complete; no suspect identified,
381d9c72a82d596a0c442d08a44a39445703ae96cea0d98adaa0fa015f3c9b0b,2024-10,Northumbria Police,Northumbria Police,-1.489966,54.980271,On or near Shopping Area,E01008600,South Tyneside 007A,Other crime,Investigation complete; no suspect identified,
,2024-10,Northumbria Police,Northumbria Police,-1.491472,54.979819,On or near Jarrow Bus Station,E01008604,South Tyneside 007B,Anti-social behaviour,,
,2024-10,Northumbria Police,Northumbria Police,-1.485982,54.985161,On or near Parking Area,E01008604,South Tyneside 007B,Anti-social behaviour,,
,2024-10,Northumbria Police,Northumbria Police,-1.491472,54.979819,On or near Jarrow Bus Station,E01008604,South Tyneside 007B,Anti-social behaviour,,
,2024-10,Northumbria Police,Northumbria Police,-1.487454,54.981204,On or near Monkton Road,E01008604,South Tyneside 007B,Anti-social behaviour,,
,2024-10,Northumbria Police,Northumbria Police,-1.498808,54.982950,On or near B1297,E01008604,South Tyneside 007B,Anti-social behaviour,,
,2024-10,Northumbria Police,Northumbria Police,-1.488208,54.983391,On or near Milton Street,E01008604,South Tyneside 007B,Anti-social behaviour,,
,2024-10,Northumbria Police,Northumbria Police,-1.491472,54.979819,On or near Jarrow Bus Station,E01008604,South Tyneside 007B,Anti-social behaviour,,
,2024-10,Northumbria Police,Northumbria Police,-1.487454,54.981204,On or near Monkton Road,E01008604,South Tyneside 007B,Anti-social behaviour,,
,2024-10,Northumbria Police,Northumbria Police,-1.483950,54.983993,On or near Pearson Place,E01008604,South Tyneside 007B,Anti-social behaviour,,
,2024-10,Northumbria Police,Northumbria Police,-1.487454,54.981204,On or near Monkton Road,E01008604,South Tyneside 007B,Anti-social behaviour,,
3ef80fac2ccc0d3342d44dedf22345db0118551e579e848bacc89c1704f48879,2024-10,Northumbria Police,Northumbria Police,-1.490949,54.981588,On or near B1297,E01008604,South Tyneside 007B,Burglary,Investigation complete; no suspect identified,
9fbed10324dd653695298fcb4350ee326a5adbd48434e5d98ff82f68fc82f7b2,2024-10,Northumbria Police,Northumbria Police,-1.482322,54.982998,On or near Saxon Way,E01008604,South Tyneside 007B,Burglary,Investigation complete; no suspect identified,
875af014e33ad58b47bb3dd047955f5e646f1400130b2e49da469b9bdb30cfd4,2024-10,Northumbria Police,Northumbria Police,-1.489303,54.982084,On or near Parking Area,E01008604,South Tyneside 007B,Burglary,Investigation complete; no suspect identified,
6b46edf1f438f3185bcda071fa8d0d5cbaca2a2e309ee542de3104c998a79954,2024-10,Northumbria Police,Northumbria Police,-1.492294,54.981521,On or near Grange Place,E01008604,South Tyneside 007B,Burglary,Status update unavailable,
4044c0efae6178950a25a4aaa018372969f10aa9d70bd5c25d617b3791b44e7f,2024-10,Northumbria Police,Northumbria Police,-1.486553,54.982009,On or near Palmer Walk,E01008604,South Tyneside 007B,Criminal damage and arson,Investigation complete; no suspect identified,
e4cf5d36bf42ec8cf827c44a0383fcf1c71ac10801595620461f1acc24a6f20b,2024-10,Northumbria Police,Northumbria Police,-1.487454,54.981204,On or near Monkton Road,E01008604,South Tyneside 007B,Criminal damage and arson,Investigation complete; no suspect identified,
95e051ff047c1e87eb93db56a12fb60911a3927423c814280122ff7f732ef6f7,2024-10,Northumbria Police,Northumbria Police,-1.487454,54.981204,On or near Monkton Road,E01008604,South Tyneside 007B,Criminal damage and arson,Investigation complete; no suspect identified,
96d8ffedc85e1d9232d2dc36f58ea25dc65ac7f1e616feba90943ed47d5c292c,2024-10,Northumbria Police,Northumbria Police,-1.491472,54.979819,On or near Jarrow Bus Station,E01008604,South Tyneside 007B,Criminal damage and arson,Investigation complete; no suspect identified,
2ad911be840efc5c0b376efc0f427c0059933280d42ede31143bc3cba99ed346,2024-10,Northumbria Police,Northumbria Police,-1.498808,54.982950,On or near B1297,E01008604,South Tyneside 007B,Criminal damage and arson,Investigation complete; no suspect identified,
eae52cc9f450b8de74592610de4f577809e87d37fa43ede4a4cab0cee60f7f36,2024-10,Northumbria Police,Northumbria Police,-1.493407,54.981211,On or near Grange Road West,E01008604,South Tyneside 007B,Drugs,Investigation complete; no suspect identified,
d6a0fdb9e0ec4730db5fb5cd0fe5dc2d330ae444489e6ad3fcb73f6bf51aeb5e,2024-10,Northumbria Police,Northumbria Police,-1.482322,54.982998,On or near Saxon Way,E01008604,South Tyneside 007B,Drugs,Investigation complete; no suspect identified,
a77a22fb1e1f971ec58f23dd2f44ed2551bc2ffad70737feee4b7e5f6a29f6ec,2024-10,Northumbria Police,Northumbria Police,-1.482322,54.982998,On or near Saxon Way,E01008604,South Tyneside 007B,Drugs,Investigation complete; no suspect identified,
a69b00163282047d62c21b1a2a44bb6bcdc54cd114ea8366169ba2ad8502bcb5,2024-10,Northumbria Police,Northumbria Police,-1.488872,54.982792,On or near Ormonde Street,E01008604,South Tyneside 007B,Other theft,Investigation complete; no suspect identified,
7a805b74acd80c3506c2eb9f850822150e9ebd6d6d07c4d7e1763fb07800a406,2024-10,Northumbria Police,Northumbria Police,-1.483656,54.982518,On or near Friar Way,E01008604,South Tyneside 007B,Other theft,Status update unavailable,
9ed11cf147564959cdabaae9a6289445124ae5cfdc11056a8764f64129f6fa76,2024-10,Northumbria Police,Northumbria Police,-1.483950,54.983993,On or near Pearson Place,E01008604,South Tyneside 007B,Other theft,Status update unavailable,
bc6e3886c7e6d0064bbb5da4e470b3251b8751671c0a35ff78bb888f01dd6c16,2024-10,Northumbria Police,Northumbria Police,-1.487454,54.981204,On or near Monkton Road,E01008604,South Tyneside 007B,Shoplifting,Investigation complete; no suspect identified,
46dc902a84650062688b684758061d8d9d7f6065a24125eddc30a2ee8fd597ff,2024-10,Northumbria Police,Northumbria Police,-1.487454,54.981204,On or near Monkton Road,E01008604,South Tyneside 007B,Shoplifting,Investigation complete; no suspect identified,
459357c5edfe658b9f3b5ea54e79c0c6a6f1ea8512b31a5400027e04fd4e20ac,2024-10,Northumbria Police,Northumbria Police,-1.487454,54.981204,On or near Monkton Road,E01008604,South Tyneside 007B,Shoplifting,Suspect charged as part of another case,
33cfeac39a797e4e726ba0f448e5f57dd65cbd94d48ef560a72cae9454836614,2024-10,Northumbria Police,Northumbria Police,-1.487454,54.981204,On or near Monkton Road,E01008604,South Tyneside 007B,Shoplifting,Investigation complete; no suspect identified,
16d4d3a82c0f57b8cd243d6c7f9f7aca475064567e4d03fdb7f7c6fc3f024c50,2024-10,Northumbria Police,Northumbria Police,-1.487454,54.981204,On or near Monkton Road,E01008604,South Tyneside 007B,Shoplifting,Investigation complete; no suspect identified,
e93cf859c6de0a19715271cb7ad97dc503367a38aafefb74367095a8be98b847,2024-10,Northumbria Police,Northumbria Police,-1.487454,54.981204,On or near Monkton Road,E01008604,South Tyneside 007B,Shoplifting,Suspect charged as part of another case,
dc3daaaefeb8375d405195f91b77d43db5a754cc3b567d94b44232547fba97ea,2024-10,Northumbria Police,Northumbria Police,-1.487454,54.981204,On or near Monkton Road,E01008604,South Tyneside 007B,Shoplifting,Suspect charged as part of another case,
c6d665a9e672978e00de5780de99ad1533f96f409513c2d5eaac5f2e552db16c,2024-10,Northumbria Police,Northumbria Police,-1.487454,54.981204,On or near Monkton Road,E01008604,South Tyneside 007B,Shoplifting,Investigation complete; no suspect identified,
2caa2722ddd6b4e779156f7f001aa077b6b238b5d9fe4965c6f70e533d59fc87,2024-10,Northumbria Police,Northumbria Police,-1.487454,54.981204,On or near Monkton Road,E01008604,South Tyneside 007B,Shoplifting,Investigation complete; no suspect identified,
891863c39f471c77d83f2c249e3498f38d657a0350eedfafedcfb05cf9d2ed1b,2024-10,Northumbria Police,Northumbria Police,-1.487454,54.981204,On or near Monkton Road,E01008604,South Tyneside 007B,Shoplifting,Investigation complete; no suspect identified,
b47cedcafa0d624e17848f0c1a4f462a3086e79a25eed33f9c7c16156a0384de,2024-10,Northumbria Police,Northumbria Police,-1.487454,54.981204,On or near Monkton Road,E01008604,South Tyneside 007B,Shoplifting,Investigation complete; no suspect identified,
8cd30a12fe0022f02c6f4d5d3f39e2e61ee5256b4842b7d30ee95e3855480380,2024-10,Northumbria Police,Northumbria Police,-1.487454,54.981204,On or near Monkton Road,E01008604,South Tyneside 007B,Shoplifting,Investigation complete; no suspect identified,
742fce2703890716438a55b7733603520ff03195eccfeb32d988a24d906b932a,2024-10,Northumbria Police,Northumbria Police,-1.487454,54.981204,On or near Monkton Road,E01008604,South Tyneside 007B,Shoplifting,Investigation complete; no suspect identified,
22fab87b199f86386c042008d22e7784a18265cfdbd53c9fccc5d223926c23e6,2024-10,Northumbria Police,Northumbria Police,-1.487454,54.981204,On or near Monkton Road,E01008604,South Tyneside 007B,Shoplifting,Court result unavailable,
811ce243bb20b6cfa9e661d4d818e28fd83569ca10255930e1e410f0dd2ae470,2024-10,Northumbria Police,Northumbria Police,-1.487454,54.981204,On or near Monkton Road,E01008604,South Tyneside 007B,Shoplifting,Investigation complete; no suspect identified,
90854184c7d3c44beb170128c11b8b41f8fd741bcb132b99ed15a2fb84b848e7,2024-10,Northumbria Police,Northumbria Police,-1.487454,54.981204,On or near Monkton Road,E01008604,South Tyneside 007B,Shoplifting,Court result unavailable,
3c268bbbea453ecc86dc4bc93f455137045e918f010a43bcee6eb580e8515d1f,2024-10,Northumbria Police,Northumbria Police,-1.487454,54.981204,On or near Monkton Road,E01008604,South Tyneside 007B,Shoplifting,Court result unavailable,
85f51c70d5a2cd3c123f6c0cedf770e305bc4e8cd390cbbe128a94bddb4c1201,2024-10,Northumbria Police,Northumbria Police,-1.487454,54.981204,On or near Monkton Road,E01008604,South Tyneside 007B,Shoplifting,Suspect charged as part of another case,
cb34223c9ce63856e9293cf69959c7f4f59818d0c97a57f623f301c639c62136,2024-10,Northumbria Police,Northumbria Police,-1.487454,54.981204,On or near Monkton Road,E01008604,South Tyneside 007B,Shoplifting,Investigation complete; no suspect identified,
157173790c8536aaae8d340a6e7e558deed9a6cb11bce925e2e22b388a5465d7,2024-10,Northumbria Police,Northumbria Police,-1.487454,54.981204,On or near Monkton Road,E01008604,South Tyneside 007B,Shoplifting,Court result unavailable,
e8c6ac06d4b9f1a82d55b6520fcdeb8ff505783601e95ee86baba6158a0f7c93,2024-10,Northumbria Police,Northumbria Police,-1.487902,54.982878,On or near Market Square,E01008604,South Tyneside 007B,Vehicle crime,Investigation complete; no suspect identified,
8f686452d42290ffe8e5aa271568a7ef67996468538fe177a08bd433cc5388eb,2024-10,Northumbria Police,Northumbria Police,-1.486553,54.982009,On or near Palmer Walk,E01008604,South Tyneside 007B,Violence and sexual offences,Investigation complete; no suspect identified,
01959adc9a88510de1da210cabad4f4c91e68b9f72133345133a6246d1833070,2024-10,Northumbria Police,Northumbria Police,-1.487454,54.981204,On or near Monkton Road,E01008604,South Tyneside 007B,Violence and sexual offences,Status update unavailable,
50668bec028548cee0863ba0d32beb77507687526f62eb79fbda84930da349df,2024-10,Northumbria Police,Northumbria Police,-1.490735,54.983752,On or near Ellison Place,E01008604,South Tyneside 007B,Violence and sexual offences,Status update unavailable,
6eb75137c1b099be52271c4ff0198f45ba16edcc4860dbd7c9eed0beb3620a5d,2024-10,Northumbria Police,Northumbria Police,-1.491472,54.979819,On or near Jarrow Bus Station,E01008604,South Tyneside 007B,Violence and sexual offences,Status update unavailable,
06c8c1daefdfef8eb311e2697c6f0a6b92f56205d165cd090b422cd134da5f49,2024-10,Northumbria Police,Northumbria Police,-1.483656,54.982518,On or near Friar Way,E01008604,South Tyneside 007B,Violence and sexual offences,Investigation complete; no suspect identified,
cf274647e1ebc444561fc1e3828ebd673c33f71997d5439e09e2e78fea1d8de4,2024-10,Northumbria Police,Northumbria Police,-1.494538,54.980794,On or near Willow Grange,E01008604,South Tyneside 007B,Violence and sexual offences,Investigation complete; no suspect identified,
a1ca2ece7cc7e1bec1bb400045a0855bd692eb619fd1723d1b2a6592a80f5a33,2024-10,Northumbria Police,Northumbria Police,-1.482322,54.982998,On or near Saxon Way,E01008604,South Tyneside 007B,Violence and sexual offences,Status update unavailable,
b817ddaf4aaadbc5452e95ccd38c95583c54a271878fc31b02f40a9994b70d56,2024-10,Northumbria Police,Northumbria Police,-1.487798,54.982419,On or near North Street,E01008604,South Tyneside 007B,Violence and sexual offences,Investigation complete; no suspect identified,
5a533651f59a6d8486fb4a050283bd348a8fe34aa7f042eb28c079da98c047b7,2024-10,Northumbria Police,Northumbria Police,-1.482322,54.982998,On or near Saxon Way,E01008604,South Tyneside 007B,Other crime,Status update unavailable,
5a77c8ed5a2122a522d698cc0a71ed56c94da739788ba9f0e424ad48b463e80a,2024-10,Northumbria Police,Northumbria Police,-1.482322,54.982998,On or near Saxon Way,E01008604,South Tyneside 007B,Other crime,Status update unavailable,
,2024-10,Northumbria Police,Northumbria Police,-1.495600,54.977051,On or near Park Road,E01008660,South Tyneside 007C,Anti-social behaviour,,
,2024-10,Northumbria Police,Northumbria Police,-1.490647,54.978333,On or near Connaught Terrace,E01008660,South Tyneside 007C,Anti-social behaviour,,
76c805935fba2d4ae26c47a69e43cba9a24a38c4699e2759c52353588fa984ae,2024-10,Northumbria Police,Northumbria Police,-1.493887,54.979093,On or near Railway Street,E01008660,South Tyneside 007C,Burglary,Investigation complete; no suspect identified,
fd33c184d21ec72d1f09d70740dea1b3ead9dac3188da428a20ff919e8d9905e,2024-10,Northumbria Police,Northumbria Police,-1.493887,54.979093,On or near Railway Street,E01008660,South Tyneside 007C,Criminal damage and arson,Investigation complete; no suspect identified,
c5cdb2fdbbc0c71b6540fc5d2058416e78b4e2907b183e6ca901700df2664796,2024-10,Northumbria Police,Northumbria Police,-1.494456,54.979823,On or near Parking Area,E01008660,South Tyneside 007C,Violence and sexual offences,Status update unavailable,
e1aeab35e133b1d41f6d563f5d5460b51f979477a21d867920a8e108195ac70f,2024-10,Northumbria Police,Northumbria Police,-1.490167,54.979176,On or near Greenbank,E01008660,South Tyneside 007C,Violence and sexual offences,Status update unavailable,
ff52f2fdbdcb1118f9116e9aefa82a4f1f02a84c99da3d5a021983410c7f6e51,2024-10,Northumbria Police,Northumbria Police,-1.494456,54.979823,On or near Parking Area,E01008660,South Tyneside 007C,Violence and sexual offences,Status update unavailable,
050f21a87395fcdd3e50d0b04709437bcfe99dfd91facdb250a998f7e68b9cc7,2024-10,Northumbria Police,Northumbria Police,-1.493887,54.979093,On or near Railway Street,E01008660,South Tyneside 007C,Violence and sexual offences,Status update unavailable,
50a55646888351141246ba8d67be2974d3d537db0e94afc635a1280a5517ff20,2024-10,Northumbria Police,Northumbria Police,-1.486944,54.977069,On or near Elberfeld Court,E01008661,South Tyneside 007D,Drugs,Investigation complete; no suspect identified,
1539c4f9075bc4f9ead5e6204740ad10e599bf0065161d261829fc1f0e4612be,2024-10,Northumbria Police,Northumbria Police,-1.486944,54.977069,On or near Elberfeld Court,E01008661,South Tyneside 007D,Drugs,Status update unavailable,
f02c3810f37a497d8a883b5f33fa1c52b603f01af9b7d25fb3c797960d9e6fed,2024-10,Northumbria Police,Northumbria Police,-1.486944,54.977069,On or near Elberfeld Court,E01008661,South Tyneside 007D,Drugs,Status update unavailable,
bee9e829fd7f221b5e8c131b38178c3f705c4e2df3474ae5f67ad3de5ea1444b,2024-10,Northumbria Police,Northumbria Police,-1.486944,54.977069,On or near Elberfeld Court,E01008661,South Tyneside 007D,Possession of weapons,Status update unavailable,
d37db87e71ae6a73ee2136c9b0f54fe1f096582e1dcb4c9852f627e4650cf345,2024-10,Northumbria Police,Northumbria Police,-1.486944,54.977069,On or near Elberfeld Court,E01008661,South Tyneside 007D,Possession of weapons,Status update unavailable,
be789d12db7bf4b4f3285c8be267c5bf6f59a09bd3a01e1888cffc5e8e5aad9a,2024-10,Northumbria Police,Northumbria Police,-1.488995,54.976799,On or near Croft Terrace,E01008661,South Tyneside 007D,Violence and sexual offences,Investigation complete; no suspect identified,
eba19dfa05ff1b3fc687da211a2f4230f1f45a84698ce3155422316bc12ea5ad,2024-10,Northumbria Police,Northumbria Police,-1.482066,54.976149,On or near Stephen Court,E01008661,South Tyneside 007D,Violence and sexual offences,Status update unavailable,
4dcc74d55e75bb797f88344bf3111c009a8e14bdc950c4967ba347563ef07842,2024-10,Northumbria Police,Northumbria Police,-1.482066,54.976149,On or near Stephen Court,E01008661,South Tyneside 007D,Violence and sexual offences,Status update unavailable,
b091e016a2523ae9fa89dcb226e2e0922a7b31010c7901f053f8ade8f9d02e21,2024-10,Northumbria Police,Northumbria Police,-1.488995,54.976799,On or near Croft Terrace,E01008661,South Tyneside 007D,Violence and sexual offences,Status update unavailable,
1d023d4c5b81ef2f9e349cb1e75d65c24d35407413dbab7d8ffc4925b7616e36,2024-10,Northumbria Police,Northumbria Police,-1.488995,54.976799,On or near Croft Terrace,E01008661,South Tyneside 007D,Violence and sexual offences,Status update unavailable,
328aa3781afecc7a3c2a449f623031ff4fd0438e4f638d2fb6abff195c65818d,2024-10,Northumbria Police,Northumbria Police,-1.488995,54.976799,On or near Croft Terrace,E01008661,South Tyneside 007D,Violence and sexual offences,Investigation complete; no suspect identified,
68a0bebf853508f6369ff2f4bceee7288122af138e9d4b8d34113df7eac82a13,2024-10,Northumbria Police,Northumbria Police,-1.488995,54.976799,On or near Croft Terrace,E01008661,South Tyneside 007D,Violence and sexual offences,Status update unavailable,
5d91c8d67453105ddf49702d9a81fac06cf532d3b2a0975deaabc03045bc9f83,2024-10,Northumbria Police,Northumbria Police,-1.487241,54.978355,On or near Concorde Way,E01008661,South Tyneside 007D,Violence and sexual offences,Status update unavailable,
63fb8e566984fd6eb179d07c0643a3883b747143bfd838745906647c8ea7145e,2024-10,Northumbria Police,Northumbria Police,-1.488995,54.976799,On or near Croft Terrace,E01008661,South Tyneside 007D,Other crime,Status update unavailable,
,2024-10,Northumbria Police,Northumbria Police,-1.401140,54.973882,On or near Bradley Avenue,E01008633,South Tyneside 008A,Anti-social behaviour,,
be39c799a65232a6a8c5af67cc1d48f2190e632233ab23393a08673edf8f42a6,2024-10,Northumbria Police,Northumbria Police,-1.402105,54.975226,On or near Kirkley Avenue,E01008633,South Tyneside 008A,Criminal damage and arson,Investigation complete; no suspect identified,
1778b9ecee5aa949e4ef3a9b9f9a242f950700d9f57058e79f527e5b9bba47fc,2024-10,Northumbria Police,Northumbria Police,-1.397874,54.976067,On or near Tanfield Gardens,E01008633,South Tyneside 008A,Criminal damage and arson,Investigation complete; no suspect identified,
beb8fa4a8bf4b2abdf34a370545c5dc94ab842adb7d2102e7dcc2a68fdb00395,2024-10,Northumbria Police,Northumbria Police,-1.403284,54.973650,On or near Hayton Avenue,E01008633,South Tyneside 008A,Violence and sexual offences,Status update unavailable,
54fdd48cb983ddf680c4b2011caceacb42ed25c19f135949760032f73e3de7b9,2024-10,Northumbria Police,Northumbria Police,-1.401584,54.974522,On or near East Close,E01008633,South Tyneside 008A,Violence and sexual offences,Investigation complete; no suspect identified,
a01b86fdfec520165ec162a6ca069bebce02aea7962885e0038927ab4988382b,2024-10,Northumbria Police,Northumbria Police,-1.403284,54.973650,On or near Hayton Avenue,E01008633,South Tyneside 008A,Violence and sexual offences,Status update unavailable,
,2024-10,Northumbria Police,Northumbria Police,-1.407257,54.972249,On or near Supermarket,E01008634,South Tyneside 008B,Anti-social behaviour,,
,2024-10,Northumbria Police,Northumbria Police,-1.407257,54.972249,On or near Supermarket,E01008634,South Tyneside 008B,Anti-social behaviour,,
85ae20ae9e0e43c199721f21f8ae0c2baf0bf74e37ff540a8e07313a37059db4,2024-10,Northumbria Police,Northumbria Police,-1.402256,54.976628,On or near Centenary Avenue,E01008634,South Tyneside 008B,Bicycle theft,Status update unavailable,
02f0a8f5153b654331c4890d3d9ad82025de54b0e8bb882c174c58b8e09cf1b0,2024-10,Northumbria Police,Northumbria Police,-1.406699,54.980460,On or near Marsden Road,E01008634,South Tyneside 008B,Burglary,Investigation complete; no suspect identified,
75a66faf6ceb2bcdf4aa7e509a719ed006c79194de21b9fdbeb1dd2edced5e5f,2024-10,Northumbria Police,Northumbria Police,-1.407257,54.972249,On or near Supermarket,E01008634,South Tyneside 008B,Robbery,Status update unavailable,
0820625b3b3ad03a983d77997ad24883b5479fc458c0b5c53c1efd1d10451082,2024-10,Northumbria Police,Northumbria Police,-1.407257,54.972249,On or near Supermarket,E01008634,South Tyneside 008B,Shoplifting,Investigation complete; no suspect identified,
f14827ce7b07651f238263ec938abf14977d2df40d7f00561df8e9abc3745e35,2024-10,Northumbria Police,Northumbria Police,-1.408358,54.972821,On or near Borough Road,E01008634,South Tyneside 008B,Shoplifting,Investigation complete; no suspect identified,
e9b200ce17f24fecca73f61815088a715c57131a6eb171aff9b270fe6c36e0b6,2024-10,Northumbria Police,Northumbria Police,-1.407257,54.972249,On or near Supermarket,E01008634,South Tyneside 008B,Shoplifting,Court result unavailable,
23c9e7e0db66b4fba150cb1404621508c946cd885d7d8ac55d903ac2bf09bdda,2024-10,Northumbria Police,Northumbria Police,-1.406699,54.980460,On or near Marsden Road,E01008634,South Tyneside 008B,Shoplifting,Investigation complete; no suspect identified,
bd4a229652940f935bd5b8df3d97bf192bdeb8d504d7f8717a482d054f272f63,2024-10,Northumbria Police,Northumbria Police,-1.407257,54.972249,On or near Supermarket,E01008634,South Tyneside 008B,Shoplifting,Suspect charged as part of another case,
9b0c8b71f996945bbc266e6372dca1eef014be5629f9d28f14295e53b525e6b9,2024-10,Northumbria Police,Northumbria Police,-1.404307,54.973161,On or near Crossway,E01008634,South Tyneside 008B,Violence and sexual offences,Investigation complete; no suspect identified,
ec40a92cb6ce9007636c5f5d8ecd6ffe82f63b9cce9c2db260e0df9d6c79e0de,2024-10,Northumbria Police,Northumbria Police,-1.404307,54.973161,On or near Crossway,E01008634,South Tyneside 008B,Violence and sexual offences,Status update unavailable,
3011630abcebe047ecc41f21c0c757e7e907ab57dd89e469c6ba53ab944ec575,2024-10,Northumbria Police,Northumbria Police,-1.407257,54.972249,On or near Supermarket,E01008634,South Tyneside 008B,Violence and sexual offences,Investigation complete; no suspect identified,
cfb9a89ff57b9735b0c93650b750cd22ca003440b6e383dcf95cd4e9d6dff657,2024-10,Northumbria Police,Northumbria Police,-1.403848,54.976690,On or near School Approach,E01008634,South Tyneside 008B,Violence and sexual offences,Status update unavailable,
204e58427683c7b5cde7a03e9960f45b7596c13086988bc66b304018aa5a4fb4,2024-10,Northumbria Police,Northumbria Police,-1.408358,54.972821,On or near Borough Road,E01008634,South Tyneside 008B,Violence and sexual offences,Investigation complete; no suspect identified,
aade9c62a1ce75d40aad442b49aacfaa40cb143ce6c966aa07a712c7e14b420a,2024-10,Northumbria Police,Northumbria Police,-1.408358,54.972821,On or near Borough Road,E01008634,South Tyneside 008B,Violence and sexual offences,Investigation complete; no suspect identified,
91d60b954716810712528c91b513b49da6e4d1e464bb623f6e8896bd2fbf71dd,2024-10,Northumbria Police,Northumbria Police,-1.407257,54.972249,On or near Supermarket,E01008634,South Tyneside 008B,Violence and sexual offences,Status update unavailable,
,2024-10,Northumbria Police,Northumbria Police,-1.398136,54.980463,On or near Horsley Hill Square,E01008636,South Tyneside 008C,Anti-social behaviour,,
,2024-10,Northumbria Police,Northumbria Police,-1.401227,54.979607,On or near Bywell Avenue,E01008636,South Tyneside 008C,Anti-social behaviour,,
ab1220df9420dc2a9a2d24327b5d74efeb761dd6bbe9d1d517140c0bd7a1179f,2024-10,Northumbria Police,Northumbria Police,-1.398136,54.980463,On or near Horsley Hill Square,E01008636,South Tyneside 008C,Criminal damage and arson,Investigation complete; no suspect identified,
8c3d50f7330551ca054b15f2df54f5a4291cc7c4235533c22a1cf1d13b20395a,2024-10,Northumbria Police,Northumbria Police,-1.402321,54.979603,On or near Belsay Avenue,E01008636,South Tyneside 008C,Drugs,Investigation complete; no suspect identified,
9ac3d61b28ae21baa6729eb3def36556f752d972ecea76e5b75250e17aa246f3,2024-10,Northumbria Police,Northumbria Police,-1.399609,54.978125,On or near Hurworth Avenue,E01008636,South Tyneside 008C,Drugs,Offender given a caution,
b9a7d7d18234c6c8ebe9c427a955a0526830fac310976c78c9e594e2ed878c30,2024-10,Northumbria Police,Northumbria Police,-1.402321,54.979603,On or near Belsay Avenue,E01008636,South Tyneside 008C,Drugs,Investigation complete; no suspect identified,
b3d93ae41607974762e9dfca1f1512240e6211a3d95aef80a0c1d6e4dcca6a62,2024-10,Northumbria Police,Northumbria Police,-1.402321,54.979603,On or near Belsay Avenue,E01008636,South Tyneside 008C,Drugs,Investigation complete; no suspect identified,
0830bf7cdc79a01e87cd0aa011f4d2167d177ca403a62849ba1ae279a6910433,2024-10,Northumbria Police,Northumbria Police,-1.402321,54.979603,On or near Belsay Avenue,E01008636,South Tyneside 008C,Drugs,Investigation complete; no suspect identified,
cd111d6d406be90e269622231381061b547faead715b8717af67d0615b74eb4c,2024-10,Northumbria Police,Northumbria Police,-1.398136,54.980463,On or near Horsley Hill Square,E01008636,South Tyneside 008C,Robbery,Court result unavailable,
303f734ca30ee630e2cdaba87ec0fce8784af82844be58314f828801d5724087,2024-10,Northumbria Police,Northumbria Police,-1.405297,54.980130,On or near Ridley Grove,E01008636,South Tyneside 008C,Violence and sexual offences,Court result unavailable,
82af445b860566daf880f8fa7319a926eb4902f108dc609d298d3f093d0b9c13,2024-10,Northumbria Police,Northumbria Police,-1.399609,54.978125,On or near Hurworth Avenue,E01008636,South Tyneside 008C,Violence and sexual offences,Offender given a caution,
,2024-10,Northumbria Police,Northumbria Police,-1.393212,54.977491,On or near Steward Crescent,E01008637,South Tyneside 008D,Anti-social behaviour,,
,2024-10,Northumbria Police,Northumbria Police,-1.392941,54.978901,On or near Fulwell Avenue,E01008637,South Tyneside 008D,Anti-social behaviour,,
,2024-10,Northumbria Police,Northumbria Police,-1.392941,54.978901,On or near Fulwell Avenue,E01008637,South Tyneside 008D,Anti-social behaviour,,
,2024-10,Northumbria Police,Northumbria Police,-1.387967,54.977240,On or near Chirton Avenue,E01008637,South Tyneside 008D,Anti-social behaviour,,
ffe48f2f3beffd1d333e9f912e8ea5c631b5d31391c427fb3f304350b9cb900c,2024-10,Northumbria Police,Northumbria Police,-1.393268,54.975847,On or near Lumley Avenue,E01008637,South Tyneside 008D,Criminal damage and arson,Investigation complete; no suspect identified,
c8ff114fb2682d8edbe086912f443501bba33d1d0179bae2c53421a46ab652c6,2024-10,Northumbria Police,Northumbria Police,-1.391907,54.977026,On or near Seaham Close,E01008637,South Tyneside 008D,Violence and sexual offences,Investigation complete; no suspect identified,
bd83ea992a0a4ff21bdc34d66bc011b64921b05b6c7d04eb01614fe7f7919ae8,2024-10,Northumbria Police,Northumbria Police,-1.392941,54.978901,On or near Fulwell Avenue,E01008637,South Tyneside 008D,Violence and sexual offences,Status update unavailable,
b236b21d3e6e31ddb56fc2abdc4c35298acd6587cfd1b9e6adc172ab9dfa1034,2024-10,Northumbria Police,Northumbria Police,-1.386951,54.977235,On or near Prince Edward Grove,E01008637,South Tyneside 008D,Violence and sexual offences,Status update unavailable,
e2f54d5ddfb23102df6df20fb2cad95e5d4f116871688eddce3e344ee84a0924,2024-10,Northumbria Police,Northumbria Police,-1.386951,54.977235,On or near Prince Edward Grove,E01008637,South Tyneside 008D,Violence and sexual offences,Status update unavailable,
8b4d6f845db3bfcc5ee0cc117f46ce68ff0332165de852491bc6def3adac5527,2024-10,Northumbria Police,Northumbria Police,-1.394335,54.976589,On or near Thornholme Avenue,E01008637,South Tyneside 008D,Violence and sexual offences,Status update unavailable,
,2024-10,Northumbria Police,Northumbria Police,-1.505414,54.983193,On or near Lumley Court,E01008639,South Tyneside 009A,Anti-social behaviour,,
,2024-10,Northumbria Police,Northumbria Police,-1.508630,54.980932,On or near Hollystone Drive,E01008639,South Tyneside 009A,Anti-social behaviour,,
,2024-10,Northumbria Police,Northumbria Police,-1.507574,54.984235,On or near Hospital,E01008639,South Tyneside 009A,Anti-social behaviour,,
,2024-10,Northumbria Police,Northumbria Police,-1.505773,54.981981,On or near High Lane Row,E01008639,South Tyneside 009A,Anti-social behaviour,,
,2024-10,Northumbria Police,Northumbria Police,-1.509623,54.981449,On or near School Street,E01008639,South Tyneside 009A,Anti-social behaviour,,
,2024-10,Northumbria Police,Northumbria Police,-1.505414,54.983193,On or near Lumley Court,E01008639,South Tyneside 009A,Anti-social behaviour,,
,2024-10,Northumbria Police,Northumbria Police,-1.508630,54.980932,On or near Hollystone Drive,E01008639,South Tyneside 009A,Anti-social behaviour,,
9f1d8fa6235a64c0305bb119452da55a73b59017473babde5386f5171d7a07ef,2024-10,Northumbria Police,Northumbria Police,-1.505414,54.983193,On or near Lumley Court,E01008639,South Tyneside 009A,Criminal damage and arson,Offender given a caution,
cead999d073e05332f1c14b4361c21ec51a9908f631da744b965b90c27845ba8,2024-10,Northumbria Police,Northumbria Police,-1.518173,54.975965,On or near Landfall Drive,E01008639,South Tyneside 009A,Other theft,Investigation complete; no suspect identified,
57ce371d39f707d254406faabf063331c290f95ba476c1a26a7a8bf8d98ff0ef,2024-10,Northumbria Police,Northumbria Police,-1.511523,54.980719,On or near Davy Close,E01008639,South Tyneside 009A,Public order,Investigation complete; no suspect identified,
b744ea92425c8e07beea7f826137557fa5e337aec6a9a4b9d6885394da546a9d,2024-10,Northumbria Police,Northumbria Police,-1.505414,54.983193,On or near Lumley Court,E01008639,South Tyneside 009A,Public order,Investigation complete; no suspect identified,
731cda5324f12345003a54a2449a22bc3b51e2635428209c249ed8b482f8aea7,2024-10,Northumbria Police,Northumbria Police,-1.505414,54.983193,On or near Lumley Court,E01008639,South Tyneside 009A,Public order,Status update unavailable,
d09e800628003f947e84da828b1560a87c23eac284626d0d3e5913e6f13b3739,2024-10,Northumbria Police,Northumbria Police,-1.505414,54.983193,On or near Lumley Court,E01008639,South Tyneside 009A,Vehicle crime,Investigation complete; no suspect identified,
cd236734f04c60d4cad1027fea2a240e08920e12d6775845ef4c1e83fbff20f2,2024-10,Northumbria Police,Northumbria Police,-1.512060,54.981539,On or near Walsh Avenue,E01008639,South Tyneside 009A,Violence and sexual offences,Status update unavailable,
795167637e24a58f374e880f9fefca51ba698932dfd9d4e9a82e0da390784387,2024-10,Northumbria Police,Northumbria Police,-1.507365,54.983443,On or near Witton Road,E01008639,South Tyneside 009A,Violence and sexual offences,Court result unavailable,
e72b3f10f7552e32bd0d0b7055ea49e1a00d14de9819150d6bdb0aeefc42c383,2024-10,Northumbria Police,Northumbria Police,-1.512060,54.981539,On or near Walsh Avenue,E01008639,South Tyneside 009A,Violence and sexual offences,Status update unavailable,
e13ac56f564acab9d84b156dec748d5bfa45dcd4078cc8dbec4899ed81ce9e45,2024-10,Northumbria Police,Northumbria Police,-1.516034,54.975885,On or near Vimy Avenue,E01008639,South Tyneside 009A,Violence and sexual offences,Investigation complete; no suspect identified,
6dbce20bc14671fb1c2d2e1546d6e11bc5cf3063ccfbaacbaa57a66c94fda25c,2024-10,Northumbria Police,Northumbria Police,-1.518948,54.975249,On or near May Close,E01008639,South Tyneside 009A,Violence and sexual offences,Investigation complete; no suspect identified,
a4d3ac2cdb1c9ca41cc70fc7bdaeb321b73ec437b4a45d5bbb790ec226db0b78,2024-10,Northumbria Police,Northumbria Police,-1.508630,54.980932,On or near Hollystone Drive,E01008639,South Tyneside 009A,Violence and sexual offences,Status update unavailable,
f5125dda21b89bd64f21f2609039a8a12c296e67cb73e0f4ab2ded88f5009596,2024-10,Northumbria Police,Northumbria Police,-1.505433,54.981656,On or near Coppergate Court,E01008639,South Tyneside 009A,Violence and sexual offences,Status update unavailable,
07d7e742846eed034f046a3bb44ca4cc7821138f78896f2c151c7d0c74042714,2024-10,Northumbria Police,Northumbria Police,-1.512060,54.981539,On or near Walsh Avenue,E01008639,South Tyneside 009A,Violence and sexual offences,Investigation complete; no suspect identified,
a5d5f8dea840604f299a1eaf460d3b735fd14013edc3953c661958455cb10fcb,2024-10,Northumbria Police,Northumbria Police,-1.505414,54.983193,On or near Lumley Court,E01008639,South Tyneside 009A,Violence and sexual offences,Offender given a caution,
,2024-10,Northumbria Police,Northumbria Police,-1.502770,54.979722,On or near St Oswald'S Road,E01008652,South Tyneside 009B,Anti-social behaviour,,
,2024-10,Northumbria Police,Northumbria Police,-1.506580,54.979855,On or near Ralph Street,E01008652,South Tyneside 009B,Anti-social behaviour,,
,2024-10,Northumbria Police,Northumbria Police,-1.504424,54.978597,On or near Black Road,E01008652,South Tyneside 009B,Anti-social behaviour,,
08ec97669ea9ab7bf564cd0ebcd7480a3fd2150b2d126eb5a3f0928875fc884c,2024-10,Northumbria Police,Northumbria Police,-1.506580,54.979855,On or near Ralph Street,E01008652,South Tyneside 009B,Drugs,Investigation complete; no suspect identified,
a92e05c91d0e2d5f9e43de0465825146c477c5a364e5e1b98d1633f1eefa6272,2024-10,Northumbria Police,Northumbria Police,-1.506580,54.979855,On or near Ralph Street,E01008652,South Tyneside 009B,Drugs,Investigation complete; no suspect identified,
564f3928877165dcf044237152af146d11949919cca335a75d22045730877d7b,2024-10,Northumbria Police,Northumbria Police,-1.498149,54.980638,On or near Fir Street,E01008652,South Tyneside 009B,Violence and sexual offences,Status update unavailable,
8452465f5b820212985df87e0ae90df07a8c38bfe7c27a1b0a2d0e7888e6ee38,2024-10,Northumbria Police,Northumbria Police,-1.508905,54.978885,On or near West Street,E01008652,South Tyneside 009B,Violence and sexual offences,Status update unavailable,
de478dacb0bfcd6b65e4ab005c14b8df02566e330948e594b2dcaddeb28a7368,2024-10,Northumbria Police,Northumbria Police,-1.506965,54.980324,On or near Railway Street,E01008652,South Tyneside 009B,Violence and sexual offences,Status update unavailable,
,2024-10,Northumbria Police,Northumbria Police,-1.510295,54.976293,On or near Coleridge Square,E01008653,South Tyneside 009C,Anti-social behaviour,,
f0990c50fe45628bbc41de0320a444098107b7c345ebee726e86e6768b1fd1f3,2024-10,Northumbria Police,Northumbria Police,-1.508341,54.977660,On or near Tennyson Avenue,E01008653,South Tyneside 009C,Burglary,Status update unavailable,
5feedb54d95c9a9a893dba1a9a2a576183c18556113973c2462b2babc650bd6e,2024-10,Northumbria Police,Northumbria Police,-1.512483,54.977533,On or near Hedgeley Road,E01008653,South Tyneside 009C,Criminal damage and arson,Status update unavailable,
3b3cdc9478de5e92aff4915c9529014c715308de62bf478ba4907c3533ee051e,2024-10,Northumbria Police,Northumbria Police,-1.512483,54.977533,On or near Hedgeley Road,E01008653,South Tyneside 009C,Criminal damage and arson,Investigation complete; no suspect identified,
ffc13b8c07ebffc766fe7ad964f40f94e40ef79a6ca0011420de0d66d37ec856,2024-10,Northumbria Police,Northumbria Police,-1.508341,54.977660,On or near Tennyson Avenue,E01008653,South Tyneside 009C,Public order,Investigation complete; no suspect identified,
19f498eb94aebad9d6d4195b911693061dbc3fcd561159d8519832f637d60d6d,2024-10,Northumbria Police,Northumbria Police,-1.508341,54.977660,On or near Tennyson Avenue,E01008653,South Tyneside 009C,Public order,Status update unavailable,
89819adf0482d4ca372be9dcee24984686bde5ac61b0a0ba1bba30a03bc9f5df,2024-10,Northumbria Police,Northumbria Police,-1.510392,54.977372,On or near Shakespeare Avenue,E01008653,South Tyneside 009C,Violence and sexual offences,Status update unavailable,
b027b564ebccaeff872c19ba449e286ce15e85c189f50b4ead7c60f73aa4c92f,2024-10,Northumbria Police,Northumbria Police,-1.513055,54.978093,On or near The Cornfields,E01008653,South Tyneside 009C,Violence and sexual offences,Investigation complete; no suspect identified,
,2024-10,Northumbria Police,Northumbria Police,-1.499293,54.979133,On or near Oak Street,E01008654,South Tyneside 009D,Anti-social behaviour,,
,2024-10,Northumbria Police,Northumbria Police,-1.500193,54.975812,On or near Howe Street,E01008654,South Tyneside 009D,Anti-social behaviour,,
,2024-10,Northumbria Police,Northumbria Police,-1.498572,54.979292,On or near Maple Street,E01008654,South Tyneside 009D,Anti-social behaviour,,
961d95909d8f2b5d1bb18b3548f32e571c978c516f54da5627803fb53a743620,2024-10,Northumbria Police,Northumbria Police,-1.498572,54.979292,On or near Maple Street,E01008654,South Tyneside 009D,Burglary,Investigation complete; no suspect identified,
978728ba9e190adb99548db3879d5f817210c7fd5b5f2bad02753452b8d47752,2024-10,Northumbria Police,Northumbria Police,-1.497099,54.979609,On or near Holly Street,E01008654,South Tyneside 009D,Criminal damage and arson,Investigation complete; no suspect identified,
7f482c20065f6c0429698d6790486258c1b039b26018b775cd31943440f0c1a3,2024-10,Northumbria Police,Northumbria Police,-1.497909,54.977339,On or near Pine Street,E01008654,South Tyneside 009D,Criminal damage and arson,Investigation complete; no suspect identified,
0e9f14e8e636621403cc948c82955affbb327655940cca4588e8a2c8a52afaae,2024-10,Northumbria Police,Northumbria Police,-1.498917,54.976660,On or near Northbourne Road,E01008654,South Tyneside 009D,Criminal damage and arson,Investigation complete; no suspect identified,
fccecb473c10456ba93d07c6399dd22d117fe7c59986e4e54d38b8878da55eef,2024-10,Northumbria Police,Northumbria Police,-1.497909,54.977339,On or near Pine Street,E01008654,South Tyneside 009D,Criminal damage and arson,Investigation complete; no suspect identified,
ca2ede3f07c3d0c627e144530868c11becab4177db291621792636d08ea164e8,2024-10,Northumbria Police,Northumbria Police,-1.496251,54.977494,On or near North View,E01008654,South Tyneside 009D,Other theft,Investigation complete; no suspect identified,
fc8c119d2ca21850e75d7052f6145d6facb5382701de89561692dd92cc9f814b,2024-10,Northumbria Police,Northumbria Police,-1.497927,54.979649,On or near Birch Street,E01008654,South Tyneside 009D,Public order,Investigation complete; no suspect identified,
7b49c68c5c42d211d89932fae5bb984fd4ea923f39f069df8fa1897c2ff867de,2024-10,Northumbria Police,Northumbria Police,-1.500469,54.976271,On or near Gladstone Street,E01008654,South Tyneside 009D,Violence and sexual offences,Investigation complete; no suspect identified,
,2024-10,Northumbria Police,Northumbria Police,-1.502874,54.976290,On or near Eton Square,E01008655,South Tyneside 009E,Anti-social behaviour,,
,2024-10,Northumbria Police,Northumbria Police,-1.507897,54.971844,On or near Campbell Park Road,E01008655,South Tyneside 009E,Anti-social behaviour,,
,2024-10,Northumbria Police,Northumbria Police,-1.507897,54.971844,On or near Campbell Park Road,E01008655,South Tyneside 009E,Anti-social behaviour,,
b35d06d8c929228aa0cc280a4e8f3b7af7bcbba93a993e5e44c1102c1e9cbc01,2024-10,Northumbria Police,Northumbria Police,-1.510198,54.974001,On or near A185,E01008655,South Tyneside 009E,Burglary,Investigation complete; no suspect identified,
4455de115f6ae998b0e32116112095e742610adc24fee83a7f846debabf4dace,2024-10,Northumbria Police,Northumbria Police,-1.502874,54.976290,On or near Eton Square,E01008655,South Tyneside 009E,Criminal damage and arson,Status update unavailable,
d04105ded32ef934008b0726700d6923e16e100ab6a2bbbd989a25c147206cf9,2024-10,Northumbria Police,Northumbria Police,-1.510198,54.974001,On or near A185,E01008655,South Tyneside 009E,Criminal damage and arson,Offender given a caution,
323ab6727288e57ec740f88223cd8056ae397c936c951266d4c34c9358af55fe,2024-10,Northumbria Police,Northumbria Police,-1.510198,54.974001,On or near A185,E01008655,South Tyneside 009E,Criminal damage and arson,Investigation complete; no suspect identified,
163dc0c2d82c4f6c249c4e44b557c76348d6bb73b19e8de037872de2c756d007,2024-10,Northumbria Police,Northumbria Police,-1.505860,54.977408,On or near Windsor Crescent,E01008655,South Tyneside 009E,Criminal damage and arson,Status update unavailable,
00b40cf07887e67d5224bf583c894373cfedae91884d860b511ea5acbfbf30b1,2024-10,Northumbria Police,Northumbria Police,-1.510198,54.974001,On or near A185,E01008655,South Tyneside 009E,Criminal damage and arson,Investigation complete; no suspect identified,
2403b005bb7a32f8ab00c0ce1b8a8471b0086bbe6a1c9646de7e40c9dbf3fc49,2024-10,Northumbria Police,Northumbria Police,-1.507897,54.971844,On or near Campbell Park Road,E01008655,South Tyneside 009E,Public order,Investigation complete; no suspect identified,
7327b22d93b77ddba9d07071dc99632df515d9de4e3113242484a42e0475ae65,2024-10,Northumbria Police,Northumbria Police,-1.505757,54.973103,On or near Witty Avenue,E01008655,South Tyneside 009E,Vehicle crime,Investigation complete; no suspect identified,
e8c5b9d13e10b251b088e6b4c98a2e0ac16e543d8b12a800e0e0105facf98cb0,2024-10,Northumbria Police,Northumbria Police,-1.505860,54.977408,On or near Windsor Crescent,E01008655,South Tyneside 009E,Violence and sexual offences,Investigation complete; no suspect identified,
6c49110803dd80ed0ce7ac6ab6988b7ab44d48d238837b9625ec49ac7e87d7a4,2024-10,Northumbria Police,Northumbria Police,-1.505860,54.977408,On or near Windsor Crescent,E01008655,South Tyneside 009E,Violence and sexual offences,Status update unavailable,
f91918f79ebd402149f8c0bafd41f9eecef243e9bdd60a42b4a2a66e8cec260d,2024-10,Northumbria Police,Northumbria Police,-1.505860,54.977408,On or near Windsor Crescent,E01008655,South Tyneside 009E,Violence and sexual offences,Status update unavailable,
048bb2786a54d07f8a5584952866fcf4cdbe2ff503e9169f261ee9ded542ae86,2024-10,Northumbria Police,Northumbria Police,-1.502874,54.976290,On or near Eton Square,E01008655,South Tyneside 009E,Violence and sexual offences,Status update unavailable,
fd776d9cdbb34450377e7de8665acbb7bc76bba343c8ef79dfc56a3a51d2fa2a,2024-10,Northumbria Police,Northumbria Police,-1.503068,54.973307,On or near Bede Walk,E01008655,South Tyneside 009E,Violence and sexual offences,Status update unavailable,
1bfd57f65ede7c844a254a8e00add9ca7206b3bc6e3e77b49e3f0e3876b57566,2024-10,Northumbria Police,Northumbria Police,-1.499745,54.972943,On or near Turnberry Drive,E01008655,South Tyneside 009E,Violence and sexual offences,Status update unavailable,
d937453dc76248c3f1257edb944ca5f9c4d501a9fe41a07c463107ef057f557d,2024-10,Northumbria Police,Northumbria Police,-1.506299,54.976070,On or near Kipling Avenue,E01008655,South Tyneside 009E,Violence and sexual offences,Status update unavailable,
eb5769467a010e0862c0030342064b2b17d69a75167aa63dda5df249b7f1ae8f,2024-10,Northumbria Police,Northumbria Police,-1.508614,54.973240,On or near Parking Area,E01008655,South Tyneside 009E,Violence and sexual offences,Status update unavailable,
91866d78bd4aa25644c5529e69a24328e4431c550f8e6879e51e7c3bd21a25b5,2024-10,Northumbria Police,Northumbria Police,-1.505860,54.977408,On or near Windsor Crescent,E01008655,South Tyneside 009E,Violence and sexual offences,Status update unavailable,
9e31d87388767463a3e354a2ceb91c8530356ac3007a115fb1f1e4f78ba01d6e,2024-10,Northumbria Police,Northumbria Police,-1.505549,54.972194,On or near Kings Avenue,E01008655,South Tyneside 009E,Other crime,Status update unavailable,
64959926e545544c74111bf93e43be8759181edd9f0b4db520cb986aa31eb9bc,2024-10,Northumbria Police,Northumbria Police,-1.499745,54.972943,On or near Turnberry Drive,E01008655,South Tyneside 009E,Other crime,Status update unavailable,
,2024-10,Northumbria Police,Northumbria Police,-1.494484,54.975105,On or near Victoria Terrace,E01008657,South Tyneside 009F,Anti-social behaviour,,
ae2e90453fb214ce90e19f2c3ab23a7105aaf98a7428df7fe8d53c69d83397bc,2024-10,Northumbria Police,Northumbria Police,-1.494484,54.975105,On or near Victoria Terrace,E01008657,South Tyneside 009F,Criminal damage and arson,Investigation complete; no suspect identified,
08b4474774b8651e3c6e028a5da46b4d8ad35acc4216a797cb68e11e72cd5c00,2024-10,Northumbria Police,Northumbria Police,-1.494103,54.971833,On or near Rede Street,E01008657,South Tyneside 009F,Criminal damage and arson,Investigation complete; no suspect identified,
99eae68dedce5372aa9b813bfdf31fd25e0a98c4b86b9f6a91e9eea08a004d5a,2024-10,Northumbria Police,Northumbria Police,-1.494840,54.972878,On or near Breamish Street,E01008657,South Tyneside 009F,Violence and sexual offences,Status update unavailable,
ab1b21af30cb00c8accf95ce9f9418d756a8418d20005d077e6835ae359d19b3,2024-10,Northumbria Police,Northumbria Police,-1.494591,54.970334,On or near Coquet Street,E01008657,South Tyneside 009F,Violence and sexual offences,Status update unavailable,
e308d9b520b35934400ec690700d5e0259a4487fc0c19b812d30e64843a9cd23,2024-10,Northumbria Police,Northumbria Police,-1.493830,54.972470,On or near Wansbeck Road,E01008657,South Tyneside 009F,Violence and sexual offences,Status update unavailable,
,2024-10,Northumbria Police,Northumbria Police,-1.522072,54.981822,On or near Hazelmoor,E01008638,South Tyneside 010A,Anti-social behaviour,,
,2024-10,Northumbria Police,Northumbria Police,-1.524988,54.979667,On or near Ann Street,E01008638,South Tyneside 010A,Anti-social behaviour,,
fd05bfd2388cf3a5515e9726d31935e946491dbce85013e4326399e2d497062a,2024-10,Northumbria Police,Northumbria Police,-1.524953,54.978652,On or near Price Street,E01008638,South Tyneside 010A,Criminal damage and arson,Investigation complete; no suspect identified,
60f3f5ff57a5487dfc09a797cffb2f2b8e0254003eadd24bb1ec9fed440e5fa8,2024-10,Northumbria Police,Northumbria Police,-1.522072,54.981822,On or near Hazelmoor,E01008638,South Tyneside 010A,Other theft,Investigation complete; no suspect identified,
3e9d91dcb6b70be24d758fe13c77b328b9aa4f47731b2195c81d9637ff00cec8,2024-10,Northumbria Police,Northumbria Police,-1.528373,54.980130,On or near Springwood,E01008638,South Tyneside 010A,Violence and sexual offences,Status update unavailable,
,2024-10,Northumbria Police,Northumbria Police,-1.526421,54.978738,On or near Edward Street,E01008640,South Tyneside 010B,Anti-social behaviour,,
,2024-10,Northumbria Police,Northumbria Police,-1.520212,54.975335,On or near Hebburn,E01008640,South Tyneside 010B,Anti-social behaviour,,
4eff7a74ffac253a4f40f43dc019ef66ccd8233b4b2ba199d2d5aedcb1bb7d16,2024-10,Northumbria Police,Northumbria Police,-1.524225,54.975495,On or near Marina View,E01008640,South Tyneside 010B,Bicycle theft,Investigation complete; no suspect identified,
d00733f63988e6c0a607f3f995b9fc7eac09d53a5e55186f704e1bd709698e43,2024-10,Northumbria Police,Northumbria Police,-1.516883,54.974127,On or near Tweed Street,E01008640,South Tyneside 010B,Criminal damage and arson,Suspect charged as part of another case,
63d1be33456a1f89816a84c7f5c154803f9802ad6eeb5e3abf648858d8be2d59,2024-10,Northumbria Police,Northumbria Police,-1.516883,54.974127,On or near Tweed Street,E01008640,South Tyneside 010B,Criminal damage and arson,Investigation complete; no suspect identified,
ab786a7a73cf321bacb467428b35b1b7fc10ce19e4e822aac11e4a86c888d65a,2024-10,Northumbria Police,Northumbria Police,-1.516883,54.974127,On or near Tweed Street,E01008640,South Tyneside 010B,Criminal damage and arson,Suspect charged as part of another case,
16d2c161ae6931c037e43e68b96a16c59e22bdee8d7d18ab9cadd04ce668a372,2024-10,Northumbria Police,Northumbria Police,-1.516883,54.974127,On or near Tweed Street,E01008640,South Tyneside 010B,Criminal damage and arson,Investigation complete; no suspect identified,
e1ca2894fa45f09a255341f97745f02815a7026431d3c64df5c7ebe11d10184a,2024-10,Northumbria Police,Northumbria Police,-1.524225,54.975495,On or near Marina View,E01008640,South Tyneside 010B,Public order,Status update unavailable,
c6ffd9c28d7aa85899ae12faab11552a337fa43b0baffbb1ed90d99e53d8e817,2024-10,Northumbria Police,Northumbria Police,-1.520212,54.975335,On or near Hebburn,E01008640,South Tyneside 010B,Public order,Investigation complete; no suspect identified,
0155c01e6559398c2c978d25e39d22e26ad9f1cd6667b8479e8af89c777de29d,2024-10,Northumbria Police,Northumbria Police,-1.520212,54.975335,On or near Hebburn,E01008640,South Tyneside 010B,Violence and sexual offences,Investigation complete; no suspect identified,
45103cefa3dacc82116ad29acd801c8650c992791c42ce09f53539e055830141,2024-10,Northumbria Police,Northumbria Police,-1.524225,54.975495,On or near Marina View,E01008640,South Tyneside 010B,Violence and sexual offences,Status update unavailable,
04a74cacde2d287b72351482fa9758f28b05c5b7a322baf83e2c647ef8c6d342,2024-10,Northumbria Police,Northumbria Police,-1.517558,54.973833,On or near Aln Street,E01008640,South Tyneside 010B,Violence and sexual offences,Investigation complete; no suspect identified,
01f2bd0b2544463cd9d7b07fdf6d5e61fdd7de58e990240123ec3045aafcc4dc,2024-10,Northumbria Police,Northumbria Police,-1.520212,54.975335,On or near Hebburn,E01008640,South Tyneside 010B,Violence and sexual offences,Investigation complete; no suspect identified,
1b338bfd3481d3a7e13bd806681e347e8f1b08685cdc2301bfb05fa41e35f015,2024-10,Northumbria Police,Northumbria Police,-1.523275,54.976587,On or near Thomas Drive,E01008640,South Tyneside 010B,Violence and sexual offences,Status update unavailable,
1d55e9bf65a28b24faf67f849150c1068abe4784dc01431d635622c840eded6e,2024-10,Northumbria Police,Northumbria Police,-1.523571,54.977999,On or near William Street West,E01008640,South Tyneside 010B,Violence and sexual offences,Status update unavailable,
0be058d1dc116064383a518c651dcf3dd0ebdfba9701b85edc1ae5ae1eef4f8e,2024-10,Northumbria Police,Northumbria Police,-1.516598,54.974458,On or near Whickham Road,E01008640,South Tyneside 010B,Violence and sexual offences,Status update unavailable,
41ab52c34b0623faf2b519d185b7cf477420d724bf3944a0a5f31779a398018f,2024-10,Northumbria Police,Northumbria Police,-1.525825,54.973668,On or near St Anthony'S Gardens,E01008640,South Tyneside 010B,Violence and sexual offences,Status update unavailable,
6307dde3a3c116518a975354be6d4b4706349e816bd42b1bcb150e57a7dddb44,2024-10,Northumbria Police,Northumbria Police,-1.516883,54.974127,On or near Tweed Street,E01008640,South Tyneside 010B,Violence and sexual offences,Investigation complete; no suspect identified,
b72d1fdd74b0133d14c0b83cfb2c65b10472ddc1e551ba59b169b403bd8efef7,2024-10,Northumbria Police,Northumbria Police,-1.520212,54.975335,On or near Hebburn,E01008640,South Tyneside 010B,Violence and sexual offences,Investigation complete; no suspect identified,
,2024-10,Northumbria Police,Northumbria Police,-1.513665,54.972838,On or near Leslie Avenue,E01008641,South Tyneside 010C,Anti-social behaviour,,
,2024-10,Northumbria Police,Northumbria Police,-1.516610,54.972194,On or near Hall Road,E01008641,South Tyneside 010C,Anti-social behaviour,,
,2024-10,Northumbria Police,Northumbria Police,-1.522053,54.972943,On or near Rose Street,E01008641,South Tyneside 010C,Anti-social behaviour,,
364185a274e3d42c70393dc510b1d28c629e335ae2b74b6b038353a09a6d3dda,2024-10,Northumbria Police,Northumbria Police,-1.521072,54.972614,On or near Sports/Recreation Area,E01008641,South Tyneside 010C,Burglary,Court result unavailable,
21a266789924972e1cf6cd66777eaecb4fd02c426020d8daa037250019c05388,2024-10,Northumbria Police,Northumbria Police,-1.519815,54.974543,On or near Station Road,E01008641,South Tyneside 010C,Burglary,Investigation complete; no suspect identified,
418a3b38a7cdfb48fad9ddb6f9c02a43b8cb94d3e1113013d2ceeed7bef2f140,2024-10,Northumbria Police,Northumbria Police,-1.513648,54.974267,On or near Mons Avenue,E01008641,South Tyneside 010C,Criminal damage and arson,Investigation complete; no suspect identified,
3b32c52dc5c096db88103071ccc7fe2e72dbab8345161bd0f59f9dd89bb58d33,2024-10,Northumbria Police,Northumbria Police,-1.514937,54.974856,On or near Jutland Avenue,E01008641,South Tyneside 010C,Public order,Status update unavailable,
86c417ef9012499f394990b8c4448f0edf475122279b3237642cbfc0af93ec66,2024-10,Northumbria Police,Northumbria Police,-1.514937,54.974856,On or near Jutland Avenue,E01008641,South Tyneside 010C,Public order,Status update unavailable,
86b72f039c0fd6e3fa1d92c22974a7fb8394b91a839cf0ec68eec99d380ecb37,2024-10,Northumbria Police,Northumbria Police,-1.519815,54.974543,On or near Station Road,E01008641,South Tyneside 010C,Robbery,Investigation complete; no suspect identified,
9a2abbe386f7dcc77feeb333e5cb096b8b446f403eeefe4cd4dc57bf3d292ad0,2024-10,Northumbria Police,Northumbria Police,-1.521072,54.972614,On or near Sports/Recreation Area,E01008641,South Tyneside 010C,Shoplifting,Investigation complete; no suspect identified,
0cd29d10a6a3c2a53dd8217ec983bce56c87164d0a624068420c151c8a14ccde,2024-10,Northumbria Police,Northumbria Police,-1.514937,54.974856,On or near Jutland Avenue,E01008641,South Tyneside 010C,Violence and sexual offences,Status update unavailable,
132fccfad6698e0c230699443729cda298f9b920b8980cf3ecd831abe8c02446,2024-10,Northumbria Police,Northumbria Police,-1.515500,54.972234,On or near Park Road,E01008641,South Tyneside 010C,Other crime,Investigation complete; no suspect identified,
d29c77dabb27315a49a8d3442575888eae1e206819dcd44bc2ce9a821c7d6025,2024-10,Northumbria Police,Northumbria Police,-1.522200,54.969700,On or near Petrol Station,E01008642,South Tyneside 010D,Other theft,Investigation complete; no suspect identified,
6a7573ac1eeb75a8ec5a71ddbfbc1c1b3caa9568d491618ae88d08baeb55ddeb,2024-10,Northumbria Police,Northumbria Police,-1.522200,54.969700,On or near Petrol Station,E01008642,South Tyneside 010D,Other theft,Investigation complete; no suspect identified,
2456f0ada641d9b4fa9645269109612b2c6733249b109ab9eca4c7630f7de4e6,2024-10,Northumbria Police,Northumbria Police,-1.522522,54.970231,On or near Kent Avenue,E01008642,South Tyneside 010D,Violence and sexual offences,Status update unavailable,
b37dfb29ee9f26897e27d058a0b8bd71febee17b230e14774c9694bf2e12e1e0,2024-10,Northumbria Police,Northumbria Police,-1.527223,54.964983,On or near Swallow Drive,E01008642,South Tyneside 010D,Violence and sexual offences,Status update unavailable,
ebb14f7ac58afe44e54bb5560d0b09a585ff1b921f8036f1e236a7245ec58751,2024-10,Northumbria Police,Northumbria Police,-1.522558,54.971130,On or near Alfred Street,E01008642,South Tyneside 010D,Violence and sexual offences,Status update unavailable,
c391b5299ef2db9fd176e4d8a1cb5282df5de53b98107e970c749c9aac015318,2024-10,Northumbria Police,Northumbria Police,-1.522522,54.970231,On or near Kent Avenue,E01008642,South Tyneside 010D,Violence and sexual offences,Status update unavailable,
23caa76290bb2cd598c14501f6aaf785ccf10fb7f157359bf78778ede07c3708,2024-10,Northumbria Police,Northumbria Police,-1.525969,54.965401,On or near Chaffinch Drive,E01008642,South Tyneside 010D,Violence and sexual offences,Status update unavailable,
8a2660a168b26249141d2d2f149fb0a7bd2054b897f081b06098e72e9d02a3bd,2024-10,Northumbria Police,Northumbria Police,-1.522558,54.971130,On or near Alfred Street,E01008642,South Tyneside 010D,Violence and sexual offences,Status update unavailable,
026ccca8b8c74cdb32b8a38cf1e982bd52ea956950213e8a89e864125646bc42,2024-10,Northumbria Police,Northumbria Police,-1.522522,54.970231,On or near Kent Avenue,E01008642,South Tyneside 010D,Violence and sexual offences,Status update unavailable,
1eb46bbc21367db23a7cdc4a1990a60ac6a39b0fb4b42ca89a9ae3f1ffe18560,2024-10,Northumbria Police,Northumbria Police,-1.522558,54.971130,On or near Alfred Street,E01008642,South Tyneside 010D,Other crime,Investigation complete; no suspect identified,
,2024-10,Northumbria Police,Northumbria Police,-1.440857,54.972399,On or near Ethel Terrace,E01008590,South Tyneside 011A,Anti-social behaviour,,
,2024-10,Northumbria Police,Northumbria Police,-1.440664,54.975049,On or near Belle Vue Crescent,E01008590,South Tyneside 011A,Anti-social behaviour,,
d888f106a51616da34c713ae29babb83d778b4aca29a6323516c39414f3c0211,2024-10,Northumbria Police,Northumbria Police,-1.435032,54.971177,On or near Browntop Place,E01008590,South Tyneside 011A,Burglary,Investigation complete; no suspect identified,
9951aadd35106d869897d51db20c91ec941ead78dbad49b61f3685ae59c7276b,2024-10,Northumbria Police,Northumbria Police,-1.434098,54.974300,On or near Wolsey Court,E01008590,South Tyneside 011A,Criminal damage and arson,Investigation complete; no suspect identified,
c5f5f7e9dbdea357d9b4ce5087ccf235a75be44a3f02f761e07a1231eab24fe4,2024-10,Northumbria Police,Northumbria Police,-1.434495,54.971570,On or near Coxfoot Close,E01008590,South Tyneside 011A,Criminal damage and arson,Status update unavailable,
47a28c34b96831c80a5855d1eb9eb6b960e505ad31f678c4734ee63cd619c00b,2024-10,Northumbria Police,Northumbria Police,-1.439097,54.976570,On or near Lemon Street,E01008590,South Tyneside 011A,Criminal damage and arson,Investigation complete; no suspect identified,
35336bf0effb1edff28e897c156f66e6cec3376a1e4ddb000d1037243ee79fbc,2024-10,Northumbria Police,Northumbria Police,-1.434098,54.974300,On or near Wolsey Court,E01008590,South Tyneside 011A,Criminal damage and arson,Investigation complete; no suspect identified,
04a97c7274948dd12e4a61a025843be9baed94f4c6c8f78d6f5902865188fe2d,2024-10,Northumbria Police,Northumbria Police,-1.439106,54.975896,On or near Vine Street,E01008590,South Tyneside 011A,Drugs,Status update unavailable,
474bf43fc168c57bca2985ae6a3dede002013f1fce8e3cdb1dc513a4d3f940bc,2024-10,Northumbria Police,Northumbria Police,-1.440338,54.972712,On or near Beattie Street,E01008590,South Tyneside 011A,Other theft,Investigation complete; no suspect identified,
2ff4f419aac76d6ed5a8b0dc9f6596e849cf47f3faa80bae5ad052557e847f6b,2024-10,Northumbria Police,Northumbria Police,-1.439097,54.976570,On or near Lemon Street,E01008590,South Tyneside 011A,Public order,Investigation complete; no suspect identified,
2c26549a01db99155b2acb8faf488414fd13058f645da3485b22b9d4500ca822,2024-10,Northumbria Police,Northumbria Police,-1.441646,54.974128,On or near South Dene,E01008590,South Tyneside 011A,Public order,Investigation complete; no suspect identified,
726d337e68496f6127b48fcd53f6ad9a04fb99d8bf15ce58ce6b93c336a1db93,2024-10,Northumbria Police,Northumbria Police,-1.434098,54.974300,On or near Wolsey Court,E01008590,South Tyneside 011A,Public order,Status update unavailable,
48993e2cff34d9efe31501fd73fa7ba4e143eb807fb60ea0a9060fe541679e8b,2024-10,Northumbria Police,Northumbria Police,-1.439097,54.976570,On or near Lemon Street,E01008590,South Tyneside 011A,Violence and sexual offences,Status update unavailable,
d7b53488f8424c09aa3bdd026d5ab4d71e38d9bbfc382e7a2e63624f3c40a7a4,2024-10,Northumbria Police,Northumbria Police,-1.439097,54.976570,On or near Lemon Street,E01008590,South Tyneside 011A,Violence and sexual offences,Status update unavailable,
cddc7da7cee07b23b911c3791c0e4ee42b9ffd6c27a9a9512635f1a7811151a8,2024-10,Northumbria Police,Northumbria Police,-1.439135,54.973829,On or near Brinkburn Street,E01008590,South Tyneside 011A,Violence and sexual offences,Investigation complete; no suspect identified,
643669f38f9c68cc4e79dbe9ddd5a7bba72075f20ddc251d5fa3e993be0f7024,2024-10,Northumbria Police,Northumbria Police,-1.439106,54.975896,On or near Vine Street,E01008590,South Tyneside 011A,Violence and sexual offences,Status update unavailable,
28b3eba6b5290d622698ec2dbd2129af4cd9a89fbdc12424e778544150b80695,2024-10,Northumbria Police,Northumbria Police,-1.439135,54.973829,On or near Brinkburn Street,E01008590,South Tyneside 011A,Violence and sexual offences,Investigation complete; no suspect identified,
,2024-10,Northumbria Police,Northumbria Police,-1.434813,54.976784,On or near Richmond Road,E01008591,South Tyneside 011B,Anti-social behaviour,,
,2024-10,Northumbria Police,Northumbria Police,-1.438397,54.974060,On or near Brabourne Street,E01008591,South Tyneside 011B,Anti-social behaviour,,
ba53e4ee86354576b2778b044caf08b1858078022523cd06c6eb7a65c04448ff,2024-10,Northumbria Police,Northumbria Police,-1.437465,54.974783,On or near Burnham Street,E01008591,South Tyneside 011B,Criminal damage and arson,Investigation complete; no suspect identified,
be9f2e68a8a47196f38b61d56a342f85954e278f0c017cd21a4e10185a3fa9ef,2024-10,Northumbria Police,Northumbria Police,-1.437465,54.974783,On or near Burnham Street,E01008591,South Tyneside 011B,Criminal damage and arson,Investigation complete; no suspect identified,
9b9ac41b2e5db9e9cceb8843092eebc99f64291e8c2bb34520146a941005464e,2024-10,Northumbria Police,Northumbria Police,-1.437465,54.974783,On or near Burnham Street,E01008591,South Tyneside 011B,Criminal damage and arson,Investigation complete; no suspect identified,
0c2b540d17664a96aee137b9b2c856b89a7afd5589819396eb846febd270d04f,2024-10,Northumbria Police,Northumbria Police,-1.436266,54.977869,On or near Gresford Street,E01008591,South Tyneside 011B,Criminal damage and arson,Investigation complete; no suspect identified,
e4dda152a5bd7d905b29c47347b5d1ff8180cb53dace4d4342a44cb46f571ccc,2024-10,Northumbria Police,Northumbria Police,-1.437317,54.977541,On or near Revesby Street,E01008591,South Tyneside 011B,Drugs,Investigation complete; no suspect identified,
e216c61a16b1f3136e3d92f3b846c73d744f3dfb4c0f6b3b6b986623eb9f48a5,2024-10,Northumbria Police,Northumbria Police,-1.437143,54.975519,On or near Farnham Road,E01008591,South Tyneside 011B,Public order,Investigation complete; no suspect identified,
0648256ee0976ea8261e3eca2227b5968fc20432dc24617a32c1cabf93f8e716,2024-10,Northumbria Police,Northumbria Police,-1.436266,54.977869,On or near Gresford Street,E01008591,South Tyneside 011B,Public order,Status update unavailable,
e24cd066ba70445369dc9a0aa8a59021ef1f07030de52a570cd1a28a4f21f695,2024-10,Northumbria Police,Northumbria Police,-1.437317,54.977541,On or near Revesby Street,E01008591,South Tyneside 011B,Vehicle crime,Investigation complete; no suspect identified,
adcc29b80fa77a502c7f3bf627af9bfbba25c4f6e695cde21e735d6e2f0e7df0,2024-10,Northumbria Police,Northumbria Police,-1.437143,54.975519,On or near Farnham Road,E01008591,South Tyneside 011B,Violence and sexual offences,Investigation complete; no suspect identified,
65b5ff439729df71be25b78249dbe8658c062cda9dc2bed672459451ff491b17,2024-10,Northumbria Police,Northumbria Police,-1.436266,54.977869,On or near Gresford Street,E01008591,South Tyneside 011B,Violence and sexual offences,Status update unavailable,
c01f9c4e6efb6370a934405a5b5a63869eb9629d3405e87598640a39155f091c,2024-10,Northumbria Police,Northumbria Police,-1.437143,54.975519,On or near Farnham Road,E01008591,South Tyneside 011B,Violence and sexual offences,Investigation complete; no suspect identified,
1d299f391857875c64e352efd7e03bc09e0c1412eb233d5f16ba2793fd40d697,2024-10,Northumbria Police,Northumbria Police,-1.439028,54.974745,On or near Parking Area,E01008591,South Tyneside 011B,Violence and sexual offences,Status update unavailable,
a5c69ef0060bb1fdc6df2533bc2725257b5b942227f1ceb49f2fff2155b23488,2024-10,Northumbria Police,Northumbria Police,-1.436932,54.973810,On or near Eskdale Street,E01008591,South Tyneside 011B,Violence and sexual offences,Status update unavailable,
d50a4ae460584ad762f94867dfc192bb03b852a5528cb86be12af286b060d440,2024-10,Northumbria Police,Northumbria Police,-1.437317,54.977541,On or near Revesby Street,E01008591,South Tyneside 011B,Violence and sexual offences,Status update unavailable,
,2024-10,Northumbria Police,Northumbria Police,-1.428458,54.971204,On or near Hospital,E01008592,South Tyneside 011C,Anti-social behaviour,,
,2024-10,Northumbria Police,Northumbria Police,-1.428458,54.971204,On or near Hospital,E01008592,South Tyneside 011C,Anti-social behaviour,,
,2024-10,Northumbria Police,Northumbria Police,-1.428458,54.971204,On or near Hospital,E01008592,South Tyneside 011C,Anti-social behaviour,,
,2024-10,Northumbria Police,Northumbria Police,-1.428458,54.971204,On or near Hospital,E01008592,South Tyneside 011C,Anti-social behaviour,,
,2024-10,Northumbria Police,Northumbria Police,-1.427609,54.971412,On or near Hospital,E01008592,South Tyneside 011C,Anti-social behaviour,,
,2024-10,Northumbria Police,Northumbria Police,-1.432136,54.974929,On or near Emlyn Road,E01008592,South Tyneside 011C,Anti-social behaviour,,
dec716a93d543e21207515ea7883d1f0091c20439111e32710be2633f736aa11,2024-10,Northumbria Police,Northumbria Police,-1.431890,54.973562,On or near Nora Street,E01008592,South Tyneside 011C,Criminal damage and arson,Investigation complete; no suspect identified,
6190f929278ec7637404f7c45b1b5e57e7473d78d650c1f95059080df62e462e,2024-10,Northumbria Police,Northumbria Police,-1.431639,54.975816,On or near Ashley Road,E01008592,South Tyneside 011C,Criminal damage and arson,Investigation complete; no suspect identified,
d98c8bb4dde07421168a5ecb2fab5d1d074c6441c551c57564d9d65a2b261b2a,2024-10,Northumbria Police,Northumbria Police,-1.432475,54.974131,On or near Westcott Road,E01008592,South Tyneside 011C,Criminal damage and arson,Investigation complete; no suspect identified,
c1a77131fbaae8d5de55cf9845e8ec2eaff1edde0db00ad185b584423283f76b,2024-10,Northumbria Police,Northumbria Police,-1.427609,54.971412,On or near Hospital,E01008592,South Tyneside 011C,Other theft,Investigation complete; no suspect identified,
e94199fcfe5c872f23659059ba7ea21e72c1c52d463891daae4933fee5b8ec43,2024-10,Northumbria Police,Northumbria Police,-1.427609,54.971412,On or near Hospital,E01008592,South Tyneside 011C,Public order,Status update unavailable,
e966342ea2fa94e6db5759b75c36dfccb92e004576d278e8facfaa9b750d42a8,2024-10,Northumbria Police,Northumbria Police,-1.427609,54.971412,On or near Hospital,E01008592,South Tyneside 011C,Public order,Investigation complete; no suspect identified,
3bd7dfd2d1d0059628f357197804da85098523a1848e378598843d7ca051c334,2024-10,Northumbria Police,Northumbria Police,-1.427609,54.971412,On or near Hospital,E01008592,South Tyneside 011C,Public order,Status update unavailable,
d7928837f69f582b0543ef56bf8eba27ed084c5659a021b8aca6355b4449a9c5,2024-10,Northumbria Police,Northumbria Police,-1.431639,54.975816,On or near Ashley Road,E01008592,South Tyneside 011C,Public order,Investigation complete; no suspect identified,
68a70aacfe207e9f8edf407b815289a9e539d86ef6928e1d2a027cfe25b3d991,2024-10,Northumbria Police,Northumbria Police,-1.427609,54.971412,On or near Hospital,E01008592,South Tyneside 011C,Public order,Status update unavailable,
bac6d209824e60d3f0e46bfb8fac9170114490cbf12586d59a908b68c0fca672,2024-10,Northumbria Police,Northumbria Police,-1.432136,54.974929,On or near Emlyn Road,E01008592,South Tyneside 011C,Vehicle crime,Investigation complete; no suspect identified,
31f5f3efa7a59a9d76a22fabd166792be174ba8c757c18eae0701d2cad2d3c92,2024-10,Northumbria Police,Northumbria Police,-1.427609,54.971412,On or near Hospital,E01008592,South Tyneside 011C,Violence and sexual offences,Investigation complete; no suspect identified,
6f4e720d13758b6691ddc6bc625468ab7c00c1f7606630ee8c7c87342daa853c,2024-10,Northumbria Police,Northumbria Police,-1.432475,54.974131,On or near Westcott Road,E01008592,South Tyneside 011C,Violence and sexual offences,Status update unavailable,
100e133e4a52f6f9f04dc13db53c11a70577d5889446ad923d12b4cead4f8e50,2024-10,Northumbria Police,Northumbria Police,-1.427609,54.971412,On or near Hospital,E01008592,South Tyneside 011C,Violence and sexual offences,Court result unavailable,
9bb47789a181d990ec18b2413763be0fecd1d3cf2a4aee089dd529469bbf50f1,2024-10,Northumbria Police,Northumbria Police,-1.434047,54.975657,On or near Gordon Road,E01008592,South Tyneside 011C,Other crime,Status update unavailable,
,2024-10,Northumbria Police,Northumbria Police,-1.437027,54.968158,On or near Mackley Close,E01008594,South Tyneside 011D,Anti-social behaviour,,
,2024-10,Northumbria Police,Northumbria Police,-1.437027,54.968158,On or near Mackley Close,E01008594,South Tyneside 011D,Anti-social behaviour,,
,2024-10,Northumbria Police,Northumbria Police,-1.437027,54.968158,On or near Mackley Close,E01008594,South Tyneside 011D,Anti-social behaviour,,
,2024-10,Northumbria Police,Northumbria Police,-1.437027,54.968158,On or near Mackley Close,E01008594,South Tyneside 011D,Anti-social behaviour,,
,2024-10,Northumbria Police,Northumbria Police,-1.438707,54.968615,On or near B1298,E01008594,South Tyneside 011D,Anti-social behaviour,,
f3b888347f848d274299879da1cd59a1b77cbcb00f171a1dcd46622d79fffaa9,2024-10,Northumbria Police,Northumbria Police,-1.437027,54.968158,On or near Mackley Close,E01008594,South Tyneside 011D,Other theft,Status update unavailable,
8faf3c725c0d4c2080e0e6d95f98d98e82570e75d706ac00a341f729d0136444,2024-10,Northumbria Police,Northumbria Police,-1.441913,54.970625,On or near Lavender Lane,E01008594,South Tyneside 011D,Vehicle crime,Status update unavailable,
1e1714294ea66551dcbd9075f0700ed0132466b4b8add038d5805a1bf604b15a,2024-10,Northumbria Police,Northumbria Police,-1.435155,54.970234,On or near Bensham Court,E01008594,South Tyneside 011D,Other crime,Status update unavailable,
,2024-10,Northumbria Police,Northumbria Police,-1.466960,54.971348,On or near Clovelly Place,E01008601,South Tyneside 012A,Anti-social behaviour,,
,2024-10,Northumbria Police,Northumbria Police,-1.466960,54.971348,On or near Clovelly Place,E01008601,South Tyneside 012A,Anti-social behaviour,,
016f8098a7aefee1d4ebd699069a90d0df6fce9416a816c285332141a5dd6df1,2024-10,Northumbria Police,Northumbria Police,-1.466960,54.971348,On or near Clovelly Place,E01008601,South Tyneside 012A,Criminal damage and arson,Investigation complete; no suspect identified,
290b962c673d882e3e1362a5592556aa78f5c2658724d3d4d258cf2f4a03f76d,2024-10,Northumbria Police,Northumbria Police,-1.458844,54.971933,On or near Newcastle Road,E01008601,South Tyneside 012A,Criminal damage and arson,Status update unavailable,
c7b84283392e407b755db6a9525b55138859830ffd6b58e9ccc8f406a2b3bb4c,2024-10,Northumbria Police,Northumbria Police,-1.466960,54.971348,On or near Clovelly Place,E01008601,South Tyneside 012A,Criminal damage and arson,Investigation complete; no suspect identified,
a2c2298133c9170938f8b6a7ad2af2be3ff01407ab9c59e2396093f7b3ba2c39,2024-10,Northumbria Police,Northumbria Police,-1.463325,54.970928,On or near Towers Place,E01008601,South Tyneside 012A,Other theft,Investigation complete; no suspect identified,
b4cedafcc6abf5844e023c805b8b9847f9769813bd58bc5feca9ddfba03dbf1c,2024-10,Northumbria Police,Northumbria Police,-1.459389,54.973238,On or near Finlay Court,E01008601,South Tyneside 012A,Possession of weapons,Investigation complete; no suspect identified,
80d5b8d04c9313da8acbfb77553a08e748ab617dbac850c3b263f47a41591b20,2024-10,Northumbria Police,Northumbria Police,-1.459389,54.973238,On or near Finlay Court,E01008601,South Tyneside 012A,Public order,Investigation complete; no suspect identified,
9e490d66d4289a862d9351899beeeaae4af323c6584be267dba2187ca88a6fb1,2024-10,Northumbria Police,Northumbria Police,-1.458844,54.971933,On or near Newcastle Road,E01008601,South Tyneside 012A,Public order,Status update unavailable,
0990b4028607ef8cc1e3d318751a6156f113be32f91e27d15a6f848c5d74a452,2024-10,Northumbria Police,Northumbria Police,-1.464042,54.970170,On or near Supermarket,E01008601,South Tyneside 012A,Shoplifting,Investigation complete; no suspect identified,
da82aac8c894ced3560fd5102be2e7aa799289bcd83ebcbfd809efb8cfb52f7b,2024-10,Northumbria Police,Northumbria Police,-1.470399,54.972316,On or near Falmouth Drive,E01008601,South Tyneside 012A,Shoplifting,Status update unavailable,
4ecbf30f05db189c87060b262563f819aea163606fff64346160348bfb28348b,2024-10,Northumbria Police,Northumbria Police,-1.470399,54.972316,On or near Falmouth Drive,E01008601,South Tyneside 012A,Shoplifting,Offender given a caution,
275516f3aa20c3749f2d5ac7a6f1e28f7b5c1d0accc84e48cb7e7a888f048ca0,2024-10,Northumbria Police,Northumbria Police,-1.464042,54.970170,On or near Supermarket,E01008601,South Tyneside 012A,Shoplifting,Investigation complete; no suspect identified,
4772540e398ad8b81aac5f2db9e3601eee603582e881e16eb4430d6b72b16e91,2024-10,Northumbria Police,Northumbria Police,-1.457655,54.976708,On or near Jarrow Road,E01008601,South Tyneside 012A,Vehicle crime,Investigation complete; no suspect identified,
f16ff0ffdc227449e6d162b7b8baa785bc448429e96b75af1afc848219f3eafb,2024-10,Northumbria Police,Northumbria Police,-1.469387,54.970919,On or near Bideford Gardens,E01008601,South Tyneside 012A,Vehicle crime,Investigation complete; no suspect identified,
ccd87529245aef1c732e3ecf16fc3640a2435c312e72dc12af8dda95e769bc7e,2024-10,Northumbria Police,Northumbria Police,-1.470428,54.970141,On or near Lulworth Avenue,E01008601,South Tyneside 012A,Violence and sexual offences,Status update unavailable,
0936025fd0e6b32e1ca0233bd055d090b17623021e8f4d90768bf5d9c2208af3,2024-10,Northumbria Police,Northumbria Police,-1.472695,54.968767,On or near Chillingham Terrace,E01008601,South Tyneside 012A,Violence and sexual offences,Status update unavailable,
6e07d810a15fa62acf108a1ce90a0b2004207bb0db7b1208b1dc8deccb3f887d,2024-10,Northumbria Police,Northumbria Police,-1.459389,54.973238,On or near Finlay Court,E01008601,South Tyneside 012A,Violence and sexual offences,Investigation complete; no suspect identified,
65c99f31fef4c8be22d41707eda616882674701557adb81f8c982c7175629a99,2024-10,Northumbria Police,Northumbria Police,-1.470741,54.972434,On or near Tavistock Place,E01008601,South Tyneside 012A,Violence and sexual offences,Status update unavailable,
0240f362c3072a0d4a98461e1ce1b6a831b13bf7eedfa9cf265fd3e6680bbf4e,2024-10,Northumbria Police,Northumbria Police,-1.461042,54.971143,On or near Amos Ayre Place,E01008601,South Tyneside 012A,Violence and sexual offences,Investigation complete; no suspect identified,
b868138334f756890d07a27e706ed85f9f20b0e729d6a66999e462714edbb2b9,2024-10,Northumbria Police,Northumbria Police,-1.471518,54.967989,On or near Barnard Grove,E01008601,South Tyneside 012A,Other crime,Investigation complete; no suspect identified,
d68f46cb240f7c5984778056f2e75576706034d3400373bf6c54f3ed8ad068c6,2024-10,Northumbria Police,Northumbria Police,-1.471518,54.967989,On or near Barnard Grove,E01008601,South Tyneside 012A,Other crime,Status update unavailable,
,2024-10,Northumbria Police,Northumbria Police,-1.453569,54.966940,On or near Laybourn Gardens,E01008669,South Tyneside 012B,Anti-social behaviour,,
,2024-10,Northumbria Police,Northumbria Police,-1.450909,54.967314,On or near Madras Street,E01008669,South Tyneside 012B,Anti-social behaviour,,
,2024-10,Northumbria Police,Northumbria Police,-1.450909,54.967314,On or near Madras Street,E01008669,South Tyneside 012B,Anti-social behaviour,,
,2024-10,Northumbria Police,Northumbria Police,-1.450008,54.966950,On or near Pintail Court,E01008669,South Tyneside 012B,Anti-social behaviour,,
,2024-10,Northumbria Police,Northumbria Police,-1.451038,54.966982,On or near Clive Street,E01008669,South Tyneside 012B,Anti-social behaviour,,
,2024-10,Northumbria Police,Northumbria Police,-1.450909,54.967314,On or near Madras Street,E01008669,South Tyneside 012B,Anti-social behaviour,,
,2024-10,Northumbria Police,Northumbria Police,-1.450909,54.967314,On or near Madras Street,E01008669,South Tyneside 012B,Anti-social behaviour,,
,2024-10,Northumbria Police,Northumbria Police,-1.450909,54.967314,On or near Madras Street,E01008669,South Tyneside 012B,Anti-social behaviour,,
,2024-10,Northumbria Police,Northumbria Police,-1.450909,54.967314,On or near Madras Street,E01008669,South Tyneside 012B,Anti-social behaviour,,
,2024-10,Northumbria Police,Northumbria Police,-1.450215,54.968964,On or near Colchester Street,E01008669,South Tyneside 012B,Anti-social behaviour,,
2cceee9ebca3d3e46897e755a5de5f793916e923b498748c8b5856835bea4b07,2024-10,Northumbria Police,Northumbria Police,-1.452803,54.969326,On or near Binchester Street,E01008669,South Tyneside 012B,Bicycle theft,Status update unavailable,
ae21cce4509b623628f4950783c372f9e42981f35cf7c44c93df43236786b8a7,2024-10,Northumbria Police,Northumbria Police,-1.451892,54.968559,On or near Tennant Street,E01008669,South Tyneside 012B,Burglary,Investigation complete; no suspect identified,
57c050ad52c79b03176f9dcae9e7005b9d8f204c3a2b4bb5d54f1f16cb51b4ad,2024-10,Northumbria Police,Northumbria Police,-1.450909,54.967314,On or near Madras Street,E01008669,South Tyneside 012B,Burglary,Investigation complete; no suspect identified,
47819cdbbbbaf28a873bc2cf98a2d8d3e81832b537fb97373008e5ea28dfb442,2024-10,Northumbria Police,Northumbria Police,-1.450909,54.967314,On or near Madras Street,E01008669,South Tyneside 012B,Criminal damage and arson,Investigation complete; no suspect identified,
43c6129a5ba705549218a216ced692e5ddd6b514641c8d5f70c4d8bf0f610d3a,2024-10,Northumbria Police,Northumbria Police,-1.450909,54.967314,On or near Madras Street,E01008669,South Tyneside 012B,Criminal damage and arson,Investigation complete; no suspect identified,
5b465a66fc08cf6c953a04ebe42d4510fc9cc9a317a0bcfa06a62fc0e2a50864,2024-10,Northumbria Police,Northumbria Police,-1.450909,54.967314,On or near Madras Street,E01008669,South Tyneside 012B,Criminal damage and arson,Investigation complete; no suspect identified,
34f5b0eba905fc7921e3654f586456d74c2a1cdf2a98cdf10471b6a1967a23a4,2024-10,Northumbria Police,Northumbria Police,-1.450909,54.967314,On or near Madras Street,E01008669,South Tyneside 012B,Criminal damage and arson,Investigation complete; no suspect identified,
46ced5f967d8e102f8cda0cd80b40179887173621588c7f53eeed5519cc88f58,2024-10,Northumbria Police,Northumbria Police,-1.452803,54.969326,On or near Binchester Street,E01008669,South Tyneside 012B,Criminal damage and arson,Investigation complete; no suspect identified,
ee485b8f8f721a07a493d071d0d62dbcecf40888b8c9971245a5ae951687e9fb,2024-10,Northumbria Police,Northumbria Police,-1.450909,54.967314,On or near Madras Street,E01008669,South Tyneside 012B,Criminal damage and arson,Investigation complete; no suspect identified,
ded86007f973c64de1b41742e5829ae737329c476e98c44fc389312a6009520f,2024-10,Northumbria Police,Northumbria Police,-1.453569,54.966940,On or near Laybourn Gardens,E01008669,South Tyneside 012B,Criminal damage and arson,Status update unavailable,
cc99fb0cac0f21f5749c66e1a5bfb5f1d588d1cb607d437ce330e4464094c7c5,2024-10,Northumbria Police,Northumbria Police,-1.450909,54.967314,On or near Madras Street,E01008669,South Tyneside 012B,Criminal damage and arson,Investigation complete; no suspect identified,
bac745aa653fe0a1b12320ea4b32ed9fecd9ccf3b2f3fbb70c1b0d4c707dc9af,2024-10,Northumbria Police,Northumbria Police,-1.451038,54.966982,On or near Clive Street,E01008669,South Tyneside 012B,Drugs,Status update unavailable,
106be0436c2fa809cb36d5aef8de11ab112dec8c888dea2b35a4674a8be0476a,2024-10,Northumbria Police,Northumbria Police,-1.450215,54.968964,On or near Colchester Street,E01008669,South Tyneside 012B,Other theft,Investigation complete; no suspect identified,
ec2841b0febdeae110aecebef53ac3b227fde713aa920d037f333c10d67eab39,2024-10,Northumbria Police,Northumbria Police,-1.452098,54.969467,On or near Robson Close,E01008669,South Tyneside 012B,Possession of weapons,Court result unavailable,
d490b9914d02498cd2d89a8d06707d0899baa0e1ac35140620a2cc42c438d1bc,2024-10,Northumbria Police,Northumbria Police,-1.452803,54.969326,On or near Binchester Street,E01008669,South Tyneside 012B,Public order,Court result unavailable,
55191f35c6342bc79e0f83bd0fcfb05b5a6a4408ad349962ad5862987ae40324,2024-10,Northumbria Police,Northumbria Police,-1.452803,54.969326,On or near Binchester Street,E01008669,South Tyneside 012B,Public order,Court result unavailable,
34685e926575baafda66d7aab06bf3c38d3063d8299fa070c2819bc446f0bd0a,2024-10,Northumbria Police,Northumbria Police,-1.452803,54.969326,On or near Binchester Street,E01008669,South Tyneside 012B,Shoplifting,Investigation complete; no suspect identified,
7f11d4ecc8ede3322a7f449f21a37f51b2b20286759ae65afc7c9ef870b66b65,2024-10,Northumbria Police,Northumbria Police,-1.452803,54.969326,On or near Binchester Street,E01008669,South Tyneside 012B,Shoplifting,Investigation complete; no suspect identified,
fdd4d993cfca3f29e37eb6936c17b4fdfbe63073a90d0fd072206eabf7cea43c,2024-10,Northumbria Police,Northumbria Police,-1.454739,54.965920,On or near Hedworth Avenue,E01008669,South Tyneside 012B,Vehicle crime,Investigation complete; no suspect identified,
8aae3fd7cc2a6e1a61ff4876e31909c71d8b68c0dbee9c2ea51e07a6af6edfdf,2024-10,Northumbria Police,Northumbria Police,-1.454739,54.965920,On or near Hedworth Avenue,E01008669,South Tyneside 012B,Vehicle crime,Status update unavailable,
ce2e4c59e86f34520234c1f06a62eeaf6114b54ba95e0c6504cedd7d2d9b57f6,2024-10,Northumbria Police,Northumbria Police,-1.453569,54.966940,On or near Laybourn Gardens,E01008669,South Tyneside 012B,Vehicle crime,Investigation complete; no suspect identified,
cb83d6d01124f9a590ebc9c48920ee03f1ff3d3599ab89b999da94b59d5f4352,2024-10,Northumbria Police,Northumbria Police,-1.452098,54.969467,On or near Robson Close,E01008669,South Tyneside 012B,Violence and sexual offences,Investigation complete; no suspect identified,
d2d4f3844a73f0685b20345a85072ae827ebccf6fd8000c256d667898cd5105a,2024-10,Northumbria Police,Northumbria Police,-1.450909,54.967314,On or near Madras Street,E01008669,South Tyneside 012B,Violence and sexual offences,Investigation complete; no suspect identified,
101fe0b5ee874706c81892232724abdeb115da72dac1d6a35b89db8e003e88b7,2024-10,Northumbria Police,Northumbria Police,-1.456487,54.966018,On or near Richardson Avenue,E01008669,South Tyneside 012B,Violence and sexual offences,Status update unavailable,
2ece82cb6ad98ea831f5f1e51d795e355ec1aa0752e170b61208a7568a62b689,2024-10,Northumbria Police,Northumbria Police,-1.454017,54.966178,On or near Monkton Avenue,E01008669,South Tyneside 012B,Violence and sexual offences,Court result unavailable,
13c149197a0b39d5e075152d6eaa19f371a49a39affd7ffcd51d1cbf78c2d9da,2024-10,Northumbria Police,Northumbria Police,-1.452803,54.969326,On or near Binchester Street,E01008669,South Tyneside 012B,Violence and sexual offences,Status update unavailable,
4e3b680cbd4ed60a44c67efacdcb4397a362e86bfcb7bb6d5e6b4dda3ddd63b8,2024-10,Northumbria Police,Northumbria Police,-1.450909,54.967314,On or near Madras Street,E01008669,South Tyneside 012B,Violence and sexual offences,Investigation complete; no suspect identified,
28487edca143b930090e33f7f7b6e0c0ae8c4e14ae01f07dfd63bb02fa27ee38,2024-10,Northumbria Police,Northumbria Police,-1.450215,54.968964,On or near Colchester Street,E01008669,South Tyneside 012B,Violence and sexual offences,Status update unavailable,
7ff3fdedd6ea913d3454ae90edef45bc5b92fd414a4210b7dfbec2b86b4aa94c,2024-10,Northumbria Police,Northumbria Police,-1.451892,54.968559,On or near Tennant Street,E01008669,South Tyneside 012B,Violence and sexual offences,Status update unavailable,
,2024-10,Northumbria Police,Northumbria Police,-1.442833,54.979768,On or near Greathead Street,E01008671,South Tyneside 012C,Anti-social behaviour,,
,2024-10,Northumbria Police,Northumbria Police,-1.444647,54.977377,On or near Hudson Street,E01008671,South Tyneside 012C,Anti-social behaviour,,
005ca774b66cd2e8cc1e9153f03d84f4ced5dac3dd1b43412042782c59aef358,2024-10,Northumbria Police,Northumbria Police,-1.442116,54.976269,On or near Parking Area,E01008671,South Tyneside 012C,Drugs,Investigation complete; no suspect identified,
2664a92dfe1f4b8f589cd926ed14cbe9e844716bf2aabab0c3ff54a9b1946ee6,2024-10,Northumbria Police,Northumbria Police,-1.444346,54.981078,On or near Devonshire Street,E01008671,South Tyneside 012C,Violence and sexual offences,Investigation complete; no suspect identified,
39580f3c76053cebe3e77c80232c5c9e53e1987e91f88b576e288002dbb29192,2024-10,Northumbria Police,Northumbria Police,-1.445221,54.982196,On or near Mitre Place,E01008671,South Tyneside 012C,Violence and sexual offences,Investigation complete; no suspect identified,
0cd2cf6f719bd5c139d9dc0d1117c2143063d1a3257bc95653c23ba010e0a7b6,2024-10,Northumbria Police,Northumbria Police,-1.444647,54.977377,On or near Hudson Street,E01008671,South Tyneside 012C,Violence and sexual offences,Investigation complete; no suspect identified,
f397e63d4c0a432a60613df3c300757e846a6bb78559daee9031b57ae4819a1c,2024-10,Northumbria Police,Northumbria Police,-1.442299,54.978849,On or near The Staithes,E01008671,South Tyneside 012C,Violence and sexual offences,Investigation complete; no suspect identified,
,2024-10,Northumbria Police,Northumbria Police,-1.445731,54.973563,On or near Throckley Way,E01008672,South Tyneside 012D,Anti-social behaviour,,
020fbdf294510925494296d2cca12ce3f61467ddca144527c68bdf48c7b5469d,2024-10,Northumbria Police,Northumbria Police,-1.455441,54.970596,On or near Blyton Avenue,E01008672,South Tyneside 012D,Criminal damage and arson,Investigation complete; no suspect identified,
8db776f3dbab5b68ab6e6ede59ff4cd91edaec9d275eb370b45ddc61e27a1e1c,2024-10,Northumbria Police,Northumbria Police,-1.450250,54.972092,On or near Brampton Road,E01008672,South Tyneside 012D,Possession of weapons,Investigation complete; no suspect identified,
748d43dc1bc605db92fbafafe8a94a0d9ec1abf6850fa6f8f98d19c9cd1da363,2024-10,Northumbria Police,Northumbria Police,-1.458396,54.970412,On or near Simonside Hall,E01008672,South Tyneside 012D,Vehicle crime,Investigation complete; no suspect identified,
38e086a836186f53e430eda51dc8fee4350de8a3308b31563377ff39140fe3e8,2024-10,Northumbria Police,Northumbria Police,-1.453698,54.970139,On or near Wenlock Road,E01008672,South Tyneside 012D,Violence and sexual offences,Status update unavailable,
b3d75d957637779d09b7cbba1c4961fc291f9c32c2bbbf1b6ee8faaeda84d8d7,2024-10,Northumbria Police,Northumbria Police,-1.451277,54.968987,On or near Annand Court,E01008672,South Tyneside 012D,Violence and sexual offences,Status update unavailable,
d82478e9a58a32f72de0431f384340f602b94a4dad6800c11ce231b9f4807b77,2024-10,Northumbria Police,Northumbria Police,-1.450250,54.972092,On or near Brampton Road,E01008672,South Tyneside 012D,Violence and sexual offences,Status update unavailable,
7a4c972d00be64f7b78e93310e68b82cb234520bffb0a2fd6fb944fefc02a7d6,2024-10,Northumbria Police,Northumbria Police,-1.455459,54.971621,On or near Simonside,E01008672,South Tyneside 012D,Other crime,Investigation complete; no suspect identified,
,2024-10,Northumbria Police,Northumbria Police,-1.411519,54.963922,On or near Marian Way,E01008622,South Tyneside 013A,Anti-social behaviour,,
1a45fdbf7fc466ff93b0e44ecbe76670f94fbaf8dff0ed229e087e0587ab4ad5,2024-10,Northumbria Police,Northumbria Police,-1.402415,54.970078,On or near Holly Avenue,E01008622,South Tyneside 013A,Criminal damage and arson,Investigation complete; no suspect identified,
7699e6e50421a7a4663668da19b7321ffae553885030c81f4bea2398aed12dcb,2024-10,Northumbria Police,Northumbria Police,-1.413322,54.963418,On or near Petrol Station,E01008622,South Tyneside 013A,Other theft,Investigation complete; no suspect identified,
f41d6365428cfd9231b14f032560995f50f3f962baa05368f5d28d9d04768358,2024-10,Northumbria Police,Northumbria Police,-1.413322,54.963418,On or near Petrol Station,E01008622,South Tyneside 013A,Other theft,Investigation complete; no suspect identified,
9d6f7e500d42203049f236ecc6f46f12a4faad9032087128863586ae70dd2926,2024-10,Northumbria Police,Northumbria Police,-1.408037,54.963851,On or near Carnoustie Drive,E01008622,South Tyneside 013A,Other theft,Investigation complete; no suspect identified,
0e7367d52db591cb6cb4ad31981c0b0ab876e1628083b71172d043e6945b3381,2024-10,Northumbria Police,Northumbria Police,-1.413322,54.963418,On or near Petrol Station,E01008622,South Tyneside 013A,Other theft,Investigation complete; no suspect identified,
324217f79ed01161ef310470d5170d631d214816da34229de4cfc3ed19673543,2024-10,Northumbria Police,Northumbria Police,-1.407095,54.967315,On or near Brandling Court,E01008622,South Tyneside 013A,Public order,Status update unavailable,
6d5d010ed4be130a0cbdf314c4325fbd50a3e56528dd7952bea858f31f39b0fc,2024-10,Northumbria Police,Northumbria Police,-1.404861,54.967358,On or near Parkshiel,E01008622,South Tyneside 013A,Violence and sexual offences,Status update unavailable,
7324f14146ba6272a74ec676a9aef4edc1624d55148aed7ab0117633d67f8b8b,2024-10,Northumbria Police,Northumbria Police,-1.412348,54.963845,On or near Luffness Drive,E01008622,South Tyneside 013A,Violence and sexual offences,Status update unavailable,
,2024-10,Northumbria Police,Northumbria Police,-1.394151,54.971187,On or near Quarry Lane,E01008625,South Tyneside 013C,Anti-social behaviour,,
,2024-10,Northumbria Police,Northumbria Police,-1.394151,54.971187,On or near Quarry Lane,E01008625,South Tyneside 013C,Anti-social behaviour,,
,2024-10,Northumbria Police,Northumbria Police,-1.394151,54.971187,On or near Quarry Lane,E01008625,South Tyneside 013C,Anti-social behaviour,,
,2024-10,Northumbria Police,Northumbria Police,-1.394151,54.971187,On or near Quarry Lane,E01008625,South Tyneside 013C,Anti-social behaviour,,
,2024-10,Northumbria Police,Northumbria Police,-1.394151,54.971187,On or near Quarry Lane,E01008625,South Tyneside 013C,Anti-social behaviour,,
34762030df5ff157d9ff6125cdec3881b5bad10736fdcd26fed9cfde5e22e8dc,2024-10,Northumbria Police,Northumbria Police,-1.394151,54.971187,On or near Quarry Lane,E01008625,South Tyneside 013C,Burglary,Investigation complete; no suspect identified,
3defdb56e2211991623fc7e2034f3e1a5e95d29f50686025145ac1fd43f5be1a,2024-10,Northumbria Police,Northumbria Police,-1.396726,54.970283,On or near Cragside,E01008625,South Tyneside 013C,Criminal damage and arson,Investigation complete; no suspect identified,
aafe8effd53b9def9af0ad89f318188031e4cd74a51865dc5195fcd05ea9ea15,2024-10,Northumbria Police,Northumbria Police,-1.404321,54.971112,On or near Pine Avenue,E01008625,South Tyneside 013C,Criminal damage and arson,Status update unavailable,
c0be7849a75e9a3a0f0734ca8c1d407b74739cddb7ecf2ddf841b9277e31941d,2024-10,Northumbria Police,Northumbria Police,-1.397742,54.972346,On or near Collin Avenue,E01008625,South Tyneside 013C,Drugs,Investigation complete; no suspect identified,
773c5e0db8d75c52f4ef7915ed8cc8ebe47b5fc36f10cbab6633f556701a82dd,2024-10,Northumbria Police,Northumbria Police,-1.397742,54.972346,On or near Collin Avenue,E01008625,South Tyneside 013C,Drugs,Investigation complete; no suspect identified,
5e4b2ffb34e7a96c0249e00354f796549b8f6da7a39b0494c1fd13383a2b56cd,2024-10,Northumbria Police,Northumbria Police,-1.395047,54.971821,On or near Wakefield Avenue,E01008625,South Tyneside 013C,Public order,Status update unavailable,
855c1cec7b222a457ad66af5016f6f0cc6213cc48ef6cba7da5236ec1dbd51be,2024-10,Northumbria Police,Northumbria Police,-1.396811,54.967750,On or near Hillside,E01008625,South Tyneside 013C,Public order,Status update unavailable,
d8d44670e2e0bf69f4dc21e9f7a20f2eeac51d1b7ed5e1ca5f620bd904d21471,2024-10,Northumbria Police,Northumbria Police,-1.395047,54.971821,On or near Wakefield Avenue,E01008625,South Tyneside 013C,Violence and sexual offences,Status update unavailable,
f330a7d207d54d5735394f7d97dbaee0dd275eb60dc29942df44ad9e9a1e9172,2024-10,Northumbria Police,Northumbria Police,-1.398522,54.966150,On or near Mill Grove,E01008625,South Tyneside 013C,Violence and sexual offences,Status update unavailable,
ca813a073b90a6574ec6c133b662eb811019fcc9100d10c579c06dbb23f4cbb2,2024-10,Northumbria Police,Northumbria Police,-1.398522,54.966150,On or near Mill Grove,E01008625,South Tyneside 013C,Violence and sexual offences,Status update unavailable,
e3cd6fb682629b8a98d88e90e5c688359ca61e068e7894b3e411dd03e0d89701,2024-10,Northumbria Police,Northumbria Police,-1.404321,54.971112,On or near Pine Avenue,E01008625,South Tyneside 013C,Violence and sexual offences,Status update unavailable,
2b5fc0d37120659c5d3fc36ad945f131c631360a83a268fb83ea559291e65833,2024-10,Northumbria Police,Northumbria Police,-1.397358,54.972956,On or near Ashridge Close,E01008625,South Tyneside 013C,Violence and sexual offences,Court result unavailable,
b11914ca58ac83bf924d535eda20a08b5d4e71bc56a4ceb74c05c9ca9bb93ff7,2024-10,Northumbria Police,Northumbria Police,-1.397358,54.972956,On or near Ashridge Close,E01008625,South Tyneside 013C,Violence and sexual offences,Status update unavailable,
afb018938ff37e53c72b704356aa29bc3b67af9ab66a55f01c70c0c90b22f1dc,2024-10,Northumbria Police,Northumbria Police,-1.399253,54.972668,On or near Shelley Avenue,E01008625,South Tyneside 013C,Violence and sexual offences,Status update unavailable,
408bcd8f26c99c9a9c2fc9c6698407f2cfe65cd21127510a80ff97a8cadd91ef,2024-10,Northumbria Police,Northumbria Police,-1.409665,54.971039,On or near Willow Grove,E01034512,South Tyneside 013F,Criminal damage and arson,Status update unavailable,
ad455515fffef3e01e5c3ae8a4d7bbb4c75157efc7b3092b17662e378ae60efd,2024-10,Northumbria Police,Northumbria Police,-1.413008,54.971064,On or near Ferndale,E01034512,South Tyneside 013F,Criminal damage and arson,Investigation complete; no suspect identified,
36bd8a7b47bb745128ad870459e02d3fed8d71f36dea86d65994e89a281a546f,2024-10,Northumbria Police,Northumbria Police,-1.413008,54.971064,On or near Ferndale,E01034512,South Tyneside 013F,Other crime,Status update unavailable,
,2024-10,Northumbria Police,Northumbria Police,-1.414579,54.970407,On or near Orchid Gardens,E01034513,South Tyneside 013G,Anti-social behaviour,,
,2024-10,Northumbria Police,Northumbria Police,-1.412685,54.965320,On or near Rowan Drive,E01034513,South Tyneside 013G,Anti-social behaviour,,
,2024-10,Northumbria Police,Northumbria Police,-1.409186,54.968565,On or near Parking Area,E01034513,South Tyneside 013G,Anti-social behaviour,,
,2024-10,Northumbria Police,Northumbria Police,-1.414579,54.970407,On or near Orchid Gardens,E01034513,South Tyneside 013G,Anti-social behaviour,,
,2024-10,Northumbria Police,Northumbria Police,-1.412685,54.965320,On or near Rowan Drive,E01034513,South Tyneside 013G,Anti-social behaviour,,
6aad6dbd9bf9304ed8de5cb5e53dd76062916dfe3923c207676ee5617a2fb826,2024-10,Northumbria Police,Northumbria Police,-1.411985,54.968345,On or near Redwood Avenue,E01034513,South Tyneside 013G,Criminal damage and arson,Investigation complete; no suspect identified,
cabd144fb849eb1eb33e90af816e6755a6143ccebdc10bd859c0e8ace7c71160,2024-10,Northumbria Police,Northumbria Police,-1.414238,54.968078,On or near Laurel Grove,E01034513,South Tyneside 013G,Criminal damage and arson,Investigation complete; no suspect identified,
66199c1eb98888baaf32111748e3517d2c23033ce6c08defc14e9d9a8812a6ec,2024-10,Northumbria Police,Northumbria Police,-1.409186,54.968565,On or near Parking Area,E01034513,South Tyneside 013G,Criminal damage and arson,Investigation complete; no suspect identified,
ddb6b670c3800c31a02de06051ac3cb2741f5855cf299492e932f0aa1a51ebd9,2024-10,Northumbria Police,Northumbria Police,-1.413828,54.967276,On or near Clover Way,E01034513,South Tyneside 013G,Vehicle crime,Investigation complete; no suspect identified,
119e13ad07c24c81d37b3abaf660d7df418290f9ea659a5a9458d7cb4b2f1506,2024-10,Northumbria Police,Northumbria Police,-1.411985,54.968345,On or near Redwood Avenue,E01034513,South Tyneside 013G,Violence and sexual offences,Status update unavailable,
2219d80af9861e084695dc3c13e8b644f3ab550443ddb311fea04ff10e300bbe,2024-10,Northumbria Police,Northumbria Police,-1.411985,54.968345,On or near Redwood Avenue,E01034513,South Tyneside 013G,Violence and sexual offences,Status update unavailable,
,2024-10,Northumbria Police,Northumbria Police,-1.471635,54.967406,On or near Finchale Terrace,E01008602,South Tyneside 014A,Anti-social behaviour,,
,2024-10,Northumbria Police,Northumbria Police,-1.465020,54.964501,On or near Selkirk Street,E01008602,South Tyneside 014A,Anti-social behaviour,,
98160925382d344bf374bfc0bbc4534b5f19aa710f27c8b80e87179659aad1f7,2024-10,Northumbria Police,Northumbria Police,-1.464349,54.965622,On or near Stirling Avenue,E01008602,South Tyneside 014A,Bicycle theft,Status update unavailable,
45b2e7c054290c8a0790a3bf1be5e099169a129cda2ca6989a8a29b8a7069317,2024-10,Northumbria Police,Northumbria Police,-1.467325,54.965006,On or near Edinburgh Road,E01008602,South Tyneside 014A,Burglary,Status update unavailable,
dd04e9ad1cc1a110c60dca83a1cdff2ae48be15ece35df35adfd0cd35f925f82,2024-10,Northumbria Police,Northumbria Police,-1.464349,54.965622,On or near Stirling Avenue,E01008602,South Tyneside 014A,Criminal damage and arson,Investigation complete; no suspect identified,
fb47492c5990e06688277cd4e6191884a7513721204a5e0467048aaf6e49cc0d,2024-10,Northumbria Police,Northumbria Police,-1.469981,54.968450,On or near Etal Crescent,E01008602,South Tyneside 014A,Drugs,Status update unavailable,
6e730732ccdc9182c07ddcf58e5a43a667877ec276c15e8b0ae6d7cc87b1413d,2024-10,Northumbria Police,Northumbria Police,-1.467059,54.966164,On or near Elgin Street,E01008602,South Tyneside 014A,Public order,Status update unavailable,
810c31d26b1fc2226ac43215358cb3ac1b10e7eada010fbc0550fecddb6e52cb,2024-10,Northumbria Police,Northumbria Police,-1.467059,54.966164,On or near Elgin Street,E01008602,South Tyneside 014A,Violence and sexual offences,Status update unavailable,
0b3c2bb007f3028284fdecd2b21acf2ea634884c308b7447194363f68911cfb8,2024-10,Northumbria Police,Northumbria Police,-1.465020,54.964501,On or near Selkirk Street,E01008602,South Tyneside 014A,Violence and sexual offences,Status update unavailable,
93599ea639db51d3f280f1cd8196b3dce47d56384cf19f3270e9a0efa471dbbf,2024-10,Northumbria Police,Northumbria Police,-1.467059,54.966164,On or near Elgin Street,E01008602,South Tyneside 014A,Violence and sexual offences,Status update unavailable,
803a89305a908bb0aeaaa4f46a2ea5b191a45ff70424bcc5d0b98a3ee79a3e3b,2024-10,Northumbria Police,Northumbria Police,-1.464349,54.965622,On or near Stirling Avenue,E01008602,South Tyneside 014A,Violence and sexual offences,Status update unavailable,
ab1ae071123da942acc996678106b28c2a87220e5e6f3db483c8e354977f4592,2024-10,Northumbria Police,Northumbria Police,-1.464349,54.965622,On or near Stirling Avenue,E01008602,South Tyneside 014A,Violence and sexual offences,Status update unavailable,
5d4552cddb54a2c16f97e3cf45043e6cf7c58dc03b392ccf917d5c036c9760eb,2024-10,Northumbria Police,Northumbria Police,-1.464349,54.965622,On or near Stirling Avenue,E01008602,South Tyneside 014A,Violence and sexual offences,Status update unavailable,
c37c9a56887ff4b13e6bf24ccad16d9ed4aa9b29df463f88fb7994f4afe2702d,2024-10,Northumbria Police,Northumbria Police,-1.467325,54.965006,On or near Edinburgh Road,E01008602,South Tyneside 014A,Other crime,Status update unavailable,
8622e04b268294ab883c5f725e8b5ae46294975558f4c725260659e93ca85db4,2024-10,Northumbria Police,Northumbria Police,-1.467059,54.966164,On or near Elgin Street,E01008602,South Tyneside 014A,Other crime,Status update unavailable,
,2024-10,Northumbria Police,Northumbria Police,-1.460938,54.960197,On or near Gretna Drive,E01008603,South Tyneside 014B,Anti-social behaviour,,
,2024-10,Northumbria Police,Northumbria Police,-1.467267,54.961096,On or near Inverness Road,E01008603,South Tyneside 014B,Anti-social behaviour,,
,2024-10,Northumbria Police,Northumbria Police,-1.463591,54.962698,On or near Oban Street,E01008603,South Tyneside 014B,Anti-social behaviour,,
,2024-10,Northumbria Police,Northumbria Police,-1.463591,54.962698,On or near Oban Street,E01008603,South Tyneside 014B,Anti-social behaviour,,
,2024-10,Northumbria Police,Northumbria Police,-1.467267,54.961096,On or near Inverness Road,E01008603,South Tyneside 014B,Anti-social behaviour,,
,2024-10,Northumbria Police,Northumbria Police,-1.470523,54.962890,On or near Crieff Grove,E01008603,South Tyneside 014B,Anti-social behaviour,,
72efdb6caca63375459b3309eca2536254528f045f2065a6750748fcac07eef1,2024-10,Northumbria Police,Northumbria Police,-1.460938,54.960197,On or near Gretna Drive,E01008603,South Tyneside 014B,Burglary,Investigation complete; no suspect identified,
028c9ce7261727cda24c789b7127cb51ad19a6fe9e17e7290164089612776dd7,2024-10,Northumbria Police,Northumbria Police,-1.460938,54.960197,On or near Gretna Drive,E01008603,South Tyneside 014B,Burglary,Status update unavailable,
682b13ef4570d927326731dc383e544ceeb8fe39ed3e1690c92c1dc0b1c14fbb,2024-10,Northumbria Police,Northumbria Police,-1.468955,54.963341,On or near Luss Avenue,E01008603,South Tyneside 014B,Criminal damage and arson,Investigation complete; no suspect identified,
9c912320d41f979485e306925f06d79ee529e4582a078d6cb98c31b93e89b181,2024-10,Northumbria Police,Northumbria Police,-1.467267,54.961096,On or near Inverness Road,E01008603,South Tyneside 014B,Criminal damage and arson,Investigation complete; no suspect identified,
ea02b500dd0e2730b81c150bda226953d7a2548b0dc0a3a362811843be6c09da,2024-10,Northumbria Police,Northumbria Police,-1.461919,54.961612,On or near Fife Avenue,E01008603,South Tyneside 014B,Criminal damage and arson,Investigation complete; no suspect identified,
d21207c1cc61fbf68357a1c36e58eaf1a7efa1b25058a6cddb4bb9dd171c61d4,2024-10,Northumbria Police,Northumbria Police,-1.470523,54.962890,On or near Crieff Grove,E01008603,South Tyneside 014B,Criminal damage and arson,Status update unavailable,
f34e32a4384b012835a41ad423d070d1b6d7d2f86c3891c50dfb6343dd1604cb,2024-10,Northumbria Police,Northumbria Police,-1.460938,54.960197,On or near Gretna Drive,E01008603,South Tyneside 014B,Criminal damage and arson,Investigation complete; no suspect identified,
002df34ca803faddcd6bb051030f216db5d8b074199a8459cd129dca902d7c45,2024-10,Northumbria Police,Northumbria Police,-1.469518,54.964485,On or near Balmoral Avenue,E01008603,South Tyneside 014B,Drugs,Investigation complete; no suspect identified,
98081482fd948093a197e7abb636d07f0afe30475cdc9d975be675b4215c8f59,2024-10,Northumbria Police,Northumbria Police,-1.460938,54.960197,On or near Gretna Drive,E01008603,South Tyneside 014B,Other theft,Status update unavailable,
efec11eaae92aa1f2eb3e8b82c770bcf33ea58d1d12f7a95540f16b012e1734a,2024-10,Northumbria Police,Northumbria Police,-1.460938,54.960197,On or near Gretna Drive,E01008603,South Tyneside 014B,Other theft,Investigation complete; no suspect identified,
4d24ebb0b5cc6253dfc6f5086732255a24fb1b7707a0f0fe6a4783d56a6f021c,2024-10,Northumbria Police,Northumbria Police,-1.460938,54.960197,On or near Gretna Drive,E01008603,South Tyneside 014B,Robbery,Status update unavailable,
49a5ebec3bb074642f2f91a3e403db57384a1bc61b9052ae5e0bfbab94824bf2,2024-10,Northumbria Police,Northumbria Police,-1.466329,54.963536,On or near Parking Area,E01008603,South Tyneside 014B,Shoplifting,Investigation complete; no suspect identified,
b2ec88aadc0f7adbd4c4d46809b6b27464b98ec818dc36f281e70e5393aa77aa,2024-10,Northumbria Police,Northumbria Police,-1.466329,54.963536,On or near Parking Area,E01008603,South Tyneside 014B,Shoplifting,Status update unavailable,
b7c0415f28e4a901fe1da79ecac01fe8a8c749b11e2d14dbf1ad50a4eecf19a0,2024-10,Northumbria Police,Northumbria Police,-1.466329,54.963536,On or near Parking Area,E01008603,South Tyneside 014B,Shoplifting,Investigation complete; no suspect identified,
79d309e03d4a5729129f394ae1716f37d36ffab5181a9d8905e890d25622d1a6,2024-10,Northumbria Police,Northumbria Police,-1.466329,54.963536,On or near Parking Area,E01008603,South Tyneside 014B,Theft from the person,Investigation complete; no suspect identified,
d7a441aa9158cccf4a3229cef8224eb5bf1132e49d30eef9972ae01dc42ed376,2024-10,Northumbria Police,Northumbria Police,-1.460938,54.960197,On or near Gretna Drive,E01008603,South Tyneside 014B,Violence and sexual offences,Investigation complete; no suspect identified,
8201bebe3eeda16ed012da2b1acc29bbc7f4310becc140f7f824cc37bc1578ad,2024-10,Northumbria Police,Northumbria Police,-1.461919,54.961612,On or near Fife Avenue,E01008603,South Tyneside 014B,Violence and sexual offences,Investigation complete; no suspect identified,
3a838a565bbb41a1b0e4c347700d0b0de4f008543cd58af3694e0b9b2b9bb3b2,2024-10,Northumbria Police,Northumbria Police,-1.460938,54.960197,On or near Gretna Drive,E01008603,South Tyneside 014B,Violence and sexual offences,Status update unavailable,
ea51a0cc9a61b4c637be710cb52fbbe3799a08854e4379f75f07d27902ab14cd,2024-10,Northumbria Police,Northumbria Police,-1.470523,54.962890,On or near Crieff Grove,E01008603,South Tyneside 014B,Violence and sexual offences,Status update unavailable,
ed318ee5bbef39f6be83a18d09383e3279f7f3bf706615fb95c2996650bb16ec,2024-10,Northumbria Police,Northumbria Police,-1.464731,54.961552,On or near Iona Road,E01008603,South Tyneside 014B,Violence and sexual offences,Status update unavailable,
461a083ea2661f821f364cdcaf2d9906c1c340cfb10ed6aa02645280950ddc97,2024-10,Northumbria Police,Northumbria Police,-1.464388,54.960311,On or near Lanark Drive,E01008603,South Tyneside 014B,Violence and sexual offences,Status update unavailable,
7e8bc7d4fb427d720af4e1c1408811d26bdc0426be576903dd092f579a5a187a,2024-10,Northumbria Police,Northumbria Police,-1.468955,54.963341,On or near Luss Avenue,E01008603,South Tyneside 014B,Violence and sexual offences,Court result unavailable,
a30c8b436a16a073c41f093d44db24fe5978a4e44dae83793ff5d02994082930,2024-10,Northumbria Police,Northumbria Police,-1.470523,54.962890,On or near Crieff Grove,E01008603,South Tyneside 014B,Violence and sexual offences,Investigation complete; no suspect identified,
dd2b91e7c5c1a360735d39205db8f7c65117c7b2a80383f20837f2b61452e469,2024-10,Northumbria Police,Northumbria Police,-1.460938,54.960197,On or near Gretna Drive,E01008603,South Tyneside 014B,Violence and sexual offences,Investigation complete; no suspect identified,
577c8afe12d60b255430d3dd8042eae54a44f80746d2fd0878d80dde69d662c8,2024-10,Northumbria Police,Northumbria Police,-1.460938,54.960197,On or near Gretna Drive,E01008603,South Tyneside 014B,Violence and sexual offences,Offender given a caution,
40f290fbf55f6425e87e5175f5204fe2d8bc8cd0f8bb5d40858a15dcb0bc95fa,2024-10,Northumbria Police,Northumbria Police,-1.465131,54.963154,On or near Perth Avenue,E01008603,South Tyneside 014B,Violence and sexual offences,Investigation complete; no suspect identified,
4961bbbfc2af3c9edf7438f5ed157190df2cdd1bc4d17f871279d639e39ba5ff,2024-10,Northumbria Police,Northumbria Police,-1.461919,54.961612,On or near Fife Avenue,E01008603,South Tyneside 014B,Violence and sexual offences,Investigation complete; no suspect identified,
bcc5428d8668cc80240692edeebe95d39ddb033a9f0ac5d2c8ed226feb044715,2024-10,Northumbria Police,Northumbria Police,-1.470523,54.962890,On or near Crieff Grove,E01008603,South Tyneside 014B,Violence and sexual offences,Investigation complete; no suspect identified,
995a3e055e260ffd34c8bd3e6d93413ed4aa29939b0ad6e69baf6cc5e85c66e6,2024-10,Northumbria Police,Northumbria Police,-1.460938,54.960197,On or near Gretna Drive,E01008603,South Tyneside 014B,Other crime,Status update unavailable,
0d51f377d2724c2ca2ad801f7a2dde16c2ca1975663e22eb9568c0f0f2edd8ba,2024-10,Northumbria Police,Northumbria Police,-1.460779,54.961625,On or near Brisbane Avenue,E01008608,South Tyneside 014C,Criminal damage and arson,Investigation complete; no suspect identified,
264232a1ac543ec1ae1aed46acfd6bc1a4f0e46d961077414adc74766156dbfd,2024-10,Northumbria Police,Northumbria Police,-1.460188,54.962584,On or near Australia Grove,E01008608,South Tyneside 014C,Other theft,Status update unavailable,
90455469a3d453683807df68ab1f400a541ec0aa155143d7b278934cc81727dd,2024-10,Northumbria Police,Northumbria Police,-1.458639,54.961606,On or near Melbourne Gardens,E01008608,South Tyneside 014C,Violence and sexual offences,Investigation complete; no suspect identified,
ad55dc44e8978ee6fcf21d5de827df35528af37039c760a1733c828a7e07e90b,2024-10,Northumbria Police,Northumbria Police,-1.460779,54.961625,On or near Brisbane Avenue,E01008608,South Tyneside 014C,Violence and sexual offences,Status update unavailable,
3a41b8999eaf0859cd5cf3c39b3c5917fd67bc6e804080664eabfa48f529ae42,2024-10,Northumbria Police,Northumbria Police,-1.460188,54.962584,On or near Australia Grove,E01008608,South Tyneside 014C,Other crime,Status update unavailable,
,2024-10,Northumbria Police,Northumbria Police,-1.454956,54.967224,On or near Seton Avenue,E01008670,South Tyneside 014D,Anti-social behaviour,,
,2024-10,Northumbria Police,Northumbria Police,-1.460207,54.967014,On or near Ayrey Avenue,E01008670,South Tyneside 014D,Anti-social behaviour,,
,2024-10,Northumbria Police,Northumbria Police,-1.458629,54.968157,On or near Kirby Close,E01008670,South Tyneside 014D,Anti-social behaviour,,
8a03d139d10cbaf706ae4518e7bd3547943bc3b8a5284ab2974d54a938ae8cd8,2024-10,Northumbria Police,Northumbria Police,-1.462641,54.968346,On or near Ewart Crescent,E01008670,South Tyneside 014D,Criminal damage and arson,Status update unavailable,
593f20ad752c4125a422bad4cc54e4baa3b16ee9bc6729fb107f0ece68c13359,2024-10,Northumbria Police,Northumbria Police,-1.459987,54.969421,On or near Drummond Crescent,E01008670,South Tyneside 014D,Criminal damage and arson,Status update unavailable,
056e4712ed7df1e496815adac6a4ff1c6258df90d9a498c76490d6c80b9c3b59,2024-10,Northumbria Police,Northumbria Police,-1.462641,54.968346,On or near Ewart Crescent,E01008670,South Tyneside 014D,Criminal damage and arson,Status update unavailable,
946cdd1ae0aef5fa589d35882a2edaa2e68d2e0c7f051695e4f214f9e5c2256a,2024-10,Northumbria Police,Northumbria Police,-1.459987,54.969421,On or near Drummond Crescent,E01008670,South Tyneside 014D,Drugs,Status update unavailable,
0805da9d5ba65db978abe17fa4f1e7cf3a1d2f6ca200a88573e220a349175a74,2024-10,Northumbria Police,Northumbria Police,-1.460934,54.968725,On or near Henderson Road,E01008670,South Tyneside 014D,Violence and sexual offences,Status update unavailable,
7cd24cfd361098ca8e077f43dba2e6af0251483406c536e26327774a0061361a,2024-10,Northumbria Police,Northumbria Police,-1.463638,54.967371,On or near Peel Gardens,E01008670,South Tyneside 014D,Violence and sexual offences,Investigation complete; no suspect identified,
24271d0f23ceab90ad6f7168f061100e211361af7dd8bc695d3164064cc59ed8,2024-10,Northumbria Police,Northumbria Police,-1.462641,54.968346,On or near Ewart Crescent,E01008670,South Tyneside 014D,Other crime,Investigation complete; no suspect identified,
,2024-10,Northumbria Police,Northumbria Police,-1.524455,54.961288,On or near St Joseph'S Court,E01008643,South Tyneside 015A,Anti-social behaviour,,
35222dc20e6c2abe95fc8ad785beb52654d8c3bbb14732f1ea42907de4b26c8e,2024-10,Northumbria Police,Northumbria Police,-1.518653,54.963296,On or near Wilkinson Avenue,E01008643,South Tyneside 015A,Criminal damage and arson,Investigation complete; no suspect identified,
a4cefc60b5be16ac8ede1dfc9dba1be8fd5461df5a0b845e5108986b0e9b0a26,2024-10,Northumbria Police,Northumbria Police,-1.520665,54.962190,On or near Lobban Avenue,E01008643,South Tyneside 015A,Criminal damage and arson,Investigation complete; no suspect identified,
4fe7caacf4b6aaf2d5ea03638980ad63d4d590d9e8bbf5c642b8d6d3ea1be94c,2024-10,Northumbria Police,Northumbria Police,-1.523629,54.963855,On or near Lambley Crescent,E01008643,South Tyneside 015A,Public order,Court result unavailable,
db58ec47cafe57e44b604a8b1997e1fe489d1a0d3ba7a5e476f2a8d381329463,2024-10,Northumbria Police,Northumbria Police,-1.522507,54.964893,On or near Prendwick Avenue,E01008643,South Tyneside 015A,Violence and sexual offences,Court result unavailable,
9b305c7eedd265e6231e1d53cfdad5fd3eaa2ba6dcb60269d61d7c47ae83ccd3,2024-10,Northumbria Police,Northumbria Police,-1.522507,54.964893,On or near Prendwick Avenue,E01008643,South Tyneside 015A,Violence and sexual offences,Court result unavailable,
0574467900244575d8f73f14c17d6073c8f99a3e7bfefb4eb41d94e12726e34a,2024-10,Northumbria Police,Northumbria Police,-1.522507,54.964893,On or near Prendwick Avenue,E01008643,South Tyneside 015A,Violence and sexual offences,Investigation complete; no suspect identified,
7805f6e4ec05c21c90d928df2f0cc1829182851b707433d6725d3da66bec8e5e,2024-10,Northumbria Police,Northumbria Police,-1.522507,54.964893,On or near Prendwick Avenue,E01008643,South Tyneside 015A,Violence and sexual offences,Status update unavailable,
36fb8f2718bc53615a87029c1c70699925166597c23f76596ee934a5b6e9f5c3,2024-10,Northumbria Police,Northumbria Police,-1.522507,54.964893,On or near Prendwick Avenue,E01008643,South Tyneside 015A,Violence and sexual offences,Status update unavailable,
502ecb173b97bf0dee5c8bc08296016439c55da5d3f4adafde77acce03d66538,2024-10,Northumbria Police,Northumbria Police,-1.529173,54.958476,On or near Wardley Lane,E01008643,South Tyneside 015A,Violence and sexual offences,Status update unavailable,
d606b7306fa5f22dc89a63f5cadfcf76a97c0cc9186576572ef133e4dad3e7e1,2024-10,Northumbria Police,Northumbria Police,-1.522507,54.964893,On or near Prendwick Avenue,E01008643,South Tyneside 015A,Violence and sexual offences,Court result unavailable,
f3168c127f08403c36cfa9467caa16ad70ff04a67c07bc5256a6fc7947cb1cfd,2024-10,Northumbria Police,Northumbria Police,-1.529173,54.958476,On or near Wardley Lane,E01008643,South Tyneside 015A,Violence and sexual offences,Status update unavailable,
aa5f4bdc2e8df342ada30dc6c13b7429122e24df78fea022340d75a15e4db829,2024-10,Northumbria Police,Northumbria Police,-1.529173,54.958476,On or near Wardley Lane,E01008643,South Tyneside 015A,Other crime,Status update unavailable,
,2024-10,Northumbria Police,Northumbria Police,-1.511897,54.964015,On or near Trent Avenue,E01008644,South Tyneside 015B,Anti-social behaviour,,
a9ea12f5b12d357b8f08dba97322885a60e8799d4b27d21c37316fd602fc1125,2024-10,Northumbria Police,Northumbria Police,-1.518702,54.960520,On or near College Road,E01008644,South Tyneside 015B,Bicycle theft,Investigation complete; no suspect identified,
73cdb8dde7e37f9b728de922d6424695797da66f668443162d3012475172e802,2024-10,Northumbria Police,Northumbria Police,-1.518702,54.960520,On or near College Road,E01008644,South Tyneside 015B,Bicycle theft,Investigation complete; no suspect identified,
5e7f65b4b2519344d477dc3b5314686884938c474f2d07c52ef240f3087c63ee,2024-10,Northumbria Police,Northumbria Police,-1.511767,54.963152,On or near Derwent Avenue,E01008644,South Tyneside 015B,Criminal damage and arson,Investigation complete; no suspect identified,
472e6ec9769be36b28b0b4f969065386d9609ec415b0c59dbddeae27976ebf14,2024-10,Northumbria Police,Northumbria Police,-1.514629,54.962858,On or near Mimosa Drive,E01008644,South Tyneside 015B,Criminal damage and arson,Investigation complete; no suspect identified,
a17a67e49dc40907e75fab91d5dbd9992bd38c17d999eda128bd50c92af4a643,2024-10,Northumbria Police,Northumbria Police,-1.513795,54.962091,On or near Bath Road,E01008644,South Tyneside 015B,Public order,Status update unavailable,
f17f4f3861a483ff9fcd382c1b3b06af679cd131ff9b0336b58e081434cafe8c,2024-10,Northumbria Police,Northumbria Police,-1.511000,54.963311,On or near Finchale Road,E01008644,South Tyneside 015B,Violence and sexual offences,Status update unavailable,
a40724776bbe83081fe0c0fe26f7dcd0809178610a0ddd6390e3a79d681de790,2024-10,Northumbria Police,Northumbria Police,-1.513795,54.962091,On or near Bath Road,E01008644,South Tyneside 015B,Violence and sexual offences,Status update unavailable,
d6b7b4cc21eaf29256eb25b795ce9328fd643385db9b93f5e8b35097ffc867f4,2024-10,Northumbria Police,Northumbria Police,-1.511767,54.963152,On or near Derwent Avenue,E01008644,South Tyneside 015B,Violence and sexual offences,Status update unavailable,
93fc00b83217d57dbbf4784aace0a2c2d25ce8d99919e8183adcda59255968ef,2024-10,Northumbria Police,Northumbria Police,-1.514629,54.962858,On or near Mimosa Drive,E01008644,South Tyneside 015B,Violence and sexual offences,Investigation complete; no suspect identified,
abdb9abeb3d0ddb06035de602028637adc2b332f07cd70b26ce34a4dd317823d,2024-10,Northumbria Police,Northumbria Police,-1.513795,54.962091,On or near Bath Road,E01008644,South Tyneside 015B,Violence and sexual offences,Investigation complete; no suspect identified,
440bdb95a2e77d4fffe4cfae634d8854578afe8ceb980d44059f1118cfbb1949,2024-10,Northumbria Police,Northumbria Police,-1.511897,54.964015,On or near Trent Avenue,E01008644,South Tyneside 015B,Violence and sexual offences,Status update unavailable,
616b2d4e40714d2147dbc6233357766d1fa235a65f072bb08fb495e903397121,2024-10,Northumbria Police,Northumbria Police,-1.511897,54.964015,On or near Trent Avenue,E01008644,South Tyneside 015B,Violence and sexual offences,Investigation complete; no suspect identified,
1c092cf8927a2a6bf9a5703f7f77d4ae16c28b39f86ee020bb991f35d4e3864c,2024-10,Northumbria Police,Northumbria Police,-1.511767,54.963152,On or near Derwent Avenue,E01008644,South Tyneside 015B,Violence and sexual offences,Status update unavailable,
5129c9ee2522ccae8b345336a3ec9ac9dfa482624cab46b4ebc239657eb23336,2024-10,Northumbria Police,Northumbria Police,-1.511767,54.963152,On or near Derwent Avenue,E01008644,South Tyneside 015B,Violence and sexual offences,Status update unavailable,
b9554891872c2d445583b677844832ef788a826f4112cd2e8be2daca8dcf6f58,2024-10,Northumbria Police,Northumbria Police,-1.510218,54.963380,On or near Clyde Avenue,E01008644,South Tyneside 015B,Violence and sexual offences,Status update unavailable,
e61653567df0f4af05d5df2d9d2f4f56cd8239587f125367205d79641b517d8f,2024-10,Northumbria Police,Northumbria Police,-1.511897,54.964015,On or near Trent Avenue,E01008644,South Tyneside 015B,Violence and sexual offences,Status update unavailable,
,2024-10,Northumbria Police,Northumbria Police,-1.510868,54.961279,On or near Hexham Avenue,E01008645,South Tyneside 015C,Anti-social behaviour,,
239f7b8eee29c8c74837f344755ef84902e16f3277e6dcae1b2c4487f40f3a95,2024-10,Northumbria Police,Northumbria Police,-1.508232,54.964845,On or near Thames Road,E01008645,South Tyneside 015C,Criminal damage and arson,Investigation complete; no suspect identified,
12717171eb13266f458e753240aa530050326a571998d93b1d0980a4b9dc31ff,2024-10,Northumbria Police,Northumbria Police,-1.504925,54.964499,On or near Rutland Road,E01008645,South Tyneside 015C,Criminal damage and arson,Investigation complete; no suspect identified,
661c9039cc378605ac162cf8db0b5418a3884fa25488f9a4f14d2537ba3acf2f,2024-10,Northumbria Police,Northumbria Police,-1.505638,54.964961,On or near Elmfield Road,E01008645,South Tyneside 015C,Other theft,Status update unavailable,
7da27fa95a51b4694e275c0ccc179e7793dd54cb1a683b0eb542f98a79ec395e,2024-10,Northumbria Police,Northumbria Police,-1.506962,54.965236,On or near Grosvenor Crescent,E01008645,South Tyneside 015C,Public order,Investigation complete; no suspect identified,
749b3b4ac4f11e598657d7b7fa9f369408a9b3c92796b83ec0b7335de1004bfa,2024-10,Northumbria Police,Northumbria Police,-1.513765,54.960662,On or near Westminster Crescent,E01008645,South Tyneside 015C,Violence and sexual offences,Status update unavailable,
917041d744cb58ff0caa885c21aeb895b181ddbceed08de8b5507d239fabc754,2024-10,Northumbria Police,Northumbria Police,-1.506710,54.966744,On or near Arlington Road,E01008645,South Tyneside 015C,Violence and sexual offences,Investigation complete; no suspect identified,
1aadc42093395707f5abfdbdf63dfa8e3df400a9282be314d32fa2bbd85d4c50,2024-10,Northumbria Police,Northumbria Police,-1.506852,54.958990,On or near Saint Close,E01008645,South Tyneside 015C,Violence and sexual offences,Status update unavailable,
b25825520586837fcf8ed2d949f163ef5ee00be6219cc2b885785d85f968c2a0,2024-10,Northumbria Police,Northumbria Police,-1.505171,54.963575,On or near Somerset Road,E01008645,South Tyneside 015C,Violence and sexual offences,Status update unavailable,
d021b3088ca99f5a89dcad1616544457a48d74211d9aca778f4c0ae09d472840,2024-10,Northumbria Police,Northumbria Police,-1.512961,54.961288,On or near Melrose Avenue,E01008645,South Tyneside 015C,Violence and sexual offences,Status update unavailable,
98c0771b6095bf1cef7f00d063c2dd6027d07e48aa65c658ea37f13d08e373b7,2024-10,Northumbria Police,Northumbria Police,-1.513765,54.960662,On or near Westminster Crescent,E01008645,South Tyneside 015C,Violence and sexual offences,Investigation complete; no suspect identified,
a0df9dcbe748346b40657469f6cb774390b426c8e977a747440d93407ba1a9b0,2024-10,Northumbria Police,Northumbria Police,-1.509379,54.965569,On or near Avon Road,E01008645,South Tyneside 015C,Violence and sexual offences,Investigation complete; no suspect identified,
9cde26d636f1082e42b9041fa216633ccbba3f2641aa78f16174cb270e6638b8,2024-10,Northumbria Police,Northumbria Police,-1.506710,54.966744,On or near Arlington Road,E01008645,South Tyneside 015C,Violence and sexual offences,Status update unavailable,
,2024-10,Northumbria Police,Northumbria Police,-1.513743,54.966404,On or near Mountbatten Avenue,E01008646,South Tyneside 015D,Anti-social behaviour,,
,2024-10,Northumbria Police,Northumbria Police,-1.513743,54.966404,On or near Mountbatten Avenue,E01008646,South Tyneside 015D,Anti-social behaviour,,
ff4ba7327e0cd0635790e30201328ddb25c5d0586aa9324aeb79d06297bd7331,2024-10,Northumbria Police,Northumbria Police,-1.522449,54.967202,On or near Hospital Drive,E01008646,South Tyneside 015D,Public order,Status update unavailable,
34698032d93d5439d0d86e883a700a4ee4f5ee6409cb2e06e6fb816f3c3e6c66,2024-10,Northumbria Police,Northumbria Police,-1.522775,54.966071,On or near East View,E01008646,South Tyneside 015D,Violence and sexual offences,Investigation complete; no suspect identified,
e4a89694d13ece0a7f35b58c165ae992af8137b130a22c56f2e77d504e837691,2024-10,Northumbria Police,Northumbria Police,-1.522449,54.967202,On or near Hospital Drive,E01008646,South Tyneside 015D,Violence and sexual offences,Status update unavailable,
44677a9527996f2f7858e803f2ac7cccd7b489c71b7468692ee129d1f0203731,2024-10,Northumbria Police,Northumbria Police,-1.516006,54.971742,On or near St John'S Walk,E01008646,South Tyneside 015D,Violence and sexual offences,Investigation complete; no suspect identified,
90b360312534071def183f0917b0c2d2a4b98f39626c05667e502680da7d2fb5,2024-10,Northumbria Police,Northumbria Police,-1.513743,54.966404,On or near Mountbatten Avenue,E01008646,South Tyneside 015D,Violence and sexual offences,Status update unavailable,
a5f17af91f1c6189003d55f634928be6101ff5c6ce7ce6d2a02baddeeba9c28d,2024-10,Northumbria Police,Northumbria Police,-1.522449,54.967202,On or near Hospital Drive,E01008646,South Tyneside 015D,Violence and sexual offences,Status update unavailable,
f0102523459f5b7563e4faf0aba1b2f3539729a350a96e43a71d717a1a118af9,2024-10,Northumbria Police,Northumbria Police,-1.522449,54.967202,On or near Hospital Drive,E01008646,South Tyneside 015D,Violence and sexual offences,Status update unavailable,
886a7df19e538e50cd4529dd8aca3d3c3db337a7bc568ebc8984cd2f804e5ad9,2024-10,Northumbria Police,Northumbria Police,-1.513743,54.966404,On or near Mountbatten Avenue,E01008646,South Tyneside 015D,Other crime,Status update unavailable,
,2024-10,Northumbria Police,Northumbria Police,-1.505728,54.967828,On or near Penrith Road,E01008656,South Tyneside 015E,Anti-social behaviour,,
a4fa8179e36f96186409feefbdd52cc32a3f69484be5cf94b85e1e01ce01a21a,2024-10,Northumbria Police,Northumbria Police,-1.506731,54.968829,On or near Campbell Park Road,E01008656,South Tyneside 015E,Burglary,Court result unavailable,
ba831a763bda649275063edd44ce03d6edac6fe450a309ea507e23ee20d02217,2024-10,Northumbria Police,Northumbria Police,-1.497129,54.965941,On or near Sports/Recreation Area,E01008656,South Tyneside 015E,Criminal damage and arson,Investigation complete; no suspect identified,
0aab737b24f217ab2f1250442dd4ea291a8edad1fc15777f26080d1d8ef9eaa7,2024-10,Northumbria Police,Northumbria Police,-1.500929,54.966900,On or near Monkton Lane,E01008656,South Tyneside 015E,Criminal damage and arson,Status update unavailable,
e134de2bd3c1d7563537532820f5e40aa28bccd2cc5d7f4180393428b3e22e6e,2024-10,Northumbria Police,Northumbria Police,-1.506731,54.968829,On or near Campbell Park Road,E01008656,South Tyneside 015E,Criminal damage and arson,Investigation complete; no suspect identified,
21a9f373a56fa0fef8d4e179eabf246e37a3b3928a5d87768d0fbb4584277d7e,2024-10,Northumbria Police,Northumbria Police,-1.504567,54.969494,On or near Thirlmere Court,E01008656,South Tyneside 015E,Public order,Investigation complete; no suspect identified,
e043d49c91fb7162f455a16aa962448abd7372727e9bbea1977c24d1514115a8,2024-10,Northumbria Police,Northumbria Police,-1.497129,54.965941,On or near Sports/Recreation Area,E01008656,South Tyneside 015E,Vehicle crime,Investigation complete; no suspect identified,
ac30af565f55797ed0850908a30358dc997e1b720713b12598ef74db70476685,2024-10,Northumbria Police,Northumbria Police,-1.506731,54.968829,On or near Campbell Park Road,E01008656,South Tyneside 015E,Violence and sexual offences,Status update unavailable,
b12d7da7c5d116403f2b8e9917bbbe6b3c30f94574535ccdd022d83ad8e4a100,2024-10,Northumbria Police,Northumbria Police,-1.500929,54.966900,On or near Monkton Lane,E01008656,South Tyneside 015E,Violence and sexual offences,Status update unavailable,
bec2f73c68814b62cd6c5c36ebc273abd73c31b873de19dc06c0231d339f974a,2024-10,Northumbria Police,Northumbria Police,-1.504055,54.968000,On or near Hautmont Road,E01008656,South Tyneside 015E,Violence and sexual offences,Status update unavailable,
7af82616a0e6778e424c91e956f15dd17ee91d4ea07ef282a48e55b8b0d0445f,2024-10,Northumbria Police,Northumbria Police,-1.506731,54.968829,On or near Campbell Park Road,E01008656,South Tyneside 015E,Violence and sexual offences,Investigation complete; no suspect identified,
ae1c3c8f6dd0cfa2b49c964e2204e5c075be869a264d7472be721f25df5dab9f,2024-10,Northumbria Police,Northumbria Police,-1.506731,54.968829,On or near Campbell Park Road,E01008656,South Tyneside 015E,Violence and sexual offences,Status update unavailable,
,2024-10,Northumbria Police,Northumbria Police,-1.497645,54.962151,On or near Hastings Parade,E01008658,South Tyneside 015F,Anti-social behaviour,,
,2024-10,Northumbria Police,Northumbria Police,-1.496212,54.960590,On or near Morecambe Parade,E01008658,South Tyneside 015F,Anti-social behaviour,,
,2024-10,Northumbria Police,Northumbria Police,-1.497645,54.962151,On or near Hastings Parade,E01008658,South Tyneside 015F,Anti-social behaviour,,
,2024-10,Northumbria Police,Northumbria Police,-1.499335,54.960639,On or near Bournemouth Parade,E01008658,South Tyneside 015F,Anti-social behaviour,,
,2024-10,Northumbria Police,Northumbria Police,-1.499335,54.960639,On or near Bournemouth Parade,E01008658,South Tyneside 015F,Anti-social behaviour,,
,2024-10,Northumbria Police,Northumbria Police,-1.496934,54.957862,On or near Penzance Parade,E01008658,South Tyneside 015F,Anti-social behaviour,,
,2024-10,Northumbria Police,Northumbria Police,-1.499419,54.961466,On or near Brighton Parade,E01008658,South Tyneside 015F,Anti-social behaviour,,
72c70d24a45bcb6d5abcade750139d02a3e811941368892897701b1f0e8e2a3a,2024-10,Northumbria Police,Northumbria Police,-1.496212,54.960590,On or near Morecambe Parade,E01008658,South Tyneside 015F,Bicycle theft,Investigation complete; no suspect identified,
ac928173433868f5b6416ce3d8286c5949dee73a3a1743f22da4cf21c6281713,2024-10,Northumbria Police,Northumbria Police,-1.499419,54.961466,On or near Brighton Parade,E01008658,South Tyneside 015F,Vehicle crime,Investigation complete; no suspect identified,
474d0e7a144398da4e7fca9d9d52887a65cf82d5be9ec976b3e2be13e0609a41,2024-10,Northumbria Police,Northumbria Police,-1.495351,54.962007,On or near Featherstone Grove,E01008658,South Tyneside 015F,Violence and sexual offences,Status update unavailable,
2c416f164d893dae4c24fbf14170b82be3c4e0d2c170e0c56c71eae70b69ef8c,2024-10,Northumbria Police,Northumbria Police,-1.495397,54.958350,On or near Colwyn Parade,E01008658,South Tyneside 015F,Violence and sexual offences,Status update unavailable,
158c02d0ce206cae81058c506a50ce4f91378064e080841777befede45d5e891,2024-10,Northumbria Police,Northumbria Police,-1.442903,54.971321,On or near School Loaning,E01008593,South Tyneside 016A,Burglary,Investigation complete; no suspect identified,
ffb3bacff5bd91ed54a8495fafaa3f9de6a37c711e0eb858e972c268ed78a663,2024-10,Northumbria Police,Northumbria Police,-1.446733,54.967681,On or near Osprey Way,E01008593,South Tyneside 016A,Criminal damage and arson,Status update unavailable,
ce97093ead737900242230f61180aba70117f926e10cd65e79f795d75ed8f0a0,2024-10,Northumbria Police,Northumbria Police,-1.444914,54.969336,On or near Redberry Way,E01008593,South Tyneside 016A,Criminal damage and arson,Investigation complete; no suspect identified,
d43680e27c3feced930398aab93c35acf760b5fe2a871a7c1c85da48a09cfe8e,2024-10,Northumbria Police,Northumbria Police,-1.442951,54.972400,On or near Foss Way,E01008593,South Tyneside 016A,Other theft,Investigation complete; no suspect identified,
a9e66fe61a4748e45a35e75a66fbc248c485a4884fb5135cf0826cc2d4936519,2024-10,Northumbria Police,Northumbria Police,-1.445750,54.969924,On or near Honeysuckle Avenue,E01008593,South Tyneside 016A,Public order,Status update unavailable,
b7c148870e3369affc7026f85e979ebb88b874f457794bf36b9fb596f095e93e,2024-10,Northumbria Police,Northumbria Police,-1.442951,54.972400,On or near Foss Way,E01008593,South Tyneside 016A,Public order,Status update unavailable,
45f53e309ea6fb3c5ee1ea1b517fe74a3cfc0c96a2e9f26dc35666ad8adafc56,2024-10,Northumbria Police,Northumbria Police,-1.446733,54.967681,On or near Osprey Way,E01008593,South Tyneside 016A,Violence and sexual offences,Status update unavailable,
ebce54f732f21c0d23e9b5aaef30fcc4d504c537185f894fec1799dfc7a841ed,2024-10,Northumbria Police,Northumbria Police,-1.445750,54.969924,On or near Honeysuckle Avenue,E01008593,South Tyneside 016A,Violence and sexual offences,Status update unavailable,
d49684c5e592616d5d3f4a4d373a433ad53f06ac4553a12a095d8a23046cfd7a,2024-10,Northumbria Police,Northumbria Police,-1.445750,54.969924,On or near Honeysuckle Avenue,E01008593,South Tyneside 016A,Violence and sexual offences,Status update unavailable,
c23b0d6efaade7421bef27495417e00d3671e2e6d70304a27deb198858ba6d52,2024-10,Northumbria Police,Northumbria Police,-1.457058,54.963091,On or near Sandstone Close,E01008605,South Tyneside 016B,Violence and sexual offences,Status update unavailable,
,2024-10,Northumbria Police,Northumbria Police,-1.450118,54.958881,On or near Masefield Drive,E01008606,South Tyneside 016C,Anti-social behaviour,,
c157c866cc8648c327ae762f72fd50cd890228225f1a45a4d5a8a44248f48f78,2024-10,Northumbria Police,Northumbria Police,-1.446585,54.960276,On or near Dryden Close,E01008606,South Tyneside 016C,Criminal damage and arson,Investigation complete; no suspect identified,
4b8cafb02c81495c74c28165f6b2e0c4754a24c274d30ac0c9ab8df24394093f,2024-10,Northumbria Police,Northumbria Police,-1.437015,54.955568,On or near Boldon Lane,E01008606,South Tyneside 016C,Criminal damage and arson,Investigation complete; no suspect identified,
c3be45b8393cb34bc314245227828ff65afab50d0df1f1abe38863003e1ee8ca,2024-10,Northumbria Police,Northumbria Police,-1.449232,54.960872,On or near Priestley Court,E01008606,South Tyneside 016C,Drugs,Investigation complete; no suspect identified,
c90f75223bf4a6fbf2f4d9413dd068375d2affb9242cd3c2f3a97efa10ba4aa6,2024-10,Northumbria Police,Northumbria Police,-1.449232,54.960872,On or near Priestley Court,E01008606,South Tyneside 016C,Vehicle crime,Status update unavailable,
14cec6c912baab572a88f19ce6d201e4a05ae6ef21555c6d3b4187d9cd4a1d51,2024-10,Northumbria Police,Northumbria Police,-1.441073,54.961347,On or near Hardy Avenue,E01008606,South Tyneside 016C,Violence and sexual offences,Investigation complete; no suspect identified,
f3a919f751e22254d0e72e2523a77bdd2bea2ddd4f0ea769bbf6f960ff400172,2024-10,Northumbria Police,Northumbria Police,-1.441073,54.961347,On or near Hardy Avenue,E01008606,South Tyneside 016C,Violence and sexual offences,Investigation complete; no suspect identified,
766b8b404733326d2961bb69a7a754688c942d9e9e848881d31e92891f0cd56f,2024-10,Northumbria Police,Northumbria Police,-1.449232,54.960872,On or near Priestley Court,E01008606,South Tyneside 016C,Violence and sexual offences,Status update unavailable,
167baf9776e3b35ba1f890b98c22d37c199c0420616dfd2d3d8b1a74eebd6081,2024-10,Northumbria Police,Northumbria Police,-1.445861,54.960722,On or near Burns Close,E01008606,South Tyneside 016C,Violence and sexual offences,Status update unavailable,
610b32d1232443ba0cd4fb9e8da9e51b173cdab54b1e2046ddd9930cd2a84ef7,2024-10,Northumbria Police,Northumbria Police,-1.445861,54.960722,On or near Burns Close,E01008606,South Tyneside 016C,Violence and sexual offences,Status update unavailable,
ca89045365e21e3d044bfaf153a292d410b09742a0c1e96e514a4747786e9dfd,2024-10,Northumbria Police,Northumbria Police,-1.441073,54.961347,On or near Hardy Avenue,E01008606,South Tyneside 016C,Violence and sexual offences,Status update unavailable,
75b638103f72ff6505b733b0883316ffba114b4254f6ea0b1c98059539fc31fe,2024-10,Northumbria Police,Northumbria Police,-1.441073,54.961347,On or near Hardy Avenue,E01008606,South Tyneside 016C,Violence and sexual offences,Status update unavailable,
c0a88014ec60cdb98074b062faaade554e5b447acdc8a444024994cd865a12cc,2024-10,Northumbria Police,Northumbria Police,-1.445671,54.963192,On or near Ruskin Crescent,E01008607,South Tyneside 016D,Criminal damage and arson,Investigation complete; no suspect identified,
e052cc2872a8684411662a286d2d2f3353b48bfa369c0315dcddd38a7a7c02cc,2024-10,Northumbria Police,Northumbria Police,-1.449114,54.962633,On or near Kingsley Avenue,E01008607,South Tyneside 016D,Criminal damage and arson,Status update unavailable,
95ff523b8191282cac88191062218aab9b04b4415ad4ea36fac778318e5bde1e,2024-10,Northumbria Police,Northumbria Police,-1.446304,54.964867,On or near Cronin Avenue,E01008607,South Tyneside 016D,Public order,Investigation complete; no suspect identified,
94a675b1bb08ed5c4d98fd6bc3bb6176dae2015f73b6dbcbdfbd2ebf0564b9ae,2024-10,Northumbria Police,Northumbria Police,-1.449114,54.962633,On or near Kingsley Avenue,E01008607,South Tyneside 016D,Violence and sexual offences,Status update unavailable,
9b92c9d93031bf75e26a832617115170d753c425592d0b08b2110a658b3d2b22,2024-10,Northumbria Police,Northumbria Police,-1.451660,54.962644,On or near Chaucer Avenue,E01008607,South Tyneside 016D,Violence and sexual offences,Status update unavailable,
3253bcef83922238b5c60de89f2cb9948f467160934912d93908e2b7e3326aad,2024-10,Northumbria Police,Northumbria Police,-1.451660,54.962644,On or near Chaucer Avenue,E01008607,South Tyneside 016D,Violence and sexual offences,Status update unavailable,
6514b671036b4b0e3d9590fc8e3601b4378f850c7f779b95cfb305e17a4dcf86,2024-10,Northumbria Police,Northumbria Police,-1.448038,54.962556,On or near Bunyan Avenue,E01008607,South Tyneside 016D,Violence and sexual offences,Status update unavailable,
1bf8e1e2afd0575451eddca2bc0e2d5d06aca2f1344893c4df1b984424d0ea66,2024-10,Northumbria Police,Northumbria Police,-1.451660,54.962644,On or near Chaucer Avenue,E01008607,South Tyneside 016D,Violence and sexual offences,Status update unavailable,
a21c1c2eb91a43cfc396356ecee2ff3c0c3584837692ff348fe7241343abe75f,2024-10,Northumbria Police,Northumbria Police,-1.443411,54.961717,On or near Cobbett Crescent,E01008607,South Tyneside 016D,Violence and sexual offences,Status update unavailable,
ca3a0762ddf64013896ed2849bbcf84ddefcb6afb26ab8820cbd7c9b78262716,2024-10,Northumbria Police,Northumbria Police,-1.448038,54.962556,On or near Bunyan Avenue,E01008607,South Tyneside 016D,Violence and sexual offences,Status update unavailable,
8e93c5aef71a064ecc1c5aba8e1d573e8e913bcd2830d0002472930dbcd7cfff,2024-10,Northumbria Police,Northumbria Police,-1.451660,54.962644,On or near Chaucer Avenue,E01008607,South Tyneside 016D,Other crime,Status update unavailable,
,2024-10,Northumbria Police,Northumbria Police,-1.440726,54.962738,On or near Dickens Avenue,E01008609,South Tyneside 016E,Anti-social behaviour,,
,2024-10,Northumbria Police,Northumbria Police,-1.440726,54.962738,On or near Dickens Avenue,E01008609,South Tyneside 016E,Anti-social behaviour,,
,2024-10,Northumbria Police,Northumbria Police,-1.437968,54.958898,On or near Benton Road,E01008609,South Tyneside 016E,Anti-social behaviour,,
e3a7b0ec28c79b2078eab6339b31a0bac9ad53bebf9be497e4e9f69334367769,2024-10,Northumbria Police,Northumbria Police,-1.439085,54.965085,On or near Shaw Avenue,E01008609,South Tyneside 016E,Criminal damage and arson,Court result unavailable,
c5019dff1561da477f237c41963d7de90714cf4cfcf57b3c69f5f33f1dc8a674,2024-10,Northumbria Police,Northumbria Police,-1.437968,54.958898,On or near Benton Road,E01008609,South Tyneside 016E,Criminal damage and arson,Investigation complete; no suspect identified,
ab581dbc8cf49d2749c087ca7d0f6b06b5c8c3e400ff236a1cc9d4d57a250dd2,2024-10,Northumbria Police,Northumbria Police,-1.440726,54.962738,On or near Dickens Avenue,E01008609,South Tyneside 016E,Criminal damage and arson,Investigation complete; no suspect identified,
096d69343a779082ccebe98937d8a7b584109b7d892a570c6b1cc9e07f754546,2024-10,Northumbria Police,Northumbria Police,-1.441437,54.963308,On or near Morris Avenue,E01008609,South Tyneside 016E,Violence and sexual offences,Status update unavailable,
ca2b2ac252d4132c0e2adcb0449b25483b2bf0aefcca9a3878b7d914791ecee9,2024-10,Northumbria Police,Northumbria Police,-1.441532,54.964288,On or near Boswell Avenue,E01008609,South Tyneside 016E,Violence and sexual offences,Investigation complete; no suspect identified,
b5385dc8e1070f98e4fd80e2a1bc83109aa312f76ba5d5b2ae2f784490e34d1b,2024-10,Northumbria Police,Northumbria Police,-1.441437,54.963308,On or near Morris Avenue,E01008609,South Tyneside 016E,Violence and sexual offences,Status update unavailable,
8e278dfb3d3fe4814f817d35c12eeda8c141857dd2c44634cf9daf51e87ada11,2024-10,Northumbria Police,Northumbria Police,-1.443730,54.963471,On or near Chesterton Road,E01008609,South Tyneside 016E,Violence and sexual offences,Court result unavailable,
261ea0b59b7d2f328fe8acd2d928abf71e171685426efb28fc5a15847088e705,2024-10,Northumbria Police,Northumbria Police,-1.441437,54.963308,On or near Morris Avenue,E01008609,South Tyneside 016E,Violence and sexual offences,Status update unavailable,
1d5e343a7c3d712b8e9742e4c1873d06b20950de769abd357df8921a9fa2c5ce,2024-10,Northumbria Police,Northumbria Police,-1.439751,54.963219,On or near Gaskell Avenue,E01008609,South Tyneside 016E,Violence and sexual offences,Investigation complete; no suspect identified,
03e9bd39c94754ceeee2908dfdfd45f35cb185124c711904f5a02d7212c0f07b,2024-10,Northumbria Police,Northumbria Police,-1.483067,54.961443,On or near Kennet Avenue,E01008631,South Tyneside 017A,Criminal damage and arson,Investigation complete; no suspect identified,
78c84535675a987089daadfc9df40d23a8fd29d3a634e0b0a53b84c95cf8b6ba,2024-10,Northumbria Police,Northumbria Police,-1.474114,54.963004,On or near Lodore Grove,E01008631,South Tyneside 017A,Theft from the person,Investigation complete; no suspect identified,
41139165b13e447e3c2afbd93eb20d16f18292f838221a3d3a37f10f252fce37,2024-10,Northumbria Police,Northumbria Police,-1.479856,54.958590,On or near Lune Green,E01008631,South Tyneside 017A,Violence and sexual offences,Investigation complete; no suspect identified,
20151e9b4390c813c479d0922b7e1bc9d6b57797b15408405d64a918e477c11e,2024-10,Northumbria Police,Northumbria Police,-1.475776,54.962499,On or near Kirkstone Avenue,E01008631,South Tyneside 017A,Violence and sexual offences,Status update unavailable,
71e93e416a23b2a1a158572a7e3a70cba80e7a3b572e85c25c2c85be85fd43e6,2024-10,Northumbria Police,Northumbria Police,-1.474840,54.963618,On or near Thurston Gardens,E01008631,South Tyneside 017A,Violence and sexual offences,Status update unavailable,
bde87a6421beb9de50a30334e32c20cb5286c372cd3d493385fe79a0c867e608,2024-10,Northumbria Police,Northumbria Police,-1.473517,54.960836,On or near Ullswater Avenue,E01008631,South Tyneside 017A,Violence and sexual offences,Status update unavailable,
5342c60d955adc7eb4123ef0778c37bdd63ca60860777fc222ebdc9a3e819c19,2024-10,Northumbria Police,Northumbria Police,-1.475776,54.962499,On or near Kirkstone Avenue,E01008631,South Tyneside 017A,Violence and sexual offences,Status update unavailable,
d3bf1e8fd63d091ffd3ca73dd23d92607eae94bf432eb7a9631930e5004a69b9,2024-10,Northumbria Police,Northumbria Police,-1.481016,54.961875,On or near Usk Avenue,E01008631,South Tyneside 017A,Violence and sexual offences,Status update unavailable,
,2024-10,Northumbria Police,Northumbria Police,-1.486154,54.958194,On or near Pathside,E01008632,South Tyneside 017B,Anti-social behaviour,,
,2024-10,Northumbria Police,Northumbria Police,-1.479900,54.960037,On or near Medway,E01008632,South Tyneside 017B,Anti-social behaviour,,
,2024-10,Northumbria Police,Northumbria Police,-1.493525,54.956967,On or near Petrol Station,E01008632,South Tyneside 017B,Anti-social behaviour,,
f77e45e0b9cce5d6f4a26ab53a1e9bd0bdc2e3e49e0870b5c82d615d75b6af22,2024-10,Northumbria Police,Northumbria Police,-1.479614,54.960395,On or near Thames Avenue,E01008632,South Tyneside 017B,Burglary,Investigation complete; no suspect identified,
308350ce113fa8eb3491f7b49f8e88ea0dcbba275a09b168e0b6ba6aeff2c976,2024-10,Northumbria Police,Northumbria Police,-1.489660,54.958811,On or near Haughton Crescent,E01008632,South Tyneside 017B,Burglary,Investigation complete; no suspect identified,
6036a1308a896f2c24bdbebdb82008a236b9a22ba350a8c306c5f49ac71b19f7,2024-10,Northumbria Police,Northumbria Police,-1.491694,54.957283,On or near Harbottle Crescent,E01008632,South Tyneside 017B,Burglary,Investigation complete; no suspect identified,
77335bf2214740c41bc096b3434ba35812abf729911774883f1e40eb1aedbe2a,2024-10,Northumbria Police,Northumbria Police,-1.479900,54.960037,On or near Medway,E01008632,South Tyneside 017B,Burglary,Status update unavailable,
7c6ed05725f7db49a8d5227af387fbff24a15fc59e2475ea732cf1d5a8046253,2024-10,Northumbria Police,Northumbria Police,-1.493525,54.956967,On or near Petrol Station,E01008632,South Tyneside 017B,Criminal damage and arson,Investigation complete; no suspect identified,
4a66016de8ceeeac74dbc09c70f04305b5e4c86d62343b8725c509a6ff012bca,2024-10,Northumbria Police,Northumbria Police,-1.479900,54.960037,On or near Medway,E01008632,South Tyneside 017B,Criminal damage and arson,Investigation complete; no suspect identified,
c7ff7a5b0ac9da86434903ade2f55f6a6a96c0a34dd9dba535c5945590ec9043,2024-10,Northumbria Police,Northumbria Police,-1.493525,54.956967,On or near Petrol Station,E01008632,South Tyneside 017B,Other theft,Investigation complete; no suspect identified,
2e905afb7c50ec4914a23ee8c6500560942d71a0cfd5daf7cc89188faa4446aa,2024-10,Northumbria Police,Northumbria Police,-1.482654,54.960794,On or near Wye Avenue,E01008632,South Tyneside 017B,Other theft,Investigation complete; no suspect identified,
05071100ccc7a2f1b4adbca75b5ebbcbd310fb4aae83e589c29c7905ba41966e,2024-10,Northumbria Police,Northumbria Police,-1.493525,54.956967,On or near Petrol Station,E01008632,South Tyneside 017B,Other theft,Investigation complete; no suspect identified,
f58efaf53ec12472e61f6323f92795af4d22bb2a5a596611011c8210749a391b,2024-10,Northumbria Police,Northumbria Police,-1.493525,54.956967,On or near Petrol Station,E01008632,South Tyneside 017B,Shoplifting,Investigation complete; no suspect identified,
2b228dd827c8b53c4ac250fafe5009b3c83f53e863c0e0fb5878d6483bb184dd,2024-10,Northumbria Police,Northumbria Police,-1.493525,54.956967,On or near Petrol Station,E01008632,South Tyneside 017B,Shoplifting,Investigation complete; no suspect identified,
87064b3dbf14219620d07eaa5db97e252adc45a245a86c7faf57c25aaeb6417f,2024-10,Northumbria Police,Northumbria Police,-1.482654,54.960794,On or near Wye Avenue,E01008632,South Tyneside 017B,Vehicle crime,Investigation complete; no suspect identified,
a89e9ed4719de3563ca731bdd64a876f7e606112920106ef536faf3ef3065fad,2024-10,Northumbria Police,Northumbria Police,-1.489585,54.958550,On or near Mitford Terrace,E01008632,South Tyneside 017B,Violence and sexual offences,Status update unavailable,
794ef62ba754fce04eaf4510bed1c01ce3e0cff19be8716b2ba62a3616a95797,2024-10,Northumbria Police,Northumbria Police,-1.487227,54.959825,On or near Calf Close Drive,E01008632,South Tyneside 017B,Violence and sexual offences,Investigation complete; no suspect identified,
c28677a8efa5275c2dfabca67afe305a6a89507e9c2a26ce125cb88367b8e9bf,2024-10,Northumbria Police,Northumbria Police,-1.487227,54.959825,On or near Calf Close Drive,E01008632,South Tyneside 017B,Violence and sexual offences,Investigation complete; no suspect identified,
dc05236d3f1dbc7677f61f8c953dc4edc8227176b42e5a7fe6f622851d34ab8f,2024-10,Northumbria Police,Northumbria Police,-1.479900,54.960037,On or near Medway,E01008632,South Tyneside 017B,Violence and sexual offences,Status update unavailable,
,2024-10,Northumbria Police,Northumbria Police,-1.489592,54.964148,On or near Beaufront Terrace,E01008659,South Tyneside 017C,Anti-social behaviour,,
,2024-10,Northumbria Police,Northumbria Police,-1.491042,54.959712,On or near Petrol Station,E01008659,South Tyneside 017C,Anti-social behaviour,,
2057b1859f42598f9a2ee8d7944124551c18026ede8c756b7cdb4aeefba1f605,2024-10,Northumbria Police,Northumbria Police,-1.492661,54.962355,On or near Prudhoe Grove,E01008659,South Tyneside 017C,Drugs,Investigation complete; no suspect identified,
8416930bcfa6ae29a5036935a58251b362252455acf1ad7bb0e90dd8951624bc,2024-10,Northumbria Police,Northumbria Police,-1.493426,54.959851,On or near Alnwick Grove,E01008659,South Tyneside 017C,Other theft,Status update unavailable,
40ec3795529b9b0fb69e4aad866c5842e73413916c982fa9d12e2a4781997b11,2024-10,Northumbria Police,Northumbria Police,-1.491042,54.959712,On or near Petrol Station,E01008659,South Tyneside 017C,Other theft,Awaiting court outcome,
b90697b6382f8d766b7e8de86d511c1f9c3736cc4697ea0dd52843b5ff977ffd,2024-10,Northumbria Police,Northumbria Police,-1.491899,54.964553,On or near York Avenue,E01008659,South Tyneside 017C,Public order,Investigation complete; no suspect identified,
56abef7df1c3157349f12dd7f7c562d7f086d67dce5a797d9b1b8eec36f08067,2024-10,Northumbria Police,Northumbria Police,-1.491899,54.964553,On or near York Avenue,E01008659,South Tyneside 017C,Public order,Investigation complete; no suspect identified,
a60ff79ae5fed2719982a5cd18d852b14752977a7d2b66bb1302d0db2aa668bb,2024-10,Northumbria Police,Northumbria Police,-1.491042,54.959712,On or near Petrol Station,E01008659,South Tyneside 017C,Shoplifting,Court result unavailable,
8ea9b9d0d17507a9eac2014fbf6c1e7828eed30fef540d9d90b839aadf54a153,2024-10,Northumbria Police,Northumbria Police,-1.488211,54.962238,On or near Ford Crescent,E01008659,South Tyneside 017C,Violence and sexual offences,Status update unavailable,
345cdaca68385687d20d41b05079fb481edd5fa219874405cd51ef06c5d9b732,2024-10,Northumbria Police,Northumbria Police,-1.491042,54.959712,On or near Petrol Station,E01008659,South Tyneside 017C,Violence and sexual offences,Court result unavailable,
b512eeb69316f55dfd895fa13e762c1f94abdb8f8ca279c4dbbfd95a12885140,2024-10,Northumbria Police,Northumbria Police,-1.491042,54.959712,On or near Petrol Station,E01008659,South Tyneside 017C,Violence and sexual offences,Court result unavailable,
4d63f4df375945d745a41644a6fb75b3a11a236f681b37673b4ab95521610bdd,2024-10,Northumbria Police,Northumbria Police,-1.491042,54.959712,On or near Petrol Station,E01008659,South Tyneside 017C,Violence and sexual offences,Court result unavailable,
,2024-10,Northumbria Police,Northumbria Police,-1.477979,54.964809,On or near Lawson Avenue,E01008662,South Tyneside 017D,Anti-social behaviour,,
,2024-10,Northumbria Police,Northumbria Police,-1.477979,54.964809,On or near Lawson Avenue,E01008662,South Tyneside 017D,Anti-social behaviour,,
22216beddb0a460cf05039c2c9d961f096c4e0320effb7fd0866de36114b095a,2024-10,Northumbria Police,Northumbria Police,-1.474014,54.965843,On or near A194,E01008662,South Tyneside 017D,Criminal damage and arson,Status update unavailable,
8ac5f0d4f5879bed4fa74c806300de0f9cf6019b6fcfd54d3aebbf00d906246e,2024-10,Northumbria Police,Northumbria Police,-1.486505,54.966193,On or near Lambton Terrace,E01008662,South Tyneside 017D,Other theft,Investigation complete; no suspect identified,
6e46407ad12cebc186e160f5a50b084997778385bc0d473a2c8241af8dbdfd6d,2024-10,Northumbria Police,Northumbria Police,-1.486572,54.967056,On or near Raby Gardens,E01008662,South Tyneside 017D,Shoplifting,Investigation complete; no suspect identified,
9e1fba3a5eb996a1e52bd9fb6150dbe10bde9c10860ac004af0c6b3d30905684,2024-10,Northumbria Police,Northumbria Police,-1.487186,54.963042,On or near Langley Terrace,E01008662,South Tyneside 017D,Vehicle crime,Investigation complete; no suspect identified,
98fd9c6ca16f4e99fd8469eff0204823f4f9be5bf73bb7e980cf7ad93b711cef,2024-10,Northumbria Police,Northumbria Police,-1.487186,54.963042,On or near Langley Terrace,E01008662,South Tyneside 017D,Vehicle crime,Investigation complete; no suspect identified,
60a14d2d21734f429fa179a0df5452e1977eab804555ca98bce3224cf6bedc08,2024-10,Northumbria Police,Northumbria Police,-1.486572,54.967056,On or near Raby Gardens,E01008662,South Tyneside 017D,Violence and sexual offences,Status update unavailable,
ebb90c605ef3482a18e389c1b146864a314d52925c08e15336d2e28d16369e84,2024-10,Northumbria Police,Northumbria Police,-1.474014,54.965843,On or near A194,E01008662,South Tyneside 017D,Violence and sexual offences,Status update unavailable,
8656092ca888d1b901b38b02bbba1b23e462237858fb9a8959b30dca948b4856,2024-10,Northumbria Police,Northumbria Police,-1.485111,54.964067,On or near Dilston Terrace,E01008662,South Tyneside 017D,Violence and sexual offences,Status update unavailable,
,2024-10,Northumbria Police,Northumbria Police,-1.481103,54.969657,On or near Buxton Close,E01008663,South Tyneside 017E,Anti-social behaviour,,
,2024-10,Northumbria Police,Northumbria Police,-1.485911,54.969911,On or near Bede Terrace,E01008663,South Tyneside 017E,Anti-social behaviour,,
,2024-10,Northumbria Police,Northumbria Police,-1.485287,54.968632,On or near Ceolfrid Terrace,E01008663,South Tyneside 017E,Anti-social behaviour,,
33404cc044823314f6d470f8c0c918cbb4c9ad0e590ffed7ca65b5646e0be521,2024-10,Northumbria Police,Northumbria Police,-1.481103,54.969657,On or near Buxton Close,E01008663,South Tyneside 017E,Criminal damage and arson,Investigation complete; no suspect identified,
2e1163ff8971f241e7fb125f3057a17d37c6fd701873cb4da13a60ca099aec3c,2024-10,Northumbria Police,Northumbria Police,-1.481103,54.969657,On or near Buxton Close,E01008663,South Tyneside 017E,Other theft,Investigation complete; no suspect identified,
14293e51f514ca78a25c941c2e74438ea33e2dc032724b8d9adfafaf2b72997f,2024-10,Northumbria Police,Northumbria Police,-1.481103,54.969657,On or near Buxton Close,E01008663,South Tyneside 017E,Public order,Status update unavailable,
5a6af5393eadb1bc7b4ff98d56444798e64d23760c3a9d885e0c2f5b0cc81102,2024-10,Northumbria Police,Northumbria Police,-1.488996,54.973033,On or near Field Terrace,E01008663,South Tyneside 017E,Violence and sexual offences,Status update unavailable,
3eaee333d5b660e0626a25272bd4936fcce6a84aa59b08be10479b0a929764cc,2024-10,Northumbria Police,Northumbria Police,-1.488996,54.973033,On or near Field Terrace,E01008663,South Tyneside 017E,Other crime,Status update unavailable,
07a70bea496c6616bf1f9828a1a76761e89e32b682ace217e5cad1d82079c78c,2024-10,Northumbria Police,Northumbria Police,-1.488996,54.973033,On or near Field Terrace,E01008663,South Tyneside 017E,Other crime,Status update unavailable,
,2024-10,Northumbria Police,Northumbria Police,-1.394315,54.973776,On or near Forber Avenue,E01008624,South Tyneside 018A,Anti-social behaviour,,
433c4b7489d41bbd12474964b4481081dd6241246a3bba36d0f0918ef2bbc962,2024-10,Northumbria Police,Northumbria Police,-1.393551,54.970591,On or near Fellside,E01008624,South Tyneside 018A,Criminal damage and arson,Investigation complete; no suspect identified,
10bc14ee10e3f82d69d0199093a933e66a7db502c6539cf95abfc9b59162c7a8,2024-10,Northumbria Police,Northumbria Police,-1.393551,54.970591,On or near Fellside,E01008624,South Tyneside 018A,Violence and sexual offences,Investigation complete; no suspect identified,
3e4e803fb4ec48e7dff1e55f82cd336abc87a99b6405e583707df7ab0e995a3c,2024-10,Northumbria Police,Northumbria Police,-1.397118,54.973332,On or near Carden Avenue,E01008624,South Tyneside 018A,Violence and sexual offences,Investigation complete; no suspect identified,
c52daca9f31a61ff14af8869d1b331dd3b5d16e192616b92f5fdc987a7eecedf,2024-10,Northumbria Police,Northumbria Police,-1.393551,54.970591,On or near Fellside,E01008624,South Tyneside 018A,Violence and sexual offences,Investigation complete; no suspect identified,
b240e14e106b1fbfb4fe0d250b1e5d90d7a036de9ecdef062f591c11edf8c385,2024-10,Northumbria Police,Northumbria Police,-1.397842,54.969840,On or near Eastway,E01008624,South Tyneside 018A,Violence and sexual offences,Status update unavailable,
,2024-10,Northumbria Police,Northumbria Police,-1.385192,54.977837,On or near Prince Edward Road East,E01008684,South Tyneside 018B,Anti-social behaviour,,
1a3ff50a4357bc9cb9f7fe1df02e3e4ab28dde3a2b300a3a030d91df9f72d7a1,2024-10,Northumbria Police,Northumbria Police,-1.384914,54.975616,On or near Lake Avenue,E01008684,South Tyneside 018B,Violence and sexual offences,Status update unavailable,
,2024-10,Northumbria Police,Northumbria Police,-1.366711,54.966779,On or near Arthur Street,E01008685,South Tyneside 018C,Anti-social behaviour,,
411d4592fe1d5fc63f3407bc88dbbbb96cf710a023abfb6d764333e8d630a0af,2024-10,Northumbria Police,Northumbria Police,-1.369011,54.959575,On or near Fairfield Drive,E01008685,South Tyneside 018C,Burglary,Investigation complete; no suspect identified,
23d75485e598633d1aec178f3fe867d207521a35201559cbbf91655b23816edf,2024-10,Northumbria Police,Northumbria Police,-1.363942,54.960151,On or near Marsden Avenue,E01008685,South Tyneside 018C,Public order,Status update unavailable,
dbee0e2bfb51bf4f3411392a0031152b7679c57fd4bd03ef3481f34f1023f409,2024-10,Northumbria Police,Northumbria Police,-1.365967,54.959478,On or near Mill Lane,E01008685,South Tyneside 018C,Shoplifting,Investigation complete; no suspect identified,
f39d1ba6dc18e7821989d9486af8595ae57da53efd3eeaddadb4a8597204f6b5,2024-10,Northumbria Police,Northumbria Police,-1.364265,54.955470,On or near Range View,E01008685,South Tyneside 018C,Violence and sexual offences,Investigation complete; no suspect identified,
,2024-10,Northumbria Police,Northumbria Police,-1.367048,54.955278,On or near Poplar Drive,E01008686,South Tyneside 018D,Anti-social behaviour,,
10df052756cdff807384b7ebb2d5b14851b676bcf921c37e9ba440a84c8e24aa,2024-10,Northumbria Police,Northumbria Police,-1.379648,54.947273,On or near Sea View Park,E01008686,South Tyneside 018D,Other theft,Investigation complete; no suspect identified,
1a933c844200a3db062935bce531428c066d70516b6deb56ebf9a5ca1414879f,2024-10,Northumbria Police,Northumbria Police,-1.369207,54.951012,On or near Cornthwaite Drive,E01008686,South Tyneside 018D,Violence and sexual offences,Investigation complete; no suspect identified,
6d6e9e48a562702de4e9b52ef6832c444aca436e57bab6ec1ed2291a166b2225,2024-10,Northumbria Police,Northumbria Police,-1.369463,54.952613,On or near Westcroft,E01008686,South Tyneside 018D,Violence and sexual offences,Investigation complete; no suspect identified,
,2024-10,Northumbria Police,Northumbria Police,-1.374349,54.950697,On or near Cleadon Lane,E01008687,South Tyneside 018E,Anti-social behaviour,,
3c0c325083bf491fa18a26d99661c47d6e2e943679032e32e528bc430672a85d,2024-10,Northumbria Police,Northumbria Police,-1.364389,54.949612,On or near East Street,E01008687,South Tyneside 018E,Burglary,Investigation complete; no suspect identified,
1819f3bfa428db23d26fd0d520f9493e810c237e0959fb7259f1d190c2a44613,2024-10,Northumbria Police,Northumbria Police,-1.364274,54.947023,On or near Hall View,E01008687,South Tyneside 018E,Criminal damage and arson,Investigation complete; no suspect identified,
743c898b50d2ca6cb9736da0637b2cc4387b3b62f784ee888dc0a50d089dde85,2024-10,Northumbria Police,Northumbria Police,-1.365510,54.953778,On or near Rupert Street,E01008687,South Tyneside 018E,Other theft,Status update unavailable,
226c0ff4374811742b3711941988ec838aaf5ed38422d694a2740c0e07c34239,2024-10,Northumbria Police,Northumbria Police,-1.363473,54.952231,On or near Marina Terrace,E01008687,South Tyneside 018E,Other theft,Investigation complete; no suspect identified,
2781850de4c5dd5b88441028b8e095de095e2b24e3ce689a9de807f4cde35899,2024-10,Northumbria Police,Northumbria Police,-1.365122,54.951638,On or near Bowman Street,E01008687,South Tyneside 018E,Public order,Status update unavailable,
6b828b91316ba2e3c5a2ee47cbc23e32f8737904973f4eba7c63a93bbe4cd425,2024-10,Northumbria Police,Northumbria Police,-1.363473,54.952231,On or near Marina Terrace,E01008687,South Tyneside 018E,Public order,Status update unavailable,
e1a9f1b1b723af040d74b34ed7dcca4117346e97674655b34a5b58776a2680f8,2024-10,Northumbria Police,Northumbria Police,-1.365572,54.950822,On or near Croftside Avenue,E01008687,South Tyneside 018E,Shoplifting,Court result unavailable,
891684c84779067f6c8a31a2ebefc9dc89a35f2e9ecf24a9a930a4374daadb52,2024-10,Northumbria Police,Northumbria Police,-1.365572,54.950822,On or near Croftside Avenue,E01008687,South Tyneside 018E,Shoplifting,Status update unavailable,
09324fd02a2c51765404a1a2ab681e3fc0bd71d9aefe8e51dd3de86bc652cd0a,2024-10,Northumbria Police,Northumbria Police,-1.365572,54.950822,On or near Croftside Avenue,E01008687,South Tyneside 018E,Shoplifting,Suspect charged as part of another case,
547b8ad7654e66dc485bac1f4288cca12821143fe59bee442004f0d8fe20bbbd,2024-10,Northumbria Police,Northumbria Police,-1.365572,54.950822,On or near Croftside Avenue,E01008687,South Tyneside 018E,Shoplifting,Suspect charged as part of another case,
fb1b503d8e4382660900621b5df3347e6ffaf281a58834cb77e52dc665c211f3,2024-10,Northumbria Police,Northumbria Police,-1.365572,54.950822,On or near Croftside Avenue,E01008687,South Tyneside 018E,Shoplifting,Status update unavailable,
e187795046306291bd85447eb78d5fa71fd624b874db4b809ad91e7dc0480dc6,2024-10,Northumbria Police,Northumbria Police,-1.365572,54.950822,On or near Croftside Avenue,E01008687,South Tyneside 018E,Shoplifting,Suspect charged as part of another case,
1de72d7d3977822034d1def12266cb6bcabd26eadcf791e321edcb919937533b,2024-10,Northumbria Police,Northumbria Police,-1.365572,54.950822,On or near Croftside Avenue,E01008687,South Tyneside 018E,Shoplifting,Court result unavailable,
5f0ceddfe707f32cd2cf5b821888dbfab53c25c2d8f8968bc3a83deba4281559,2024-10,Northumbria Police,Northumbria Police,-1.365122,54.951638,On or near Bowman Street,E01008687,South Tyneside 018E,Violence and sexual offences,Status update unavailable,
530573f5190c2a0868bd659d1b116e3837533476a183f06244d35ec666217498,2024-10,Northumbria Police,Northumbria Police,-1.363473,54.952231,On or near Marina Terrace,E01008687,South Tyneside 018E,Other crime,Status update unavailable,
,2024-10,Northumbria Police,Northumbria Police,-1.419895,54.970109,On or near Parking Area,E01008688,South Tyneside 019A,Anti-social behaviour,,
,2024-10,Northumbria Police,Northumbria Police,-1.419557,54.969694,On or near Parking Area,E01008688,South Tyneside 019A,Anti-social behaviour,,
,2024-10,Northumbria Police,Northumbria Police,-1.419895,54.970109,On or near Parking Area,E01008688,South Tyneside 019A,Anti-social behaviour,,
,2024-10,Northumbria Police,Northumbria Police,-1.419557,54.969694,On or near Parking Area,E01008688,South Tyneside 019A,Anti-social behaviour,,
,2024-10,Northumbria Police,Northumbria Police,-1.419557,54.969694,On or near Parking Area,E01008688,South Tyneside 019A,Anti-social behaviour,,
,2024-10,Northumbria Police,Northumbria Police,-1.419557,54.969694,On or near Parking Area,E01008688,South Tyneside 019A,Anti-social behaviour,,
,2024-10,Northumbria Police,Northumbria Police,-1.419557,54.969694,On or near Parking Area,E01008688,South Tyneside 019A,Anti-social behaviour,,
,2024-10,Northumbria Police,Northumbria Police,-1.419557,54.969694,On or near Parking Area,E01008688,South Tyneside 019A,Anti-social behaviour,,
,2024-10,Northumbria Police,Northumbria Police,-1.419557,54.969694,On or near Parking Area,E01008688,South Tyneside 019A,Anti-social behaviour,,
2337f6bfad72241f8d8d4a588955e9d09f84f8923df8cea75ba9e95118c07813,2024-10,Northumbria Police,Northumbria Police,-1.426123,54.960541,On or near Horton Avenue,E01008688,South Tyneside 019A,Other theft,Status update unavailable,
adc95e95b448edc357d441a5d003738f03e96b62b70f08c992d048565b8786a7,2024-10,Northumbria Police,Northumbria Police,-1.428918,54.960581,On or near Reynolds Avenue,E01008688,South Tyneside 019A,Public order,Status update unavailable,
3fdbb38a4cd40213de94047928cf9de4b406ef2b23c30ee2e745dbe5e6fa70fb,2024-10,Northumbria Police,Northumbria Police,-1.432477,54.961838,On or near Whiteleas Way,E01008688,South Tyneside 019A,Public order,Status update unavailable,
2fbfbb4ba082b9c66599df11f678a7a6c5d3f1af02cec27a2cad5a3c77a691fd,2024-10,Northumbria Police,Northumbria Police,-1.419895,54.970109,On or near Parking Area,E01008688,South Tyneside 019A,Public order,Status update unavailable,
a6ac995ec87befabaa6dfdf1bb1aba5b8a2ca31556dea45006ef419fed215903,2024-10,Northumbria Police,Northumbria Police,-1.425019,54.964606,On or near Whistler Gardens,E01008688,South Tyneside 019A,Robbery,Investigation complete; no suspect identified,
bb26394264dd4cd04551b1a33f115ac3c591e5760a4fba6f9a206bbed4e8b9ac,2024-10,Northumbria Police,Northumbria Police,-1.419557,54.969694,On or near Parking Area,E01008688,South Tyneside 019A,Violence and sexual offences,Investigation complete; no suspect identified,
185b5487c97bab9d45ad2ad23be64b9c8de99954ab1a0fc52fd99e7364e4da02,2024-10,Northumbria Police,Northumbria Police,-1.419557,54.969694,On or near Parking Area,E01008688,South Tyneside 019A,Violence and sexual offences,Status update unavailable,
,2024-10,Northumbria Police,Northumbria Police,-1.431854,54.958384,On or near Copley Avenue,E01008689,South Tyneside 019B,Anti-social behaviour,,
,2024-10,Northumbria Police,Northumbria Police,-1.429761,54.958383,On or near Sutherland Court,E01008689,South Tyneside 019B,Anti-social behaviour,,
,2024-10,Northumbria Police,Northumbria Police,-1.432333,54.959878,On or near Hogarth Road,E01008689,South Tyneside 019B,Anti-social behaviour,,
,2024-10,Northumbria Police,Northumbria Police,-1.434290,54.958422,On or near Rembrandt Avenue,E01008689,South Tyneside 019B,Anti-social behaviour,,
1538b0ccb3a763497dbac7e80b1eb963e3a0fb9289283cc4d4b0d8c164496772,2024-10,Northumbria Police,Northumbria Police,-1.433302,54.960916,On or near Holbein Road,E01008689,South Tyneside 019B,Burglary,Status update unavailable,
ec7a7145fb51fdcbe6e348d3ae9c2480acac3aaaa9f40ef1333c019d9f0355f8,2024-10,Northumbria Police,Northumbria Police,-1.429761,54.958383,On or near Sutherland Court,E01008689,South Tyneside 019B,Criminal damage and arson,Status update unavailable,
aa720ec8fc1ebf408e4757f7c1935900337ddf7e561612f9c4f60b588f342b2f,2024-10,Northumbria Police,Northumbria Police,-1.429761,54.958383,On or near Sutherland Court,E01008689,South Tyneside 019B,Criminal damage and arson,Investigation complete; no suspect identified,
fa7fee0a2c89972f1f358b9e9dd9e36aedc108a522046854a1098c3400941a93,2024-10,Northumbria Police,Northumbria Police,-1.429761,54.958383,On or near Sutherland Court,E01008689,South Tyneside 019B,Criminal damage and arson,Investigation complete; no suspect identified,
bbaca9f69230d249daa96fde04fedf05c3c4e5af167816546c6eef7b9de143e5,2024-10,Northumbria Police,Northumbria Police,-1.436259,54.960516,On or near Raphael Avenue,E01008689,South Tyneside 019B,Drugs,Investigation complete; no suspect identified,
370d611aaf9f4ea01c2dd1c4937351b82ba389184423320f0e67ef3b732dbf27,2024-10,Northumbria Police,Northumbria Police,-1.434290,54.958422,On or near Rembrandt Avenue,E01008689,South Tyneside 019B,Drugs,Investigation complete; no suspect identified,
30c6fb7aa13ab148bea14376a69fdd9b4076263c4c65fb5e4eceb240e5b5c6fe,2024-10,Northumbria Police,Northumbria Police,-1.431854,54.958384,On or near Copley Avenue,E01008689,South Tyneside 019B,Shoplifting,Court result unavailable,
f4186e628b0d53f4439738e9abe6fb283b4c9030ba4c3a54e30d14cfecd4e191,2024-10,Northumbria Police,Northumbria Police,-1.431854,54.958384,On or near Copley Avenue,E01008689,South Tyneside 019B,Shoplifting,Status update unavailable,
1892f5f3f0a26dc7cd626a724b5421bf138b4f75bd9bbb2140fe14bf671e7200,2024-10,Northumbria Police,Northumbria Police,-1.432794,54.960401,On or near Winship Close,E01008689,South Tyneside 019B,Violence and sexual offences,Status update unavailable,
7fe20c3127f7c167d9446077f24de0c6f52bb33bf7c2faa0aa714c36caba0206,2024-10,Northumbria Police,Northumbria Police,-1.429761,54.958383,On or near Sutherland Court,E01008689,South Tyneside 019B,Violence and sexual offences,Investigation complete; no suspect identified,
5a9e914adc5cfaca1c513986071e434008ff27d752eb3fb899b5a03acfd0b868,2024-10,Northumbria Police,Northumbria Police,-1.431854,54.958384,On or near Copley Avenue,E01008689,South Tyneside 019B,Violence and sexual offences,Status update unavailable,
9f2f4e03826a1f20021f389bb1af9e8402efe97c27b9e5110d5db545366cca3e,2024-10,Northumbria Police,Northumbria Police,-1.429761,54.958383,On or near Sutherland Court,E01008689,South Tyneside 019B,Violence and sexual offences,Status update unavailable,
b3536ce6ec65edd629260ba35b059917845a80894a31e43b70ed12221b3829d8,2024-10,Northumbria Police,Northumbria Police,-1.425031,54.959394,On or near Sargent Avenue,E01008690,South Tyneside 019C,Criminal damage and arson,Investigation complete; no suspect identified,
0c7c52da35af05e1874633cbd4f477fce020140dcd5c4ccf13086c1a0f38a62a,2024-10,Northumbria Police,Northumbria Police,-1.428287,54.961054,On or near Gainsborough Avenue,E01008690,South Tyneside 019C,Other theft,Investigation complete; no suspect identified,
299e561f78451004d4eeacd5970f29796ef91e7c5dc12996d7b5f9ab34060da2,2024-10,Northumbria Police,Northumbria Police,-1.425031,54.959394,On or near Sargent Avenue,E01008690,South Tyneside 019C,Other theft,Investigation complete; no suspect identified,
2c93bbca925e73b6660706578845b1409349b435800d50c2ae825d128685b07e,2024-10,Northumbria Police,Northumbria Police,-1.427304,54.956583,On or near Landseer Gardens,E01008690,South Tyneside 019C,Vehicle crime,Investigation complete; no suspect identified,
071ae8c5562739de36c3c73a1a8d060e2a97ed5b01d87980b64a230597ad4710,2024-10,Northumbria Police,Northumbria Police,-1.425534,54.956952,On or near Cotman Gardens,E01008690,South Tyneside 019C,Violence and sexual offences,Status update unavailable,
0e8f77b4ac92b0950a95e49431b69c1b78a446287a05f62a52ba04cc00192232,2024-10,Northumbria Police,Northumbria Police,-1.425534,54.956952,On or near Cotman Gardens,E01008690,South Tyneside 019C,Violence and sexual offences,Status update unavailable,
3fc7bd748e25b13fee6d44ed9c7308f86771176bd8ac7634206f17b7bc425018,2024-10,Northumbria Police,Northumbria Police,-1.425534,54.956952,On or near Cotman Gardens,E01008690,South Tyneside 019C,Violence and sexual offences,Investigation complete; no suspect identified,
,2024-10,Northumbria Police,Northumbria Police,-1.419086,54.961172,On or near Holder House Way,E01008691,South Tyneside 019D,Anti-social behaviour,,
6280eeee2a070b5fe536d7a673cdf9ca9afc95790dc6972917c51b644d7c9502,2024-10,Northumbria Police,Northumbria Police,-1.425108,54.962738,On or near Soane Gardens,E01008691,South Tyneside 019D,Vehicle crime,Investigation complete; no suspect identified,
,2024-10,Northumbria Police,Northumbria Police,-1.435011,54.962442,On or near Sports/Recreation Area,E01008692,South Tyneside 019E,Anti-social behaviour,,
,2024-10,Northumbria Police,Northumbria Police,-1.435011,54.962442,On or near Sports/Recreation Area,E01008692,South Tyneside 019E,Anti-social behaviour,,
f675371f24b4c4f4be1c34f33151b43a78f5694e14dfde7b0875f00798375a81,2024-10,Northumbria Police,Northumbria Police,-1.429923,54.964647,On or near Manet Gardens,E01008692,South Tyneside 019E,Burglary,Investigation complete; no suspect identified,
0263e894211a5071cb711afd53d5a454d356bdc0caed46eca7759060f7cc59b6,2024-10,Northumbria Police,Northumbria Police,-1.437905,54.965664,On or near Douglas Close,E01008692,South Tyneside 019E,Criminal damage and arson,Investigation complete; no suspect identified,
2967a6305324bee4c871757720fc1c571cd72021a1a01db68c1ce10b8151dd25,2024-10,Northumbria Police,Northumbria Police,-1.437710,54.965124,On or near Carnegie Close,E01008692,South Tyneside 019E,Criminal damage and arson,Investigation complete; no suspect identified,
ae5e0d8a0b7ff5c371ea8c7fe8eb1df7d1a120ccaeb9571d3ad8c70a6ab8399e,2024-10,Northumbria Police,Northumbria Police,-1.436975,54.962964,On or near Gosforth Avenue,E01008692,South Tyneside 019E,Other theft,Status update unavailable,
d46be513fd18e962cf07576d114f746745f3f9fe5b1d1948d422e1915cc67f29,2024-10,Northumbria Police,Northumbria Police,-1.428918,54.963879,On or near Lawrence Avenue,E01008692,South Tyneside 019E,Public order,Investigation complete; no suspect identified,
794eae74df50e45c912cad4ca1c995ee0c4e740b9fedf6cbeb6365056faba8f1,2024-10,Northumbria Police,Northumbria Police,-1.435011,54.962442,On or near Sports/Recreation Area,E01008692,South Tyneside 019E,Violence and sexual offences,Status update unavailable,
ae0e8a47d7e768d7ab80eaff95e469ee6757dfa0e3cd89d125d0761bcd5f4768,2024-10,Northumbria Police,Northumbria Police,-1.436975,54.962964,On or near Gosforth Avenue,E01008692,South Tyneside 019E,Violence and sexual offences,Status update unavailable,
920c06f8b7cfd89d2260cd7b16e0011da288ddfcf5f90a3f95410a47510a4a69,2024-10,Northumbria Police,Northumbria Police,-1.432348,54.963239,On or near Constable Gardens,E01008692,South Tyneside 019E,Violence and sexual offences,Status update unavailable,
143954081fbf7169f4b6035c7a76d1c6e0c4feaf4ddb59f553de7ee007631397,2024-10,Northumbria Police,Northumbria Police,-1.435989,54.964199,On or near Percy Scott Street,E01008692,South Tyneside 019E,Violence and sexual offences,Investigation complete; no suspect identified,
3755ffbfc9cdd8998e8fbfb975c7c6f4b6289bd3be0f5acb4b54fd1fd52dd40d,2024-10,Northumbria Police,Northumbria Police,-1.429923,54.964647,On or near Manet Gardens,E01008692,South Tyneside 019E,Violence and sexual offences,Status update unavailable,
bf790e621a1eb3b00d5d486cad0e29c4779da9191c684443623c244423ee85f0,2024-10,Northumbria Police,Northumbria Police,-1.435011,54.962442,On or near Sports/Recreation Area,E01008692,South Tyneside 019E,Violence and sexual offences,Status update unavailable,
3ffedc4a6816e0f8576e7c135dcf2754045b82db4c0897399d37c024bc407ab7,2024-10,Northumbria Police,Northumbria Police,-1.435773,54.962895,On or near Gerald Street,E01008692,South Tyneside 019E,Violence and sexual offences,Court result unavailable,
,2024-10,Northumbria Police,Northumbria Police,-1.497318,54.953307,On or near Lancaster Way,E01008627,South Tyneside 020A,Anti-social behaviour,,
,2024-10,Northumbria Police,Northumbria Police,-1.489860,54.955343,On or near Hereford Way,E01008627,South Tyneside 020A,Anti-social behaviour,,
,2024-10,Northumbria Police,Northumbria Police,-1.489860,54.955343,On or near Hereford Way,E01008627,South Tyneside 020A,Anti-social behaviour,,
0cdfb14530ee1b77df816ad60ebd301223bff6537168243624fb2361a96dbc93,2024-10,Northumbria Police,Northumbria Police,-1.497318,54.953307,On or near Lancaster Way,E01008627,South Tyneside 020A,Drugs,Investigation complete; no suspect identified,
2a69ec56ab67dec2c6a82685b6c11023b2cffe5834fee57255c8baadafd92a6a,2024-10,Northumbria Police,Northumbria Police,-1.497318,54.953307,On or near Lancaster Way,E01008627,South Tyneside 020A,Violence and sexual offences,Status update unavailable,
d882443f5ca03b0701b5d281b0ff55a62f246a47e3248c6b57e4293ac432425c,2024-10,Northumbria Police,Northumbria Police,-1.497318,54.953307,On or near Lancaster Way,E01008627,South Tyneside 020A,Violence and sexual offences,Investigation complete; no suspect identified,
f9114dcda1f14d6e94e7f516ca74d496d162363ba2cb8c9ffd05080d1a323b24,2024-10,Northumbria Police,Northumbria Police,-1.497318,54.953307,On or near Lancaster Way,E01008627,South Tyneside 020A,Violence and sexual offences,Investigation complete; no suspect identified,
,2024-10,Northumbria Police,Northumbria Police,-1.474382,54.954450,On or near Turfside,E01008628,South Tyneside 020B,Anti-social behaviour,,
c57ab75fd772a3639fde61ed03ca70138500d72fa830c609530939a32e744d6d,2024-10,Northumbria Police,Northumbria Police,-1.475524,54.956621,On or near Hounslow Gardens,E01008628,South Tyneside 020B,Bicycle theft,Investigation complete; no suspect identified,
eba7cff7c41d3df2779c909550abb412b1d5dcac4a44c7093ce7de7d58ab4948,2024-10,Northumbria Police,Northumbria Police,-1.480128,54.956847,On or near Greenlands,E01008628,South Tyneside 020B,Criminal damage and arson,Status update unavailable,
a0f4c858337b20d7765f76dc63737d9767081a62f791380b77367ec4183a549f,2024-10,Northumbria Police,Northumbria Police,-1.479149,54.955262,On or near Sandiacres,E01008628,South Tyneside 020B,Criminal damage and arson,Investigation complete; no suspect identified,
de977003343d97e4dea3997f76a43e86c6db11b74cbe18e7f923fabad0d4a4c7,2024-10,Northumbria Police,Northumbria Police,-1.477207,54.954525,On or near Chestnut Close,E01008628,South Tyneside 020B,Public order,Investigation complete; no suspect identified,
cbf985687f76dd00008ab1920aa07d8083611777d7e01d665561c5c775fb0cf9,2024-10,Northumbria Police,Northumbria Police,-1.475524,54.956621,On or near Hounslow Gardens,E01008628,South Tyneside 020B,Shoplifting,Investigation complete; no suspect identified,
6759b62d594991b9d3100dd540bd8071d3fac521dc9b53f06f3586adf0d1cb3b,2024-10,Northumbria Police,Northumbria Police,-1.475524,54.956621,On or near Hounslow Gardens,E01008628,South Tyneside 020B,Shoplifting,Court result unavailable,
ee7c3e0ead7ae11ea153b2577ad206a2d43b0217819cd6294438ea4c1b7e33ab,2024-10,Northumbria Police,Northumbria Police,-1.477764,54.956145,On or near Ashfield,E01008628,South Tyneside 020B,Violence and sexual offences,Status update unavailable,
82fb91a11d65496fdf7056dd566e946c3edb6dd9aee5dd8bc53949811cfb4da7,2024-10,Northumbria Police,Northumbria Police,-1.480762,54.954882,On or near Parkfield,E01008628,South Tyneside 020B,Violence and sexual offences,Status update unavailable,
,2024-10,Northumbria Police,Northumbria Police,-1.516907,54.946090,On or near A184,E01008629,South Tyneside 020C,Anti-social behaviour,,
,2024-10,Northumbria Police,Northumbria Police,-1.485101,54.955098,On or near St Joseph'S Way,E01008629,South Tyneside 020C,Anti-social behaviour,,
,2024-10,Northumbria Police,Northumbria Police,-1.484500,54.954458,On or near Cornhill,E01008629,South Tyneside 020C,Anti-social behaviour,,
,2024-10,Northumbria Police,Northumbria Police,-1.484396,54.936943,On or near West Pastures,E01008629,South Tyneside 020C,Anti-social behaviour,,
ab25135e8ef205386c6ab48644b7082e35c30d1006537a3b5c60190692dbb263,2024-10,Northumbria Police,Northumbria Police,-1.491362,54.953911,On or near Durham Drive,E01008629,South Tyneside 020C,Burglary,Investigation complete; no suspect identified,
ab51315f6e6e3f00765acf15b7e9faa95d0509d0b8e288a3f38ce3675a85a552,2024-10,Northumbria Police,Northumbria Police,-1.485680,54.957392,On or near Fellgate,E01008629,South Tyneside 020C,Drugs,Status update unavailable,
e2b92e7bb2599d6a03cb0cc359c2eb23c3fb7733aba1024acc7ae02693c96c17,2024-10,Northumbria Police,Northumbria Police,-1.516907,54.946090,On or near A184,E01008629,South Tyneside 020C,Public order,Investigation complete; no suspect identified,
3476acfbc9991e3fa51be4ef6a0a8359c72f2e733b5341031f88a38fa6432d06,2024-10,Northumbria Police,Northumbria Police,-1.485101,54.955098,On or near St Joseph'S Way,E01008629,South Tyneside 020C,Theft from the person,Investigation complete; no suspect identified,
e3aa2a01a493ec6421cc4ae14914734c1e93068e371838dfb5ce6651c6ea6612,2024-10,Northumbria Police,Northumbria Police,-1.491198,54.943361,On or near Newcastle Road,E01008629,South Tyneside 020C,Vehicle crime,Investigation complete; no suspect identified,
e7760a969c2ecb885edf3e076031435e835ab5a87d787f538dafc4c4a8352970,2024-10,Northumbria Police,Northumbria Police,-1.516907,54.946090,On or near A184,E01008629,South Tyneside 020C,Vehicle crime,Investigation complete; no suspect identified,
cac83b125b0b11571fd8a2131b216c2c039f247281f3caff0eeb9198ca6d4560,2024-10,Northumbria Police,Northumbria Police,-1.483269,54.951819,On or near St David'S Way,E01008629,South Tyneside 020C,Violence and sexual offences,Investigation complete; no suspect identified,
f239021a6829446931b76893c05d7cb2e9b62bd948b08e583882adb35f431ca7,2024-10,Northumbria Police,Northumbria Police,-1.485101,54.955098,On or near St Joseph'S Way,E01008629,South Tyneside 020C,Violence and sexual offences,Status update unavailable,
51c037ec56e9e6b5a7db0bc9e1d97494228bb5d7bb9ad42105fb3edfd4d8f487,2024-10,Northumbria Police,Northumbria Police,-1.485101,54.955098,On or near St Joseph'S Way,E01008629,South Tyneside 020C,Violence and sexual offences,Status update unavailable,
a8fe4baab04a24f3678759c175d9879ba0763f5347a6236c391487d305eec1bb,2024-10,Northumbria Police,Northumbria Police,-1.485101,54.955098,On or near St Joseph'S Way,E01008629,South Tyneside 020C,Violence and sexual offences,Status update unavailable,
789480d77a50653ea95e418eacf13d5fa4f99339b823643bd3d57dca948869e8,2024-10,Northumbria Police,Northumbria Police,-1.484500,54.954458,On or near Cornhill,E01008629,South Tyneside 020C,Violence and sexual offences,Status update unavailable,
7dcf1bb2a3c826fc4308e76939a08f1011368ab54dbe41b3f7c79e53735550f5,2024-10,Northumbria Police,Northumbria Police,-1.485422,54.956870,On or near Parking Area,E01008629,South Tyneside 020C,Violence and sexual offences,Status update unavailable,
59eb93dd8cb7337a3bbf46aa182bf73671effffb6b53ded45ce8b15ec0696c96,2024-10,Northumbria Police,Northumbria Police,-1.483269,54.951819,On or near St David'S Way,E01008629,South Tyneside 020C,Violence and sexual offences,Investigation complete; no suspect identified,
ed157731ee69a96a682d163314f1655b13a3c8d1dd0009febf87b7b80a240746,2024-10,Northumbria Police,Northumbria Police,-1.485101,54.955098,On or near St Joseph'S Way,E01008629,South Tyneside 020C,Violence and sexual offences,Status update unavailable,
94a4f8adf2388955b847d32697243772f6eb878189da09d8b00ff09ba6333c02,2024-10,Northumbria Police,Northumbria Police,-1.485101,54.955098,On or near St Joseph'S Way,E01008629,South Tyneside 020C,Violence and sexual offences,Status update unavailable,
97d51a5483f6e104feafe5809e55d3ef95fedee945ccc7393c8d6d501f666938,2024-10,Northumbria Police,Northumbria Police,-1.485101,54.955098,On or near St Joseph'S Way,E01008629,South Tyneside 020C,Violence and sexual offences,Status update unavailable,
7a2a317ed909ef5396aebe0f9fde809af3351c8e08eae77cd3b9676cc6f14f40,2024-10,Northumbria Police,Northumbria Police,-1.485101,54.955098,On or near St Joseph'S Way,E01008629,South Tyneside 020C,Violence and sexual offences,Status update unavailable,
3dda378b3c1541de02e4bfbe4eb9c8e1ffc9bc3a9ae2497e8f1d56bd1d42e674,2024-10,Northumbria Police,Northumbria Police,-1.485680,54.957392,On or near Fellgate,E01008629,South Tyneside 020C,Violence and sexual offences,Investigation complete; no suspect identified,
bb625ca006225eb2e6bfffe2f8dbb800922ed7d4976082f94f8b9cd38a071944,2024-10,Northumbria Police,Northumbria Police,-1.485680,54.957392,On or near Fellgate,E01008629,South Tyneside 020C,Violence and sexual offences,Status update unavailable,
3a01937e1bcc312014dc55a70df736b6ecf506bbd3e8eae1579ad793ca8e342e,2024-10,Northumbria Police,Northumbria Police,-1.491198,54.943361,On or near Newcastle Road,E01008629,South Tyneside 020C,Violence and sexual offences,Status update unavailable,
ba47c2c62670aad5103ff604eae47bf751ec1e6d6fca2250c6248109ef1fd57d,2024-10,Northumbria Police,Northumbria Police,-1.485101,54.955098,On or near St Joseph'S Way,E01008629,South Tyneside 020C,Violence and sexual offences,Status update unavailable,
1e81ef9527a0ade95b68c9f92c9272b278ffa3d216dd706d19d2d314ff75f328,2024-10,Northumbria Police,Northumbria Police,-1.485101,54.955098,On or near St Joseph'S Way,E01008629,South Tyneside 020C,Violence and sexual offences,Status update unavailable,
7efb6ec3cf2895321c1e30e2b952cb446534a2f587a3e35420a7ce41a7cc27dc,2024-10,Northumbria Police,Northumbria Police,-1.483769,54.951750,On or near Limecroft,E01008629,South Tyneside 020C,Violence and sexual offences,Status update unavailable,
fcfd57a0235586900597b62866bea2807b641b71a3c426953d5cda44ba60ac73,2024-10,Northumbria Police,Northumbria Police,-1.491362,54.953911,On or near Durham Drive,E01008629,South Tyneside 020C,Other crime,Status update unavailable,
df2622a740b8d1675a539210e0c30a28de983694ec543f6e168b80c22e774291,2024-10,Northumbria Police,Northumbria Police,-1.477953,54.949999,On or near Meadow View,E01008630,South Tyneside 020D,Other theft,Investigation complete; no suspect identified,
bfda2c78fc6555e9a45e597f26827f5a6a7d278063e25a454a21c32dc7f1359d,2024-10,Northumbria Police,Northumbria Police,-1.474982,54.953923,On or near Brayside,E01008630,South Tyneside 020D,Other theft,Investigation complete; no suspect identified,
a1f214925d439ab26bad3121d578d080ca09709883c5b9009635804e049d791f,2024-10,Northumbria Police,Northumbria Police,-1.476754,54.950920,On or near Foxhomes,E01008630,South Tyneside 020D,Violence and sexual offences,Status update unavailable,
f1cb148ec9108066e8d12891afe4d9d041067baae8b56baa0f66e5f5f87ed5fb,2024-10,Northumbria Police,Northumbria Police,-1.476754,54.950920,On or near Foxhomes,E01008630,South Tyneside 020D,Violence and sexual offences,Status update unavailable,
664ed3dc407e6bc600c7990b1afc8974048b8e94c700e2f52f082c85983c1908,2024-10,Northumbria Police,Northumbria Police,-1.474982,54.953923,On or near Brayside,E01008630,South Tyneside 020D,Violence and sexual offences,Status update unavailable,
,2024-10,Northumbria Police,Northumbria Police,-1.454994,54.951273,On or near Sports/Recreation Area,E01008610,South Tyneside 021A,Anti-social behaviour,,
,2024-10,Northumbria Police,Northumbria Police,-1.457361,54.948687,On or near Reginald Street,E01008610,South Tyneside 021A,Anti-social behaviour,,
,2024-10,Northumbria Police,Northumbria Police,-1.456209,54.947316,On or near Wilfred Street,E01008610,South Tyneside 021A,Anti-social behaviour,,
,2024-10,Northumbria Police,Northumbria Police,-1.455102,54.948327,On or near Sidney Street,E01008610,South Tyneside 021A,Anti-social behaviour,,
acb2f94ea6209644d7b1b6b30bb6b80fac868f11e47cefedfff144210a45a816,2024-10,Northumbria Police,Northumbria Police,-1.451312,54.948049,On or near Shelley Avenue,E01008610,South Tyneside 021A,Criminal damage and arson,Status update unavailable,
94d8c723b656e11b2bd58f7f60776e4a4db7e94a4654cddbfa02f2451328f9bf,2024-10,Northumbria Police,Northumbria Police,-1.457361,54.948687,On or near Reginald Street,E01008610,South Tyneside 021A,Public order,Court result unavailable,
f6fc2dcd3d87f5a210269c625dc2b8220e9e34122f250cdc5f24bc449a93f4c6,2024-10,Northumbria Police,Northumbria Police,-1.450657,54.949160,On or near Byron Avenue,E01008610,South Tyneside 021A,Theft from the person,Status update unavailable,
e6656f82d2d1fd2a67d21616e0c191a83de46aa4f4e2d02f8114a8fa52d94841,2024-10,Northumbria Police,Northumbria Police,-1.450657,54.949160,On or near Byron Avenue,E01008610,South Tyneside 021A,Vehicle crime,Status update unavailable,
aa26772047316eedf39e43db738b31ffebf7c5bb630f5a760f6cf4524f7ddac5,2024-10,Northumbria Police,Northumbria Police,-1.452608,54.949169,On or near Morris Crescent,E01008610,South Tyneside 021A,Violence and sexual offences,Investigation complete; no suspect identified,
32940ddf848161200d2887f46a583fb3e7b7f9d0378ff9c9225f9f16f97b620b,2024-10,Northumbria Police,Northumbria Police,-1.458733,54.948828,On or near Oswald Close,E01008610,South Tyneside 021A,Violence and sexual offences,Investigation complete; no suspect identified,
,2024-10,Northumbria Police,Northumbria Police,-1.467014,54.948344,On or near Dunelm Grange,E01008611,South Tyneside 021B,Anti-social behaviour,,
bdbee6acb2724ca400d8b590f3198f044b806e25d165ded8bea3758b56e7279a,2024-10,Northumbria Police,Northumbria Police,-1.467014,54.948344,On or near Dunelm Grange,E01008611,South Tyneside 021B,Bicycle theft,Investigation complete; no suspect identified,
3a9a59470e882e1a8208dc194e6bdee187f3c167c648cfeb9ec09a56463e94ec,2024-10,Northumbria Police,Northumbria Police,-1.467014,54.948344,On or near Dunelm Grange,E01008611,South Tyneside 021B,Bicycle theft,Investigation complete; no suspect identified,
8c0c0c8ac2be3294038e87df68a57c74f7338b7713928aca9d48b60ea4c2fd1f,2024-10,Northumbria Police,Northumbria Police,-1.467014,54.948344,On or near Dunelm Grange,E01008611,South Tyneside 021B,Criminal damage and arson,Status update unavailable,
1f823c5f016f2f7d861f440d23ee8cc071c6b6428a76dd2ac1daaf91076a24ba,2024-10,Northumbria Police,Northumbria Police,-1.467014,54.948344,On or near Dunelm Grange,E01008611,South Tyneside 021B,Criminal damage and arson,Status update unavailable,
3113283246c4339447dac59883a7616106ba841398973042007735b600b33497,2024-10,Northumbria Police,Northumbria Police,-1.470661,54.950004,On or near Hambledon Close,E01008611,South Tyneside 021B,Other theft,Status update unavailable,
32b8d7490ea8e5929e8911ee201cf7581592c75da70824b6761f29ce732b32c7,2024-10,Northumbria Police,Northumbria Police,-1.469523,54.953477,On or near Whitchurch Close,E01008611,South Tyneside 021B,Violence and sexual offences,Status update unavailable,
3cb21058ad1457b51fd26604c8455f6baaf2842aae109c3840230911cb6d5ea7,2024-10,Northumbria Police,Northumbria Police,-1.467014,54.948344,On or near Dunelm Grange,E01008611,South Tyneside 021B,Violence and sexual offences,Investigation complete; no suspect identified,
bce2e004f03c0e6c5b95f81b735d0e64132d5e6d1441e9f9ea64e6a0e5845364,2024-10,Northumbria Police,Northumbria Police,-1.471084,54.951111,On or near Fareham Grove,E01008611,South Tyneside 021B,Violence and sexual offences,Investigation complete; no suspect identified,
d9422ad0032dd2480675dc21e670a8bce87e19223a2d4d0d4d86abca515a1ff8,2024-10,Northumbria Police,Northumbria Police,-1.461476,54.953846,On or near Colliery Mews,E01008612,South Tyneside 021C,Drugs,Investigation complete; no suspect identified,
778c79566bbe6ae995698e9411c85052f47a3c0af656cceb752d8ed5cd87065c,2024-10,Northumbria Police,Northumbria Police,-1.468039,54.958188,On or near Nailsworth Close,E01008612,South Tyneside 021C,Other theft,Investigation complete; no suspect identified,
8015dd6ec18180ffd45f22aa36a5d87d966474d73ae3f0a35da45976127099e6,2024-10,Northumbria Police,Northumbria Police,-1.463705,54.954179,On or near Parking Area,E01008612,South Tyneside 021C,Public order,Status update unavailable,
4ef97948333caf4be5d0399e0c16eacbce231141c9bde379689b4cc7fa2748cf,2024-10,Northumbria Police,Northumbria Police,-1.470108,54.956463,On or near Cinderford Close,E01008612,South Tyneside 021C,Public order,Status update unavailable,
58b2721b2a5f44726cc86172ac0a6b5c011fc1c6531a0db25f2592e71e461aa7,2024-10,Northumbria Police,Northumbria Police,-1.461222,54.957673,On or near Langford Drive,E01008612,South Tyneside 021C,Theft from the person,Investigation complete; no suspect identified,
,2024-10,Northumbria Police,Northumbria Police,-1.462509,54.947847,On or near Supermarket,E01008613,South Tyneside 021D,Anti-social behaviour,,
,2024-10,Northumbria Police,Northumbria Police,-1.457110,54.946449,On or near John Street,E01008613,South Tyneside 021D,Anti-social behaviour,,
,2024-10,Northumbria Police,Northumbria Police,-1.461007,54.949270,On or near Hubert Street,E01008613,South Tyneside 021D,Anti-social behaviour,,
,2024-10,Northumbria Police,Northumbria Police,-1.462509,54.947847,On or near Supermarket,E01008613,South Tyneside 021D,Anti-social behaviour,,
,2024-10,Northumbria Police,Northumbria Police,-1.457110,54.946449,On or near John Street,E01008613,South Tyneside 021D,Anti-social behaviour,,
819c03b7cb0bf229fe9128e781886609e0e649f25c944d14564e03a9080105d6,2024-10,Northumbria Police,Northumbria Police,-1.462509,54.947847,On or near Supermarket,E01008613,South Tyneside 021D,Bicycle theft,Investigation complete; no suspect identified,
8c9135e9b9f90a4280dbbf512421b1748630cf8bc0f7492c7ca159af57c8de36,2024-10,Northumbria Police,Northumbria Police,-1.461261,54.952398,On or near Cotswold Lane,E01008613,South Tyneside 021D,Criminal damage and arson,Investigation complete; no suspect identified,
036f14d865f304c7fe6001d3aa139a1c697769db65ec13c29c8576fa5502ac2c,2024-10,Northumbria Police,Northumbria Police,-1.461007,54.949270,On or near Hubert Street,E01008613,South Tyneside 021D,Drugs,Investigation complete; no suspect identified,
defd7a81da66c6ed56e13f868326989c7b7e1c9107f1a7f0320d67ffd3d6def4,2024-10,Northumbria Police,Northumbria Police,-1.461007,54.949270,On or near Hubert Street,E01008613,South Tyneside 021D,Drugs,Investigation complete; no suspect identified,
cf7a31a4613f90921727ee72fd258c5e318cb1ec8c7fb676d49cc464c7a04ca7,2024-10,Northumbria Police,Northumbria Police,-1.461007,54.949270,On or near Hubert Street,E01008613,South Tyneside 021D,Drugs,Investigation complete; no suspect identified,
7b4190eb8e4bc22110c5e0ef3b48ac3ec9869c92515e8e2aa6704f0c4dda1e83,2024-10,Northumbria Police,Northumbria Police,-1.461007,54.949270,On or near Hubert Street,E01008613,South Tyneside 021D,Drugs,Investigation complete; no suspect identified,
1894d4ad6f0588feed566f1408fa4102d370705172cbf205e785e5b860077efe,2024-10,Northumbria Police,Northumbria Police,-1.458824,54.947849,On or near Charles Street,E01008613,South Tyneside 021D,Drugs,Investigation complete; no suspect identified,
70370eab5a7c69272f4e0ed253eb096dfc9e9456ab8e1b66f24b783ff4790bd8,2024-10,Northumbria Police,Northumbria Police,-1.462509,54.947847,On or near Supermarket,E01008613,South Tyneside 021D,Public order,Investigation complete; no suspect identified,
a46f64cf494b2bf2addc82be55298d907db69d7eeb0010c5678305a1643ca8eb,2024-10,Northumbria Police,Northumbria Police,-1.466633,54.952368,On or near Grays Terrace,E01008613,South Tyneside 021D,Public order,Investigation complete; no suspect identified,
e2461437209b7d0795d83c9b8610ce209594968f805eec18d223a1173d8ef98f,2024-10,Northumbria Police,Northumbria Police,-1.461261,54.952398,On or near Cotswold Lane,E01008613,South Tyneside 021D,Public order,Status update unavailable,
68ee9cec73f351bd3c8ce6b35b2847345bf19b1fb01a88dd825516cbfcc7dd9a,2024-10,Northumbria Police,Northumbria Police,-1.461083,54.948201,On or near North Road,E01008613,South Tyneside 021D,Public order,Status update unavailable,
d074ffe582308cb6566737b08490abe8db74d5e28181cab68d68c78646492fe4,2024-10,Northumbria Police,Northumbria Police,-1.461083,54.948201,On or near North Road,E01008613,South Tyneside 021D,Robbery,Court result unavailable,
a1a1810d4acef0efe2347e07e1f6934a1bfc7d3ea3707653d23525cf545a6bfe,2024-10,Northumbria Police,Northumbria Police,-1.462509,54.947847,On or near Supermarket,E01008613,South Tyneside 021D,Shoplifting,Court result unavailable,
8b87a5b25108faf551175d44eb09e88bc10127681be8c4f538812cd004f97dc8,2024-10,Northumbria Police,Northumbria Police,-1.462509,54.947847,On or near Supermarket,E01008613,South Tyneside 021D,Shoplifting,Suspect charged as part of another case,
e362601d10a037af567533e8a8f3bc149f5222ceb4c4cd26a4173e84d7729dd2,2024-10,Northumbria Police,Northumbria Police,-1.462509,54.947847,On or near Supermarket,E01008613,South Tyneside 021D,Shoplifting,Investigation complete; no suspect identified,
adce4b74a0f452d44d37c8c68e30f4f9b39d8278ea6c5ada15d281f062eca932,2024-10,Northumbria Police,Northumbria Police,-1.461083,54.948201,On or near North Road,E01008613,South Tyneside 021D,Shoplifting,Investigation complete; no suspect identified,
b5e222f9a1fef50a523b1af7e2b6b61619da8652d6a828ae17116d3647f8dc58,2024-10,Northumbria Police,Northumbria Police,-1.461083,54.948201,On or near North Road,E01008613,South Tyneside 021D,Shoplifting,Investigation complete; no suspect identified,
6248032d4c3a2b98bdf19b9224e8d9e1238eb58542acd6bc72f64cd1b734899e,2024-10,Northumbria Police,Northumbria Police,-1.462509,54.947847,On or near Supermarket,E01008613,South Tyneside 021D,Shoplifting,Status update unavailable,
04b29adb6529fd4feceda3025ef95cf0added51342e419af416a985804316d5d,2024-10,Northumbria Police,Northumbria Police,-1.461083,54.948201,On or near North Road,E01008613,South Tyneside 021D,Shoplifting,Court result unavailable,
e762df0be09609f8b93c481d9c80c55f195667b1ce3448b2ce927dba6a769cd6,2024-10,Northumbria Police,Northumbria Police,-1.461083,54.948201,On or near North Road,E01008613,South Tyneside 021D,Shoplifting,Investigation complete; no suspect identified,
f057eb19cef9d6c8d15b116e27addab5c8143c788d819402b7c035b8e59117a6,2024-10,Northumbria Police,Northumbria Police,-1.461083,54.948201,On or near North Road,E01008613,South Tyneside 021D,Shoplifting,Investigation complete; no suspect identified,
49a597a51b82156a89c126dfd3c4f6aa43c855989be367907863df14a1121b4f,2024-10,Northumbria Police,Northumbria Police,-1.461083,54.948201,On or near North Road,E01008613,South Tyneside 021D,Shoplifting,Status update unavailable,
116b3adfc7d1f4b4784120ca01789a2dff1d00ebaa5d9287562a39adf57bea77,2024-10,Northumbria Police,Northumbria Police,-1.461083,54.948201,On or near North Road,E01008613,South Tyneside 021D,Shoplifting,Court result unavailable,
c7d550f8f72f7a665369f9ceaf6be690e5b9edfc91babdea3bfb90a3eba30373,2024-10,Northumbria Police,Northumbria Police,-1.462509,54.947847,On or near Supermarket,E01008613,South Tyneside 021D,Shoplifting,Status update unavailable,
4e04b2572e23d0f5b2ea9b6164b31a27356a5141ec48968edaa728d58cc70863,2024-10,Northumbria Police,Northumbria Police,-1.462509,54.947847,On or near Supermarket,E01008613,South Tyneside 021D,Shoplifting,Court result unavailable,
eb9c679eedfbfcaa8458cd85ba52fd5015d4e1aed05374227e43adcccd5eedaf,2024-10,Northumbria Police,Northumbria Police,-1.462509,54.947847,On or near Supermarket,E01008613,South Tyneside 021D,Shoplifting,Court result unavailable,
306ac65b0f56f412022836e5e3c050bf2f3df27235c3c51ef007fa311bf8ac86,2024-10,Northumbria Police,Northumbria Police,-1.462509,54.947847,On or near Supermarket,E01008613,South Tyneside 021D,Shoplifting,Court result unavailable,
89f016981131432e06c3a46f02228b498788fda9a134d4cf0c60693797c54669,2024-10,Northumbria Police,Northumbria Police,-1.461007,54.949270,On or near Hubert Street,E01008613,South Tyneside 021D,Theft from the person,Status update unavailable,
ee0d996737eb99ed0b85f85a691f00280e3d3e1f222f7ef387b0cf7a2cbd7154,2024-10,Northumbria Police,Northumbria Police,-1.459745,54.947853,On or near Arnold Street,E01008613,South Tyneside 021D,Violence and sexual offences,Status update unavailable,
108aeffc90aa2a119e84dcc525282803363f71f27010a6b6fad23a30016484c2,2024-10,Northumbria Police,Northumbria Police,-1.461261,54.952398,On or near Cotswold Lane,E01008613,South Tyneside 021D,Violence and sexual offences,Investigation complete; no suspect identified,
1344b32b0c5cb6d8c3137b8d280dd01f2565ff962e7df9c9bec07f94c1e4399c,2024-10,Northumbria Police,Northumbria Police,-1.461007,54.949270,On or near Hubert Street,E01008613,South Tyneside 021D,Violence and sexual offences,Status update unavailable,
93b80463fde2c843dee0175a831b8c8605d3c04f6e8a2e772e2f7a067892d39b,2024-10,Northumbria Police,Northumbria Police,-1.462509,54.947847,On or near Supermarket,E01008613,South Tyneside 021D,Violence and sexual offences,Status update unavailable,
1d4908f73752e0b4ace31b5e463594d132b4259cbd9389909f4218596fd1231a,2024-10,Northumbria Police,Northumbria Police,-1.466348,54.951477,On or near Front Street,E01008613,South Tyneside 021D,Violence and sexual offences,Status update unavailable,
dda62bf7d9bc6c0ba703e3663382679b59d1dd46a43ddd9e23ce14f21ad5a630,2024-10,Northumbria Police,Northumbria Police,-1.466633,54.952368,On or near Grays Terrace,E01008613,South Tyneside 021D,Violence and sexual offences,Status update unavailable,
26d3884de47c59523c4736cb673b15655624935c2327c679ec59977576f92205,2024-10,Northumbria Police,Northumbria Police,-1.425508,54.945647,On or near Claremont Gardens,E01008616,South Tyneside 022A,Public order,Status update unavailable,
4c26c5ab35469c0be37fe893f4f31df7cc88b853ed7303078156a05e2e7cfbe9,2024-10,Northumbria Police,Northumbria Police,-1.424116,54.944715,On or near St George'S Terrace,E01008616,South Tyneside 022A,Vehicle crime,Investigation complete; no suspect identified,
fcef245deec46363607bbd9d31c79a629a260c886442bfb1fc6700810db4a0e4,2024-10,Northumbria Police,Northumbria Police,-1.424433,54.945481,On or near Station Road,E01008616,South Tyneside 022A,Violence and sexual offences,Investigation complete; no suspect identified,
85974267ce6c39cc9b3a51f87dc97c316d301887891e5edc5d448e79b0d322d6,2024-10,Northumbria Police,Northumbria Police,-1.429041,54.951901,On or near Tileshed Lane,E01008616,South Tyneside 022A,Violence and sexual offences,Investigation complete; no suspect identified,
55550af7e6758ddc89cb3e5aa7db8a03b6c4e5c1863491f40a81be9ccad1c0e9,2024-10,Northumbria Police,Northumbria Police,-1.428124,54.943943,On or near Whitburn Terrace,E01008616,South Tyneside 022A,Violence and sexual offences,Status update unavailable,
7ebdde11e19a1321da66be9cbe3a915ca6b19ef97dcb369f68a797d43a023310,2024-10,Northumbria Police,Northumbria Police,-1.406753,54.949188,On or near Charlton Grove,E01008618,South Tyneside 022B,Violence and sexual offences,Status update unavailable,
3d4fcc252c2f74703a99aadaeed66a1b552be040e1b776abaf94426a74626dd9,2024-10,Northumbria Police,Northumbria Police,-1.410883,54.954016,On or near The Close,E01008619,South Tyneside 022C,Possession of weapons,Status update unavailable,
ce96b4d5037ebe166e0a7e103f86a54fe992f39439464e54fb03db2de2fd6734,2024-10,Northumbria Police,Northumbria Police,-1.401608,54.953997,On or near Nursery Lane,E01008619,South Tyneside 022C,Shoplifting,Investigation complete; no suspect identified,
c223962c355613a5edb172c597438f8eef2632559a4eff7eb175388150c64a36,2024-10,Northumbria Police,Northumbria Police,-1.401608,54.953997,On or near Nursery Lane,E01008619,South Tyneside 022C,Shoplifting,Investigation complete; no suspect identified,
1d4385de24d78eea07f79aa5bb07fa58863d9ab45e992738505490117e7d59e0,2024-10,Northumbria Police,Northumbria Police,-1.401608,54.953997,On or near Nursery Lane,E01008619,South Tyneside 022C,Shoplifting,Investigation complete; no suspect identified,
ae515ffd286d6dc32886d55cc134522696c7771dbc6b03fce44dc4bfca28f0fb,2024-10,Northumbria Police,Northumbria Police,-1.401040,54.955414,On or near Petrol Station,E01008619,South Tyneside 022C,Shoplifting,Investigation complete; no suspect identified,
42c6a84c7907d5cb24b177586ce33ecf03a8a358114c53224a7807cedb9f0376,2024-10,Northumbria Police,Northumbria Police,-1.405050,54.954544,On or near High Sandgrove,E01008619,South Tyneside 022C,Vehicle crime,Investigation complete; no suspect identified,
639dd42a375d5ac07796a380bf948f9764f2fadcc4e6d70b1d2b0d15dd614132,2024-10,Northumbria Police,Northumbria Police,-1.405887,54.951808,On or near West Park Road,E01008619,South Tyneside 022C,Violence and sexual offences,Status update unavailable,
2b461e04555531d9c7de9c20b9565c99f6e4758cff6030b080ac822c33cf8237,2024-10,Northumbria Police,Northumbria Police,-1.412113,54.948872,On or near Bywell Road,E01008621,South Tyneside 022D,Criminal damage and arson,Offender given a caution,
7026e0741ac71791deef83bf5a06ee47bd16f677f6301999843f1663cf725826,2024-10,Northumbria Police,Northumbria Police,-1.416458,54.955049,On or near Burdon Crescent,E01008621,South Tyneside 022D,Other theft,Investigation complete; no suspect identified,
,2024-10,Northumbria Police,Northumbria Police,-1.440639,54.949879,On or near Brooke Avenue,E01008614,South Tyneside 023A,Anti-social behaviour,,
5f8225f0a2eb5080f0758c4005137c8c0c292c16cfb51e8d8c1714ecd00b4185,2024-10,Northumbria Police,Northumbria Police,-1.444192,54.950407,On or near Reay Crescent,E01008614,South Tyneside 023A,Burglary,Investigation complete; no suspect identified,
fd8e19cb466ad6b15dd0ca9e32471c7eddd13b66095a64e399ee876fee0cfe26,2024-10,Northumbria Police,Northumbria Police,-1.442742,54.949124,On or near Kipling Avenue,E01008614,South Tyneside 023A,Criminal damage and arson,Status update unavailable,
bf6c2cf455b290afc0d36e9f0345ab54c79d7931641df603d5ab38263044cae3,2024-10,Northumbria Police,Northumbria Police,-1.444192,54.950407,On or near Reay Crescent,E01008614,South Tyneside 023A,Criminal damage and arson,Investigation complete; no suspect identified,
cb5f60fe28d74e6d88de7022d1b0e6a3444c0a050c180b928d3ca9b2ac1b8af3,2024-10,Northumbria Police,Northumbria Police,-1.446424,54.945888,On or near Hardie Drive,E01008614,South Tyneside 023A,Drugs,Investigation complete; no suspect identified,
5aac423f6c86a0941713eb413a57a968296a0a9cfd2cda68787f180f6feef1e6,2024-10,Northumbria Police,Northumbria Police,-1.446424,54.945888,On or near Hardie Drive,E01008614,South Tyneside 023A,Drugs,Investigation complete; no suspect identified,
8e4312784c0fd20986aed91e7ce163906d6a97ef5783c915f30c99559957655b,2024-10,Northumbria Police,Northumbria Police,-1.444562,54.947299,On or near Dunelm Drive,E01008614,South Tyneside 023A,Possession of weapons,Status update unavailable,
9ccb0979e8373da6d9e7905910208333d2bc8050a34d8967f8e93584137b8ac7,2024-10,Northumbria Police,Northumbria Police,-1.443825,54.948662,On or near Burns Avenue,E01008614,South Tyneside 023A,Violence and sexual offences,Investigation complete; no suspect identified,
5216eb69e0e63acf3554160cedceace7e975bc776746fff6e6326f251892fc20,2024-10,Northumbria Police,Northumbria Police,-1.447356,54.949631,On or near Burnside Close,E01008614,South Tyneside 023A,Violence and sexual offences,Status update unavailable,
fe998b41ba8dc24279b95342e4280672d0a5936570fef3de9dbdbe5a84963080,2024-10,Northumbria Police,Northumbria Police,-1.445439,54.948229,On or near Tracey Avenue,E01008614,South Tyneside 023A,Violence and sexual offences,Investigation complete; no suspect identified,
da724a98928e663a34e715e9aeecbd926a1de868c94232253bfc7f0c2647a19e,2024-10,Northumbria Police,Northumbria Police,-1.447356,54.949631,On or near Burnside Close,E01008614,South Tyneside 023A,Violence and sexual offences,Status update unavailable,
af7acbed701efd4a6b788caedde0f2f044d11716619c66c59e5af0160250d310,2024-10,Northumbria Police,Northumbria Police,-1.446369,54.946436,On or near Hindmarch Drive,E01008614,South Tyneside 023A,Violence and sexual offences,Investigation complete; no suspect identified,
,2024-10,Northumbria Police,Northumbria Police,-1.465390,54.948345,On or near Henley Way,E01008615,South Tyneside 023B,Anti-social behaviour,,
,2024-10,Northumbria Police,Northumbria Police,-1.455173,54.943106,On or near Rectory Bank,E01008615,South Tyneside 023B,Anti-social behaviour,,
13db601f0caa97ccccd74c323f24859a8c048adfe3a4fdf1da1571e2aa6ac2f0,2024-10,Northumbria Police,Northumbria Police,-1.445561,54.943952,On or near Snowdon Grove,E01008615,South Tyneside 023B,Criminal damage and arson,Investigation complete; no suspect identified,
49dacb8ce009d1d15689baf694d31c2f9c23ef1da3faaa0ae9e640a3e0368a6f,2024-10,Northumbria Police,Northumbria Police,-1.446543,54.942860,On or near Rosemount Court,E01008615,South Tyneside 023B,Criminal damage and arson,Investigation complete; no suspect identified,
822b318373a9f2d7cc5f8af1a2f40eb3f3b71069a0448eb6e056413a355f6be0,2024-10,Northumbria Police,Northumbria Police,-1.458014,54.941932,On or near Ascot Court,E01008615,South Tyneside 023B,Vehicle crime,Status update unavailable,
43fe00e621c78636e361daf622b5880a0717802ebafa130d9c32247d52de502b,2024-10,Northumbria Police,Northumbria Police,-1.465390,54.948345,On or near Henley Way,E01008615,South Tyneside 023B,Violence and sexual offences,Status update unavailable,
120a5f8e8c2cb3e9779635b12edc1aae514a4663192e9de14af44f45d69d89dc,2024-10,Northumbria Police,Northumbria Police,-1.448155,54.943721,On or near Hall Gardens,E01008615,South Tyneside 023B,Violence and sexual offences,Investigation complete; no suspect identified,
caac6e6c9d07f72b967b37845f1be4e79114b9b326a24aab4f689513bfd8294b,2024-10,Northumbria Police,Northumbria Police,-1.448155,54.943721,On or near Hall Gardens,E01008615,South Tyneside 023B,Violence and sexual offences,Status update unavailable,
16a5e31a570b2e637e1c91d8027a15e60412d41cb557fa7db51754339576be2a,2024-10,Northumbria Police,Northumbria Police,-1.465390,54.948345,On or near Henley Way,E01008615,South Tyneside 023B,Violence and sexual offences,Status update unavailable,
cf44c8c8c482dcec5fb00703749aa1666b181b407ead6d9194db1f80853ed2ff,2024-10,Northumbria Police,Northumbria Police,-1.458014,54.941932,On or near Ascot Court,E01008615,South Tyneside 023B,Other crime,Investigation complete; no suspect identified,
11c49d0a8c12ed09afb043f2abe7bef2d400a5a42eab9dacffd2e5823125f5b0,2024-10,Northumbria Police,Northumbria Police,-1.435681,54.946063,On or near North Road,E01008617,South Tyneside 023C,Violence and sexual offences,Investigation complete; no suspect identified,
f87a7cc8d54ae019824f8bfd58b8909bbb3bac4434e88f428d8a5ce517aa6a17,2024-10,Northumbria Police,Northumbria Police,-1.432030,54.943478,On or near Sports/Recreation Area,E01008617,South Tyneside 023C,Violence and sexual offences,Status update unavailable,
3d50fe5493959848d99b58243715da018a1130e57da64abe4cae43383806a604,2024-10,Northumbria Police,Northumbria Police,-1.420973,54.943981,On or near Natley Avenue,E01008620,South Tyneside 023D,Burglary,Investigation complete; no suspect identified,
e197573568c210faa403e48e80577513436b097f1636a2da38a978520f51171c,2024-10,Northumbria Police,Northumbria Police,-1.425909,54.948156,On or near Beckenham Avenue,E01008620,South Tyneside 023D,Other theft,Status update unavailable,
8ca7a1dc5f0f1658b061b14b97baa5b3880bb3618fae5902beb4e97e90ea411a,2024-10,Northumbria Police,Northumbria Police,-1.421762,54.945621,On or near Glencourse,E01008620,South Tyneside 023D,Shoplifting,Court result unavailable,
12787641b30f4a3f200f89a541ee257388268f0affad4091bb5d29656467a442,2024-10,Northumbria Police,Northumbria Police,-1.421762,54.945621,On or near Glencourse,E01008620,South Tyneside 023D,Shoplifting,Investigation complete; no suspect identified,
532b12316cd7a806d980ecebb54fb5a60383b6552d3e7fbb693ab1d598eec83e,2024-10,Northumbria Police,Northumbria Police,-1.421762,54.945621,On or near Glencourse,E01008620,South Tyneside 023D,Shoplifting,Investigation complete; no suspect identified,
5b66adbfa79abcdc5e318e165d46f44baff84fba5f699fa8c7d8decc47dc2a6b,2024-10,Northumbria Police,Northumbria Police,-1.415453,54.950048,On or near East Drive,E01008620,South Tyneside 023D,Vehicle crime,Investigation complete; no suspect identified,
,2024-10,Northumbria Police,Northumbria Police,-1.394046,54.937686,On or near The Square,E01008713,Sunderland 001A,Anti-social behaviour,,
f035247b4f868fdc37f38add9c25424cfae980633e9a4ed25349251967264890,2024-10,Northumbria Police,Northumbria Police,-1.394901,54.929165,On or near Sports/Recreation Area,E01008713,Sunderland 001A,Burglary,Investigation complete; no suspect identified,
bd18a35b5bd8a065e100719990fa62d217444828ca37684f57dedd9dbf43d832,2024-10,Northumbria Police,Northumbria Police,-1.394901,54.929165,On or near Sports/Recreation Area,E01008713,Sunderland 001A,Other theft,Investigation complete; no suspect identified,
a2f8ddb99a8a24dd7397c06388ca2f0ca3f497caee59290e7b92317cddee414a,2024-10,Northumbria Police,Northumbria Police,-1.394901,54.929165,On or near Sports/Recreation Area,E01008713,Sunderland 001A,Shoplifting,Status update unavailable,
52a0504f1b008103724f8b822eb0cd8a204ed0b29f5489e3dd3244770c5a9907,2024-10,Northumbria Police,Northumbria Police,-1.382533,54.929091,On or near Supermarket,E01008722,Sunderland 001B,Burglary,Investigation complete; no suspect identified,
140c9d28f2b75d750312f5c0a3bffc5cf320574c4ffb44191f0dc108f758b3e6,2024-10,Northumbria Police,Northumbria Police,-1.387831,54.933718,On or near Bampton Avenue,E01008722,Sunderland 001B,Other theft,Status update unavailable,
935bf8947a2da28dc33f72720ee180178f0934e588c80a5bda8717742aaa8393,2024-10,Northumbria Police,Northumbria Police,-1.382533,54.929091,On or near Supermarket,E01008722,Sunderland 001B,Public order,Investigation complete; no suspect identified,
c4462ee74494bc637e5338b0c54b9656b59d12b50bdab63de4e6218d5c5b49a5,2024-10,Northumbria Police,Northumbria Police,-1.387831,54.933718,On or near Bampton Avenue,E01008722,Sunderland 001B,Public order,Investigation complete; no suspect identified,
083cb8ae1ced8160c878a9169bf5a294e49a00f3782218d9840efd6d6294ae88,2024-10,Northumbria Police,Northumbria Police,-1.382533,54.929091,On or near Supermarket,E01008722,Sunderland 001B,Shoplifting,Court result unavailable,
75e4c3e56dfb7549f3e87df4d3a818c2a9f6a44f153046a5982db8c5976b4767,2024-10,Northumbria Police,Northumbria Police,-1.382533,54.929091,On or near Supermarket,E01008722,Sunderland 001B,Shoplifting,Court result unavailable,
d52bdc8589af7e720335cd0e38aaf38713b23dc62c1f9f57f462bbf38b024d62,2024-10,Northumbria Police,Northumbria Police,-1.382533,54.929091,On or near Supermarket,E01008722,Sunderland 001B,Shoplifting,Investigation complete; no suspect identified,
cf76fc2a5608b8ae3c9c342987df32269fad72286f86d11305e4b94cbe2992da,2024-10,Northumbria Police,Northumbria Police,-1.382533,54.929091,On or near Supermarket,E01008722,Sunderland 001B,Shoplifting,Status update unavailable,
,2024-10,Northumbria Police,Northumbria Police,-1.389983,54.934906,On or near Barton Court,E01008724,Sunderland 001C,Anti-social behaviour,,
254458c9ef3d9d85f57d7889306dd79ca0126f9fffa5eb9ef72f973fcfc3e692,2024-10,Northumbria Police,Northumbria Police,-1.388443,54.935591,On or near Threlkeld Grove,E01008724,Sunderland 001C,Violence and sexual offences,Status update unavailable,
c69e4dd6643911cca96ba0f624b55c69536313e98526bcd38d6c803773810165,2024-10,Northumbria Police,Northumbria Police,-1.380741,54.929980,On or near Whitburn Terrace,E01008726,Sunderland 001D,Shoplifting,Status update unavailable,
c84b5271f71c537628e40869cd6764831fa8f47898504455491c2560bed031ef,2024-10,Northumbria Police,Northumbria Police,-1.380741,54.929980,On or near Whitburn Terrace,E01008726,Sunderland 001D,Shoplifting,Investigation complete; no suspect identified,
35ea73fde10b91d235c21bee2fcce43bc5881d31afe7b069489c876129c9e4d5,2024-10,Northumbria Police,Northumbria Police,-1.380741,54.929980,On or near Whitburn Terrace,E01008726,Sunderland 001D,Shoplifting,Investigation complete; no suspect identified,
a483973677b70cb4b5a3220ee9dfeafbc6e32a7e44f5b707c5c53753a1543ec8,2024-10,Northumbria Police,Northumbria Police,-1.386139,54.935220,On or near Torver Crescent,E01008726,Sunderland 001D,Violence and sexual offences,Status update unavailable,
,2024-10,Northumbria Police,Northumbria Police,-1.369368,54.939735,On or near Cleveland View,E01008723,Sunderland 002A,Anti-social behaviour,,
,2024-10,Northumbria Police,Northumbria Police,-1.369368,54.939735,On or near Cleveland View,E01008723,Sunderland 002A,Anti-social behaviour,,
,2024-10,Northumbria Police,Northumbria Police,-1.369459,54.933894,On or near Kings Avenue,E01008723,Sunderland 002A,Anti-social behaviour,,
5c51984d5daea873798d105919fb8a541b104cf66c2ef088a41eab1569fdc477,2024-10,Northumbria Police,Northumbria Police,-1.369368,54.939735,On or near Cleveland View,E01008723,Sunderland 002A,Bicycle theft,Investigation complete; no suspect identified,
ab9f7db3eec2219c109d9bae773e1f4fe75f6d4b1b18deed10f14268960a29ff,2024-10,Northumbria Police,Northumbria Police,-1.369465,54.933562,On or near Princes Gardens,E01008723,Sunderland 002A,Burglary,Status update unavailable,
0c0a39cfa50f9a641946cb66c022ec827936c87bf80d308635e1facc55a4bae0,2024-10,Northumbria Police,Northumbria Police,-1.369751,54.940204,On or near Hawthorn Terrace,E01008723,Sunderland 002A,Criminal damage and arson,Investigation complete; no suspect identified,
f7bc9013856fd0603f55e727e6312ec51cdb0ad836d342ad54a40fe29bca57c7,2024-10,Northumbria Police,Northumbria Police,-1.373761,54.936280,On or near Seafields,E01008723,Sunderland 002A,Drugs,Status update unavailable,
ec41392347a73f08b8e719523d555ccb9941686c20523e14bff0290b013b09d3,2024-10,Northumbria Police,Northumbria Police,-1.373761,54.936280,On or near Seafields,E01008723,Sunderland 002A,Other theft,Awaiting court outcome,
c305de27b30e78cf37d15d8ba2fa75030330676b41dec19724e8315fa9573022,2024-10,Northumbria Police,Northumbria Police,-1.373761,54.936280,On or near Seafields,E01008723,Sunderland 002A,Other theft,Investigation complete; no suspect identified,
c5b80be561de1be6c7f218cddb85881025878d963f49f7258b0604469876298f,2024-10,Northumbria Police,Northumbria Police,-1.368218,54.942380,On or near Swaledale,E01008723,Sunderland 002A,Other theft,Investigation complete; no suspect identified,
a6fcd21f2098276e9694cb0498f623ada7df104a8b6689359e3e49fa3b88ff9c,2024-10,Northumbria Police,Northumbria Police,-1.369368,54.939735,On or near Cleveland View,E01008723,Sunderland 002A,Public order,Investigation complete; no suspect identified,
48b52dd7b7fbd55790876eeadcc01294346a3c062e790ee5c1884b1393a2bd43,2024-10,Northumbria Police,Northumbria Police,-1.369368,54.939735,On or near Cleveland View,E01008723,Sunderland 002A,Shoplifting,Investigation complete; no suspect identified,
053383043c80b85a7e677606ecfa78861c087acf9ed20f48c60597907658cb08,2024-10,Northumbria Police,Northumbria Police,-1.369368,54.939735,On or near Cleveland View,E01008723,Sunderland 002A,Shoplifting,Investigation complete; no suspect identified,
85f346f4912b0106f16dd8db85fe1ae496b4dc438ab66ef5b731c85357a63672,2024-10,Northumbria Police,Northumbria Police,-1.369368,54.939735,On or near Cleveland View,E01008723,Sunderland 002A,Shoplifting,Court result unavailable,
77270df0a8706aa8c4199d1f7fc90d6f2c1bf43799ce5a24ba8e4b60c3becb33,2024-10,Northumbria Police,Northumbria Police,-1.369368,54.939735,On or near Cleveland View,E01008723,Sunderland 002A,Shoplifting,Investigation complete; no suspect identified,
b08a2423411665cc07e326d33e4379df8a6a899fdcdf594fc74b4abf829bf870,2024-10,Northumbria Police,Northumbria Police,-1.369368,54.939735,On or near Cleveland View,E01008723,Sunderland 002A,Shoplifting,Investigation complete; no suspect identified,
041e9064e3d1e2b63cd3f11e143006b14d249da9c15d3835c612367b463408e1,2024-10,Northumbria Police,Northumbria Police,-1.369368,54.939735,On or near Cleveland View,E01008723,Sunderland 002A,Shoplifting,Investigation complete; no suspect identified,
5cf4e0e36cdbfb7fe37d49a7935af2e2b2e6854f404bb45748d8234ff264bdd6,2024-10,Northumbria Police,Northumbria Police,-1.369368,54.939735,On or near Cleveland View,E01008723,Sunderland 002A,Shoplifting,Status update unavailable,
0d5c689902e2f014c0d3e9fdcba7eaa9e13777610c4a82cc5bb8a4ed2b684934,2024-10,Northumbria Police,Northumbria Police,-1.369368,54.939735,On or near Cleveland View,E01008723,Sunderland 002A,Shoplifting,Investigation complete; no suspect identified,
214e66c014a19825102df84a50a6f770d7c245426062cdb3e70e5cc272a393ff,2024-10,Northumbria Police,Northumbria Police,-1.369368,54.939735,On or near Cleveland View,E01008723,Sunderland 002A,Shoplifting,Status update unavailable,
9573f6adcf79cd72720823a74a141c62ae5c13ece8c1596335469aefa97933de,2024-10,Northumbria Police,Northumbria Police,-1.369368,54.939735,On or near Cleveland View,E01008723,Sunderland 002A,Shoplifting,Status update unavailable,
c28fb07397d54d562fd185f4f7cde5aab23a39d2ef0d4409476e5241188f8e95,2024-10,Northumbria Police,Northumbria Police,-1.369368,54.939735,On or near Cleveland View,E01008723,Sunderland 002A,Shoplifting,Investigation complete; no suspect identified,
932c35af7681f4bf15e75bdd1596f1e0f2fa905914f76f570a2e4f6065aee22b,2024-10,Northumbria Police,Northumbria Police,-1.369368,54.939735,On or near Cleveland View,E01008723,Sunderland 002A,Shoplifting,Investigation complete; no suspect identified,
d2aa3ce9962af6eeaaea1039b6b74eaa650913d82a5015e1124c4bbf959d4e23,2024-10,Northumbria Police,Northumbria Police,-1.369368,54.939735,On or near Cleveland View,E01008723,Sunderland 002A,Shoplifting,Investigation complete; no suspect identified,
814d1987e54275d544c2e1056f4706aa01d6d149290dd003bf2b1040e695653f,2024-10,Northumbria Police,Northumbria Police,-1.369368,54.939735,On or near Cleveland View,E01008723,Sunderland 002A,Shoplifting,Investigation complete; no suspect identified,
5f8bac762ab1eebe7305adf16c12b7727948dc01ae83aae570c33f7681a5dc50,2024-10,Northumbria Police,Northumbria Police,-1.369368,54.939735,On or near Cleveland View,E01008723,Sunderland 002A,Shoplifting,Investigation complete; no suspect identified,
6524fafcef975cd06b36e40aee787ec1475dc6f6575532df690ec6e591d2359c,2024-10,Northumbria Police,Northumbria Police,-1.369368,54.939735,On or near Cleveland View,E01008723,Sunderland 002A,Shoplifting,Investigation complete; no suspect identified,
5e5d549f4526cc90ffab568c66c0447167d5c9501d69a26caa594db2da135322,2024-10,Northumbria Police,Northumbria Police,-1.369368,54.939735,On or near Cleveland View,E01008723,Sunderland 002A,Shoplifting,Investigation complete; no suspect identified,
9675f2731dda379fc25dc469ec5c95139c5bf411e84e7bcee0459a52a51d19f8,2024-10,Northumbria Police,Northumbria Police,-1.369465,54.933562,On or near Princes Gardens,E01008723,Sunderland 002A,Vehicle crime,Investigation complete; no suspect identified,
2f4feb0e5fd797f4e0f2bd31b349a72c51ea683fbc5db0228e021ec262ecee57,2024-10,Northumbria Police,Northumbria Police,-1.369368,54.939735,On or near Cleveland View,E01008723,Sunderland 002A,Violence and sexual offences,Status update unavailable,
a6edb48774bdaa002e6c9c37a4d04add0c5626f23549bf37ca2818527272f143,2024-10,Northumbria Police,Northumbria Police,-1.369459,54.933894,On or near Kings Avenue,E01008723,Sunderland 002A,Violence and sexual offences,Status update unavailable,
f5004998eaca0cfdac67cff17ca9aa6f646d25a4909cc4d2d25a87f3f1207c4f,2024-10,Northumbria Police,Northumbria Police,-1.369465,54.933562,On or near Princes Gardens,E01008723,Sunderland 002A,Violence and sexual offences,Investigation complete; no suspect identified,
95f29bbc693fe2d79b654e8844673cf73ae4e4dcc8571cfd5091850a80c9f216,2024-10,Northumbria Police,Northumbria Police,-1.369459,54.933894,On or near Kings Avenue,E01008723,Sunderland 002A,Violence and sexual offences,Investigation complete; no suspect identified,
d9bc5374671c454d12507ebdbe3a4569b0772fc1ccb9714a7be353595f2e2ade,2024-10,Northumbria Police,Northumbria Police,-1.368218,54.942380,On or near Swaledale,E01008723,Sunderland 002A,Violence and sexual offences,Investigation complete; no suspect identified,
c3b7f83e2a47754ce39b26c015d57649239d68b4523e1362780539673c45fe18,2024-10,Northumbria Police,Northumbria Police,-1.369459,54.933894,On or near Kings Avenue,E01008723,Sunderland 002A,Violence and sexual offences,Status update unavailable,
d2d1d098d7df97416f8dd2bbdff6f7d1750105ce976fc167835c9d78016777ae,2024-10,Northumbria Police,Northumbria Police,-1.369368,54.939735,On or near Cleveland View,E01008723,Sunderland 002A,Violence and sexual offences,Investigation complete; no suspect identified,
17e9a43e65d14e6c72ba6213585f7f1c1c36b0f8c9e128f7ee083baf9191987d,2024-10,Northumbria Police,Northumbria Police,-1.369459,54.933894,On or near Kings Avenue,E01008723,Sunderland 002A,Violence and sexual offences,Offender given a caution,
78da92cbd24422f95b53779b21a22bbaa300471e10b85579689a0a35fbf75c1e,2024-10,Northumbria Police,Northumbria Police,-1.369465,54.933562,On or near Princes Gardens,E01008723,Sunderland 002A,Violence and sexual offences,Investigation complete; no suspect identified,
,2024-10,Northumbria Police,Northumbria Police,-1.373759,54.930385,On or near Gloucester Avenue,E01008727,Sunderland 002C,Anti-social behaviour,,
609787ec4f76a112b22dde4f80a85663d7e653e9a1f0093fc5c8b2e7d6f5e2c2,2024-10,Northumbria Police,Northumbria Police,-1.375600,54.929424,On or near Rosedale Terrace,E01008727,Sunderland 002C,Criminal damage and arson,Investigation complete; no suspect identified,
6195a1b85a5e998fa1243ae981ba74df68f8a287d135f4c781bb38809eab65e5,2024-10,Northumbria Police,Northumbria Police,-1.375071,54.930337,On or near Ashleigh Grove,E01008727,Sunderland 002C,Other theft,Status update unavailable,
20241582a8e2de2c8ccf14462a201001c396be0e87d4a77fb642bd3eeb304768,2024-10,Northumbria Police,Northumbria Police,-1.373984,54.928975,On or near Ritson Street,E01008727,Sunderland 002C,Vehicle crime,Investigation complete; no suspect identified,
ceb7efd6eeb1a367f148d340f6b883e95233a669d7c89e0862eded5f85bdecc5,2024-10,Northumbria Police,Northumbria Police,-1.373984,54.928975,On or near Ritson Street,E01008727,Sunderland 002C,Violence and sexual offences,Status update unavailable,
39d21cec2bd5847af040f1fae1685663ae953148df471f47bb843ebcd6067bd6,2024-10,Northumbria Police,Northumbria Police,-1.376864,54.931452,On or near Mitford Street,E01008727,Sunderland 002C,Violence and sexual offences,Investigation complete; no suspect identified,
,2024-10,Northumbria Police,Northumbria Police,-1.380021,54.927074,On or near Ormesby Road,E01008728,Sunderland 002D,Anti-social behaviour,,
14fbe922826dd5424ad062dd3cfc460eac50dc1c95bb20b3530456c167f4c151,2024-10,Northumbria Police,Northumbria Police,-1.380021,54.927074,On or near Ormesby Road,E01008728,Sunderland 002D,Criminal damage and arson,Investigation complete; no suspect identified,
75c5a86554b6b48e0ba4d9a8978986f26681874c7a1ad697c6d6d7fd011f4cb2,2024-10,Northumbria Police,Northumbria Police,-1.379179,54.927051,On or near Friarage Avenue,E01008728,Sunderland 002D,Violence and sexual offences,Investigation complete; no suspect identified,
e45402bd1f9012e582e5341f7410c94f618b269ab4b34b729c52ebb7c8369b09,2024-10,Northumbria Police,Northumbria Police,-1.371522,54.925700,On or near Park Gate,E01008792,Sunderland 002E,Criminal damage and arson,Status update unavailable,
332e683b50a0f71e9b6edae8ede0dd334b7f15f9d25aa323236ffa67d6c8bf2c,2024-10,Northumbria Police,Northumbria Police,-1.366181,54.924037,On or near Roker Terrace,E01008792,Sunderland 002E,Drugs,Status update unavailable,
8d41b8f6006c5b3cf2ca1d2bafe1ded47c829d0b31a824b2a082281bca5f8f9c,2024-10,Northumbria Police,Northumbria Police,-1.368244,54.926771,On or near David Gardens,E01008792,Sunderland 002E,Public order,Status update unavailable,
ed02dd9e5ef24c20e7373fbb52c13a41cb2fbf5fba821ca753a3015d466758dd,2024-10,Northumbria Police,Northumbria Police,-1.369560,54.927460,On or near Rock Lodge Road,E01008792,Sunderland 002E,Violence and sexual offences,Status update unavailable,
92334a0eb2e38801dbe4cf1c81a1fbfae9142d08448f88111e449861c19e72cf,2024-10,Northumbria Police,Northumbria Police,-1.370245,54.928551,On or near Park Avenue,E01008792,Sunderland 002E,Violence and sexual offences,Status update unavailable,
b599660b6f35963a5e8745bba98002abf86d334471ff0be82bce5f3be96bbbba,2024-10,Northumbria Police,Northumbria Police,-1.370245,54.928551,On or near Park Avenue,E01008792,Sunderland 002E,Violence and sexual offences,Investigation complete; no suspect identified,
,2024-10,Northumbria Police,Northumbria Police,-1.450152,54.925533,On or near Washington Road,E01008698,Sunderland 003A,Anti-social behaviour,,
c0ee3f4ce86ea3827380d4eed95bb51fcb3b169e15a28ccb2a5f82d06e4c1927,2024-10,Northumbria Police,Northumbria Police,-1.456050,54.927824,On or near Batley Street,E01008698,Sunderland 003A,Burglary,Investigation complete; no suspect identified,
f6bc7362508e30ff7082b23665a6bd5e9e8354e94638a0a4575ca0a207db89a1,2024-10,Northumbria Police,Northumbria Police,-1.449918,54.926610,On or near Baden Crescent,E01008698,Sunderland 003A,Criminal damage and arson,Investigation complete; no suspect identified,
2d64250e8b6d0eeac803d427cf96a7a9d378f6fbb3454cbfb680509960ab2913,2024-10,Northumbria Police,Northumbria Police,-1.456399,54.927385,On or near Bingley Street,E01008698,Sunderland 003A,Criminal damage and arson,Status update unavailable,
7f325ed646ec96abc16ecb0688f638760ea3e58a97fbe9181e07be8d439da930,2024-10,Northumbria Police,Northumbria Police,-1.450208,54.927133,On or near Brockley Street,E01008698,Sunderland 003A,Criminal damage and arson,Investigation complete; no suspect identified,
9f7383b4350c40b4de004de68fb44fb0f5ffad315b914ab76c790942286fb361,2024-10,Northumbria Police,Northumbria Police,-1.454783,54.928052,On or near Blackwood Road,E01008698,Sunderland 003A,Other theft,Status update unavailable,
ca4004efcdf32ec362e146e7d03aa055bf22af21efbe6c1cac55b8a650192062,2024-10,Northumbria Police,Northumbria Police,-1.454783,54.928052,On or near Blackwood Road,E01008698,Sunderland 003A,Other theft,Status update unavailable,
0cfce3e358400a6f6864c6246f755400ab4b0b30aeb0e8070e25076c021d1177,2024-10,Northumbria Police,Northumbria Police,-1.452089,54.926494,On or near Balmoral Court,E01008698,Sunderland 003A,Vehicle crime,Investigation complete; no suspect identified,
6a9f59e00f5657bf2d9b205ca41fad14fb674087ff2a676ed118f25392b40d0a,2024-10,Northumbria Police,Northumbria Police,-1.459193,54.926167,On or near Baltimore Square,E01008698,Sunderland 003A,Violence and sexual offences,Investigation complete; no suspect identified,
e3c78fb0794517d5ee358ef0ad8a3fe53c8895688048c627f238e7ffba0cec46,2024-10,Northumbria Police,Northumbria Police,-1.452497,54.927503,On or near Baker Square,E01008698,Sunderland 003A,Violence and sexual offences,Status update unavailable,
6759a582962c081acd7e0d2f57b4868914103fa04fad80a3b03aa552feaaae63,2024-10,Northumbria Police,Northumbria Police,-1.456399,54.927385,On or near Bingley Street,E01008698,Sunderland 003A,Violence and sexual offences,Status update unavailable,
33f9087ae00d7141a8f36272d015a53090714736ae5699dd5a179430a49ab21a,2024-10,Northumbria Police,Northumbria Police,-1.451275,54.926715,On or near Bedale Crescent,E01008698,Sunderland 003A,Violence and sexual offences,Status update unavailable,
923d5895e8933878fda6e486d8f33d53e9821b4e79d7e294be392bd7a9e56fa1,2024-10,Northumbria Police,Northumbria Police,-1.451275,54.926715,On or near Bedale Crescent,E01008698,Sunderland 003A,Violence and sexual offences,Offender given a caution,
c267166f3abced1bfc074ca1fccab8cb2628af01620f6348e9e490b85a43c028,2024-10,Northumbria Police,Northumbria Police,-1.460509,54.926945,On or near Barking Crescent,E01008698,Sunderland 003A,Violence and sexual offences,Status update unavailable,
56409f9c6bda7eccc2ac6b2189dc8aa22ac863ed629c0c58c3b9766a695fdfaa,2024-10,Northumbria Police,Northumbria Police,-1.455414,54.925269,On or near Clovelly Road,E01008698,Sunderland 003A,Violence and sexual offences,Status update unavailable,
5c1c28b05f86cbb1fcbce653fb99f1170a9208646838e5d749c7d8daf3104ded,2024-10,Northumbria Police,Northumbria Police,-1.453547,54.927121,On or near Bootle Street,E01008698,Sunderland 003A,Violence and sexual offences,Status update unavailable,
b7b958cab66ed90ae669d9147ec51f7d978541dae8acc9a1d86b334368cdd8d7,2024-10,Northumbria Police,Northumbria Police,-1.452612,54.927054,On or near Baker Street,E01008698,Sunderland 003A,Violence and sexual offences,Status update unavailable,
02f2ba8b0d846c18ab49aad3225425c7e52501a8965d581a86ba2dcaeb0a7621,2024-10,Northumbria Police,Northumbria Police,-1.454132,54.926602,On or near Brentford Square,E01008698,Sunderland 003A,Violence and sexual offences,Investigation complete; no suspect identified,
9b1e3553a0597e2af7ef58852fc612d3e005c370b19abf3d90c0b7a1f0943f77,2024-10,Northumbria Police,Northumbria Police,-1.452497,54.927503,On or near Baker Square,E01008698,Sunderland 003A,Other crime,Status update unavailable,
,2024-10,Northumbria Police,Northumbria Police,-1.449027,54.931360,On or near Kentucky Road,E01008837,Sunderland 003B,Anti-social behaviour,,
,2024-10,Northumbria Police,Northumbria Police,-1.443714,54.930725,On or near Kildare Square,E01008837,Sunderland 003B,Anti-social behaviour,,
,2024-10,Northumbria Police,Northumbria Police,-1.443714,54.930725,On or near Kildare Square,E01008837,Sunderland 003B,Anti-social behaviour,,
,2024-10,Northumbria Police,Northumbria Police,-1.445039,54.931953,On or near Kingsway Road,E01008837,Sunderland 003B,Anti-social behaviour,,
,2024-10,Northumbria Police,Northumbria Police,-1.448352,54.929353,On or near Hylton Lane,E01008837,Sunderland 003B,Anti-social behaviour,,
,2024-10,Northumbria Police,Northumbria Police,-1.443714,54.930725,On or near Kildare Square,E01008837,Sunderland 003B,Anti-social behaviour,,
,2024-10,Northumbria Police,Northumbria Police,-1.445039,54.931953,On or near Kingsway Road,E01008837,Sunderland 003B,Anti-social behaviour,,
,2024-10,Northumbria Police,Northumbria Police,-1.443714,54.930725,On or near Kildare Square,E01008837,Sunderland 003B,Anti-social behaviour,,
,2024-10,Northumbria Police,Northumbria Police,-1.449027,54.931360,On or near Kentucky Road,E01008837,Sunderland 003B,Anti-social behaviour,,
,2024-10,Northumbria Police,Northumbria Police,-1.443714,54.930725,On or near Kildare Square,E01008837,Sunderland 003B,Anti-social behaviour,,
,2024-10,Northumbria Police,Northumbria Police,-1.443714,54.930725,On or near Kildare Square,E01008837,Sunderland 003B,Anti-social behaviour,,
,2024-10,Northumbria Police,Northumbria Police,-1.449027,54.931360,On or near Kentucky Road,E01008837,Sunderland 003B,Anti-social behaviour,,
,2024-10,Northumbria Police,Northumbria Police,-1.443714,54.930725,On or near Kildare Square,E01008837,Sunderland 003B,Anti-social behaviour,,
6194ca29bcd25acba4bde860be251252c32e242e3edb5c52b3b9126a804319e5,2024-10,Northumbria Police,Northumbria Police,-1.445039,54.931953,On or near Kingsway Road,E01008837,Sunderland 003B,Criminal damage and arson,Investigation complete; no suspect identified,
56ed42f53791a985fcd1652f32ce7d1816b3ded6b3b39ad3d03b8dd3ceb45eac,2024-10,Northumbria Police,Northumbria Police,-1.445039,54.931953,On or near Kingsway Road,E01008837,Sunderland 003B,Criminal damage and arson,Investigation complete; no suspect identified,
c628ae41963da4fc87bb8470514225c09f7aed1d9d394c16584c87576839ccf3,2024-10,Northumbria Police,Northumbria Police,-1.448352,54.929353,On or near Hylton Lane,E01008837,Sunderland 003B,Criminal damage and arson,Investigation complete; no suspect identified,
fee438c3021184b991e301675bcf7b925b73146ff9d53bdb5c43c0ae0ea78cff,2024-10,Northumbria Police,Northumbria Police,-1.448352,54.929353,On or near Hylton Lane,E01008837,Sunderland 003B,Criminal damage and arson,Investigation complete; no suspect identified,
de9952fd2b9f6d6eb4f6bbf729a680c776a8bb8fb00bf8d9f45800ea0fcf7f0f,2024-10,Northumbria Police,Northumbria Police,-1.445039,54.931953,On or near Kingsway Road,E01008837,Sunderland 003B,Criminal damage and arson,Investigation complete; no suspect identified,
b3ecd487eabbc3947100870296d0514b3095f63fa4218c684b0bd4f3b9cf571b,2024-10,Northumbria Police,Northumbria Police,-1.443714,54.930725,On or near Kildare Square,E01008837,Sunderland 003B,Criminal damage and arson,Status update unavailable,
2a446b79979d38740d8055749d3450be5232752282eb958f1e82ff21c4ea0d6e,2024-10,Northumbria Police,Northumbria Police,-1.448352,54.929353,On or near Hylton Lane,E01008837,Sunderland 003B,Criminal damage and arson,Status update unavailable,
1a34bec8dbab1e432c7abca528cdca12352a5c5b5accf9a30278de77b4173dd2,2024-10,Northumbria Police,Northumbria Police,-1.448352,54.929353,On or near Hylton Lane,E01008837,Sunderland 003B,Criminal damage and arson,Status update unavailable,
2575ee847448b5176ab9ade71dd2ce162ea8b3dc5d84a2d371c94286d1d6590a,2024-10,Northumbria Police,Northumbria Police,-1.445039,54.931953,On or near Kingsway Road,E01008837,Sunderland 003B,Criminal damage and arson,Investigation complete; no suspect identified,
bcdb282a8861ed7fc7f5c0e31d283ccacce7597a01f19c3bf4476206e172148f,2024-10,Northumbria Police,Northumbria Police,-1.443714,54.930725,On or near Kildare Square,E01008837,Sunderland 003B,Criminal damage and arson,Investigation complete; no suspect identified,
8e71dcee8718fe8a0593b2f414d8c61372fcf515ad5f8d35a40d251c73a6a681,2024-10,Northumbria Police,Northumbria Police,-1.445039,54.931953,On or near Kingsway Road,E01008837,Sunderland 003B,Criminal damage and arson,Investigation complete; no suspect identified,
9e623684ec4fdacaced86586407dd8bd72ef3b7cd813e783d0c868e2358c57e9,2024-10,Northumbria Police,Northumbria Police,-1.445039,54.931953,On or near Kingsway Road,E01008837,Sunderland 003B,Criminal damage and arson,Investigation complete; no suspect identified,
fc7a1dc9cd90299cfeed2c3980fa2deed581577db86743c70dbb0dd74183c28a,2024-10,Northumbria Police,Northumbria Police,-1.449027,54.931360,On or near Kentucky Road,E01008837,Sunderland 003B,Drugs,Status update unavailable,
d648b177d9f70649142c53d0dd89899c15e1fed146ae14e412a70dcf9da20034,2024-10,Northumbria Police,Northumbria Police,-1.449027,54.931360,On or near Kentucky Road,E01008837,Sunderland 003B,Drugs,Status update unavailable,
fcacdd583691ff4ba6c918e563bb0906211d2d25eb936cd858dc27adb97734d4,2024-10,Northumbria Police,Northumbria Police,-1.449027,54.931360,On or near Kentucky Road,E01008837,Sunderland 003B,Drugs,Status update unavailable,
a9f5c082c61994e420ab1cab4fb2dfaf73109c7031c8d2ae489544e72951c9c9,2024-10,Northumbria Police,Northumbria Police,-1.445039,54.931953,On or near Kingsway Road,E01008837,Sunderland 003B,Public order,Status update unavailable,
49ef810a282f2e84c351ea4017b0cb2f0f81464e4167bdf1291d9a22fb2b9931,2024-10,Northumbria Police,Northumbria Police,-1.448352,54.929353,On or near Hylton Lane,E01008837,Sunderland 003B,Public order,Status update unavailable,
afbb2382d0c6c8faaac22628cac067c1c78006ecdf98dae14e2829a7cb75ba38,2024-10,Northumbria Police,Northumbria Police,-1.448352,54.929353,On or near Hylton Lane,E01008837,Sunderland 003B,Public order,Status update unavailable,
a6821fa412f739aebb2cb66c1fc0779d7ded41cc28cdbc5edacebca2b9344d9b,2024-10,Northumbria Police,Northumbria Police,-1.448352,54.929353,On or near Hylton Lane,E01008837,Sunderland 003B,Public order,Status update unavailable,
65e0120d184c6e07cf0f50a2c11b4a43f15f651a8d24237be432812d7a6b0676,2024-10,Northumbria Police,Northumbria Police,-1.445039,54.931953,On or near Kingsway Road,E01008837,Sunderland 003B,Public order,Status update unavailable,
fae9f7792897b07924a6804d85110831e54a9f55d44b1b652022bab28d5b78b7,2024-10,Northumbria Police,Northumbria Police,-1.448352,54.929353,On or near Hylton Lane,E01008837,Sunderland 003B,Violence and sexual offences,Investigation complete; no suspect identified,
236fb7b0cf9e37bc2076922c8dc914adfce12e8529e3600669a31bbb81c23b08,2024-10,Northumbria Police,Northumbria Police,-1.448352,54.929353,On or near Hylton Lane,E01008837,Sunderland 003B,Violence and sexual offences,Court result unavailable,
12c7e480f2022eec9071d52e2c49febb7adaab0b79f92ef226f5376ee0a2954b,2024-10,Northumbria Police,Northumbria Police,-1.443714,54.930725,On or near Kildare Square,E01008837,Sunderland 003B,Violence and sexual offences,Investigation complete; no suspect identified,
f522e2bca17d86b72c4c8910fdc5ad7c818adc82e4a7b5240a3baba3a514dc44,2024-10,Northumbria Police,Northumbria Police,-1.448352,54.929353,On or near Hylton Lane,E01008837,Sunderland 003B,Other crime,Status update unavailable,
,2024-10,Northumbria Police,Northumbria Police,-1.450673,54.930819,On or near Bradman Street,E01008838,Sunderland 003C,Anti-social behaviour,,
,2024-10,Northumbria Police,Northumbria Police,-1.455333,54.931254,On or near Baxter Road,E01008838,Sunderland 003C,Anti-social behaviour,,
,2024-10,Northumbria Police,Northumbria Police,-1.455353,54.929762,On or near Barrow Street,E01008838,Sunderland 003C,Anti-social behaviour,,
,2024-10,Northumbria Police,Northumbria Police,-1.455333,54.931254,On or near Baxter Road,E01008838,Sunderland 003C,Anti-social behaviour,,
2eb8259d2d30ff8f10020452379e40cec31baefddb155b3a26dc12f22548d261,2024-10,Northumbria Police,Northumbria Police,-1.455353,54.929762,On or near Barrow Street,E01008838,Sunderland 003C,Criminal damage and arson,Investigation complete; no suspect identified,
ac18bfd7dcc2ef9558cd9b1e82b4dd2ab6dc8f75ab01570d63b282e95233b623,2024-10,Northumbria Police,Northumbria Police,-1.451984,54.928444,On or near Blyth Square,E01008838,Sunderland 003C,Criminal damage and arson,Investigation complete; no suspect identified,
05d7a08b2be7d906c296b03f066b9d0868339e47bcba3ecf79c59ab4df431467,2024-10,Northumbria Police,Northumbria Police,-1.457503,54.928882,On or near Belgrade Square,E01008838,Sunderland 003C,Public order,Investigation complete; no suspect identified,
846475e072129d03878f266c2a8e4f3d187ab3741b3d29c38abdf7cb8b3fab39,2024-10,Northumbria Police,Northumbria Police,-1.453456,54.929214,On or near Bentham Close,E01008838,Sunderland 003C,Public order,Status update unavailable,
25b61ed9129bad14521dd22b1c7de6a72e08b9cf1c3f86c3c800c5aeda1f27c5,2024-10,Northumbria Police,Northumbria Police,-1.452787,54.929103,On or near Banff Street,E01008838,Sunderland 003C,Vehicle crime,Investigation complete; no suspect identified,
132b6ae4d87792bf47b75eb05220abe760aaebfefe34b61ff8728ab9ffabc7eb,2024-10,Northumbria Police,Northumbria Police,-1.451673,54.929557,On or near Brunswick Road,E01008838,Sunderland 003C,Violence and sexual offences,Court result unavailable,
062d4eb855a36a3237915da5c869a9398cd04d07888f6f9fe08ae7d33e86d221,2024-10,Northumbria Police,Northumbria Police,-1.455353,54.929762,On or near Barrow Street,E01008838,Sunderland 003C,Violence and sexual offences,Status update unavailable,
ce1fa4d142adb2ab37abc8bc5328b5da7acbfb7b1bfe7120957a0b203f8656f5,2024-10,Northumbria Police,Northumbria Police,-1.455353,54.929762,On or near Barrow Street,E01008838,Sunderland 003C,Violence and sexual offences,Investigation complete; no suspect identified,
3add38975baa0ffb1011d4baaf065242e2e45b6cc1c62950912ff25eb0cf53c0,2024-10,Northumbria Police,Northumbria Police,-1.457503,54.928882,On or near Belgrade Square,E01008838,Sunderland 003C,Violence and sexual offences,Investigation complete; no suspect identified,
23f9f0d68fbb4de76c932ba8fa86077ad48b94b2b9c6ab95b9ffad06d5415fa2,2024-10,Northumbria Police,Northumbria Police,-1.451673,54.929557,On or near Brunswick Road,E01008838,Sunderland 003C,Violence and sexual offences,Court result unavailable,
16158f4f6a2af6833c523dc6a63bc2f748d1c1781c39b75333071b57afa5483a,2024-10,Northumbria Police,Northumbria Police,-1.453375,54.928324,On or near Bayswater Square,E01008838,Sunderland 003C,Violence and sexual offences,Court result unavailable,
4ba804f2788e526fe3d8785b4b92f0b3d4a7d1b7dd0b3542633238611d4cdc56,2024-10,Northumbria Police,Northumbria Police,-1.450673,54.930819,On or near Bradman Street,E01008838,Sunderland 003C,Violence and sexual offences,Awaiting court outcome,
54e833bb339620fc7517b5e8646aed1ea916742add06533f1e01b661ade5a335,2024-10,Northumbria Police,Northumbria Police,-1.451059,54.929967,On or near Bowness Street,E01008838,Sunderland 003C,Other crime,Status update unavailable,
,2024-10,Northumbria Police,Northumbria Police,-1.439947,54.928910,On or near Ravenswood Square,E01008839,Sunderland 003D,Anti-social behaviour,,
,2024-10,Northumbria Police,Northumbria Police,-1.437388,54.927775,On or near Rangoon Road,E01008839,Sunderland 003D,Anti-social behaviour,,
,2024-10,Northumbria Police,Northumbria Police,-1.438546,54.925300,On or near Ravenscourt Road,E01008839,Sunderland 003D,Anti-social behaviour,,
,2024-10,Northumbria Police,Northumbria Police,-1.438546,54.925300,On or near Ravenscourt Road,E01008839,Sunderland 003D,Anti-social behaviour,,
89017815a5e24f0a59969053e49051067e7949dce9cae95be61db3957a4108fc,2024-10,Northumbria Police,Northumbria Police,-1.438546,54.925300,On or near Ravenscourt Road,E01008839,Sunderland 003D,Criminal damage and arson,Investigation complete; no suspect identified,
a1773d39323f6992de638ee1cf3c12d4fc89aa327921b3ba0bf96b8703d6a138,2024-10,Northumbria Police,Northumbria Police,-1.435614,54.927416,On or near Ramillies Square,E01008839,Sunderland 003D,Criminal damage and arson,Investigation complete; no suspect identified,
402638df38deafb20c3a070b37372e36fa9e74f6cc51fa72e6461fdaaf6be7db,2024-10,Northumbria Police,Northumbria Police,-1.435614,54.927416,On or near Ramillies Square,E01008839,Sunderland 003D,Other theft,Investigation complete; no suspect identified,
1bed95a193ce4bb8d0e894a83c034357c127bfa83e1ff9dfd1948d797236bf67,2024-10,Northumbria Police,Northumbria Police,-1.436515,54.926576,On or near Rannoch Road,E01008839,Sunderland 003D,Public order,Status update unavailable,
e7611b03911abbf9804f5347a29deac0798ac3b4a7a654d40e84482a247560e9,2024-10,Northumbria Police,Northumbria Police,-1.439920,54.930860,On or near Kenya Road,E01008839,Sunderland 003D,Vehicle crime,Status update unavailable,
e8a2fff763bde5bdb566896fd3572c127705395e646080923e174b7050db3dbe,2024-10,Northumbria Police,Northumbria Police,-1.438828,54.929723,On or near Kentchester Road,E01008839,Sunderland 003D,Violence and sexual offences,Court result unavailable,
42f5b9df6fc5353e5deee39e978f634fb649bc4fbe6157bf2d54f3c94fdd2ca4,2024-10,Northumbria Police,Northumbria Police,-1.435831,54.928613,On or near Rockingham Road,E01008839,Sunderland 003D,Violence and sexual offences,Status update unavailable,
8293e92f60951ed8a7e9a66db1ee5a56ca78a9ce221a223c2b8665a3f8b6d545,2024-10,Northumbria Police,Northumbria Police,-1.438546,54.925300,On or near Ravenscourt Road,E01008839,Sunderland 003D,Violence and sexual offences,Status update unavailable,
471bc770774e6c7db511f918e7f7514ed464f938f7672788dc8a7575c5e3b481,2024-10,Northumbria Police,Northumbria Police,-1.439947,54.928910,On or near Ravenswood Square,E01008839,Sunderland 003D,Violence and sexual offences,Investigation complete; no suspect identified,
23528b71d2b52538ce1be0196d726a047b64d5040283626689991ef20836c143,2024-10,Northumbria Police,Northumbria Police,-1.438828,54.929723,On or near Kentchester Road,E01008839,Sunderland 003D,Violence and sexual offences,Status update unavailable,
5d41e7fb0c66323a79ee50d3de60fa338ca9447c65355764992d10080b159a18,2024-10,Northumbria Police,Northumbria Police,-1.435614,54.927416,On or near Ramillies Square,E01008839,Sunderland 003D,Other crime,Court result unavailable,
e83b065bf60e8433ad999ef617ce6c6f5b06a76011b57fd917ca05f504442b7c,2024-10,Northumbria Police,Northumbria Police,-1.438445,54.929173,On or near Reedling Court,E01008839,Sunderland 003D,Other crime,Status update unavailable,
fbf37d5970b8cfffb7db5de37def65da1e3349b77d53c66bdc0f3c87c324f524,2024-10,Northumbria Police,Northumbria Police,-1.461040,54.929239,On or near Bexhill Square,E01008840,Sunderland 003E,Drugs,Status update unavailable,
e916f955a075db5f32236b9c6fe8e14e559482973cfd58aa4ba284c0b92be280,2024-10,Northumbria Police,Northumbria Police,-1.464088,54.930070,On or near Boston Crescent,E01008840,Sunderland 003E,Violence and sexual offences,Local resolution,
8aeeb941a12dc3178cc9926d8ad32d9bc5583809533ddffdf9bd675d6d8e73d2,2024-10,Northumbria Police,Northumbria Police,-1.464088,54.930070,On or near Boston Crescent,E01008840,Sunderland 003E,Violence and sexual offences,Status update unavailable,
57e451b496248edd41ed25f2cb6efd9d946a6faba99d55bb496219794cc6fc5d,2024-10,Northumbria Police,Northumbria Police,-1.460426,54.930854,On or near Baxter Square,E01008840,Sunderland 003E,Violence and sexual offences,Status update unavailable,
0abaae697eeba2ea7ecd89e5ef3381736f5ad596e7127e2fcd57bcdf5b2e8143,2024-10,Northumbria Police,Northumbria Police,-1.462577,54.927529,On or near Baltimore Avenue,E01008840,Sunderland 003E,Violence and sexual offences,Court result unavailable,
13ef2e0daddb258bfc2d5e753747971d11af71d92e19abbdb7288b804382cf3d,2024-10,Northumbria Police,Northumbria Police,-1.462577,54.927529,On or near Baltimore Avenue,E01008840,Sunderland 003E,Violence and sexual offences,Court result unavailable,
fe685d829ca61e7d09a6730f6327f9793009feb6f74b2b85a47a345c06c21846,2024-10,Northumbria Police,Northumbria Police,-1.456687,54.931484,On or near Bergen Square,E01008840,Sunderland 003E,Violence and sexual offences,Investigation complete; no suspect identified,
,2024-10,Northumbria Police,Northumbria Police,-1.443730,54.926187,On or near Grasmoor View,E01008841,Sunderland 003F,Anti-social behaviour,,
,2024-10,Northumbria Police,Northumbria Police,-1.439811,54.925225,On or near Revelstoke Road,E01008841,Sunderland 003F,Anti-social behaviour,,
1fb7da01a783dc88866ca180bab7aaf9d7619d06e1486e122498c937f10c0775,2024-10,Northumbria Police,Northumbria Police,-1.440877,54.925976,On or near Rennie Road,E01008841,Sunderland 003F,Criminal damage and arson,Investigation complete; no suspect identified,
4f6c0091fefc63b0f87cddc2c40187ac0aa4d58ae27aa66ea45fb0eb808c3386,2024-10,Northumbria Police,Northumbria Police,-1.441550,54.928055,On or near Rutherford Road,E01008841,Sunderland 003F,Criminal damage and arson,Investigation complete; no suspect identified,
1fc11ab6c61a88c25b46595d080c8da8305f765a0f29efff098b25bb476205ef,2024-10,Northumbria Police,Northumbria Police,-1.439811,54.925225,On or near Revelstoke Road,E01008841,Sunderland 003F,Criminal damage and arson,Investigation complete; no suspect identified,
d1a7cc9029fb1ada0693ca0dbfc6214e863c83cdd4a0d9123fd76260bb3f2549,2024-10,Northumbria Police,Northumbria Police,-1.441550,54.928055,On or near Rutherford Road,E01008841,Sunderland 003F,Criminal damage and arson,Status update unavailable,
231c9ed51cc3a2103731603f90976d2587b5bb1d9ab5e74c915718fb5b20bf65,2024-10,Northumbria Police,Northumbria Police,-1.441550,54.928055,On or near Rutherford Road,E01008841,Sunderland 003F,Criminal damage and arson,Offender given a caution,
f5a3d30e4034a1ccb170e003a2fa391d2120f81fc19269869154dcca62c39d6a,2024-10,Northumbria Police,Northumbria Police,-1.438588,54.927870,On or near Ramillies Road,E01008841,Sunderland 003F,Criminal damage and arson,Investigation complete; no suspect identified,
b96060542b12f8e970cb5b67cd15a96cfb8406238f17016fbc5769524116fafd,2024-10,Northumbria Police,Northumbria Police,-1.441550,54.928055,On or near Rutherford Road,E01008841,Sunderland 003F,Drugs,Status update unavailable,
93c6a663042443e3b7f348ea34625a7578e3891770c240da9a4ac3f9283b3b6c,2024-10,Northumbria Police,Northumbria Police,-1.444601,54.927503,On or near Kidderminster Road,E01008841,Sunderland 003F,Public order,Status update unavailable,
4e69fb68b0112a6cec0c860f155435514b69e8fa5afd888108a15d41682acfac,2024-10,Northumbria Police,Northumbria Police,-1.444601,54.927503,On or near Kidderminster Road,E01008841,Sunderland 003F,Vehicle crime,Status update unavailable,
edca520775d027e764c6f5521f33f33e3bd5d710aebf2f1cd1db777903190ff4,2024-10,Northumbria Police,Northumbria Police,-1.444601,54.927503,On or near Kidderminster Road,E01008841,Sunderland 003F,Violence and sexual offences,Status update unavailable,
e22906835e481a18410bd856eeda556950a8d109205da7447e76c78dee33c34a,2024-10,Northumbria Police,Northumbria Police,-1.444601,54.927503,On or near Kidderminster Road,E01008841,Sunderland 003F,Violence and sexual offences,Status update unavailable,
2fc1395d9cbd146e4a98fe9dc0248cce51afa59ef48d620ec2c8094a51bcbf70,2024-10,Northumbria Police,Northumbria Police,-1.439811,54.925225,On or near Revelstoke Road,E01008841,Sunderland 003F,Violence and sexual offences,Status update unavailable,
f67abdf4fdab92d7643cc8897129053544980dfdbba2a1b8ef790aa155459ebb,2024-10,Northumbria Police,Northumbria Police,-1.444601,54.927503,On or near Kidderminster Road,E01008841,Sunderland 003F,Violence and sexual offences,Investigation complete; no suspect identified,
e15a489c28695797d16162cbae285f2636d180476ea65a169b2df8ea68d9c05d,2024-10,Northumbria Police,Northumbria Police,-1.444601,54.927503,On or near Kidderminster Road,E01008841,Sunderland 003F,Violence and sexual offences,Investigation complete; no suspect identified,
8346baf594e4ae97525cbb081c51faed17de32f4e6be9273a830c9b4ae4468a6,2024-10,Northumbria Police,Northumbria Police,-1.438236,54.927357,On or near Redesdale Road,E01008841,Sunderland 003F,Violence and sexual offences,Status update unavailable,
8f88159fd8d0cc29a535b0b4408f96fb2c28092f7355bc610059d63962e3ac56,2024-10,Northumbria Police,Northumbria Police,-1.439811,54.925225,On or near Revelstoke Road,E01008841,Sunderland 003F,Violence and sexual offences,Status update unavailable,
,2024-10,Northumbria Police,Northumbria Police,-1.401785,54.928405,On or near Eyemouth Lane,E01008712,Sunderland 004A,Anti-social behaviour,,
,2024-10,Northumbria Police,Northumbria Police,-1.398994,54.926145,On or near Manx Square,E01008712,Sunderland 004A,Anti-social behaviour,,
9616b0de260e310f4bde734c51da2868afa01897251cb8f8fa4387664d610b81,2024-10,Northumbria Police,Northumbria Police,-1.392575,54.925466,On or near Bywell Avenue,E01008712,Sunderland 004A,Burglary,Investigation complete; no suspect identified,
cf020263550c1af68c1d9fa575d9c28288a7e44aeff8acd92267bcc980f5205a,2024-10,Northumbria Police,Northumbria Police,-1.404085,54.927949,On or near Exmouth Square,E01008712,Sunderland 004A,Other theft,Investigation complete; no suspect identified,
5fa1eeb0b033258e72893d163bb3ffb7f3c7e368cd51849bda945859cc7f0ef7,2024-10,Northumbria Police,Northumbria Police,-1.409109,54.929070,On or near Wentbridge,E01008712,Sunderland 004A,Public order,Status update unavailable,
6c8e6bebb87b5b7843f7639381e10818b2d62fba3936673f61dc016ba5041335,2024-10,Northumbria Police,Northumbria Police,-1.396408,54.924793,On or near Carley Hill Road,E01008712,Sunderland 004A,Violence and sexual offences,Status update unavailable,
e86f81876208d8cf8894899808bfe402ef9d696fb8a694ccfd56a7b9fc6e6649,2024-10,Northumbria Police,Northumbria Police,-1.404908,54.927171,On or near Everton Lane,E01008712,Sunderland 004A,Violence and sexual offences,Investigation complete; no suspect identified,
bdbec2596c7f1a3412efe3424eec90f2042e7df49ac3c30854c0b45bacac71e7,2024-10,Northumbria Police,Northumbria Police,-1.404028,54.926565,On or near Edinburgh Square,E01008712,Sunderland 004A,Violence and sexual offences,Investigation complete; no suspect identified,
f4d5ed25e12cd0017a3f91a99c37088da80125f49e3dc899003bdebdfea0bdc3,2024-10,Northumbria Police,Northumbria Police,-1.396408,54.924793,On or near Carley Hill Road,E01008712,Sunderland 004A,Violence and sexual offences,Status update unavailable,
749da9437db49ccd1fae0c8ec1295a7ac80dc01de7325617c275983c4b4cf664,2024-10,Northumbria Police,Northumbria Police,-1.402351,54.925999,On or near Norton Road,E01008712,Sunderland 004A,Other crime,Status update unavailable,
,2024-10,Northumbria Police,Northumbria Police,-1.414871,54.923463,On or near Pinewood Square,E01008817,Sunderland 004B,Anti-social behaviour,,
6cefb11d50280b5333b4aa0778dc67487ba4e6659f8b9630eea6b81f7adee2da,2024-10,Northumbria Police,Northumbria Police,-1.410604,54.922885,On or near Ashwood Avenue,E01008817,Sunderland 004B,Drugs,Local resolution,
d1079249b299391357d6c7106c0c705a2dd3c4eb90c6623d733e695aaebc85e0,2024-10,Northumbria Police,Northumbria Police,-1.408627,54.923604,On or near Oaklands Crescent,E01008817,Sunderland 004B,Public order,Status update unavailable,
d29a4d714fc1b6167343d954507e0756d77f129878f78abc31c45138575ab6e9,2024-10,Northumbria Police,Northumbria Police,-1.408627,54.923604,On or near Oaklands Crescent,E01008817,Sunderland 004B,Violence and sexual offences,Investigation complete; no suspect identified,
5be5f7fc05d7d4dccdd489ce2a946df98d38583f91052448466c06106a2288ff,2024-10,Northumbria Police,Northumbria Police,-1.406572,54.925472,On or near Old Mill Road,E01008817,Sunderland 004B,Violence and sexual offences,Status update unavailable,
8b7fd1afb9968b97d50867283d63d135489e010aa5b13d048be480ee63c2c5bb,2024-10,Northumbria Police,Northumbria Police,-1.413428,54.923968,On or near Yewtree Avenue,E01008817,Sunderland 004B,Violence and sexual offences,Status update unavailable,
25c473071f9958d27eb6620bbac662070b390ae67886d0e548fc6d98de1cfb71,2024-10,Northumbria Police,Northumbria Police,-1.412879,54.923067,On or near Hollywood Avenue,E01008817,Sunderland 004B,Violence and sexual offences,Status update unavailable,
f025868225ad0b0a93b3783178de28280ba918acad7cc10b64c403084a10b816,2024-10,Northumbria Police,Northumbria Police,-1.413428,54.923968,On or near Yewtree Avenue,E01008817,Sunderland 004B,Violence and sexual offences,Status update unavailable,
4c4f07680af82fabacca4a9b1850131fa9d24af2d01bef1a40e81cc62f6fd8fe,2024-10,Northumbria Police,Northumbria Police,-1.424240,54.922906,On or near Raleigh Road,E01008819,Sunderland 004C,Criminal damage and arson,Status update unavailable,
23106b429501691d76f2083a27f3904d654894df9699c96f2819df03297a2645,2024-10,Northumbria Police,Northumbria Police,-1.425904,54.923327,On or near Reeth Road,E01008819,Sunderland 004C,Public order,Court result unavailable,
f1c076ae93d665c7c033dddaeac1dcfef8792f66afbcc887225cd9868bf66d8a,2024-10,Northumbria Police,Northumbria Police,-1.427223,54.922740,On or near Raleigh Square,E01008819,Sunderland 004C,Shoplifting,Status update unavailable,
dab681a59cb61c05dda5055726e79915c453231f6eb492e6e614376f8bd379e2,2024-10,Northumbria Police,Northumbria Police,-1.425904,54.923327,On or near Reeth Road,E01008819,Sunderland 004C,Violence and sexual offences,Status update unavailable,
7c2202afc71adb2cb0d9d751e0020bdfd5ba43d6deb6bc996108647b13153395,2024-10,Northumbria Police,Northumbria Police,-1.425287,54.926083,On or near Runnymede Way,E01008819,Sunderland 004C,Violence and sexual offences,Investigation complete; no suspect identified,
deb879f7cbd6893282da6f4e86937e4c1d08e79e35a50341f5d569fd35aaebfd,2024-10,Northumbria Police,Northumbria Police,-1.425287,54.926083,On or near Runnymede Way,E01008819,Sunderland 004C,Violence and sexual offences,Status update unavailable,
01009e8b8c643f5b6d1ecfefd88a3d192855247e0ed8725d07484721ddef1f1a,2024-10,Northumbria Police,Northumbria Police,-1.425287,54.926083,On or near Runnymede Way,E01008819,Sunderland 004C,Violence and sexual offences,Investigation complete; no suspect identified,
cc7ed16231ad7bddbb68aecaafab6cd52feb77af47bb212ff2f2edfee858294c,2024-10,Northumbria Police,Northumbria Police,-1.424240,54.922906,On or near Raleigh Road,E01008819,Sunderland 004C,Violence and sexual offences,Investigation complete; no suspect identified,
f990bd3341095ed8d9cad1aa8db8062edb377810e1b211c94bf84e3cc3dec4b5,2024-10,Northumbria Police,Northumbria Police,-1.425294,54.925625,On or near Runnymede Road,E01008819,Sunderland 004C,Violence and sexual offences,Status update unavailable,
,2024-10,Northumbria Police,Northumbria Police,-1.412327,54.929903,On or near Woolwich Close,E01008821,Sunderland 004D,Anti-social behaviour,,
,2024-10,Northumbria Police,Northumbria Police,-1.412327,54.929903,On or near Woolwich Close,E01008821,Sunderland 004D,Anti-social behaviour,,
,2024-10,Northumbria Police,Northumbria Police,-1.412327,54.929903,On or near Woolwich Close,E01008821,Sunderland 004D,Anti-social behaviour,,
bc104ceed925f44845350acd62e3915f61c5b2aa6d516b26e141088eb2f64680,2024-10,Northumbria Police,Northumbria Police,-1.416320,54.928988,On or near Witney Close,E01008821,Sunderland 004D,Criminal damage and arson,Investigation complete; no suspect identified,
dadc8f75880498d5d7f4f89ba68385c86af692c0fd730680f49870bcec9bfd17,2024-10,Northumbria Police,Northumbria Police,-1.420307,54.927335,On or near Rosyth Road,E01008821,Sunderland 004D,Criminal damage and arson,Status update unavailable,
1ef858191b479fd5a2e5386d560f02b6a09d3ce40218c88370c5cccff0aefb6b,2024-10,Northumbria Police,Northumbria Police,-1.413369,54.930160,On or near Rothley Court,E01008821,Sunderland 004D,Criminal damage and arson,Investigation complete; no suspect identified,
d47ee66e06fdc09b2fad0e66054d576e2bdac8248924234b216afd0e3351db14,2024-10,Northumbria Police,Northumbria Police,-1.410891,54.927811,On or near Wembley Road,E01008821,Sunderland 004D,Drugs,Court result unavailable,
5192072238def870a0f4e69229b820efebdafa64ad175c5fa72f7f45862df1a0,2024-10,Northumbria Police,Northumbria Police,-1.413314,54.925379,On or near Maplewood Avenue,E01008821,Sunderland 004D,Other theft,Investigation complete; no suspect identified,
c0b0989d3784030c293faa437d1c37ccf9d00b63f55626d4d6b4c8d7c23dcb59,2024-10,Northumbria Police,Northumbria Police,-1.410891,54.927811,On or near Wembley Road,E01008821,Sunderland 004D,Public order,Investigation complete; no suspect identified,
089cb43af70a0df7c914a9861d7bb7dd16632665a3a727396e3b7fa1245c4e18,2024-10,Northumbria Police,Northumbria Police,-1.417086,54.928911,On or near Wendover Close,E01008821,Sunderland 004D,Public order,Status update unavailable,
907e50cf232cf6138f96b8785ec2fa3c79cce5a0a7b1cb7d6926adb50206bbed,2024-10,Northumbria Police,Northumbria Police,-1.410891,54.927811,On or near Wembley Road,E01008821,Sunderland 004D,Public order,Court result unavailable,
cd3db7b5865fd919efd637cb97d6fa1249327faf277f13204af071fe1575b078,2024-10,Northumbria Police,Northumbria Police,-1.413306,54.929099,On or near Westport Close,E01008821,Sunderland 004D,Shoplifting,Status update unavailable,
3d5e2f44240005b06703d8bb3213e1583b7bb448dc9d1fcc25f66ce0fcb22952,2024-10,Northumbria Police,Northumbria Police,-1.413306,54.929099,On or near Westport Close,E01008821,Sunderland 004D,Violence and sexual offences,Investigation complete; no suspect identified,
963b092007dccbaca2047c47423c5919c5e1967b6b3637902bdb3bfea635f372,2024-10,Northumbria Police,Northumbria Police,-1.412327,54.929903,On or near Woolwich Close,E01008821,Sunderland 004D,Violence and sexual offences,Investigation complete; no suspect identified,
b7bdb28b4afaf8d17bff4d4b4cf20a67742c063c618bd2a321de57561db8047f,2024-10,Northumbria Police,Northumbria Police,-1.411919,54.927960,On or near Wembley Close,E01008821,Sunderland 004D,Violence and sexual offences,Status update unavailable,
f8f5fc36e00b66cdf878fc45c3a1d806c00c76f8ca847556887002f1ac1dbc6c,2024-10,Northumbria Police,Northumbria Police,-1.410988,54.929726,On or near Watford Close,E01008821,Sunderland 004D,Violence and sexual offences,Status update unavailable,
2ffbc39cb23e102c88d42498c20a3456cb8aaa31723cca7cde27dbfbe21af1ed,2024-10,Northumbria Police,Northumbria Police,-1.413306,54.929099,On or near Westport Close,E01008821,Sunderland 004D,Other crime,Status update unavailable,
,2024-10,Northumbria Police,Northumbria Police,-1.428113,54.924910,On or near Rochdale Way,E01008822,Sunderland 004E,Anti-social behaviour,,
,2024-10,Northumbria Police,Northumbria Police,-1.430072,54.926465,On or near Retford Square,E01008822,Sunderland 004E,Anti-social behaviour,,
,2024-10,Northumbria Police,Northumbria Police,-1.422283,54.927767,On or near Roedean Road,E01008822,Sunderland 004E,Anti-social behaviour,,
ab4271ea6d392e6ccf1b29d45df44dfa972feef924d2ef537a090d59e1a7f63c,2024-10,Northumbria Police,Northumbria Police,-1.422283,54.927767,On or near Roedean Road,E01008822,Sunderland 004E,Criminal damage and arson,Investigation complete; no suspect identified,
0a7ba5abd5d35b7928634352f332cb7335c8ca7febf22a99005dd5727bdb79f8,2024-10,Northumbria Police,Northumbria Police,-1.422348,54.928639,On or near Rutherglen Road,E01008822,Sunderland 004E,Other theft,Offender given a caution,
6a63a6bad0da6efa9c8700fedd8c62623c78da8b8f5403983f75380dd4f8c877,2024-10,Northumbria Police,Northumbria Police,-1.428113,54.924910,On or near Rochdale Way,E01008822,Sunderland 004E,Public order,Status update unavailable,
a6e604bef2c86b6b7df9896a84be1fdd222713fcd4b43e420593d0becb1d3995,2024-10,Northumbria Police,Northumbria Police,-1.422283,54.927767,On or near Roedean Road,E01008822,Sunderland 004E,Public order,Investigation complete; no suspect identified,
2acc7766edcd777a36d87ad43b03fc3dc40f2e540f8d2d22149b271a1b3fb500,2024-10,Northumbria Police,Northumbria Police,-1.427130,54.925966,On or near Rochdale Road,E01008822,Sunderland 004E,Vehicle crime,Investigation complete; no suspect identified,
fdb86fb77fdb39363da0802c4012dc2f366fd073e2b39d47c1c3f2a6a3a7c08a,2024-10,Northumbria Police,Northumbria Police,-1.422283,54.927767,On or near Roedean Road,E01008822,Sunderland 004E,Violence and sexual offences,Investigation complete; no suspect identified,
ae01576007fac604af583d763079a908434ac4b2a415688dde0172a978d5d889,2024-10,Northumbria Police,Northumbria Police,-1.422283,54.927767,On or near Roedean Road,E01008822,Sunderland 004E,Violence and sexual offences,Status update unavailable,
7914cb9669ee033cfc5c0e28558b80066b7b9ef6dafaf2128d1440fb29c4cadf,2024-10,Northumbria Police,Northumbria Police,-1.421239,54.927627,On or near Rupert Square,E01008822,Sunderland 004E,Violence and sexual offences,Status update unavailable,
1cf91fcfbaa8c951adde3ddaaeb2cde176168a0e7fffeabe17b9848c549d758f,2024-10,Northumbria Police,Northumbria Police,-1.428113,54.924910,On or near Rochdale Way,E01008822,Sunderland 004E,Other crime,Status update unavailable,
c57ec038a3a4fe925517448ebd570f71d79ca0140777b2010f9f2910e3472ea6,2024-10,Northumbria Police,Northumbria Police,-1.427727,54.927856,On or near Rhodesia Road,E01008822,Sunderland 004E,Other crime,Status update unavailable,
,2024-10,Northumbria Police,Northumbria Police,-1.433614,54.923183,On or near Bowburn Avenue,E01008842,Sunderland 004F,Anti-social behaviour,,
,2024-10,Northumbria Police,Northumbria Police,-1.438091,54.924319,On or near Rothwell Road,E01008842,Sunderland 004F,Anti-social behaviour,,
,2024-10,Northumbria Police,Northumbria Police,-1.433257,54.926381,On or near Riga Square,E01008842,Sunderland 004F,Anti-social behaviour,,
,2024-10,Northumbria Police,Northumbria Police,-1.438091,54.924319,On or near Rothwell Road,E01008842,Sunderland 004F,Anti-social behaviour,,
7486e356c3e2c8df8c4bc8fa31b701de94c06cc23d7d27375a8a4d9ed075bc03,2024-10,Northumbria Police,Northumbria Police,-1.436366,54.924931,On or near Rotherfield Road,E01008842,Sunderland 004F,Criminal damage and arson,Status update unavailable,
92d8f7eef0b2d06296f0cb5e07a67e7bb8f1529971c15559e8a80584a235253d,2024-10,Northumbria Police,Northumbria Police,-1.431007,54.924357,On or near Redruth Square,E01008842,Sunderland 004F,Criminal damage and arson,Status update unavailable,
18266f50b897e961a15978c438cbfc112a1ea053cee1ea42316ffb0a3d4bb71f,2024-10,Northumbria Police,Northumbria Police,-1.436222,54.924112,On or near Ribble Road,E01008842,Sunderland 004F,Criminal damage and arson,Investigation complete; no suspect identified,
6622a5aa54d7163fc5bea3929af8dcd58f6a0faa31ec8eb999beb3d8459dc0d6,2024-10,Northumbria Police,Northumbria Police,-1.434181,54.923878,On or near Spa Well Drive,E01008842,Sunderland 004F,Criminal damage and arson,Status update unavailable,
9e8f09228d8103f46b79908619968aa56e9b4a2e869d42fb59dca4084f0d1508,2024-10,Northumbria Police,Northumbria Police,-1.434181,54.923878,On or near Spa Well Drive,E01008842,Sunderland 004F,Drugs,Status update unavailable,
c94fecf12c025bbd88c42dbdf09d0e0746c383861ac6ba755f3526e2eb4ef2b4,2024-10,Northumbria Police,Northumbria Police,-1.433257,54.926381,On or near Riga Square,E01008842,Sunderland 004F,Other theft,Investigation complete; no suspect identified,
14994e8cc184b539ccff6376bc82e7334337b89a56e2170cc21243921818bfea,2024-10,Northumbria Police,Northumbria Police,-1.433257,54.926381,On or near Riga Square,E01008842,Sunderland 004F,Public order,Investigation complete; no suspect identified,
fc023c89f01011bf0bd054332747fde8436e8bab92c5fce443013c280e21eb2f,2024-10,Northumbria Police,Northumbria Police,-1.432008,54.925261,On or near Reading Square,E01008842,Sunderland 004F,Public order,Investigation complete; no suspect identified,
1037606c939e328faec61a27ece1353e1363a20699660b24998499e35b6390e6,2024-10,Northumbria Police,Northumbria Police,-1.431007,54.924357,On or near Redruth Square,E01008842,Sunderland 004F,Public order,Status update unavailable,
9306e005e820282c87dbd5149375817e7ed431b00795dc9dc61557e59a67a2f5,2024-10,Northumbria Police,Northumbria Police,-1.438091,54.924319,On or near Rothwell Road,E01008842,Sunderland 004F,Vehicle crime,Investigation complete; no suspect identified,
611323cd3c0b8653321a74011632dc60bb167202ee29ffb4800ba90d81bd7737,2024-10,Northumbria Police,Northumbria Police,-1.433257,54.926381,On or near Riga Square,E01008842,Sunderland 004F,Vehicle crime,Status update unavailable,
c62068cd429ab90c8cdfee3cea78c0fc5e123f0e508419bc66951d7dedd5b326,2024-10,Northumbria Police,Northumbria Police,-1.436222,54.924112,On or near Ribble Road,E01008842,Sunderland 004F,Violence and sexual offences,Status update unavailable,
8921b9451509f6a03ffba5d2a3398d032d93a84354e5179b0156a1bfd6e75d65,2024-10,Northumbria Police,Northumbria Police,-1.433257,54.926381,On or near Riga Square,E01008842,Sunderland 004F,Violence and sexual offences,Status update unavailable,
1a7bbc6a3598c7c221a923496b9768ca6eea89830f93536d8d7bc02e159a1a54,2024-10,Northumbria Police,Northumbria Police,-1.434181,54.923878,On or near Spa Well Drive,E01008842,Sunderland 004F,Violence and sexual offences,Offender given a caution,
c555b26028dc9c3f0ab58c9298ea79082134d7fc21d8ef266c28560db5663273,2024-10,Northumbria Police,Northumbria Police,-1.434181,54.923878,On or near Spa Well Drive,E01008842,Sunderland 004F,Violence and sexual offences,Status update unavailable,
c3b89269e52041367a1e3c4087c2334e60e830741201ab015306c7d2746a0cd9,2024-10,Northumbria Police,Northumbria Police,-1.434769,54.924258,On or near Shincliffe Avenue,E01008842,Sunderland 004F,Violence and sexual offences,Status update unavailable,
fa17a2d5decd42afbe50b68405333471d064a33ebf76c3c034de44dbf8cb7fb1,2024-10,Northumbria Police,Northumbria Police,-1.434181,54.923878,On or near Spa Well Drive,E01008842,Sunderland 004F,Violence and sexual offences,Status update unavailable,
b1e2131939fbdf9a96ab3fd4892b9ff80df70671c4ff84f18bae6d6bf69b60fd,2024-10,Northumbria Police,Northumbria Police,-1.436222,54.924112,On or near Ribble Road,E01008842,Sunderland 004F,Other crime,Status update unavailable,
,2024-10,Northumbria Police,Northumbria Police,-1.392325,54.919327,On or near Chilton Street,E01008708,Sunderland 005A,Anti-social behaviour,,
,2024-10,Northumbria Police,Northumbria Police,-1.392325,54.919327,On or near Chilton Street,E01008708,Sunderland 005A,Anti-social behaviour,,
87d4ef6ec2a789e271d3dd9a13a105bd61fd3ce81cb5950ecb24c88f9c55c6d1,2024-10,Northumbria Police,Northumbria Police,-1.392325,54.919327,On or near Chilton Street,E01008708,Sunderland 005A,Violence and sexual offences,Status update unavailable,
724586ba4159fe4f57cc7645a1242e284af32811a9fbc1038cf57ab978f56355,2024-10,Northumbria Police,Northumbria Police,-1.389607,54.920553,On or near Newbold Avenue,E01008708,Sunderland 005A,Violence and sexual offences,Investigation complete; no suspect identified,
0e3578f1263806868352100ce938a70e321714b43afa9ea57635bf3f0a8007bd,2024-10,Northumbria Police,Northumbria Police,-1.389607,54.920553,On or near Newbold Avenue,E01008708,Sunderland 005A,Violence and sexual offences,Investigation complete; no suspect identified,
6891e2d434d4ebeae655b45ec917f5aad053230651fba349d8d54bc77b4e7b08,2024-10,Northumbria Police,Northumbria Police,-1.389637,54.922674,On or near Norley Avenue,E01008708,Sunderland 005A,Violence and sexual offences,Investigation complete; no suspect identified,
8080442b964b2787ae25cc3284362fec3a08531ca9a89c4eec4be46524424155,2024-10,Northumbria Police,Northumbria Police,-1.388269,54.919252,On or near Eglinton Street North,E01008708,Sunderland 005A,Violence and sexual offences,Investigation complete; no suspect identified,
d9a7644486f00c230a0f842d78b9ad1a249f80861c4447c46ee7ce1f66382069,2024-10,Northumbria Police,Northumbria Police,-1.392325,54.919327,On or near Chilton Street,E01008708,Sunderland 005A,Violence and sexual offences,Status update unavailable,
59693a59b8791029ee2f08f70aa6a3a414e6159f839cbe7ab62ff0788110c274,2024-10,Northumbria Police,Northumbria Police,-1.389637,54.922674,On or near Norley Avenue,E01008708,Sunderland 005A,Violence and sexual offences,Investigation complete; no suspect identified,
,2024-10,Northumbria Police,Northumbria Police,-1.400670,54.919377,On or near South Terrace,E01008709,Sunderland 005B,Anti-social behaviour,,
,2024-10,Northumbria Police,Northumbria Police,-1.400670,54.919377,On or near South Terrace,E01008709,Sunderland 005B,Anti-social behaviour,,
,2024-10,Northumbria Police,Northumbria Police,-1.396247,54.922024,On or near Chalford Road,E01008709,Sunderland 005B,Anti-social behaviour,,
97b96b9ab19fa74feed5b815a02760aa5bb2dca05ff507813fd690d1196104fe,2024-10,Northumbria Police,Northumbria Police,-1.396392,54.920659,On or near Edward Burdis Street,E01008709,Sunderland 005B,Criminal damage and arson,Investigation complete; no suspect identified,
4abfa9150f192a44c224a887ab60bd1fa4f72c53e369bbb9c5f34785bdf93a6b,2024-10,Northumbria Police,Northumbria Police,-1.394848,54.919591,On or near Maypole Close,E01008709,Sunderland 005B,Criminal damage and arson,Investigation complete; no suspect identified,
f83bfaaa2ab56279a4fee4229029f8b39572dff1d2e1566e239bd85931207fed,2024-10,Northumbria Police,Northumbria Police,-1.396392,54.920659,On or near Edward Burdis Street,E01008709,Sunderland 005B,Criminal damage and arson,Investigation complete; no suspect identified,
3e05a5fc0b2c063e3cad68d14063c687fa0daa2b65dc3d858158208625e6597c,2024-10,Northumbria Police,Northumbria Police,-1.398169,54.920758,On or near Morgan Street,E01008709,Sunderland 005B,Criminal damage and arson,Investigation complete; no suspect identified,
950a61ff0e984046ee788330d9c52cc266b68a93788c029f38e99f20f1323d37,2024-10,Northumbria Police,Northumbria Police,-1.398758,54.921057,On or near Collingwood Street,E01008709,Sunderland 005B,Drugs,Court result unavailable,
06e5c6b12855d8a9d3ba7f5a154996feb8cbc6c6326915631b480ba40ecb7188,2024-10,Northumbria Police,Northumbria Police,-1.398758,54.921057,On or near Collingwood Street,E01008709,Sunderland 005B,Drugs,Court result unavailable,
9067b71c9cdebc14a836b68fc4312a4fc90165f54af73254dd6af53e37e0df20,2024-10,Northumbria Police,Northumbria Police,-1.398758,54.921057,On or near Collingwood Street,E01008709,Sunderland 005B,Drugs,Court result unavailable,
da68ff6ec50106353ee972ee5b7af83ecc1bdab13381b91e9a1728e744e51e79,2024-10,Northumbria Police,Northumbria Police,-1.400670,54.919377,On or near South Terrace,E01008709,Sunderland 005B,Theft from the person,Investigation complete; no suspect identified,
373a246c2ea6c95458e9db6c5225d42a411d2d3644095110fb372759ddc5ddb6,2024-10,Northumbria Police,Northumbria Police,-1.398758,54.921057,On or near Collingwood Street,E01008709,Sunderland 005B,Vehicle crime,Investigation complete; no suspect identified,
17f716fd261368609a605a50f856e9154cb279b8836490c2d070b16a892916ba,2024-10,Northumbria Police,Northumbria Police,-1.396392,54.920659,On or near Edward Burdis Street,E01008709,Sunderland 005B,Vehicle crime,Investigation complete; no suspect identified,
f1957ba31626691103b38a5587f07e097d5094def690b900b84a025f28c257cd,2024-10,Northumbria Police,Northumbria Police,-1.397225,54.919207,On or near Close Street,E01008709,Sunderland 005B,Violence and sexual offences,Investigation complete; no suspect identified,
c741bf8ece4354836d7d238c3b384f9fba388236c307509c718dd0c21a949d25,2024-10,Northumbria Police,Northumbria Police,-1.390296,54.918301,On or near Bond Close,E01008709,Sunderland 005B,Violence and sexual offences,Investigation complete; no suspect identified,
fd7593afa40aee678f59a2c8635a9077c576abbf15653e551ec4ed304f79fba5,2024-10,Northumbria Police,Northumbria Police,-1.396399,54.919158,On or near Lee Street,E01008709,Sunderland 005B,Violence and sexual offences,Status update unavailable,
278f552054f9e56e511dd6c246a3badba001cfd4a004a7056b7ec70e7b563709,2024-10,Northumbria Police,Northumbria Police,-1.397829,54.919489,On or near Usher Street,E01008709,Sunderland 005B,Violence and sexual offences,Status update unavailable,
bf59ab64a2d6e7029bf8fdf782bb0a9b6534b74e79239e7847482f3be11ae404,2024-10,Northumbria Police,Northumbria Police,-1.397829,54.919489,On or near Usher Street,E01008709,Sunderland 005B,Violence and sexual offences,Investigation complete; no suspect identified,
e45cf4dcd66c8d68b902d1a800e2e7724664aa22e3e3c2ddf4a8106f9287177a,2024-10,Northumbria Police,Northumbria Police,-1.393778,54.919163,On or near Pemberton Close,E01008709,Sunderland 005B,Other crime,Status update unavailable,
d684df70f9452eb8f27aa14b19aab77bf5998e05a15b3409c6d87aa8d5e1b60f,2024-10,Northumbria Police,Northumbria Police,-1.396392,54.920659,On or near Edward Burdis Street,E01008709,Sunderland 005B,Other crime,Status update unavailable,
,2024-10,Northumbria Police,Northumbria Police,-1.388110,54.914354,On or near Sports/Recreation Area,E01008711,Sunderland 005D,Anti-social behaviour,,
de0a2982987fd0c8c672a67d948d096d519e95e1c76348b3108256ee5466cb62,2024-10,Northumbria Police,Northumbria Police,-1.384407,54.920859,On or near Wetherall Close,E01008711,Sunderland 005D,Burglary,Investigation complete; no suspect identified,
85e97c27560a98db6565ba4fe5f236121cf751024e3ba15806eec133c48b1793,2024-10,Northumbria Police,Northumbria Police,-1.385695,54.915133,On or near Stadium Way,E01008711,Sunderland 005D,Burglary,Investigation complete; no suspect identified,
724319314086622cd12ce7dcae053c0ec36d82a0def072d678e43e2ece0a8e92,2024-10,Northumbria Police,Northumbria Police,-1.383427,54.915552,On or near Rosebery Street,E01008711,Sunderland 005D,Drugs,Investigation complete; no suspect identified,
7e20908637e2f9b4b45bd6b74aa75aa8ba8a33629a8dc5b65d7e3d5cac65ec09,2024-10,Northumbria Police,Northumbria Police,-1.388110,54.914354,On or near Sports/Recreation Area,E01008711,Sunderland 005D,Public order,Status update unavailable,
964641c6311f8263717442312eda829f9a5e02fb2340867103cb65b40253db6f,2024-10,Northumbria Police,Northumbria Police,-1.385695,54.915133,On or near Stadium Way,E01008711,Sunderland 005D,Shoplifting,Court result unavailable,
05dde9c037335b993c56576aaaea0fde8ce74913d6966c72bdb9cadbdabf7832,2024-10,Northumbria Police,Northumbria Police,-1.386473,54.925579,On or near Bartram Street,E01008711,Sunderland 005D,Violence and sexual offences,Status update unavailable,
8b7638e6f5850d619328a25ba7f5b553077b09aaac40c391b0c9c99c0d5a326d,2024-10,Northumbria Police,Northumbria Police,-1.387555,54.918036,On or near Wayman Street,E01008711,Sunderland 005D,Violence and sexual offences,Status update unavailable,
7c367b9724d5f8ad822f4915413b5ad9af6c7cc937a67c304089b55798e61a22,2024-10,Northumbria Police,Northumbria Police,-1.384344,54.915773,On or near Howard Street,E01008711,Sunderland 005D,Violence and sexual offences,Status update unavailable,
b2d5cb668bebcfce02550da771c8ce89dd88ce1ec0cfe222c1d16c66e1576cb4,2024-10,Northumbria Police,Northumbria Police,-1.388110,54.914354,On or near Sports/Recreation Area,E01008711,Sunderland 005D,Violence and sexual offences,Investigation complete; no suspect identified,
cda90fa81eab0b595d7c4e3997290bdfa48f53a752fc961ddb6ebb8bf87b0aa6,2024-10,Northumbria Police,Northumbria Police,-1.388110,54.914354,On or near Sports/Recreation Area,E01008711,Sunderland 005D,Violence and sexual offences,Investigation complete; no suspect identified,
f458adfde7b32a7e2d79b1904487b3f9671738d7c942e453b63d1b1b66e99ddb,2024-10,Northumbria Police,Northumbria Police,-1.388110,54.914354,On or near Sports/Recreation Area,E01008711,Sunderland 005D,Violence and sexual offences,Status update unavailable,
c6314ecce104b155cc6bd148f67468793a9e1fb5f1f87e93c0e9e64576736dc9,2024-10,Northumbria Police,Northumbria Police,-1.388110,54.914354,On or near Sports/Recreation Area,E01008711,Sunderland 005D,Violence and sexual offences,Court result unavailable,
fae6b6f7f97650bb6af95662855365b7141352afb3f263460a518a6494419905,2024-10,Northumbria Police,Northumbria Police,-1.391388,54.917300,On or near Keir Hardie Way,E01008711,Sunderland 005D,Violence and sexual offences,Status update unavailable,
d9b14246ce6f162fd3089d5906a5f1e04099d45a6ebcf5df7fceb2e71b296e35,2024-10,Northumbria Police,Northumbria Police,-1.385346,54.916596,On or near Eglinton Street,E01008711,Sunderland 005D,Violence and sexual offences,Status update unavailable,
3a0b70581e08ed3567ed3b2f4ce23b564a80d20e570e7a40009b8e07e588868a,2024-10,Northumbria Police,Northumbria Police,-1.391388,54.917300,On or near Keir Hardie Way,E01008711,Sunderland 005D,Violence and sexual offences,Status update unavailable,
ead13ee9ecda37c7b780859e243b8cb5c67809165ef71b349ea9e87bb1464863,2024-10,Northumbria Police,Northumbria Police,-1.388110,54.914354,On or near Sports/Recreation Area,E01008711,Sunderland 005D,Violence and sexual offences,Investigation complete; no suspect identified,
f67109d33a683639942bc0cd42802b77777c47d01a9af766b333daeecb760252,2024-10,Northumbria Police,Northumbria Police,-1.388110,54.914354,On or near Sports/Recreation Area,E01008711,Sunderland 005D,Violence and sexual offences,Investigation complete; no suspect identified,
6b12d5e85a26ec68f0b66b7df4473228f7f55e516650c001d7f681b6d9840f70,2024-10,Northumbria Police,Northumbria Police,-1.386785,54.924547,On or near Hospital,E01008711,Sunderland 005D,Other crime,Status update unavailable,
,2024-10,Northumbria Police,Northumbria Police,-1.406510,54.921176,On or near James Street,E01034514,Sunderland 005H,Anti-social behaviour,,
,2024-10,Northumbria Police,Northumbria Police,-1.403865,54.920705,On or near Keats Avenue,E01034514,Sunderland 005H,Anti-social behaviour,,
,2024-10,Northumbria Police,Northumbria Police,-1.405547,54.918754,On or near Police Station,E01034514,Sunderland 005H,Anti-social behaviour,,
,2024-10,Northumbria Police,Northumbria Police,-1.402061,54.924515,On or near Scoresby Close,E01034514,Sunderland 005H,Anti-social behaviour,,
,2024-10,Northumbria Police,Northumbria Police,-1.408454,54.921581,On or near Grosvenor Street,E01034514,Sunderland 005H,Anti-social behaviour,,
,2024-10,Northumbria Police,Northumbria Police,-1.411163,54.920902,On or near Broadsheath Terrace,E01034514,Sunderland 005H,Anti-social behaviour,,
,2024-10,Northumbria Police,Northumbria Police,-1.397555,54.923370,On or near Supermarket,E01034514,Sunderland 005H,Anti-social behaviour,,
,2024-10,Northumbria Police,Northumbria Police,-1.405853,54.922368,On or near Gordon Terrace,E01034514,Sunderland 005H,Anti-social behaviour,,
,2024-10,Northumbria Police,Northumbria Police,-1.422374,54.919239,On or near Hylton Park Road,E01034514,Sunderland 005H,Anti-social behaviour,,
,2024-10,Northumbria Police,Northumbria Police,-1.400861,54.921229,On or near Goschen Street,E01034514,Sunderland 005H,Anti-social behaviour,,
2e11641c4a29bd3853a3c8d3bb1b89cbe28236b65aa5957125be4c1000efcca7,2024-10,Northumbria Police,Northumbria Police,-1.412620,54.918375,On or near Alexandra Avenue,E01034514,Sunderland 005H,Bicycle theft,Investigation complete; no suspect identified,
9ccdb54a49f6c3b5ebd6bf51a6d219d3ba094656da9f7ebe4e5abda5ddc76252,2024-10,Northumbria Police,Northumbria Police,-1.406510,54.921176,On or near James Street,E01034514,Sunderland 005H,Criminal damage and arson,Status update unavailable,
ad34b7d08828da97d82d27e9f03bbdcb2a481ec3f4a2b1ef4a757d4918ee1cb7,2024-10,Northumbria Police,Northumbria Police,-1.402445,54.919628,On or near The Green,E01034514,Sunderland 005H,Criminal damage and arson,Investigation complete; no suspect identified,
01b9a9402de622cfe6f50a7504e41d2df1bda3249383b40c9ea3a340ebad5fff,2024-10,Northumbria Police,Northumbria Police,-1.405547,54.918754,On or near Police Station,E01034514,Sunderland 005H,Criminal damage and arson,Court result unavailable,
cec1b58a42ace5a8e321a502e0a6feb88835f1efd4c6c3381dd8d5fd5158ccca,2024-10,Northumbria Police,Northumbria Police,-1.393153,54.921290,On or near Sophy Street,E01034514,Sunderland 005H,Criminal damage and arson,Investigation complete; no suspect identified,
6c00e51b3587d902217187f6d5633d1df0cb3474b3490901c83db389ec02271f,2024-10,Northumbria Police,Northumbria Police,-1.409085,54.922186,On or near The Poplars,E01034514,Sunderland 005H,Criminal damage and arson,Investigation complete; no suspect identified,
4f7111a6f9c13ba2a0dc9fea12cdada7a4fc882e06968504cc4de9728a270e60,2024-10,Northumbria Police,Northumbria Police,-1.405547,54.918754,On or near Police Station,E01034514,Sunderland 005H,Drugs,Offender given a caution,
1800c581bce53e38bfd3aae6c93d3a50c05d4737b4f89826eea5d8aa49914ef0,2024-10,Northumbria Police,Northumbria Police,-1.404555,54.919387,On or near Lord Gort Close,E01034514,Sunderland 005H,Other theft,Status update unavailable,
18d9d00ea591b1ceef9c8e304503b9630b0d3d45a6bb0e02b7ab1e72fa4d9a96,2024-10,Northumbria Police,Northumbria Police,-1.409085,54.922186,On or near The Poplars,E01034514,Sunderland 005H,Other theft,Investigation complete; no suspect identified,
d73763a3046a52cd4fd2fc489f2e619b002db65ec0d6c19b087f1a4d4e21f8bc,2024-10,Northumbria Police,Northumbria Police,-1.402445,54.919628,On or near The Green,E01034514,Sunderland 005H,Other theft,Status update unavailable,
eda94ea0e8bc942c82b047169c32f06ed5aeef883bbcc618b65657b3e47c8474,2024-10,Northumbria Police,Northumbria Police,-1.409085,54.922186,On or near The Poplars,E01034514,Sunderland 005H,Other theft,Status update unavailable,
1645502f2b2708520647264d66d1fb0db901dbfbab5fbd75b83db8e4b1a5aaae,2024-10,Northumbria Police,Northumbria Police,-1.405547,54.918754,On or near Police Station,E01034514,Sunderland 005H,Public order,Investigation complete; no suspect identified,
6d43c9dbc94dc77aeb255a82c00bba41f36d10f17f4793e6d6e94dfbd7b88252,2024-10,Northumbria Police,Northumbria Police,-1.402445,54.919628,On or near The Green,E01034514,Sunderland 005H,Public order,Investigation complete; no suspect identified,
71ab14e46323908e51256e93f730900200991384db3d8833b4a25cc12400cf2d,2024-10,Northumbria Police,Northumbria Police,-1.405547,54.918754,On or near Police Station,E01034514,Sunderland 005H,Public order,Status update unavailable,
50cbd5b8e66f7d621f5d5d9b67fedcdf20c2f55c4a46e27ce3b66a3ad61c3d5b,2024-10,Northumbria Police,Northumbria Police,-1.405547,54.918754,On or near Police Station,E01034514,Sunderland 005H,Public order,Court result unavailable,
84543ded1ee0db55a1f40c889e1fc0c1e08a73ee2af007599e328b8cb6f9659a,2024-10,Northumbria Police,Northumbria Police,-1.418787,54.920238,On or near Riverside Road,E01034514,Sunderland 005H,Public order,Investigation complete; no suspect identified,
1e49aa39756258055399d76a3100308b61de4acd0a068fdcd07662825b1f6592,2024-10,Northumbria Police,Northumbria Police,-1.405547,54.918754,On or near Police Station,E01034514,Sunderland 005H,Public order,Court result unavailable,
216a05b174655afabe59c374aca67a8c9f48478f00449897b290b736b4cec1c8,2024-10,Northumbria Police,Northumbria Police,-1.405547,54.918754,On or near Police Station,E01034514,Sunderland 005H,Public order,Status update unavailable,
529c810d57ee080f313e3f6e427f5b5681f4eb412011289da43d8ea153c1e0d7,2024-10,Northumbria Police,Northumbria Police,-1.422374,54.919239,On or near Hylton Park Road,E01034514,Sunderland 005H,Robbery,Investigation complete; no suspect identified,
4d7e4ebf710bc31f2be9d41822ea5918d9127fa58db76483ba30498e5a035a03,2024-10,Northumbria Police,Northumbria Police,-1.402445,54.919628,On or near The Green,E01034514,Sunderland 005H,Shoplifting,Investigation complete; no suspect identified,
9cb1d78e62bfb7695fcc7d4671744aa94de48fa46463bc40caa249a15e893993,2024-10,Northumbria Police,Northumbria Police,-1.397555,54.923370,On or near Supermarket,E01034514,Sunderland 005H,Shoplifting,Status update unavailable,
5314a17793f27e308c5a25e540dffb65cc24a5bbc335b3cb0f56ae901648c2c8,2024-10,Northumbria Police,Northumbria Police,-1.397555,54.923370,On or near Supermarket,E01034514,Sunderland 005H,Shoplifting,Investigation complete; no suspect identified,
4e37a949cb94209f754cbe8bf053cb47a74cd6882f563527c31f474aa7ca2a31,2024-10,Northumbria Police,Northumbria Police,-1.397555,54.923370,On or near Supermarket,E01034514,Sunderland 005H,Shoplifting,Investigation complete; no suspect identified,
839058d8665b7394d1ba20812c7675f910d40e7db8883535718e9988955c8413,2024-10,Northumbria Police,Northumbria Police,-1.397555,54.923370,On or near Supermarket,E01034514,Sunderland 005H,Shoplifting,Status update unavailable,
65087673b93b21af0f7efa3830b882876c89419d52ac33cb4dff605163631396,2024-10,Northumbria Police,Northumbria Police,-1.404555,54.919387,On or near Lord Gort Close,E01034514,Sunderland 005H,Vehicle crime,Status update unavailable,
b88c811616dae066d4515c05005ea8d2dda91bbc05b95455392475a8208eb263,2024-10,Northumbria Police,Northumbria Police,-1.397555,54.923370,On or near Supermarket,E01034514,Sunderland 005H,Vehicle crime,Status update unavailable,
20bf65a02626d94a2c03042c9948d5fbb01fe6e23850e9bf055ef28579563559,2024-10,Northumbria Police,Northumbria Police,-1.406510,54.921176,On or near James Street,E01034514,Sunderland 005H,Violence and sexual offences,Investigation complete; no suspect identified,
0bf289176c450283bc9abf1fc51a39428c78e67409df4e76bba7e234b229a9de,2024-10,Northumbria Police,Northumbria Police,-1.397555,54.923370,On or near Supermarket,E01034514,Sunderland 005H,Violence and sexual offences,Investigation complete; no suspect identified,
4ed626d70bdaf9f6077f39a1d1b81eb9ececd09434f3f5f40bf8ce274216c6a0,2024-10,Northumbria Police,Northumbria Police,-1.394022,54.920566,On or near Stafford Grove,E01034514,Sunderland 005H,Violence and sexual offences,Status update unavailable,
2c46d1b8ef057ece9857c299fc71b0428d273340681648a2a280bb12e361ae9a,2024-10,Northumbria Police,Northumbria Police,-1.402396,54.922944,On or near Beaumont Street,E01034514,Sunderland 005H,Violence and sexual offences,Status update unavailable,
9021405c9f752d53283cd3e43038f5c4ea383962fc4d804d1b1ab89330c7e2b1,2024-10,Northumbria Police,Northumbria Police,-1.393821,54.921464,On or near Amy Street,E01034514,Sunderland 005H,Violence and sexual offences,Status update unavailable,
485ec57cbf4f7cfcb36b9eb810a5770baadd8c648b42141093ee478b6689ba29,2024-10,Northumbria Police,Northumbria Police,-1.410384,54.919766,On or near Darwin Street,E01034514,Sunderland 005H,Violence and sexual offences,Status update unavailable,
a2acc25bc2095fe138169cc9f8e2ea62632e6ccfb0404b4492b7f80fe2d54b16,2024-10,Northumbria Police,Northumbria Police,-1.400494,54.921776,On or near Ridley Street,E01034514,Sunderland 005H,Violence and sexual offences,Investigation complete; no suspect identified,
fbc1c526b16bd2a1db6ff76ee542b3eac678c40f16ea3876ee7e369372e42c7a,2024-10,Northumbria Police,Northumbria Police,-1.402508,54.920635,On or near The King'S Road,E01034514,Sunderland 005H,Violence and sexual offences,Status update unavailable,
fab96afdb853e7a763e661fe416a0dfc9b947cf24a3955192ae03a6167c44279,2024-10,Northumbria Police,Northumbria Police,-1.404323,54.923484,On or near Hayton Close,E01034514,Sunderland 005H,Violence and sexual offences,Investigation complete; no suspect identified,
0fa0b280b745dacfa22691a68161c6f79577ba0bcfae7eed327907dfc86747e2,2024-10,Northumbria Police,Northumbria Police,-1.405547,54.918754,On or near Police Station,E01034514,Sunderland 005H,Violence and sexual offences,Court result unavailable,
daa57c3debfb87c36a399cb13fca790df0670992b003d36df5fc716f22b4d6b6,2024-10,Northumbria Police,Northumbria Police,-1.405547,54.918754,On or near Police Station,E01034514,Sunderland 005H,Violence and sexual offences,Status update unavailable,
5c78f8b840f24bc34e041493f4a1ea986d531e79f097680770d5aa92bd41bbfa,2024-10,Northumbria Police,Northumbria Police,-1.405547,54.918754,On or near Police Station,E01034514,Sunderland 005H,Violence and sexual offences,Status update unavailable,
fb3b0ff5dbf998ad4513025a1ea482a1478af2102e561e10c6c26246fc401abc,2024-10,Northumbria Police,Northumbria Police,-1.394022,54.920566,On or near Stafford Grove,E01034514,Sunderland 005H,Violence and sexual offences,Status update unavailable,
29dc51a9e3bf221b3a853f78828b08f65a093caf3117e9e3035646f792febe0b,2024-10,Northumbria Police,Northumbria Police,-1.397281,54.921697,On or near James Armitage Street,E01034514,Sunderland 005H,Violence and sexual offences,Court result unavailable,
ee4e169e1bdcd3f73daa6b885d16c87b0a6df6cc80b1063bf1e28642e8d4d82d,2024-10,Northumbria Police,Northumbria Police,-1.405547,54.918754,On or near Police Station,E01034514,Sunderland 005H,Violence and sexual offences,Court result unavailable,
4a1871873007d8555f63f53abc2de7b858fe72b03d6ab3fcba4fa2fe797b92bc,2024-10,Northumbria Police,Northumbria Police,-1.412178,54.920871,On or near Burntland Avenue,E01034514,Sunderland 005H,Violence and sexual offences,Status update unavailable,
a9070d9fa3da8dcf81caa07515bb36e8c9bbafbad2b41e19a175bc71e151251c,2024-10,Northumbria Police,Northumbria Police,-1.405547,54.918754,On or near Police Station,E01034514,Sunderland 005H,Violence and sexual offences,Investigation complete; no suspect identified,
923e07f79bee3e0ccb4b460c0491eb2f3e565bc792f043b01246d6ed3ba7bbd9,2024-10,Northumbria Police,Northumbria Police,-1.421774,54.919806,On or near Petrol Station,E01034514,Sunderland 005H,Violence and sexual offences,Investigation complete; no suspect identified,
d871f81dd955fd81f6f8fef860632d395db7868458251ac53fcf47b93cd4cd4c,2024-10,Northumbria Police,Northumbria Police,-1.393821,54.921464,On or near Amy Street,E01034514,Sunderland 005H,Violence and sexual offences,Status update unavailable,
bd77771e1d0d3a502253a88a4545fc9c14c859b3a1f51092b6976e7545c6fb90,2024-10,Northumbria Police,Northumbria Police,-1.408681,54.919982,On or near Park Terrace,E01034514,Sunderland 005H,Violence and sexual offences,Status update unavailable,
7b28add2a617b8e1a1b4c3d76193bf9b18ddc08e71bb55922f804f631d4500e9,2024-10,Northumbria Police,Northumbria Police,-1.406510,54.921176,On or near James Street,E01034514,Sunderland 005H,Other crime,Investigation complete; no suspect identified,
53d33c190d755aba851e73a3af4f803d79ccced8988076a574df9d7c0dcf0618,2024-10,Northumbria Police,Northumbria Police,-1.404323,54.923484,On or near Hayton Close,E01034514,Sunderland 005H,Other crime,Status update unavailable,
5cab5789afa922f51a98ec1c657cb86ef10319eb521d43eaf72b233014fe829a,2024-10,Northumbria Police,Northumbria Police,-1.405853,54.922368,On or near Gordon Terrace,E01034514,Sunderland 005H,Other crime,Investigation complete; no suspect identified,
204662dd9f3ad21ba8ea205ad5c9e47feffc7c10ff145fdf5d1f620fa7305a60,2024-10,Northumbria Police,Northumbria Police,-1.406057,54.923358,On or near Church View,E01034514,Sunderland 005H,Other crime,Investigation complete; no suspect identified,
,2024-10,Northumbria Police,Northumbria Police,-1.372872,54.922220,On or near Dinsdale Road,E01008786,Sunderland 006A,Anti-social behaviour,,
44ce239b3f84daf308e4bfbe72c6143ce96e44a0c5c768fdfe23e7858fc5e814,2024-10,Northumbria Police,Northumbria Police,-1.373837,54.926359,On or near Side Cliff Road,E01008786,Sunderland 006A,Other theft,Investigation complete; no suspect identified,
c14074fee6e2baa93e599f3b26a702ec08dd395015a152efe0e28d0b87c50963,2024-10,Northumbria Police,Northumbria Police,-1.373726,54.922467,On or near Glenthorne Road,E01008786,Sunderland 006A,Violence and sexual offences,Status update unavailable,
17befd2fa0eec08b01831222192e5bf9d29fc1e33ca360cddf0d950f55a757db,2024-10,Northumbria Police,Northumbria Police,-1.372872,54.922220,On or near Dinsdale Road,E01008786,Sunderland 006A,Violence and sexual offences,Investigation complete; no suspect identified,
cc56655010faa8a78bdbb7e274b32563a798acb641be3370d37cd11bc82ed86c,2024-10,Northumbria Police,Northumbria Police,-1.372444,54.917617,On or near Brandling Street South,E01008787,Sunderland 006B,Drugs,Status update unavailable,
2a852e587ae9ffcc2be2fef7fa241c1145efe43757f641bd21393270b11bf249,2024-10,Northumbria Police,Northumbria Police,-1.380625,54.917219,On or near Portobello Lane,E01008787,Sunderland 006B,Possession of weapons,Status update unavailable,
0afca17dad047446b24a9eca90b181907732fdb72221d254819f6b7c8cb9de0d,2024-10,Northumbria Police,Northumbria Police,-1.380625,54.917219,On or near Portobello Lane,E01008787,Sunderland 006B,Shoplifting,Investigation complete; no suspect identified,
cd357d577ce259fb43989c3f67ccfaa14723135f56189e59de5496bc46a3b5f7,2024-10,Northumbria Police,Northumbria Police,-1.380625,54.917219,On or near Portobello Lane,E01008787,Sunderland 006B,Shoplifting,Investigation complete; no suspect identified,
cc97c43859322a3e375e2d4125aff1c3985950e1667a11ca0f7182ec76285c15,2024-10,Northumbria Police,Northumbria Police,-1.380625,54.917219,On or near Portobello Lane,E01008787,Sunderland 006B,Shoplifting,Investigation complete; no suspect identified,
f75739c2fb4d03ea79481d97cc6edade6501c12248a23bd09759170a748f92e3,2024-10,Northumbria Police,Northumbria Police,-1.380625,54.917219,On or near Portobello Lane,E01008787,Sunderland 006B,Shoplifting,Status update unavailable,
8b4e1c7047610b0ab7c02632a37452fa11c9e787cf288ac0b4ff7df32c99b458,2024-10,Northumbria Police,Northumbria Police,-1.380625,54.917219,On or near Portobello Lane,E01008787,Sunderland 006B,Shoplifting,Investigation complete; no suspect identified,
b3593e41e2567356d063999b7d1d3f26e0d52170f9bbd6be6e04935fd0b09fc8,2024-10,Northumbria Police,Northumbria Police,-1.380625,54.917219,On or near Portobello Lane,E01008787,Sunderland 006B,Shoplifting,Court result unavailable,
d6efe65fc145c2c52755020b1c990f6a1420e1fa1907d09c7c587c20813c460c,2024-10,Northumbria Police,Northumbria Police,-1.380625,54.917219,On or near Portobello Lane,E01008787,Sunderland 006B,Shoplifting,Investigation complete; no suspect identified,
3899147e74ec4a027f946ddd1a892686a041c980845d6af60b3c4d376491434f,2024-10,Northumbria Police,Northumbria Police,-1.380625,54.917219,On or near Portobello Lane,E01008787,Sunderland 006B,Shoplifting,Investigation complete; no suspect identified,
e13e778c9c9232aae936a5afe30d4dab5f1a5d224bd9f30462f892763ff2d37d,2024-10,Northumbria Police,Northumbria Police,-1.380625,54.917219,On or near Portobello Lane,E01008787,Sunderland 006B,Shoplifting,Investigation complete; no suspect identified,
bf847a7680c8c95b682e57066b021dd8c37c5be43d9a07a934b56e8762f97917,2024-10,Northumbria Police,Northumbria Police,-1.380625,54.917219,On or near Portobello Lane,E01008787,Sunderland 006B,Shoplifting,Investigation complete; no suspect identified,
f5cce5b6521822796aa0de29602a7b39d0535d3e5708e3b35d951c2062c2cbea,2024-10,Northumbria Police,Northumbria Police,-1.380625,54.917219,On or near Portobello Lane,E01008787,Sunderland 006B,Shoplifting,Suspect charged as part of another case,
bd8305bda0bb378d65bd1913f6b72ffe3f922aaa6c2545a0cd0d512fbb8f63ab,2024-10,Northumbria Police,Northumbria Police,-1.380625,54.917219,On or near Portobello Lane,E01008787,Sunderland 006B,Shoplifting,Investigation complete; no suspect identified,
d0f41c92e905d264baeed13de6d216a13a61c07149e2f8d6265cc8e22a8100b1,2024-10,Northumbria Police,Northumbria Police,-1.380625,54.917219,On or near Portobello Lane,E01008787,Sunderland 006B,Shoplifting,Status update unavailable,
91bce68cd4e8458d759099cced303caf60996b2b767a676e2ff1325d1403aea2,2024-10,Northumbria Police,Northumbria Police,-1.380625,54.917219,On or near Portobello Lane,E01008787,Sunderland 006B,Shoplifting,Status update unavailable,
dd75fa3a7a4df01fe1d238e5657feb6db5f43f64e5f8c5914f0c74cc7330fe35,2024-10,Northumbria Police,Northumbria Police,-1.380625,54.917219,On or near Portobello Lane,E01008787,Sunderland 006B,Shoplifting,Investigation complete; no suspect identified,
01cf526ed3bab6b5d28ddcf733948947a329aea448bf3a46c4a4ca527b3004cf,2024-10,Northumbria Police,Northumbria Police,-1.380625,54.917219,On or near Portobello Lane,E01008787,Sunderland 006B,Shoplifting,Investigation complete; no suspect identified,
d870332e0fc2d51c6f8a2703af6aeea6de70fcd4cf853de179dda643c03a8698,2024-10,Northumbria Police,Northumbria Police,-1.375277,54.918045,On or near Stansfield Street,E01008787,Sunderland 006B,Theft from the person,Status update unavailable,
7fdb358d637330c99b7ba234c5dbbdeaf60b2c125206fe8168336225a7743db7,2024-10,Northumbria Police,Northumbria Police,-1.372444,54.917617,On or near Brandling Street South,E01008787,Sunderland 006B,Vehicle crime,Investigation complete; no suspect identified,
d87f2c5f6dfb5beaedfe3c5f19f6f9b82fddfa6bf4be4f3d65631e410591424e,2024-10,Northumbria Police,Northumbria Police,-1.381695,54.919677,On or near Edgeworth Crescent,E01008787,Sunderland 006B,Violence and sexual offences,Investigation complete; no suspect identified,
549fec633d48c484aa587bdb20fb8012e6450afeb1ae348736bf070d9055df6a,2024-10,Northumbria Police,Northumbria Police,-1.372444,54.917617,On or near Brandling Street South,E01008787,Sunderland 006B,Violence and sexual offences,Status update unavailable,
836a95ca49b6a849d1688262ac993a9add71beedeb309239041d960e6425456b,2024-10,Northumbria Police,Northumbria Police,-1.372444,54.917617,On or near Brandling Street South,E01008787,Sunderland 006B,Violence and sexual offences,Investigation complete; no suspect identified,
aa847e3cf315e0f9bb459ee2e7812878363af52f20e5c646fb0838344c497c2b,2024-10,Northumbria Police,Northumbria Police,-1.380625,54.917219,On or near Portobello Lane,E01008787,Sunderland 006B,Violence and sexual offences,Investigation complete; no suspect identified,
867f188f18f358e410b8e1ea8ebe25291a8730c3afaa33206416570c4dd8be02,2024-10,Northumbria Police,Northumbria Police,-1.381695,54.919677,On or near Edgeworth Crescent,E01008787,Sunderland 006B,Violence and sexual offences,Investigation complete; no suspect identified,
,2024-10,Northumbria Police,Northumbria Police,-1.378491,54.920012,On or near Moreland Street,E01008788,Sunderland 006C,Anti-social behaviour,,
92c137c0f6806b76b07e1892082fbfdc4154fc9838ae71aa278ecccd5482e16c,2024-10,Northumbria Police,Northumbria Police,-1.378999,54.921506,On or near Sandringham Road,E01008788,Sunderland 006C,Criminal damage and arson,Investigation complete; no suspect identified,
c4dec4d46fa5f5435f7c31012c0555a24689d1c0cc03936c7585e9b61d679087,2024-10,Northumbria Police,Northumbria Police,-1.382138,54.922313,On or near Inverness Street,E01008788,Sunderland 006C,Criminal damage and arson,Investigation complete; no suspect identified,
3a71a6e4df3425864b8413c932ea0c5e77f03cff22b2d03e9114b964ddbb2558,2024-10,Northumbria Police,Northumbria Police,-1.380228,54.922707,On or near Francis Street,E01008788,Sunderland 006C,Vehicle crime,Investigation complete; no suspect identified,
,2024-10,Northumbria Police,Northumbria Police,-1.370071,54.914729,On or near Topcliff,E01008789,Sunderland 006D,Anti-social behaviour,,
,2024-10,Northumbria Police,Northumbria Police,-1.369685,54.919472,On or near Horatio Street,E01008789,Sunderland 006D,Anti-social behaviour,,
,2024-10,Northumbria Police,Northumbria Police,-1.368108,54.920560,On or near Harbour View,E01008789,Sunderland 006D,Anti-social behaviour,,
,2024-10,Northumbria Police,Northumbria Police,-1.373931,54.911271,On or near Further/Higher Educational Building,E01008789,Sunderland 006D,Anti-social behaviour,,
9946c3fd914c18d5eb7a58a1cba047cf3c6bd0534df9514bc999cc499ba560dd,2024-10,Northumbria Police,Northumbria Police,-1.367071,54.923008,On or near St George'S Terrace,E01008789,Sunderland 006D,Burglary,Investigation complete; no suspect identified,
dbd1c4d4ff566b00b89dd82e99ea50b4a18c95789532998105fd94becb1e649e,2024-10,Northumbria Police,Northumbria Police,-1.373931,54.911271,On or near Further/Higher Educational Building,E01008789,Sunderland 006D,Criminal damage and arson,Investigation complete; no suspect identified,
5a4268c500ee9fdb7acdce86d21dd6b960cc2dabef2c4084c9fb19dc35186847,2024-10,Northumbria Police,Northumbria Police,-1.370071,54.914729,On or near Topcliff,E01008789,Sunderland 006D,Criminal damage and arson,Investigation complete; no suspect identified,
cf68c523413cbd9ed5c1548a3ca2372f5069695ffa0197dd0cb5a026a028feed,2024-10,Northumbria Police,Northumbria Police,-1.365275,54.919161,On or near Normanby Court,E01008789,Sunderland 006D,Public order,Investigation complete; no suspect identified,
e87a64a9b3bc614107877a6342500ef8879625bcd8a5c028c35cf07aea84539e,2024-10,Northumbria Police,Northumbria Police,-1.368399,54.917920,On or near Bromarsh Court,E01008789,Sunderland 006D,Vehicle crime,Investigation complete; no suspect identified,
cbf327dc1371b887bcef340e7cb5ee4835c42ff606536e2b6d2f56b9ef17d0a2,2024-10,Northumbria Police,Northumbria Police,-1.369685,54.919472,On or near Horatio Street,E01008789,Sunderland 006D,Violence and sexual offences,Investigation complete; no suspect identified,
8adb865a27e3648c265cd9289e1180ae83f52fb5be6d3d1100ba6825458a73dc,2024-10,Northumbria Police,Northumbria Police,-1.367071,54.923008,On or near St George'S Terrace,E01008789,Sunderland 006D,Violence and sexual offences,Investigation complete; no suspect identified,
,2024-10,Northumbria Police,Northumbria Police,-1.371743,54.919555,On or near Cooper Street,E01008790,Sunderland 006E,Anti-social behaviour,,
,2024-10,Northumbria Police,Northumbria Police,-1.370636,54.922487,On or near Park Parade,E01008790,Sunderland 006E,Anti-social behaviour,,
43806737317b3d1dd19b4f65f48fcede6f8a624433618cea53fa9c1c681d4524,2024-10,Northumbria Police,Northumbria Police,-1.376750,54.919598,On or near Beatrice Street,E01008790,Sunderland 006E,Bicycle theft,Investigation complete; no suspect identified,
ef9fc2181ceed30921792a3252d72f02776aff7aaff9645e0a8a604fe070a2e2,2024-10,Northumbria Police,Northumbria Police,-1.373590,54.919187,On or near Hartington Street,E01008790,Sunderland 006E,Bicycle theft,Investigation complete; no suspect identified,
0ff5792c46a4775e701521ca2dd09b97053e36d2c9fbd30893713ee3458c9c42,2024-10,Northumbria Police,Northumbria Police,-1.376750,54.919598,On or near Beatrice Street,E01008790,Sunderland 006E,Burglary,Status update unavailable,
43bb454b3780fdee214af59cfeed36812c75b9c6af79953e45f35eecc1de859d,2024-10,Northumbria Police,Northumbria Police,-1.368686,54.921471,On or near Benedict Road,E01008790,Sunderland 006E,Criminal damage and arson,Investigation complete; no suspect identified,
b5736ca946b64ea75d52e1fce6d908c50e2382077a968776d9c00f644e0161b5,2024-10,Northumbria Police,Northumbria Police,-1.376750,54.919598,On or near Beatrice Street,E01008790,Sunderland 006E,Criminal damage and arson,Investigation complete; no suspect identified,
8a0325c0b4d3c12f943933ce16cb07b7410d53e60590fbeacf939b191ddb425e,2024-10,Northumbria Police,Northumbria Police,-1.376750,54.919598,On or near Beatrice Street,E01008790,Sunderland 006E,Drugs,Court result unavailable,
1fa8c34c74313da42cc7de8c32974ba892ea5842733fea56d25b3db4371b2cc1,2024-10,Northumbria Police,Northumbria Police,-1.371743,54.919555,On or near Cooper Street,E01008790,Sunderland 006E,Vehicle crime,Investigation complete; no suspect identified,
0bed10d4a05b54751c5ca8097995cb86f425645a287b709481ce126fec9c5e0d,2024-10,Northumbria Police,Northumbria Police,-1.376750,54.919598,On or near Beatrice Street,E01008790,Sunderland 006E,Violence and sexual offences,Investigation complete; no suspect identified,
946e6133811bb1b73ee8daf299af41c854f08d5f742caf72353a8a6f4d0b24a0,2024-10,Northumbria Police,Northumbria Police,-1.373590,54.919187,On or near Hartington Street,E01008790,Sunderland 006E,Violence and sexual offences,Investigation complete; no suspect identified,
f0ab4f1b4ab70fd5c6e196070dcc98e1b47b34834549e61f2ace17fcd2524fdd,2024-10,Northumbria Police,Northumbria Police,-1.372697,54.920413,On or near Brandling Street,E01008790,Sunderland 006E,Violence and sexual offences,Status update unavailable,
a4d022a4d9928fcc3c68da8cf39384617078cbf04f8666cc0f3d72130d6f0c31,2024-10,Northumbria Police,Northumbria Police,-1.376750,54.919598,On or near Beatrice Street,E01008790,Sunderland 006E,Violence and sexual offences,Investigation complete; no suspect identified,
129459317841d1c632f476b88534c72370b8398cc5016cb053f97b98557b8ba1,2024-10,Northumbria Police,Northumbria Police,-1.376750,54.919598,On or near Beatrice Street,E01008790,Sunderland 006E,Violence and sexual offences,Court result unavailable,
,2024-10,Northumbria Police,Northumbria Police,-1.381709,54.915714,On or near Wearmouth Street,E01008791,Sunderland 006F,Anti-social behaviour,,
,2024-10,Northumbria Police,Northumbria Police,-1.379663,54.914841,On or near George Street North,E01008791,Sunderland 006F,Anti-social behaviour,,
,2024-10,Northumbria Police,Northumbria Police,-1.377909,54.915273,On or near Dixon'S Square,E01008791,Sunderland 006F,Anti-social behaviour,,
,2024-10,Northumbria Police,Northumbria Police,-1.381709,54.915714,On or near Wearmouth Street,E01008791,Sunderland 006F,Anti-social behaviour,,
,2024-10,Northumbria Police,Northumbria Police,-1.381709,54.915714,On or near Wearmouth Street,E01008791,Sunderland 006F,Anti-social behaviour,,
806170b51ed7bad76ef02d64bf959735b45b76c0a15b79d25f85203dc3d4d941,2024-10,Northumbria Police,Northumbria Police,-1.381709,54.915714,On or near Wearmouth Street,E01008791,Sunderland 006F,Bicycle theft,Investigation complete; no suspect identified,
51b82971cf1116e8ce86d50ca8b62a0fac96d55814f4be0a34ccad3cf1fa90ca,2024-10,Northumbria Police,Northumbria Police,-1.373847,54.915674,On or near Zetland Square,E01008791,Sunderland 006F,Bicycle theft,Status update unavailable,
675509c77075d556eaf12e508ed12363e1a1276560b767382b6c847f39586ff2,2024-10,Northumbria Police,Northumbria Police,-1.382574,54.912196,On or near Barclay Street,E01008791,Sunderland 006F,Burglary,Investigation complete; no suspect identified,
503303d6c0e572b42e46c817ef1fb4984f97b644412dfc27bc19fb331fefbdbc,2024-10,Northumbria Police,Northumbria Police,-1.374646,54.916451,On or near Zetland Street,E01008791,Sunderland 006F,Burglary,Investigation complete; no suspect identified,
80aa9c19473c3ae97f7241d05a8d61de1dc60e00ff64e0e6e3aeca7ab8e2317c,2024-10,Northumbria Police,Northumbria Police,-1.381709,54.915714,On or near Wearmouth Street,E01008791,Sunderland 006F,Burglary,Investigation complete; no suspect identified,
18abb00424346fedb4bb61c1b6a554609dc34f91afe0a4dc7dc1faf21e32601c,2024-10,Northumbria Police,Northumbria Police,-1.380409,54.915843,On or near Shopping Area,E01008791,Sunderland 006F,Burglary,Investigation complete; no suspect identified,
bfb071ceef5b2b56694f1974f513b5d76e0ec2a65aa0f88a73905c641ed27e90,2024-10,Northumbria Police,Northumbria Police,-1.371284,54.916973,On or near Harelaw Drive,E01008791,Sunderland 006F,Criminal damage and arson,Offender given a caution,
102846193fbef8fb9d5bad33c91ea939ec04d8d8bf5dbd666ff4464dce0b1b54,2024-10,Northumbria Police,Northumbria Police,-1.375197,54.915097,On or near Dock Street,E01008791,Sunderland 006F,Criminal damage and arson,Status update unavailable,
f7ad205fc9526fd2e49aff9be6b294b4f8bbc56b19e99ba8b2e14e239f4f693a,2024-10,Northumbria Police,Northumbria Police,-1.370327,54.916285,On or near Petrol Station,E01008791,Sunderland 006F,Criminal damage and arson,Court result unavailable,
911d7e37d993a9c59b5dbdaa050c901078138670b30438be4a20db856540eaec,2024-10,Northumbria Police,Northumbria Police,-1.383530,54.913899,On or near Back North Bridge Street,E01008791,Sunderland 006F,Criminal damage and arson,Investigation complete; no suspect identified,
46c6c3a897a71db3db0ab3ee1374ae96acf50a6fbdb6220c0b395d7a9a781642,2024-10,Northumbria Police,Northumbria Police,-1.371284,54.916973,On or near Harelaw Drive,E01008791,Sunderland 006F,Drugs,Offender given a caution,
3ebbe82ef3e20727ab40542d5ec08fbb9f2a4714053339cb86ba75ae2d1b78f6,2024-10,Northumbria Police,Northumbria Police,-1.374646,54.916451,On or near Zetland Street,E01008791,Sunderland 006F,Other theft,Status update unavailable,
0a2150331233919cfdd7165fbb52b444614feed826d76197579fef33f81e9622,2024-10,Northumbria Police,Northumbria Police,-1.375690,54.915522,On or near Whickham Street,E01008791,Sunderland 006F,Other theft,Investigation complete; no suspect identified,
2f540cbc84793904e0052f228904ebbe0ec377c337b8dfd66e9e9b444eaceac3,2024-10,Northumbria Police,Northumbria Police,-1.370327,54.916285,On or near Petrol Station,E01008791,Sunderland 006F,Other theft,Investigation complete; no suspect identified,
1da573bb4c03d382dedd8466aa81a3cd73a2ce8eb827a9e006d7c22c1102205b,2024-10,Northumbria Police,Northumbria Police,-1.370894,54.917951,On or near Langeeford Place,E01008791,Sunderland 006F,Other theft,Investigation complete; no suspect identified,
ec28215d310656223da543da88202cc514d851b6e8cb093d9a3ae40c04b7eeeb,2024-10,Northumbria Police,Northumbria Police,-1.377909,54.915273,On or near Dixon'S Square,E01008791,Sunderland 006F,Public order,Investigation complete; no suspect identified,
5c04d74cc48a1ef19d657da3a9bc0fa43aad607cbc792a1e46b8701f3a9d9778,2024-10,Northumbria Police,Northumbria Police,-1.381709,54.915714,On or near Wearmouth Street,E01008791,Sunderland 006F,Robbery,Status update unavailable,
5aa6196244ead7354258afa0303e106385a5aeaf28c09e1f3a2d73a8e95302f5,2024-10,Northumbria Police,Northumbria Police,-1.380409,54.915843,On or near Shopping Area,E01008791,Sunderland 006F,Shoplifting,Investigation complete; no suspect identified,
e6a176a9bf029453b6f9940401f832189315609a925b4811787bac7cce505f38,2024-10,Northumbria Police,Northumbria Police,-1.377909,54.915273,On or near Dixon'S Square,E01008791,Sunderland 006F,Shoplifting,Investigation complete; no suspect identified,
0942a441d9203b48558f902f4a688144c8f10299097481e7dc8d7d0830a52f66,2024-10,Northumbria Police,Northumbria Police,-1.380409,54.915843,On or near Shopping Area,E01008791,Sunderland 006F,Shoplifting,Status update unavailable,
b3019fb0108774c06287b999f948352c3d8c9c2031f392efa99246a2f70f80ef,2024-10,Northumbria Police,Northumbria Police,-1.380409,54.915843,On or near Shopping Area,E01008791,Sunderland 006F,Shoplifting,Suspect charged as part of another case,
ba06c7a29575d172f567e5d330bf7bc0fb8bec67666a25cb82ebd3049d56917f,2024-10,Northumbria Police,Northumbria Police,-1.381709,54.915714,On or near Wearmouth Street,E01008791,Sunderland 006F,Shoplifting,Status update unavailable,
ac71934a3c157b00f8c0187164e40a94ac66dba1c239365c4789b6928892bbdd,2024-10,Northumbria Police,Northumbria Police,-1.370327,54.916285,On or near Petrol Station,E01008791,Sunderland 006F,Shoplifting,Status update unavailable,
3845546b3c27fc06468c2ed8496d346343a5891a5b91b527d9c6fe9aca21f32b,2024-10,Northumbria Police,Northumbria Police,-1.381709,54.915714,On or near Wearmouth Street,E01008791,Sunderland 006F,Shoplifting,Investigation complete; no suspect identified,
a0d2a393608062984a0b884fab46ad323d9c456068a7a653ac0dc6710f0d2ddf,2024-10,Northumbria Police,Northumbria Police,-1.380409,54.915843,On or near Shopping Area,E01008791,Sunderland 006F,Shoplifting,Investigation complete; no suspect identified,
bb0a925dc2f52239beb7b0116efa6cd72fb3b710a3aa18e154ea42756cadb3fb,2024-10,Northumbria Police,Northumbria Police,-1.377909,54.915273,On or near Dixon'S Square,E01008791,Sunderland 006F,Shoplifting,Investigation complete; no suspect identified,
f115f927d53041b7da679f86af56eb909084c26c301bbed827605c9378085e24,2024-10,Northumbria Police,Northumbria Police,-1.370327,54.916285,On or near Petrol Station,E01008791,Sunderland 006F,Shoplifting,Status update unavailable,
8741f13e6eb0f232f41215eec16f2501f0c6b047da5f92dbcbea9c5fa292e617,2024-10,Northumbria Police,Northumbria Police,-1.370327,54.916285,On or near Petrol Station,E01008791,Sunderland 006F,Shoplifting,Investigation complete; no suspect identified,
dc304f48ba0a70fadfbb01c17a8deed9d288506669871ac87c558f85f3e1f348,2024-10,Northumbria Police,Northumbria Police,-1.370327,54.916285,On or near Petrol Station,E01008791,Sunderland 006F,Shoplifting,Court result unavailable,
e47c077c7e1770a7ca62efb796a981a4e9cdcaafc9c07e319ad7ed74a69d96e2,2024-10,Northumbria Police,Northumbria Police,-1.377909,54.915273,On or near Dixon'S Square,E01008791,Sunderland 006F,Shoplifting,Investigation complete; no suspect identified,
08064757a07c8643b597fd1d6102b8dcb37abcec731b2610899981052aea4f03,2024-10,Northumbria Police,Northumbria Police,-1.380409,54.915843,On or near Shopping Area,E01008791,Sunderland 006F,Shoplifting,Status update unavailable,
36af7523155a1478805f725a00e92c52c3821f22d99b3db99499beef1dd192bf,2024-10,Northumbria Police,Northumbria Police,-1.370327,54.916285,On or near Petrol Station,E01008791,Sunderland 006F,Shoplifting,Status update unavailable,
fbe423963839d9bb4c52841445122fb24e1b82945bdece4631a69e6d0e0a06cb,2024-10,Northumbria Police,Northumbria Police,-1.377909,54.915273,On or near Dixon'S Square,E01008791,Sunderland 006F,Shoplifting,Investigation complete; no suspect identified,
8a56be74c27164fb85edb45bbbe9c9cf50edca6c2749edece446421b23fbf445,2024-10,Northumbria Police,Northumbria Police,-1.371261,54.914448,On or near Huddlestone Rise,E01008791,Sunderland 006F,Vehicle crime,Investigation complete; no suspect identified,
7aebd70810e41f4cfac20005a61c4e4f797fc361036236bb7cb26fbd660167d8,2024-10,Northumbria Police,Northumbria Police,-1.371284,54.916973,On or near Harelaw Drive,E01008791,Sunderland 006F,Vehicle crime,Investigation complete; no suspect identified,
8a1d2c7c0d1be08c3a89b941d0d16f067bd481bdfb70bfde0558c28e529f837c,2024-10,Northumbria Police,Northumbria Police,-1.383530,54.913899,On or near Back North Bridge Street,E01008791,Sunderland 006F,Vehicle crime,Investigation complete; no suspect identified,
f2b51a15360a911347dba8b4c3f584609f1fa5732a8944d6ca3f9c4b43085c0f,2024-10,Northumbria Police,Northumbria Police,-1.371284,54.916973,On or near Harelaw Drive,E01008791,Sunderland 006F,Vehicle crime,Status update unavailable,
7ce316d251320d4f870016985018064ca175491c9f75a88041b605c55ad19b5a,2024-10,Northumbria Police,Northumbria Police,-1.378938,54.913301,On or near Williamson Terrace,E01008791,Sunderland 006F,Violence and sexual offences,Status update unavailable,
ff98382635597f9df62247bc3c86a58d5d0ca9839601fc565caf7d4a61666106,2024-10,Northumbria Police,Northumbria Police,-1.375503,54.916492,On or near Roker Avenue,E01008791,Sunderland 006F,Violence and sexual offences,Investigation complete; no suspect identified,
3df6d387bd9b6119f36f3e1f20b958315adef5186fcf5f806dea6d7d5ed60b16,2024-10,Northumbria Police,Northumbria Police,-1.377909,54.915273,On or near Dixon'S Square,E01008791,Sunderland 006F,Violence and sexual offences,Investigation complete; no suspect identified,
43cbcfa0a3b9a03262bcb186ef17ff2d4b37ce84d20b40589ab310e58ca7ce14,2024-10,Northumbria Police,Northumbria Police,-1.381709,54.915714,On or near Wearmouth Street,E01008791,Sunderland 006F,Violence and sexual offences,Investigation complete; no suspect identified,
616cb3d8da84dc9c46e928bb2cd590945f0dfbb397483a539fd3fc8741dd3c18,2024-10,Northumbria Police,Northumbria Police,-1.371284,54.916973,On or near Harelaw Drive,E01008791,Sunderland 006F,Violence and sexual offences,Status update unavailable,
31913f236c969079c6b5f6d1bc816643bd8f4abc6bbd5d749f51c2a1dff176ea,2024-10,Northumbria Police,Northumbria Police,-1.377909,54.915273,On or near Dixon'S Square,E01008791,Sunderland 006F,Violence and sexual offences,Investigation complete; no suspect identified,
e5f3dd53329acc4bf22c5f2559487123dceab3f807809280a560816c037ccb07,2024-10,Northumbria Police,Northumbria Police,-1.374646,54.916451,On or near Zetland Street,E01008791,Sunderland 006F,Violence and sexual offences,Status update unavailable,
de0a9111d87c76f6e0d118d7863c11a58bca1b26fa1c443b2d4577dae354cf35,2024-10,Northumbria Police,Northumbria Police,-1.380860,54.913041,On or near Liddell Street,E01008791,Sunderland 006F,Violence and sexual offences,Investigation complete; no suspect identified,
,2024-10,Northumbria Police,Northumbria Police,-1.510771,54.916581,On or near Brackley,E01008855,Sunderland 007A,Anti-social behaviour,,
8a99b51f288eb7143c6bf071c782301d4d2c442bdd1188900c3f1a0b401cbb17,2024-10,Northumbria Police,Northumbria Police,-1.510349,54.924343,On or near Merevale Close,E01008855,Sunderland 007A,Bicycle theft,Investigation complete; no suspect identified,
b5621fbc05d3e9397658c077a8a0d0948bf3c5fc717d27adf47a4df7ca442115,2024-10,Northumbria Police,Northumbria Police,-1.510133,54.916390,On or near Pensher View,E01008855,Sunderland 007A,Burglary,Investigation complete; no suspect identified,
3c5e870ea35152037d4f189b90af2f7b11cb0387040d6d7637048dac0aa34207,2024-10,Northumbria Police,Northumbria Police,-1.510133,54.916390,On or near Pensher View,E01008855,Sunderland 007A,Burglary,Investigation complete; no suspect identified,
903ccb6b1fa04fe47e2d468ccaa16269fd1b842e1176e30b68d244ce561aa067,2024-10,Northumbria Police,Northumbria Police,-1.507007,54.916943,On or near Sulgrave Road,E01008855,Sunderland 007A,Burglary,Investigation complete; no suspect identified,
67f7544dd29c8ee8694b90ff199e8099ccf6c545fd8f8431acd21a9c8ec42d18,2024-10,Northumbria Police,Northumbria Police,-1.512240,54.917611,On or near Cornwallis,E01008855,Sunderland 007A,Burglary,Investigation complete; no suspect identified,
5ea76741f0688d938fe8f1aa645acc3906269b335ef3c87c72bca326fe6c3c1f,2024-10,Northumbria Police,Northumbria Police,-1.512240,54.917611,On or near Cornwallis,E01008855,Sunderland 007A,Drugs,Status update unavailable,
bbf98a319d155ca6a80012296fdd14d3993f0d46c59a067b991edd1cfb0a47b0,2024-10,Northumbria Police,Northumbria Police,-1.510914,54.918882,On or near Wylam Close,E01008855,Sunderland 007A,Other theft,Investigation complete; no suspect identified,
f34251c7e64c9458d3074c145489d65653912d3ccc83f93e18f6e3cab44c635e,2024-10,Northumbria Police,Northumbria Police,-1.470219,54.923052,On or near Further/Higher Educational Building,E01008855,Sunderland 007A,Public order,Status update unavailable,
f94b159b47e95176bfea95aacc572a37689a40ca8d134aa5e44193100afd95e7,2024-10,Northumbria Police,Northumbria Police,-1.509624,54.917268,On or near Shalstone,E01008855,Sunderland 007A,Public order,Status update unavailable,
45acf8a811baf64598503fe354fba683cfff4c906fce6a1787f35b1e04886d0b,2024-10,Northumbria Police,Northumbria Police,-1.513538,54.914786,On or near Helmdon,E01008855,Sunderland 007A,Violence and sexual offences,Awaiting court outcome,
2ca85d2010ed265f2777f24ca8851ed0c1043a177e50c5c7051701100e32c39f,2024-10,Northumbria Police,Northumbria Police,-1.507007,54.916943,On or near Sulgrave Road,E01008855,Sunderland 007A,Violence and sexual offences,Status update unavailable,
1601a32a8f9c373c06c245b2e38a359aeecce6274b94f4df6c6374de5646341b,2024-10,Northumbria Police,Northumbria Police,-1.507007,54.916943,On or near Sulgrave Road,E01008855,Sunderland 007A,Violence and sexual offences,Status update unavailable,
eb94eeb755d3737890f155066c6cdba03611a3d174d563188c1b86c89f2fbcfb,2024-10,Northumbria Police,Northumbria Police,-1.507007,54.916943,On or near Sulgrave Road,E01008855,Sunderland 007A,Violence and sexual offences,Status update unavailable,
7f6cc93e3630155c0af1f1b2984321007213dd9bba30ce08457ee853df777dff,2024-10,Northumbria Police,Northumbria Police,-1.510133,54.916390,On or near Pensher View,E01008855,Sunderland 007A,Violence and sexual offences,Investigation complete; no suspect identified,
,2024-10,Northumbria Police,Northumbria Police,-1.528486,54.921108,On or near Lytham Close,E01008856,Sunderland 007B,Anti-social behaviour,,
,2024-10,Northumbria Police,Northumbria Police,-1.524586,54.918469,On or near Heworth Road,E01008856,Sunderland 007B,Anti-social behaviour,,
,2024-10,Northumbria Police,Northumbria Police,-1.528486,54.921108,On or near Lytham Close,E01008856,Sunderland 007B,Anti-social behaviour,,
,2024-10,Northumbria Police,Northumbria Police,-1.528486,54.921108,On or near Lytham Close,E01008856,Sunderland 007B,Anti-social behaviour,,
,2024-10,Northumbria Police,Northumbria Police,-1.528486,54.921108,On or near Lytham Close,E01008856,Sunderland 007B,Anti-social behaviour,,
8f85b40d308e356b6084393b227b22f2f43db360078c1daf14e113193465ba32,2024-10,Northumbria Police,Northumbria Police,-1.526069,54.922330,On or near Prestwick Close,E01008856,Sunderland 007B,Burglary,Investigation complete; no suspect identified,
e5d7ca26882e4559a0a7c3a5a5a60175fe0e8f6716933b8c5454d52911e6e2d1,2024-10,Northumbria Police,Northumbria Police,-1.526891,54.922773,On or near Ganton Close,E01008856,Sunderland 007B,Burglary,Investigation complete; no suspect identified,
1e49144be49ecb88c75ad3949509c720c3757f640b75eb80a3420a67fa3701d7,2024-10,Northumbria Police,Northumbria Police,-1.522116,54.918908,On or near Sussex Place,E01008856,Sunderland 007B,Burglary,Investigation complete; no suspect identified,
1cc8f67389787fc6977cd98d4f7e3e6c8adba4c25a107dd777080bc010db4cac,2024-10,Northumbria Police,Northumbria Police,-1.526240,54.918448,On or near Parking Area,E01008856,Sunderland 007B,Burglary,Status update unavailable,
bd6b88ef5df3c540be7087dd7f4c1565aab6fd0173d772531d0ba0219e81b0c7,2024-10,Northumbria Police,Northumbria Police,-1.528486,54.921108,On or near Lytham Close,E01008856,Sunderland 007B,Burglary,Investigation complete; no suspect identified,
479981252283fb716faa7591fb8f280b0f4900d996c1d6cc7991aacac1b49491,2024-10,Northumbria Police,Northumbria Police,-1.520368,54.920250,On or near Hampshire Place,E01008856,Sunderland 007B,Public order,Investigation complete; no suspect identified,
f7dada5da1ef26c90ce0002c89fea445f88cf64acd1f89dd898cbe695478db3d,2024-10,Northumbria Police,Northumbria Police,-1.526069,54.922330,On or near Prestwick Close,E01008856,Sunderland 007B,Public order,Status update unavailable,
792e788af1e1e6ea1bef93ee9000c6928222181540f87e11f9ef785dc00db12f,2024-10,Northumbria Police,Northumbria Police,-1.522692,54.920259,On or near Westmorland Avenue,E01008856,Sunderland 007B,Vehicle crime,Investigation complete; no suspect identified,
ee6aa63e3a008233039df331b19436f990ebf50a811ed71a1b1babfd3f36a80a,2024-10,Northumbria Police,Northumbria Police,-1.526240,54.918448,On or near Parking Area,E01008856,Sunderland 007B,Vehicle crime,Investigation complete; no suspect identified,
f308bebf58e4a919f137d5bcd8587f7f9ddf08fd17a150776089509eb5d5e876,2024-10,Northumbria Police,Northumbria Police,-1.526240,54.918448,On or near Parking Area,E01008856,Sunderland 007B,Violence and sexual offences,Status update unavailable,
b3d80b9d977196655d274c5cb30b2440c28b496e652c6850dfcc379cd1d46a54,2024-10,Northumbria Police,Northumbria Police,-1.526240,54.918448,On or near Parking Area,E01008856,Sunderland 007B,Violence and sexual offences,Status update unavailable,
,2024-10,Northumbria Police,Northumbria Police,-1.527929,54.923442,On or near Silloth Drive,E01008876,Sunderland 007C,Anti-social behaviour,,
,2024-10,Northumbria Police,Northumbria Police,-1.535720,54.918844,On or near Wellgarth Road,E01008876,Sunderland 007C,Anti-social behaviour,,
e7c756d3f61b38d375def003cd440d05687ad4e8a03f402a3a27cf688996a17e,2024-10,Northumbria Police,Northumbria Police,-1.526482,54.927031,On or near Longniddry,E01008876,Sunderland 007C,Public order,Status update unavailable,
d55d1a9a1184890645b0fc7798f3e4e284ef00d0ff9d08c16614c5523476a1ca,2024-10,Northumbria Police,Northumbria Police,-1.533464,54.918323,On or near Highfields Manor,E01008876,Sunderland 007C,Vehicle crime,Investigation complete; no suspect identified,
01074a0a7791fa3b85065895dfd0ecc4e90f0343f1c602adb7b12f985709bc38,2024-10,Northumbria Police,Northumbria Police,-1.531508,54.920158,On or near Serlby Close,E01008876,Sunderland 007C,Vehicle crime,Investigation complete; no suspect identified,
37ae2c17b88bf01c3b8665447893dbe82d257ff4ff61551a76b64dd31d0ef7af,2024-10,Northumbria Police,Northumbria Police,-1.531508,54.920158,On or near Serlby Close,E01008876,Sunderland 007C,Vehicle crime,Investigation complete; no suspect identified,
318f8bb981cdfc5ff28078f8de6edfdc4c0c4f6c753cd7c59c519f31d22429b8,2024-10,Northumbria Police,Northumbria Police,-1.529860,54.922344,On or near Stone Cellar Road,E01008876,Sunderland 007C,Vehicle crime,Investigation complete; no suspect identified,
f57dbe22583a9da437e65d6bac3d7e6537ea0d4aff621aa9a740b95bf233a1f3,2024-10,Northumbria Police,Northumbria Police,-1.531508,54.920158,On or near Serlby Close,E01008876,Sunderland 007C,Vehicle crime,Investigation complete; no suspect identified,
de525cd420fc6ba679ea4caddf28e8952ded992280366d2da87ac3054a00a103,2024-10,Northumbria Police,Northumbria Police,-1.531508,54.920158,On or near Serlby Close,E01008876,Sunderland 007C,Vehicle crime,Investigation complete; no suspect identified,
946aecd75b0f2248027f07cdd057d1d709b799c8f406e936717bb9dbc58cfa7c,2024-10,Northumbria Police,Northumbria Police,-1.531508,54.920158,On or near Serlby Close,E01008876,Sunderland 007C,Vehicle crime,Investigation complete; no suspect identified,
e6deaa4008bbaabec847063c4cc4f10abb48719529833ab1b20541749dec992e,2024-10,Northumbria Police,Northumbria Police,-1.533368,54.919905,On or near High Croft,E01008876,Sunderland 007C,Violence and sexual offences,Court result unavailable,
4422b3a44c59774b443e8dc44ea18ed982331d2ebf742617f82e9ef074ff20c6,2024-10,Northumbria Police,Northumbria Police,-1.531508,54.920158,On or near Serlby Close,E01008876,Sunderland 007C,Violence and sexual offences,Status update unavailable,
b0f58f6c3e22c27e0da35c6e758584c29d5cb18ac353b5f32f12683808898c79,2024-10,Northumbria Police,Northumbria Police,-1.531508,54.920158,On or near Serlby Close,E01008876,Sunderland 007C,Violence and sexual offences,Status update unavailable,
03a1bb60cfdade2621bfef597eae98b0847741b0a33dcef07a0dda2122977f7b,2024-10,Northumbria Police,Northumbria Police,-1.536675,54.921337,On or near The Farthings,E01008876,Sunderland 007C,Other crime,Investigation complete; no suspect identified,
,2024-10,Northumbria Police,Northumbria Police,-1.556879,54.919921,On or near Windsor Road,E01008877,Sunderland 007D,Anti-social behaviour,,
,2024-10,Northumbria Police,Northumbria Police,-1.556879,54.919921,On or near Windsor Road,E01008877,Sunderland 007D,Anti-social behaviour,,
,2024-10,Northumbria Police,Northumbria Police,-1.558808,54.920386,On or near Springwell Road,E01008877,Sunderland 007D,Anti-social behaviour,,
8e582f64e77313700408d9e68fcb7f4a5eeb53f4f50a96b9242a528fd7feadf3,2024-10,Northumbria Police,Northumbria Police,-1.557202,54.921728,On or near Railway Close,E01008877,Sunderland 007D,Drugs,Awaiting court outcome,
46a72010003e856bb3cfd59fe62f055b5a02b04440b4f03c8ab084aab53176db,2024-10,Northumbria Police,Northumbria Police,-1.556879,54.919921,On or near Windsor Road,E01008877,Sunderland 007D,Other theft,Investigation complete; no suspect identified,
a1f65f15f2877b4db46eabfa1906fe33dd73b4b96d942d79e7e364ee326e1eda,2024-10,Northumbria Police,Northumbria Police,-1.553835,54.921455,On or near Fairhaven,E01008877,Sunderland 007D,Other theft,Investigation complete; no suspect identified,
998aed0f0ae29120a6df4e5127ffc336e5e29565cd815dff4ae04c0dd2cd03d3,2024-10,Northumbria Police,Northumbria Police,-1.554952,54.922052,On or near Somerford,E01008877,Sunderland 007D,Robbery,Investigation complete; no suspect identified,
,2024-10,Northumbria Police,Northumbria Police,-1.444628,54.922093,On or near Parking Area,E01008693,Sunderland 008A,Anti-social behaviour,,
,2024-10,Northumbria Police,Northumbria Police,-1.444628,54.922093,On or near Parking Area,E01008693,Sunderland 008A,Anti-social behaviour,,
,2024-10,Northumbria Police,Northumbria Police,-1.444207,54.918730,On or near The Briars,E01008693,Sunderland 008A,Anti-social behaviour,,
1ad47447a2df5a2ae7169fd351cb3bfa36b11f7eed190d452b3b5b153bae723e,2024-10,Northumbria Police,Northumbria Police,-1.449422,54.916085,On or near Lavender Grove,E01008693,Sunderland 008A,Criminal damage and arson,Investigation complete; no suspect identified,
518ecf71eff09fb8eea7a0f26aba12f51a4cb544483b29a6dba153eefb552bba,2024-10,Northumbria Police,Northumbria Police,-1.436889,54.917690,On or near East View,E01008693,Sunderland 008A,Criminal damage and arson,Investigation complete; no suspect identified,
bacfe56fda6743b693c3697f740a7e7faed4930562179ab65b757546540b77ea,2024-10,Northumbria Police,Northumbria Police,-1.434352,54.918352,On or near Castellian Road,E01008693,Sunderland 008A,Criminal damage and arson,Investigation complete; no suspect identified,
1bdd3cdbd5d6dd04ab2eabf0d9856631327603a2c0da6ef86a7c545e127db445,2024-10,Northumbria Police,Northumbria Police,-1.444207,54.918730,On or near The Briars,E01008693,Sunderland 008A,Criminal damage and arson,Investigation complete; no suspect identified,
2658fb1bcbd5339efd6c5d6cfb6492db28eebdf5d5ad33089b07cbbfb6296888,2024-10,Northumbria Police,Northumbria Police,-1.439673,54.916040,On or near Oswald Terrace South,E01008693,Sunderland 008A,Criminal damage and arson,Status update unavailable,
5485d97198590980c940819b29d043f13e4a293838774720d29735d7fd6e02ef,2024-10,Northumbria Police,Northumbria Police,-1.436889,54.917690,On or near East View,E01008693,Sunderland 008A,Other theft,Investigation complete; no suspect identified,
3c764f706399404f68278ab00ec531215788ebdd30eaa4aebe5b66b75e39be52,2024-10,Northumbria Police,Northumbria Police,-1.435485,54.918807,On or near Dene Road,E01008693,Sunderland 008A,Other theft,Investigation complete; no suspect identified,
9047c73405c7b01f4fdbdc0b841e495bf589513ee9243c0ca16836151673cc6e,2024-10,Northumbria Police,Northumbria Police,-1.446846,54.917403,On or near Vicarage Court,E01008693,Sunderland 008A,Public order,Status update unavailable,
08e427b1ea7a68102b50624f180dfe7d78ab607761b871e010f48c41e5fdfb12,2024-10,Northumbria Police,Northumbria Police,-1.434352,54.918352,On or near Castellian Road,E01008693,Sunderland 008A,Public order,Status update unavailable,
21a1ae312535b0d6e0ef5c7da9d5012288016be516fdc2e0549bcc2171d58318,2024-10,Northumbria Police,Northumbria Police,-1.441186,54.917198,On or near Elizabeth Street,E01008693,Sunderland 008A,Shoplifting,Court result unavailable,
a637436476ef9ce9469c59bdf0a0fcc6617b3d0011c20fe0cb8d41a9c1d9b598,2024-10,Northumbria Police,Northumbria Police,-1.436889,54.917690,On or near East View,E01008693,Sunderland 008A,Shoplifting,Investigation complete; no suspect identified,
d2cd4869299ccdd44a67ec79015f28763de85a7be3c0913b71a25373b05bafc1,2024-10,Northumbria Police,Northumbria Police,-1.434352,54.918352,On or near Castellian Road,E01008693,Sunderland 008A,Shoplifting,Investigation complete; no suspect identified,
8fb4a8f4aeaa86f39637d4a5c6cfb79b299e3d60e7774dcb57acaac61644e200,2024-10,Northumbria Police,Northumbria Police,-1.441186,54.917198,On or near Elizabeth Street,E01008693,Sunderland 008A,Shoplifting,Investigation complete; no suspect identified,
7ceec2b0b02c14b5a79217600454de0435142e674c5733e149ad11803935e512,2024-10,Northumbria Police,Northumbria Police,-1.441186,54.917198,On or near Elizabeth Street,E01008693,Sunderland 008A,Shoplifting,Investigation complete; no suspect identified,
2733bc0be9a71f7b3ff26a54b77e7ccd03f8209a5b3c888b94fefeb0ca1ba926,2024-10,Northumbria Police,Northumbria Police,-1.441186,54.917198,On or near Elizabeth Street,E01008693,Sunderland 008A,Shoplifting,Investigation complete; no suspect identified,
ae8d836beb3a228e7a4c1dd33167e0f118b1e61819fde45c050cfa60c7c4de17,2024-10,Northumbria Police,Northumbria Police,-1.441186,54.917198,On or near Elizabeth Street,E01008693,Sunderland 008A,Shoplifting,Investigation complete; no suspect identified,
98451d1baf52c95236670e35962b5295828af57776da766a6dd4320b18d9ad11,2024-10,Northumbria Police,Northumbria Police,-1.441186,54.917198,On or near Elizabeth Street,E01008693,Sunderland 008A,Shoplifting,Investigation complete; no suspect identified,
52801e3cfdcdaa3aebf4e334949372a4a57bc92ed01bbb70af8398e667dd829d,2024-10,Northumbria Police,Northumbria Police,-1.441186,54.917198,On or near Elizabeth Street,E01008693,Sunderland 008A,Shoplifting,Investigation complete; no suspect identified,
2450fd884a3ee4b1b6e518359fdf0f37fe8bfae4767bfa0d3cad4a971d44c17e,2024-10,Northumbria Police,Northumbria Police,-1.434352,54.918352,On or near Castellian Road,E01008693,Sunderland 008A,Shoplifting,Status update unavailable,
9865ec25961746987adf0dace40ba71e49c261ed6d92cb105d22f7c4d4171a46,2024-10,Northumbria Police,Northumbria Police,-1.441186,54.917198,On or near Elizabeth Street,E01008693,Sunderland 008A,Shoplifting,Investigation complete; no suspect identified,
e5b729a4b0ef7e90fe447a738e975b860250b9e0d22518556aca642dee5381cc,2024-10,Northumbria Police,Northumbria Police,-1.441186,54.917198,On or near Elizabeth Street,E01008693,Sunderland 008A,Shoplifting,Investigation complete; no suspect identified,
dc5eaee4400aa50f117b21e431fe57374897c07fdfad5275b1757cbfa6007179,2024-10,Northumbria Police,Northumbria Police,-1.434352,54.918352,On or near Castellian Road,E01008693,Sunderland 008A,Shoplifting,Court result unavailable,
cd82023388331458113221f4eccd701581b0d76fe4ba639bde664f73dd9866f3,2024-10,Northumbria Police,Northumbria Police,-1.441186,54.917198,On or near Elizabeth Street,E01008693,Sunderland 008A,Shoplifting,Investigation complete; no suspect identified,
188dccdd61bf17cefc4c508eb7220096d22e00cf0bc11763aae1c7257037d396,2024-10,Northumbria Police,Northumbria Police,-1.434352,54.918352,On or near Castellian Road,E01008693,Sunderland 008A,Shoplifting,Status update unavailable,
670d2a1d19378fd70b3c6784d0dd9afc3a5bff94b66496b8119058aed0dd5d3a,2024-10,Northumbria Police,Northumbria Police,-1.434352,54.918352,On or near Castellian Road,E01008693,Sunderland 008A,Shoplifting,Investigation complete; no suspect identified,
32a6ff5ab5d066e0bc1d87efca4cd368b36b0ec1e0a6fa3e201e91c02d1654a0,2024-10,Northumbria Police,Northumbria Police,-1.441186,54.917198,On or near Elizabeth Street,E01008693,Sunderland 008A,Shoplifting,Status update unavailable,
281ab2e9f12da6e8b95a721eef88f5aa1bf3fff7992fe5d5cfdb376fbb336740,2024-10,Northumbria Police,Northumbria Police,-1.441186,54.917198,On or near Elizabeth Street,E01008693,Sunderland 008A,Shoplifting,Investigation complete; no suspect identified,
582fe8bcaeed56493826bf0558b1f183497d71cfa7cf77ab698f37f09b8c88f0,2024-10,Northumbria Police,Northumbria Police,-1.439215,54.918680,On or near Dene Park,E01008693,Sunderland 008A,Vehicle crime,Investigation complete; no suspect identified,
918468ce4366599d02a2feac91d5e48af74dde35cfcd13c4bad3656580d60f62,2024-10,Northumbria Police,Northumbria Police,-1.436889,54.917690,On or near East View,E01008693,Sunderland 008A,Violence and sexual offences,Investigation complete; no suspect identified,
9fce0a5c1d236b1d61eef7e50a11566a7e65c3cfb16235f7da9ab5fbd402f706,2024-10,Northumbria Police,Northumbria Police,-1.437396,54.916030,On or near Aydon Road,E01008693,Sunderland 008A,Violence and sexual offences,Status update unavailable,
57227d318785059afbbc3e10ce9096010e25310dc4452f6a830a9f7469116bfe,2024-10,Northumbria Police,Northumbria Police,-1.436865,54.916027,On or near Wessington Way,E01008693,Sunderland 008A,Violence and sexual offences,Offender given a caution,
ddd382eca8e835b8f5857f7b9509a90d67aa5217b8ce08e1187ac5aa44da2456,2024-10,Northumbria Police,Northumbria Police,-1.445129,54.920837,On or near Craigavon Road,E01008693,Sunderland 008A,Violence and sexual offences,Status update unavailable,
dd37b6032bdbb42e35229446907e431d333adae438f30f3df475dc195e057830,2024-10,Northumbria Police,Northumbria Police,-1.439673,54.916040,On or near Oswald Terrace South,E01008693,Sunderland 008A,Violence and sexual offences,Status update unavailable,
d8f1cf12a2388576f1ee4a712c8df26267a7a21743c1f1e77a703bb7741e7f51,2024-10,Northumbria Police,Northumbria Police,-1.439673,54.916040,On or near Oswald Terrace South,E01008693,Sunderland 008A,Violence and sexual offences,Status update unavailable,
,2024-10,Northumbria Police,Northumbria Police,-1.451858,54.922818,On or near Supermarket,E01008694,Sunderland 008B,Anti-social behaviour,,
,2024-10,Northumbria Police,Northumbria Police,-1.450663,54.922345,On or near Cheltenham Road,E01008694,Sunderland 008B,Anti-social behaviour,,
,2024-10,Northumbria Police,Northumbria Police,-1.451858,54.922818,On or near Supermarket,E01008694,Sunderland 008B,Anti-social behaviour,,
,2024-10,Northumbria Police,Northumbria Police,-1.451858,54.922818,On or near Supermarket,E01008694,Sunderland 008B,Anti-social behaviour,,
,2024-10,Northumbria Police,Northumbria Police,-1.451858,54.922818,On or near Supermarket,E01008694,Sunderland 008B,Anti-social behaviour,,
,2024-10,Northumbria Police,Northumbria Police,-1.450663,54.922345,On or near Cheltenham Road,E01008694,Sunderland 008B,Anti-social behaviour,,
1089bb6a1deab0cdb36814f74c927dd4f340f000dc346411a120889ad56af32a,2024-10,Northumbria Police,Northumbria Police,-1.445590,54.923661,On or near Coleridge Road,E01008694,Sunderland 008B,Burglary,Investigation complete; no suspect identified,
6710bbea1c80ff2690832f7b98b6ed53996a9c02d46db1f9d1bfb7c1557135e9,2024-10,Northumbria Police,Northumbria Police,-1.450663,54.922345,On or near Cheltenham Road,E01008694,Sunderland 008B,Criminal damage and arson,Investigation complete; no suspect identified,
d2d0d414fe799c89a5bb4f5e802fe3b8eb976ae7deb508c267193b3a83a11608,2024-10,Northumbria Police,Northumbria Police,-1.448268,54.921795,On or near Cranberry Square,E01008694,Sunderland 008B,Criminal damage and arson,Investigation complete; no suspect identified,
c34c3b35a419d732f2de25a951411ff97f57302a426f53b7429c7f419b7d023c,2024-10,Northumbria Police,Northumbria Police,-1.450663,54.922345,On or near Cheltenham Road,E01008694,Sunderland 008B,Criminal damage and arson,Investigation complete; no suspect identified,
79b58332ecd1d8983684240299b17457c035254faf1e73ff1bd01bf4998d5be6,2024-10,Northumbria Police,Northumbria Police,-1.451858,54.922818,On or near Supermarket,E01008694,Sunderland 008B,Public order,Investigation complete; no suspect identified,
64e917cc1cb0acd7b59dc22107ae5d0bc468f29bd43b522eaa813c2aae09003a,2024-10,Northumbria Police,Northumbria Police,-1.447742,54.921478,On or near Cranberry Road,E01008694,Sunderland 008B,Robbery,Investigation complete; no suspect identified,
42ca9568b80975d0eb75a970a538bb2a63e2966cb37170a807a8f81878971445,2024-10,Northumbria Police,Northumbria Police,-1.451858,54.922818,On or near Supermarket,E01008694,Sunderland 008B,Shoplifting,Court result unavailable,
b859ea7221ef7ae930a3e1d66b88a0129e99b21907d8adc5eed5ddfff61c6717,2024-10,Northumbria Police,Northumbria Police,-1.451858,54.922818,On or near Supermarket,E01008694,Sunderland 008B,Shoplifting,Suspect charged as part of another case,
d0a8a1881904d4459777f576cc05a1e82aa5b5973f2ea1889e0b43cd31e642dd,2024-10,Northumbria Police,Northumbria Police,-1.451858,54.922818,On or near Supermarket,E01008694,Sunderland 008B,Shoplifting,Court result unavailable,
70c9de4567f61465f68675b8031c821acf5ccbef0194865c44377921e157d8c5,2024-10,Northumbria Police,Northumbria Police,-1.451858,54.922818,On or near Supermarket,E01008694,Sunderland 008B,Shoplifting,Suspect charged as part of another case,
7d6f54ea0a95582df0a710a54552c92ccd381a2018b17a08a8f61d0013d128d2,2024-10,Northumbria Police,Northumbria Police,-1.451858,54.922818,On or near Supermarket,E01008694,Sunderland 008B,Shoplifting,Suspect charged as part of another case,
58bd231c14ff0ccbc71c8c6e3f79e79629ac849281550add0b3c5af6f2d5dc43,2024-10,Northumbria Police,Northumbria Police,-1.451858,54.922818,On or near Supermarket,E01008694,Sunderland 008B,Shoplifting,Suspect charged as part of another case,
7413682e36c1c5f770c65fa44ac87834c73b60ea36e025c5bbbdc81b3a5f2d8b,2024-10,Northumbria Police,Northumbria Police,-1.451858,54.922818,On or near Supermarket,E01008694,Sunderland 008B,Shoplifting,Court result unavailable,
2a299737eec034d6ae1e1dc0af8c1f5e0c1c5a31fc33377df20569f0cd5d4389,2024-10,Northumbria Police,Northumbria Police,-1.450663,54.922345,On or near Cheltenham Road,E01008694,Sunderland 008B,Violence and sexual offences,Status update unavailable,
ac3c63e3f37aabba0a7cef4f64a630a6622983c60e7abd65c9ba38017f1d05cc,2024-10,Northumbria Police,Northumbria Police,-1.448987,54.924000,On or near Cotswold Road,E01008694,Sunderland 008B,Violence and sexual offences,Status update unavailable,
1fb1f98c8ed65975d064c53badc5bff3b2851cafb2213bd58482d2f2c4b35194,2024-10,Northumbria Police,Northumbria Police,-1.448987,54.924000,On or near Cotswold Road,E01008694,Sunderland 008B,Violence and sexual offences,Status update unavailable,
,2024-10,Northumbria Police,Northumbria Police,-1.454942,54.922059,On or near Corinthian Square,E01008695,Sunderland 008C,Anti-social behaviour,,
,2024-10,Northumbria Police,Northumbria Police,-1.455497,54.919114,On or near Cricklewood Road,E01008695,Sunderland 008C,Anti-social behaviour,,
,2024-10,Northumbria Police,Northumbria Police,-1.457954,54.917381,On or near Colombo Road,E01008695,Sunderland 008C,Anti-social behaviour,,
,2024-10,Northumbria Police,Northumbria Police,-1.454942,54.922059,On or near Corinthian Square,E01008695,Sunderland 008C,Anti-social behaviour,,
fad86ee603332c061cde35cd1649b2a75eb2a77223dfce6119e1232a7fc3443b,2024-10,Northumbria Police,Northumbria Police,-1.454942,54.922059,On or near Corinthian Square,E01008695,Sunderland 008C,Criminal damage and arson,Investigation complete; no suspect identified,
e143fcdefb4620a230740d36f2a44c36594e0217f3ab40898a957838401ea9bd,2024-10,Northumbria Police,Northumbria Police,-1.454942,54.922059,On or near Corinthian Square,E01008695,Sunderland 008C,Drugs,Status update unavailable,
d0a9a8b671af0019d6f4b2037b8e42226023a6ac96b1bd3d1887853a768df32a,2024-10,Northumbria Police,Northumbria Police,-1.459191,54.921664,On or near Crieff Square,E01008695,Sunderland 008C,Other theft,Status update unavailable,
b181e1230bad03007d2d9f2e064e4b561f2ee15ffee35d2d10b067ea9a3c8071,2024-10,Northumbria Police,Northumbria Police,-1.455497,54.919114,On or near Cricklewood Road,E01008695,Sunderland 008C,Robbery,Investigation complete; no suspect identified,
6a7e6f7b665805713365d25a31939be23dfd13cdf8bac55fac9f4e50dbad9c44,2024-10,Northumbria Police,Northumbria Police,-1.454108,54.920258,On or near Cheam Road,E01008695,Sunderland 008C,Robbery,Investigation complete; no suspect identified,
64209b8e2612dc29fb8ec6529e190e66e819cda81fe2ddf28bbc9864222f8535,2024-10,Northumbria Police,Northumbria Police,-1.455497,54.919114,On or near Cricklewood Road,E01008695,Sunderland 008C,Vehicle crime,Investigation complete; no suspect identified,
8e5ec1c706bd9b982a959b168ba151b4d3c16cd9b9a23c4efac1b1e458d839d4,2024-10,Northumbria Police,Northumbria Police,-1.459191,54.921664,On or near Crieff Square,E01008695,Sunderland 008C,Violence and sexual offences,Investigation complete; no suspect identified,
6b9b48877b877fb84624446f905fbee8aa89abc24b718a84aa3fda9c239e2011,2024-10,Northumbria Police,Northumbria Police,-1.457207,54.918375,On or near Clacton Road,E01008695,Sunderland 008C,Violence and sexual offences,Investigation complete; no suspect identified,
aacc89ce88a37a7935caed68f344c7d18628ce22f691ebc362fdd5bc552bd315,2024-10,Northumbria Police,Northumbria Police,-1.457954,54.917381,On or near Colombo Road,E01008695,Sunderland 008C,Violence and sexual offences,Investigation complete; no suspect identified,
c82812388cd4b962e878c8ef61f7b8305abd49b15c54d8fbdd6fcc8e7b99cfe4,2024-10,Northumbria Police,Northumbria Police,-1.455228,54.922824,On or near Cook Square,E01008695,Sunderland 008C,Violence and sexual offences,Status update unavailable,
,2024-10,Northumbria Police,Northumbria Police,-1.453582,54.916472,On or near Cairncross,E01008696,Sunderland 008D,Anti-social behaviour,,
,2024-10,Northumbria Police,Northumbria Police,-1.456950,54.916622,On or near Caspian Square,E01008696,Sunderland 008D,Anti-social behaviour,,
4a0e7f79e3a22563429aac5e20cdfefdb11d06a2160b07b554ef0161df0b6ca7,2024-10,Northumbria Police,Northumbria Police,-1.456950,54.916622,On or near Caspian Square,E01008696,Sunderland 008D,Criminal damage and arson,Investigation complete; no suspect identified,
cf4d405946f4b36491ad26407f45492c0337a098d4b3b6ca1787d8a2e98ecbdf,2024-10,Northumbria Police,Northumbria Police,-1.456063,54.915270,On or near Maydown Close,E01008696,Sunderland 008D,Other theft,Investigation complete; no suspect identified,
310df431ee5b7d8bf757403447ab0034ba7045a85928888c3d45201ba482acf4,2024-10,Northumbria Police,Northumbria Police,-1.451260,54.916300,On or near Kirkwall Close,E01008696,Sunderland 008D,Public order,Status update unavailable,
3a105c169cc8bf2a91bcde9f2f109b2bbf94b4c7e3c68c71272281d342207f05,2024-10,Northumbria Police,Northumbria Police,-1.451260,54.916300,On or near Kirkwall Close,E01008696,Sunderland 008D,Vehicle crime,Investigation complete; no suspect identified,
,2024-10,Northumbria Police,Northumbria Police,-1.446147,54.916007,On or near The Grove,E01008697,Sunderland 008E,Anti-social behaviour,,
,2024-10,Northumbria Police,Northumbria Police,-1.446147,54.916007,On or near The Grove,E01008697,Sunderland 008E,Anti-social behaviour,,
,2024-10,Northumbria Police,Northumbria Police,-1.446147,54.916007,On or near The Grove,E01008697,Sunderland 008E,Anti-social behaviour,,
fdbd49b904a65f8f5a84f5c237caa59f5a96a94580da126403cc8d28f880c958,2024-10,Northumbria Police,Northumbria Police,-1.445406,54.914368,On or near Baron'S Quay Road,E01008697,Sunderland 008E,Criminal damage and arson,Investigation complete; no suspect identified,
d9d4b34da65a58d679493c84acf93ac1e98365fa07576652d92e585283deca33,2024-10,Northumbria Police,Northumbria Police,-1.444615,54.917375,On or near Ernwill Avenue,E01008697,Sunderland 008E,Criminal damage and arson,Status update unavailable,
2aea984d65c0519017a1cb5ab869281480be906d9f7862fecb1b6c26e3515df3,2024-10,Northumbria Police,Northumbria Police,-1.451168,54.912777,On or near Laburnum Grove,E01008697,Sunderland 008E,Drugs,Offender given a caution,
9db489d0e9d0a1ccae9204ccc4a5172bd3fa962886e40b4e92d115eec64288f3,2024-10,Northumbria Police,Northumbria Police,-1.451168,54.912777,On or near Laburnum Grove,E01008697,Sunderland 008E,Other theft,Status update unavailable,
ffda27eae653b8ff61a732d0765fdd8b35a6cb86bfa611b6685a12e0f2ea963e,2024-10,Northumbria Police,Northumbria Police,-1.451168,54.912777,On or near Laburnum Grove,E01008697,Sunderland 008E,Public order,Status update unavailable,
a754844f7073752770c2c4b10ca12738d85705a2a71e8d480a3db90c5f856df1,2024-10,Northumbria Police,Northumbria Police,-1.451168,54.912777,On or near Laburnum Grove,E01008697,Sunderland 008E,Public order,Status update unavailable,
21103d207c7a10d1b5b06824b2dac94c6445c6ecfa75fec5a2ffe52c8576cf1b,2024-10,Northumbria Police,Northumbria Police,-1.446147,54.916007,On or near The Grove,E01008697,Sunderland 008E,Violence and sexual offences,Status update unavailable,
b8a1c701598db1988642c8ad3ff31e03f4197c92c7fccf205e50651e30a90266,2024-10,Northumbria Police,Northumbria Police,-1.451168,54.912777,On or near Laburnum Grove,E01008697,Sunderland 008E,Violence and sexual offences,Status update unavailable,
,2024-10,Northumbria Police,Northumbria Police,-1.448235,54.923062,On or near Cranleigh Road,E01008699,Sunderland 008F,Anti-social behaviour,,
cc92d8567f6b9337dad5c237043f3574e825b6571bf58a23223133d09655a856,2024-10,Northumbria Police,Northumbria Police,-1.456974,54.924090,On or near Conway Road,E01008699,Sunderland 008F,Criminal damage and arson,Investigation complete; no suspect identified,
f5c5c73c2337f59c197b5d1b4c582b2d6b443c29d2754e71745e7f2c1562e7e8,2024-10,Northumbria Police,Northumbria Police,-1.456806,54.923864,On or near Conway Square,E01008699,Sunderland 008F,Other theft,Status update unavailable,
3de328a41bef6710b507f1ea0a39fe8bb0a393b71b91a700a23fd6e75bc226ad,2024-10,Northumbria Police,Northumbria Police,-1.456806,54.923864,On or near Conway Square,E01008699,Sunderland 008F,Public order,Status update unavailable,
40a07e606f2f63a8069f934a4f667bc406a88113e9dbb5525a8bc47d37b4d3b3,2024-10,Northumbria Police,Northumbria Police,-1.458685,54.924484,On or near Cockermouth Road,E01008699,Sunderland 008F,Violence and sexual offences,Status update unavailable,
,2024-10,Northumbria Police,Northumbria Police,-1.522920,54.912855,On or near Victoria Road,E01008853,Sunderland 009A,Anti-social behaviour,,
,2024-10,Northumbria Police,Northumbria Police,-1.522920,54.912855,On or near Victoria Road,E01008853,Sunderland 009A,Anti-social behaviour,,
,2024-10,Northumbria Police,Northumbria Police,-1.515371,54.910781,On or near Bus/Coach Station,E01008853,Sunderland 009A,Anti-social behaviour,,
,2024-10,Northumbria Police,Northumbria Police,-1.522704,54.910483,On or near Sports/Recreation Area,E01008853,Sunderland 009A,Anti-social behaviour,,
,2024-10,Northumbria Police,Northumbria Police,-1.521200,54.911922,On or near Parking Area,E01008853,Sunderland 009A,Anti-social behaviour,,
,2024-10,Northumbria Police,Northumbria Police,-1.522920,54.912855,On or near Victoria Road,E01008853,Sunderland 009A,Anti-social behaviour,,
,2024-10,Northumbria Police,Northumbria Police,-1.521257,54.913729,On or near House Terrace,E01008853,Sunderland 009A,Anti-social behaviour,,
,2024-10,Northumbria Police,Northumbria Police,-1.521200,54.911922,On or near Parking Area,E01008853,Sunderland 009A,Anti-social behaviour,,
013b53188af0179b427a1c04c264ddfc3a8db6616d3d6ac18f003e40b880931d,2024-10,Northumbria Police,Northumbria Police,-1.511778,54.905496,On or near Sunderland Highway,E01008853,Sunderland 009A,Burglary,Investigation complete; no suspect identified,
2bed7493647194a1eb22b5b20fcc1b7f2d74894a9788f71be81082cc6785c102,2024-10,Northumbria Police,Northumbria Police,-1.518961,54.912597,On or near Front Street,E01008853,Sunderland 009A,Burglary,Investigation complete; no suspect identified,
926ec913b8846a9770422aa50adac1fc1579f06ef2033b3715b9b2376306f001,2024-10,Northumbria Police,Northumbria Police,-1.521200,54.911922,On or near Parking Area,E01008853,Sunderland 009A,Criminal damage and arson,Investigation complete; no suspect identified,
36356a4aa5242b525d477480f6eb9f615b54c71327f5850aa43b66263b65f079,2024-10,Northumbria Police,Northumbria Police,-1.521200,54.911922,On or near Parking Area,E01008853,Sunderland 009A,Criminal damage and arson,Investigation complete; no suspect identified,
7dcc72928661f9f7717e78ddbe1da169ca4fa5a32e90daf5068a9e0fdda10cc8,2024-10,Northumbria Police,Northumbria Police,-1.518961,54.912597,On or near Front Street,E01008853,Sunderland 009A,Criminal damage and arson,Investigation complete; no suspect identified,
94ef50d798b966d0695eedfa3917496eb915034f0fc9906e71d649eed89e4524,2024-10,Northumbria Police,Northumbria Police,-1.514707,54.908365,On or near Industrial Road,E01008853,Sunderland 009A,Drugs,Status update unavailable,
fd7ce3f48251882588a5900760216ffb1ecbb7548732f17cb30c491d6c24eab9,2024-10,Northumbria Police,Northumbria Police,-1.518961,54.912597,On or near Front Street,E01008853,Sunderland 009A,Drugs,Status update unavailable,
3ba66284a3a93fee3fa447f8ca96966441ee0f1e705057a25720506dfbe72b9a,2024-10,Northumbria Police,Northumbria Police,-1.515371,54.910781,On or near Bus/Coach Station,E01008853,Sunderland 009A,Other theft,Investigation complete; no suspect identified,
4b9ce38b8daa52e43d68319e6551c90bea23f84a035fd9e4bcd74ac020b343cb,2024-10,Northumbria Police,Northumbria Police,-1.522920,54.912855,On or near Victoria Road,E01008853,Sunderland 009A,Other theft,Investigation complete; no suspect identified,
42286dae079690948093f0bd8921f03725e85f8f258ab5315f4a27c8b39a41c8,2024-10,Northumbria Police,Northumbria Police,-1.522920,54.912855,On or near Victoria Road,E01008853,Sunderland 009A,Shoplifting,Investigation complete; no suspect identified,
d6069df0eb1e405f03f5567a10f5439f6f7f6b9ce48b32165ee5f7838f24ae54,2024-10,Northumbria Police,Northumbria Police,-1.522920,54.912855,On or near Victoria Road,E01008853,Sunderland 009A,Shoplifting,Suspect charged as part of another case,
c0eca611893fb2c222f01235a64bc4db89d26ec63d83b456ab2e06c2d06c79ca,2024-10,Northumbria Police,Northumbria Police,-1.522920,54.912855,On or near Victoria Road,E01008853,Sunderland 009A,Shoplifting,Awaiting court outcome,
aace52351d21f127b9d6a096dd4ad744add13ead72e74d23af19ea3184d73cc2,2024-10,Northumbria Police,Northumbria Police,-1.522920,54.912855,On or near Victoria Road,E01008853,Sunderland 009A,Shoplifting,Status update unavailable,
0e1d72e70d8687cb53a607cb041267a4f6580724523516e135444ebd6c5bd319,2024-10,Northumbria Police,Northumbria Police,-1.522920,54.912855,On or near Victoria Road,E01008853,Sunderland 009A,Shoplifting,Status update unavailable,
fbaf450f795c5f120005d86fc6607590425722f051e777caa777f68909e377e9,2024-10,Northumbria Police,Northumbria Police,-1.521200,54.911922,On or near Parking Area,E01008853,Sunderland 009A,Shoplifting,Investigation complete; no suspect identified,
ca978f548de56173b9330f713900b82658c05a027aab7287168d8f4675d459e5,2024-10,Northumbria Police,Northumbria Police,-1.515371,54.910781,On or near Bus/Coach Station,E01008853,Sunderland 009A,Vehicle crime,Investigation complete; no suspect identified,
56115ece4d9b45eb98deda2be9717dce917cb6877fda8c244f1bcd45e4ad5a96,2024-10,Northumbria Police,Northumbria Police,-1.520531,54.907831,On or near Spout Lane,E01008853,Sunderland 009A,Vehicle crime,Investigation complete; no suspect identified,
9be4190de471bf5499e377eb94e5766545bc8e49921a61dd2ab01b357230b906,2024-10,Northumbria Police,Northumbria Police,-1.518961,54.912597,On or near Front Street,E01008853,Sunderland 009A,Violence and sexual offences,Investigation complete; no suspect identified,
f9b8e05a9dfbb30d9aa93ecf8c3f2b122faea676c2ed66a6321376468fb3f50a,2024-10,Northumbria Police,Northumbria Police,-1.521200,54.911922,On or near Parking Area,E01008853,Sunderland 009A,Violence and sexual offences,Investigation complete; no suspect identified,
81fd69bd4034e655a30e44d8df44c9d4dc97b4fe4cab8a5559a592445578dbae,2024-10,Northumbria Police,Northumbria Police,-1.520531,54.907831,On or near Spout Lane,E01008853,Sunderland 009A,Violence and sexual offences,Status update unavailable,
d3d3d4b6fe25acec648805f4e2821c543a2f3c85797ff4792ee6311dbe989431,2024-10,Northumbria Police,Northumbria Police,-1.520531,54.907831,On or near Spout Lane,E01008853,Sunderland 009A,Violence and sexual offences,Status update unavailable,
8246b27e260b5b02c851968078453f948e64bc5c6b4028104dfb18b66c240a9a,2024-10,Northumbria Police,Northumbria Police,-1.521200,54.911922,On or near Parking Area,E01008853,Sunderland 009A,Violence and sexual offences,Investigation complete; no suspect identified,
91a54e8f45a42d4b43aadd99ee2e9ac98fb00039cb88f2b2a6e25874a5c7880d,2024-10,Northumbria Police,Northumbria Police,-1.520531,54.907831,On or near Spout Lane,E01008853,Sunderland 009A,Violence and sexual offences,Status update unavailable,
56027db8dcad73398276cb7b68bbb5406b3474d69994fb194264cba4091fc6a7,2024-10,Northumbria Police,Northumbria Police,-1.518961,54.912597,On or near Front Street,E01008853,Sunderland 009A,Violence and sexual offences,Investigation complete; no suspect identified,
9f38a1767fa83997f6c5371f3f7d2df580241d351d601725ed9e283c542378fd,2024-10,Northumbria Police,Northumbria Police,-1.514707,54.908365,On or near Industrial Road,E01008853,Sunderland 009A,Violence and sexual offences,Status update unavailable,
1221c79b508438780be72a8b073861010dcbda4e4d980484dcc95a47951c3a5b,2024-10,Northumbria Police,Northumbria Police,-1.522704,54.910483,On or near Sports/Recreation Area,E01008853,Sunderland 009A,Violence and sexual offences,Investigation complete; no suspect identified,
0df29fd6f5dfaabcb5a0edea15222aeb2cd18bbee36bd9ac8ec58b51ab8eaf11,2024-10,Northumbria Police,Northumbria Police,-1.522704,54.910483,On or near Sports/Recreation Area,E01008853,Sunderland 009A,Other crime,Investigation complete; no suspect identified,
b25cc8e1a0616995e33e0031e93502283f5f9a1e3422889c6341b1bd309b5bfc,2024-10,Northumbria Police,Northumbria Police,-1.507154,54.915092,On or near Marlborough Road,E01008854,Sunderland 009B,Burglary,Status update unavailable,
059b9504a8b00a2aadf1ed0fe5d75a1f01068ee14bff3d148732fa189e4600e8,2024-10,Northumbria Police,Northumbria Police,-1.516806,54.912795,On or near Hall Road,E01008854,Sunderland 009B,Burglary,Investigation complete; no suspect identified,
59ad79df60339d17350998d8be04ba2ee3058905c52c0b0bdbf890edbf681ceb,2024-10,Northumbria Police,Northumbria Police,-1.507154,54.915092,On or near Marlborough Road,E01008854,Sunderland 009B,Criminal damage and arson,Investigation complete; no suspect identified,
ce48194207a17b49341693e5c02f86d28aaa25bbddb8a4f79c1d6fb1de19c5b4,2024-10,Northumbria Police,Northumbria Police,-1.507154,54.915092,On or near Marlborough Road,E01008854,Sunderland 009B,Public order,Investigation complete; no suspect identified,
dc485de737942a3e9c45baa3ee0b562d4dce20a08e9ddb4b0e6257709e69adfd,2024-10,Northumbria Police,Northumbria Police,-1.507154,54.915092,On or near Marlborough Road,E01008854,Sunderland 009B,Violence and sexual offences,Court result unavailable,
c89c1db9c92bc586a6e429f97ce0b5c800b823820126164658d22ec60daf0cb1,2024-10,Northumbria Police,Northumbria Police,-1.507154,54.915092,On or near Marlborough Road,E01008854,Sunderland 009B,Violence and sexual offences,Investigation complete; no suspect identified,
794a0292371add9ae84d4238a178fc4dfbfc4609da43c216a36b5d61b8e44bde,2024-10,Northumbria Police,Northumbria Police,-1.517195,54.912949,On or near Manor View,E01008854,Sunderland 009B,Violence and sexual offences,Investigation complete; no suspect identified,
e012a3b8a1e4fecb510006e20b6dace3d20e0dcc21ea2ad8242e2c829bf59b18,2024-10,Northumbria Police,Northumbria Police,-1.507154,54.915092,On or near Marlborough Road,E01008854,Sunderland 009B,Violence and sexual offences,Status update unavailable,
9d0d587410bb22e882b91e7182fe0cfb633b5d42cb40b8c315687a4572e26fe1,2024-10,Northumbria Police,Northumbria Police,-1.519269,54.911618,On or near Vermont,E01008854,Sunderland 009B,Violence and sexual offences,Status update unavailable,
1a66c103f15f632028f4ffca102e2d3458a27a55d26435d1b9c212409a2027c7,2024-10,Northumbria Police,Northumbria Police,-1.513197,54.913302,On or near Silverstone Road,E01008854,Sunderland 009B,Violence and sexual offences,Status update unavailable,
,2024-10,Northumbria Police,Northumbria Police,-1.531993,54.916898,On or near Sports/Recreation Area,E01008857,Sunderland 009C,Anti-social behaviour,,
ee13a14b1ef9d560efd469e9f5e16abcaae5a277cbba258b2efc1f2e70dd5c08,2024-10,Northumbria Police,Northumbria Police,-1.531993,54.916898,On or near Sports/Recreation Area,E01008857,Sunderland 009C,Violence and sexual offences,Status update unavailable,
105be978d2ff9713923164ff3e5441ee0e27c9b893a881c4ea534bb373a59acd,2024-10,Northumbria Police,Northumbria Police,-1.531993,54.916898,On or near Sports/Recreation Area,E01008857,Sunderland 009C,Violence and sexual offences,Status update unavailable,
,2024-10,Northumbria Police,Northumbria Police,-1.521916,54.913399,On or near Parking Area,E01008858,Sunderland 009D,Anti-social behaviour,,
,2024-10,Northumbria Police,Northumbria Police,-1.521916,54.913399,On or near Parking Area,E01008858,Sunderland 009D,Anti-social behaviour,,
,2024-10,Northumbria Police,Northumbria Police,-1.521916,54.913399,On or near Parking Area,E01008858,Sunderland 009D,Anti-social behaviour,,
,2024-10,Northumbria Police,Northumbria Police,-1.521916,54.913399,On or near Parking Area,E01008858,Sunderland 009D,Anti-social behaviour,,
,2024-10,Northumbria Police,Northumbria Police,-1.521916,54.913399,On or near Parking Area,E01008858,Sunderland 009D,Anti-social behaviour,,
ad7f77615e6f1a4c9d1cff2840865c15457233e192c3c78577a50bbf4f866420,2024-10,Northumbria Police,Northumbria Police,-1.520635,54.914877,On or near Viola Street,E01008858,Sunderland 009D,Burglary,Investigation complete; no suspect identified,
a92fa0ea46767a64c15bc9ffbc6f076248785cc1e3f33c618be1e3a1656151e5,2024-10,Northumbria Police,Northumbria Police,-1.523613,54.916326,On or near Park Grove,E01008858,Sunderland 009D,Criminal damage and arson,Investigation complete; no suspect identified,
ceba1943ec675e9658a2cdc04dbc2ff3fa71ef47a3e7a56716a0bc17afa58f63,2024-10,Northumbria Police,Northumbria Police,-1.521916,54.913399,On or near Parking Area,E01008858,Sunderland 009D,Criminal damage and arson,Investigation complete; no suspect identified,
97f3538f2cf8273c492c77768a3aa1843b652e3bcf876606c63773f6677a7fce,2024-10,Northumbria Police,Northumbria Police,-1.521431,54.916129,On or near Tyne Gardens,E01008858,Sunderland 009D,Criminal damage and arson,Investigation complete; no suspect identified,
f47a1ca71a1173c85913916ae791322aa49c86605725a6fb30f945e4d68c89d7,2024-10,Northumbria Police,Northumbria Police,-1.521431,54.916129,On or near Tyne Gardens,E01008858,Sunderland 009D,Criminal damage and arson,Investigation complete; no suspect identified,
3fab456b55e0361540bf41319da6680c137bf9ce32487abb2eec497b6d250490,2024-10,Northumbria Police,Northumbria Police,-1.521916,54.913399,On or near Parking Area,E01008858,Sunderland 009D,Criminal damage and arson,Investigation complete; no suspect identified,
76846ba4b28e7b7041d476181485be1933f7d9aee796641111f8c9bea92af0c7,2024-10,Northumbria Police,Northumbria Police,-1.521431,54.916129,On or near Tyne Gardens,E01008858,Sunderland 009D,Drugs,Court result unavailable,
c3ac1ac7471bbf7ec6ea9b4c1bfff1fb8ad3fa195fd30e6aeb02675ac7fec5b0,2024-10,Northumbria Police,Northumbria Police,-1.524285,54.913579,On or near Parking Area,E01008858,Sunderland 009D,Other theft,Status update unavailable,
29a6e8f2b10fb8e91a799bfe79ae34ccb2363cd04619736019f761704fc7641e,2024-10,Northumbria Police,Northumbria Police,-1.517419,54.917650,On or near A195,E01008858,Sunderland 009D,Other theft,Status update unavailable,
bb30359582a51835f3ec0e62e7c6cb072abd0aed91f62ec13d290e83b027791e,2024-10,Northumbria Police,Northumbria Police,-1.521431,54.916129,On or near Tyne Gardens,E01008858,Sunderland 009D,Possession of weapons,Court result unavailable,
4db9a4fd7c250754536431a7938a1adff6123aa83ad2adfab05b3616b4b17dab,2024-10,Northumbria Police,Northumbria Police,-1.521916,54.913399,On or near Parking Area,E01008858,Sunderland 009D,Public order,Investigation complete; no suspect identified,
c083e3e2e7729faeff2eb52ad74cb057443893de02771aacfbb70eb7abfc9a04,2024-10,Northumbria Police,Northumbria Police,-1.521431,54.916129,On or near Tyne Gardens,E01008858,Sunderland 009D,Public order,Court result unavailable,
4e239d83406e3ec7bd62d088a2fd94150ed99ca56a12b6893ed70945e864bcb6,2024-10,Northumbria Police,Northumbria Police,-1.521431,54.916129,On or near Tyne Gardens,E01008858,Sunderland 009D,Public order,Status update unavailable,
c170091c0a354cee153e1751cf81658724a42d70fd5b75497fa5bb3cdea35f8d,2024-10,Northumbria Police,Northumbria Police,-1.523654,54.913237,On or near Bus/Coach Station,E01008858,Sunderland 009D,Vehicle crime,Investigation complete; no suspect identified,
d46bcd53ae81b9a95dffe6fb7fc60a4f871c2dc20ccd1ea1dba6f23e843cbff9,2024-10,Northumbria Police,Northumbria Police,-1.519773,54.915206,On or near Vernon Street,E01008858,Sunderland 009D,Vehicle crime,Investigation complete; no suspect identified,
282b794ca5168166b7f4b640ab16dcc9d39339e4aaee96a97146a7a80be367bf,2024-10,Northumbria Police,Northumbria Police,-1.523613,54.916326,On or near Park Grove,E01008858,Sunderland 009D,Vehicle crime,Investigation complete; no suspect identified,
4516e72313817d6557d076fefb785d0c52c091fc3e3973fea9acbc1a53d478b5,2024-10,Northumbria Police,Northumbria Police,-1.520744,54.917510,On or near Inkerman Road,E01008858,Sunderland 009D,Vehicle crime,Investigation complete; no suspect identified,
efbed58f9fc7b93b281fb0d7c43b4f57603882ce0e8f55b6cecf88c206b0427c,2024-10,Northumbria Police,Northumbria Police,-1.519773,54.915206,On or near Vernon Street,E01008858,Sunderland 009D,Vehicle crime,Investigation complete; no suspect identified,
e49b78dbe6cecbcafe35728359a1013950ec871371bb577a04e9c137c266aecf,2024-10,Northumbria Police,Northumbria Police,-1.523479,54.913127,On or near Concord Bus Station,E01008858,Sunderland 009D,Vehicle crime,Investigation complete; no suspect identified,
f05d4edc2bbc8237a3fa4a12127f4bfea49862f699e05649b9ffd4be31aeb25d,2024-10,Northumbria Police,Northumbria Police,-1.521431,54.916129,On or near Tyne Gardens,E01008858,Sunderland 009D,Vehicle crime,Investigation complete; no suspect identified,
d149414145721c95e0e9113214ca6b60d14fd30a17dd8922b7b0ffb2c96d16da,2024-10,Northumbria Police,Northumbria Police,-1.519773,54.915206,On or near Vernon Street,E01008858,Sunderland 009D,Vehicle crime,Investigation complete; no suspect identified,
2c540db4c6446077b7e1cca4abd72d88ea2719a659ca70871c969aa038fbeb52,2024-10,Northumbria Police,Northumbria Police,-1.523479,54.913127,On or near Concord Bus Station,E01008858,Sunderland 009D,Violence and sexual offences,Status update unavailable,
133c35450e2ecccd19d6bea36ddd89338027b0c2987dbb19e7de98968b69eed9,2024-10,Northumbria Police,Northumbria Police,-1.521431,54.916129,On or near Tyne Gardens,E01008858,Sunderland 009D,Violence and sexual offences,Court result unavailable,
0366222c0d2bbb1329d55286948e80964932aea000e3faa7389b06985d711a45,2024-10,Northumbria Police,Northumbria Police,-1.529313,54.915800,On or near The Drive,E01008858,Sunderland 009D,Violence and sexual offences,Investigation complete; no suspect identified,
0ab455c45cedddc5aef3d7c206c0ff409e75ee40e03ef5c31d9807e4953e6068,2024-10,Northumbria Police,Northumbria Police,-1.521431,54.916129,On or near Tyne Gardens,E01008858,Sunderland 009D,Violence and sexual offences,Status update unavailable,
38759f69919b8b6b1bc6368bd2ac8494b32c325d659559e20044a9277c6d8d63,2024-10,Northumbria Police,Northumbria Police,-1.523613,54.916326,On or near Park Grove,E01008858,Sunderland 009D,Violence and sexual offences,Status update unavailable,
24701f46e5a22545f503374f8c191f6fccfc31d9f26d61eb76171083c9981c08,2024-10,Northumbria Police,Northumbria Police,-1.521431,54.916129,On or near Tyne Gardens,E01008858,Sunderland 009D,Violence and sexual offences,Court result unavailable,
6463b07f17515d15f894a98cca6517064a3057146f1b6fd8641e37262bc02e44,2024-10,Northumbria Police,Northumbria Police,-1.521431,54.916129,On or near Tyne Gardens,E01008858,Sunderland 009D,Violence and sexual offences,Status update unavailable,
8f32629bb4c579fe61c28523195a559a31ab4f7f01b868928b3f07c4f7fe0c64,2024-10,Northumbria Police,Northumbria Police,-1.521431,54.916129,On or near Tyne Gardens,E01008858,Sunderland 009D,Other crime,Investigation complete; no suspect identified,
eaf2d9104d0adc730576ad64e972796d8c6b4e29c46e8920ba5f898d16104720,2024-10,Northumbria Police,Northumbria Police,-1.521431,54.916129,On or near Tyne Gardens,E01008858,Sunderland 009D,Other crime,Status update unavailable,
,2024-10,Northumbria Police,Northumbria Police,-1.504526,54.913132,On or near Ellen Terrace,E01008859,Sunderland 009E,Anti-social behaviour,,
e10f02aceac52bf9e71f475094fb7d70c5e39aadc25a544d23a0db7f9c409800,2024-10,Northumbria Police,Northumbria Police,-1.504790,54.906887,On or near Shopping Area,E01008859,Sunderland 009E,Public order,Investigation complete; no suspect identified,
cc6eab79f35cc88f9e573099e4e7553b5219ae8c5b5980b88b2a34125dd1d766,2024-10,Northumbria Police,Northumbria Police,-1.510173,54.913119,On or near Usworth Station Road,E01008859,Sunderland 009E,Public order,Status update unavailable,
df8cbf9b521bbf8a023c9fb99b898af5bd4525aaad56dbd9f11d3f6a6db9d00e,2024-10,Northumbria Police,Northumbria Police,-1.504790,54.906887,On or near Shopping Area,E01008859,Sunderland 009E,Public order,Investigation complete; no suspect identified,
af04295270167a367167f15bbe53a024868fcde10b5a1a89aafcf79670d4cebf,2024-10,Northumbria Police,Northumbria Police,-1.504790,54.906887,On or near Shopping Area,E01008859,Sunderland 009E,Shoplifting,Status update unavailable,
ccb83c4adaa366245faab49a7f2f4770a12e6296455ac3288611404eb313b886,2024-10,Northumbria Police,Northumbria Police,-1.504790,54.906887,On or near Shopping Area,E01008859,Sunderland 009E,Shoplifting,Investigation complete; no suspect identified,
5e4ded074b8a38bc27bac436cbecef47e656848b2b86c2565d9f95a1b4381dbb,2024-10,Northumbria Police,Northumbria Police,-1.504790,54.906887,On or near Shopping Area,E01008859,Sunderland 009E,Shoplifting,Investigation complete; no suspect identified,
3279b9549d8fce46700909760b69ce99d2281edebd570641e8d3ce55a2fd53b0,2024-10,Northumbria Police,Northumbria Police,-1.504790,54.906887,On or near Shopping Area,E01008859,Sunderland 009E,Shoplifting,Investigation complete; no suspect identified,
62ae1de7aaa808470407d494048c77eb2c602876175de9964d6beceb1894bb75,2024-10,Northumbria Police,Northumbria Police,-1.503104,54.907242,On or near Supermarket,E01008859,Sunderland 009E,Violence and sexual offences,Status update unavailable,
2e4a9680fd026045789d49789aa8949f9eab57e6420d94349049bfaf7d9b4125,2024-10,Northumbria Police,Northumbria Police,-1.504790,54.906887,On or near Shopping Area,E01008859,Sunderland 009E,Violence and sexual offences,Investigation complete; no suspect identified,
bd264247a3a090343b19d8f604090ed939b8c3e174a832b8790474bded85e15e,2024-10,Northumbria Police,Northumbria Police,-1.504526,54.913132,On or near Ellen Terrace,E01008859,Sunderland 009E,Violence and sexual offences,Status update unavailable,
809ce2db68b10356f00697421fdadafb231be2193708237a55ba6407ae4c7822,2024-10,Northumbria Police,Northumbria Police,-1.503104,54.907242,On or near Supermarket,E01008859,Sunderland 009E,Other crime,Investigation complete; no suspect identified,
85f4c7c054d66ff7f05c8c7119d2796064bf27fe57b269e90607d8f9b828cc2f,2024-10,Northumbria Police,Northumbria Police,-1.505406,54.912632,On or near Cherwell,E01008859,Sunderland 009E,Other crime,Status update unavailable,
,2024-10,Northumbria Police,Northumbria Police,-1.522720,54.911308,On or near A1290,E01008860,Sunderland 009F,Anti-social behaviour,,
,2024-10,Northumbria Police,Northumbria Police,-1.530290,54.913620,On or near Wensleydale Avenue,E01008860,Sunderland 009F,Anti-social behaviour,,
818e47fa36dae7a7f067b0095ee74b77ff84a598f25961c5211da5efc352c9ce,2024-10,Northumbria Police,Northumbria Police,-1.529709,54.915272,On or near South Avenue,E01008860,Sunderland 009F,Burglary,Investigation complete; no suspect identified,
8af867a0502b5184b24c436163c6d5dc5669e9827d8916974d11a39ae7562503,2024-10,Northumbria Police,Northumbria Police,-1.530290,54.913620,On or near Wensleydale Avenue,E01008860,Sunderland 009F,Burglary,Investigation complete; no suspect identified,
2630f3a44155034c9597d9dd9cc409e389c5c374a189055c53b73f8ce9b4f2f7,2024-10,Northumbria Police,Northumbria Police,-1.530290,54.913620,On or near Wensleydale Avenue,E01008860,Sunderland 009F,Burglary,Investigation complete; no suspect identified,
6b74234eaf52f20e66ce0ac4bf26512d224cafcc4a8359b74e0a43e4a785856b,2024-10,Northumbria Police,Northumbria Police,-1.526349,54.914423,On or near Heworth Grove,E01008860,Sunderland 009F,Criminal damage and arson,Investigation complete; no suspect identified,
6094cb467f8695abb78dfb9f9ee82807a4371cdee4b05e9c3b865fdd9b9e1668,2024-10,Northumbria Police,Northumbria Police,-1.532997,54.914242,On or near Garsdale Avenue,E01008860,Sunderland 009F,Criminal damage and arson,Investigation complete; no suspect identified,
7f216d4dfee481d7f3393cab124d2fcacbbbd61d2f8e2bbb20d8d2fe1d1f537e,2024-10,Northumbria Police,Northumbria Police,-1.529416,54.916322,On or near North Avenue,E01008860,Sunderland 009F,Criminal damage and arson,Investigation complete; no suspect identified,
774775a1997204d2f50203f41351cb9153316183eb4959604da6f2634a6d1b4b,2024-10,Northumbria Police,Northumbria Police,-1.529416,54.916322,On or near North Avenue,E01008860,Sunderland 009F,Criminal damage and arson,Investigation complete; no suspect identified,
c8ce32353dd3ab8bdf85cb96e3736bea76b72fc11f4f215b5637ae92070fdb28,2024-10,Northumbria Police,Northumbria Police,-1.529416,54.916322,On or near North Avenue,E01008860,Sunderland 009F,Criminal damage and arson,Investigation complete; no suspect identified,
f22a9e721489f2c2b52d00361838b3b28829724e1528986d18953bd042c2164e,2024-10,Northumbria Police,Northumbria Police,-1.526349,54.914423,On or near Heworth Grove,E01008860,Sunderland 009F,Criminal damage and arson,Investigation complete; no suspect identified,
e890ab5348e0fb5051d3b00224c1e162f0caca9ba7d42c629119949413922de8,2024-10,Northumbria Police,Northumbria Police,-1.529416,54.916322,On or near North Avenue,E01008860,Sunderland 009F,Criminal damage and arson,Investigation complete; no suspect identified,
3c0566e4b9783c901502d3ab8dd0f2a418c85a9c24f659647b4d61a5ecae4fd8,2024-10,Northumbria Police,Northumbria Police,-1.529416,54.916322,On or near North Avenue,E01008860,Sunderland 009F,Drugs,Status update unavailable,
f2272627de2560966ef8855009c9574a69b36ded9c04ef2f268ad7374ca75290,2024-10,Northumbria Police,Northumbria Police,-1.526947,54.912709,On or near Petrol Station,E01008860,Sunderland 009F,Other theft,Investigation complete; no suspect identified,
fa962e5ea2b09e9575f701f17c372fb6012c39b0487f94d3e127358a10cb38f7,2024-10,Northumbria Police,Northumbria Police,-1.525687,54.913737,On or near Petrol Station,E01008860,Sunderland 009F,Other theft,Investigation complete; no suspect identified,
b9ab508fca49111c3e63749918e6d9b07d84705ddfb2d88aac858485307ea7c9,2024-10,Northumbria Police,Northumbria Police,-1.525687,54.913737,On or near Petrol Station,E01008860,Sunderland 009F,Other theft,Investigation complete; no suspect identified,
a603ae3b4a083f153312ee2b80e6e8e1f56149191b7a1a1aa832e5706283ca47,2024-10,Northumbria Police,Northumbria Police,-1.526947,54.912709,On or near Petrol Station,E01008860,Sunderland 009F,Other theft,Investigation complete; no suspect identified,
ae6abdda1c8b7d99a2caae07f1256636b1552b741ab0efc9bea488a3b1be9cf1,2024-10,Northumbria Police,Northumbria Police,-1.526947,54.912709,On or near Petrol Station,E01008860,Sunderland 009F,Other theft,Investigation complete; no suspect identified,
3ba024d0b6f8e135c4bba946fe1bc4faadeb3773018a303cd62d2e93db64f86f,2024-10,Northumbria Police,Northumbria Police,-1.526947,54.912709,On or near Petrol Station,E01008860,Sunderland 009F,Other theft,Court result unavailable,
b4e29ae8cdc341c82470d2535aad565474160c357e6ec134ba41b6a95ffa048d,2024-10,Northumbria Police,Northumbria Police,-1.525687,54.913737,On or near Petrol Station,E01008860,Sunderland 009F,Other theft,Investigation complete; no suspect identified,
3ba4d23540b01ffd283892a690b0fea4b5699f20f0dad1e8518b4b2864533c60,2024-10,Northumbria Police,Northumbria Police,-1.529416,54.916322,On or near North Avenue,E01008860,Sunderland 009F,Public order,Investigation complete; no suspect identified,
041e1220252a5b7ddda5c7350da13b13cb128282df77c161b844f22ebfa163d8,2024-10,Northumbria Police,Northumbria Police,-1.526947,54.912709,On or near Petrol Station,E01008860,Sunderland 009F,Public order,Investigation complete; no suspect identified,
9347d839d77503852e5498587c8903936cab3983e80aa1319c6b3fb1ecf31491,2024-10,Northumbria Police,Northumbria Police,-1.526947,54.912709,On or near Petrol Station,E01008860,Sunderland 009F,Public order,Status update unavailable,
5f70ebc53240180d3a3790e482709eecd38f59c49a00441be423a82e4197eb63,2024-10,Northumbria Police,Northumbria Police,-1.530290,54.913620,On or near Wensleydale Avenue,E01008860,Sunderland 009F,Shoplifting,Court result unavailable,
b0fa5b45ab28041fc661889faa69e5bce574277feb7c380fac0f7ff1f997dafc,2024-10,Northumbria Police,Northumbria Police,-1.530290,54.913620,On or near Wensleydale Avenue,E01008860,Sunderland 009F,Shoplifting,Court result unavailable,
e0b15858436e1d4ad8ad020bd682d837515481fe42ec533f7958813f0568fb33,2024-10,Northumbria Police,Northumbria Police,-1.530290,54.913620,On or near Wensleydale Avenue,E01008860,Sunderland 009F,Shoplifting,Court result unavailable,
830d94b0be08140512e5167c6a75354fd8aba7a1739cebb6665b0f950f1a04ae,2024-10,Northumbria Police,Northumbria Police,-1.526947,54.912709,On or near Petrol Station,E01008860,Sunderland 009F,Shoplifting,Investigation complete; no suspect identified,
2e1f3f5ff748fc99844532a8343b10107417db37769b4b7c7733c680a665b942,2024-10,Northumbria Police,Northumbria Police,-1.530290,54.913620,On or near Wensleydale Avenue,E01008860,Sunderland 009F,Shoplifting,Court result unavailable,
2d35076a3c22b0e4e04a993e9b7cd67e8c22d81ca33cb465fa71441958cb9531,2024-10,Northumbria Police,Northumbria Police,-1.529416,54.916322,On or near North Avenue,E01008860,Sunderland 009F,Shoplifting,Investigation complete; no suspect identified,
f629fcdb7f82016ac7656aa46b8b19b534e8107540a89d8bcbb1292b1f712216,2024-10,Northumbria Police,Northumbria Police,-1.534562,54.916441,On or near Well Bank Road,E01008860,Sunderland 009F,Vehicle crime,Investigation complete; no suspect identified,
7ecad0402d9a8926c6dc09525885f9a74072aa999142b3680ce28dfda6d2e140,2024-10,Northumbria Police,Northumbria Police,-1.534562,54.916441,On or near Well Bank Road,E01008860,Sunderland 009F,Vehicle crime,Investigation complete; no suspect identified,
f93b33dba9a6b4c12f5e59dc09f765a36b69b279edbd78d41c812a90b7137038,2024-10,Northumbria Police,Northumbria Police,-1.534562,54.916441,On or near Well Bank Road,E01008860,Sunderland 009F,Violence and sexual offences,Investigation complete; no suspect identified,
77130edca6a48c1fe56a4ead78dd9028f27602783906910bcef33cb82ef83fd1,2024-10,Northumbria Police,Northumbria Police,-1.533565,54.913696,On or near Wharfedale Avenue,E01008860,Sunderland 009F,Violence and sexual offences,Status update unavailable,
2cc76df0e151f783fc4fd76f9bde3ae1c1a28fca7a59e5ac6f93205ff07bd5cb,2024-10,Northumbria Police,Northumbria Police,-1.533565,54.913696,On or near Wharfedale Avenue,E01008860,Sunderland 009F,Violence and sexual offences,Investigation complete; no suspect identified,
0833e12ae8a51681980f86f96362cd5eb38a387aff73bd8dbf225eec74dcfa4b,2024-10,Northumbria Police,Northumbria Police,-1.530290,54.913620,On or near Wensleydale Avenue,E01008860,Sunderland 009F,Violence and sexual offences,Investigation complete; no suspect identified,
42343ddb0ea72956d8514a28afefe4d59773c5b2e8c027deea82aad57a70bfe6,2024-10,Northumbria Police,Northumbria Police,-1.529416,54.916322,On or near North Avenue,E01008860,Sunderland 009F,Violence and sexual offences,Investigation complete; no suspect identified,
e1a153e763a08cf52ba6b7689920735745dfdc4feaa54ff02ffa9c91021aa432,2024-10,Northumbria Police,Northumbria Police,-1.529709,54.915272,On or near South Avenue,E01008860,Sunderland 009F,Violence and sexual offences,Status update unavailable,
b75ae4c2cde0f55260c7ce594e88661bda1e05a03008a53134b1275adb5a440f,2024-10,Northumbria Police,Northumbria Police,-1.530290,54.913620,On or near Wensleydale Avenue,E01008860,Sunderland 009F,Violence and sexual offences,Status update unavailable,
8908734438946abbe4061a0e10677f1e1c9672af06455c61b7485122732728ea,2024-10,Northumbria Police,Northumbria Police,-1.534562,54.916441,On or near Well Bank Road,E01008860,Sunderland 009F,Violence and sexual offences,Status update unavailable,
fd3365dae9c8a51ca9588d821b39b2c88712dd8443c5f4b91f161983f613f2f4,2024-10,Northumbria Police,Northumbria Police,-1.531238,54.913858,On or near Weardale Avenue,E01008860,Sunderland 009F,Violence and sexual offences,Status update unavailable,
75878785c1d24c5f50223c512925df189dd0059c3b37081e92aeb981892c30fb,2024-10,Northumbria Police,Northumbria Police,-1.534562,54.916441,On or near Well Bank Road,E01008860,Sunderland 009F,Violence and sexual offences,Court result unavailable,
5c61dba72759bae42cc1a82a0e8d258c64e7204c88e552fbfd3998c89729a97c,2024-10,Northumbria Police,Northumbria Police,-1.534562,54.916441,On or near Well Bank Road,E01008860,Sunderland 009F,Violence and sexual offences,Court result unavailable,
94fcd4475fc2cfbc43e89adb0dd03de23dbfe72ac7bcc34e8020c60819a86fc4,2024-10,Northumbria Police,Northumbria Police,-1.530290,54.913620,On or near Wensleydale Avenue,E01008860,Sunderland 009F,Violence and sexual offences,Investigation complete; no suspect identified,
18ef2fb042cc34db4e8c3589f6ed724e6a10a515369723cd9bd6157de799f902,2024-10,Northumbria Police,Northumbria Police,-1.534562,54.916441,On or near Well Bank Road,E01008860,Sunderland 009F,Other crime,Status update unavailable,
95ec8a3d81498c5da3b3812dbcdcc30e1d5b1f57b0d2bb966620b8152ede80ec,2024-10,Northumbria Police,Northumbria Police,-1.529416,54.916322,On or near North Avenue,E01008860,Sunderland 009F,Other crime,Status update unavailable,
f7187656889eb3babe68dd96fae39ae4a227d6348196f219cb15e9e4d450e7fb,2024-10,Northumbria Police,Northumbria Police,-1.539756,54.919300,On or near Doncrest Road,E01008878,Sunderland 009G,Criminal damage and arson,Investigation complete; no suspect identified,
c80bd19f74813cc94ad22e63801ba10472a505524922d8de7382d74284f3f79c,2024-10,Northumbria Police,Northumbria Police,-1.539756,54.919300,On or near Doncrest Road,E01008878,Sunderland 009G,Criminal damage and arson,Investigation complete; no suspect identified,
75284464167540eb3c60069218f4771bbca6eead009972c60365203330c12980,2024-10,Northumbria Police,Northumbria Police,-1.536052,54.914433,On or near Oxford Avenue,E01008878,Sunderland 009G,Criminal damage and arson,Investigation complete; no suspect identified,
d8a93342e9fc4351c1ffc7c5f719d814681b4fed06c90135491abc1c34202bb8,2024-10,Northumbria Police,Northumbria Police,-1.540091,54.917297,On or near Donvale Road,E01008878,Sunderland 009G,Vehicle crime,Investigation complete; no suspect identified,
d9760a019b35d1f462688246c542143e77b5abe4cfc2a5dee70f2d42a3a3a337,2024-10,Northumbria Police,Northumbria Police,-1.540091,54.917297,On or near Donvale Road,E01008878,Sunderland 009G,Vehicle crime,Investigation complete; no suspect identified,
69a9a8df4ed4a475d18a918ea392646f57312161c5964deed762d2d2a8b41614,2024-10,Northumbria Police,Northumbria Police,-1.537464,54.916434,On or near London Avenue,E01008878,Sunderland 009G,Violence and sexual offences,Status update unavailable,
,2024-10,Northumbria Police,Northumbria Police,-1.550840,54.906051,On or near Westernmoor,E01008873,Sunderland 010A,Anti-social behaviour,,
55a86eee5537b5ef574fe29379d6f72a6edc5cddaef391e6a083b7b5414a8757,2024-10,Northumbria Police,Northumbria Police,-1.549050,54.905702,On or near Shieldclose,E01008873,Sunderland 010A,Criminal damage and arson,Status update unavailable,
2aceff53cd33c72e95d5dddd17481465dbe3e3942a0721e5a40804008e267154,2024-10,Northumbria Police,Northumbria Police,-1.548007,54.904162,On or near Knoulberry,E01008873,Sunderland 010A,Criminal damage and arson,Investigation complete; no suspect identified,
7520cf67ba065820e77fafd0648ead33a3bce7ae6f29497d7458a48cbc022b2e,2024-10,Northumbria Police,Northumbria Police,-1.553231,54.915468,On or near Broom Court,E01008873,Sunderland 010A,Other theft,Investigation complete; no suspect identified,
35f487256e5bb43994e580c9e09c3003ea800bc8e6187b072b8ad6fd6e8e608c,2024-10,Northumbria Police,Northumbria Police,-1.556648,54.918195,On or near Shelley Avenue,E01008873,Sunderland 010A,Public order,Status update unavailable,
d2b4fd5a9bfe1e3059968d76ca6936145da096734c3e67f52fb6e38dfb96f0c4,2024-10,Northumbria Police,Northumbria Police,-1.547329,54.906208,On or near Swarth Close,E01008873,Sunderland 010A,Vehicle crime,Investigation complete; no suspect identified,
300944e1a355033c4bc494c8e84f47d7050255092d2aff025d71798ccf7182f9,2024-10,Northumbria Police,Northumbria Police,-1.547329,54.906208,On or near Swarth Close,E01008873,Sunderland 010A,Vehicle crime,Investigation complete; no suspect identified,
83c3b5e921711c156bd2a8e90771259aff81b7fb327051d91718702dfb51b7bc,2024-10,Northumbria Police,Northumbria Police,-1.550840,54.906051,On or near Westernmoor,E01008873,Sunderland 010A,Violence and sexual offences,Status update unavailable,
effaee7db8883705140985c5939e6c9051bc16a31a61729d09e0903ff627555a,2024-10,Northumbria Police,Northumbria Police,-1.535214,54.904581,On or near Fellside Court,E01008874,Sunderland 010B,Burglary,Investigation complete; no suspect identified,
366914637c63feed728778cdb23ec580a1d4bb7dcf98a409463690ef9f8d6eec,2024-10,Northumbria Police,Northumbria Police,-1.534475,54.907813,On or near Parking Area,E01008874,Sunderland 010B,Vehicle crime,Status update unavailable,
61a6d223eba713b8e7af79fd61668e25dc8cb53bf86c4ffe31a79450bacfc324,2024-10,Northumbria Police,Northumbria Police,-1.534156,54.904352,On or near Ullswater Drive,E01008874,Sunderland 010B,Violence and sexual offences,Status update unavailable,
6215e26673117829a7edf59c3c73c8e2356319bc2e45b961ba572eea0df86c28,2024-10,Northumbria Police,Northumbria Police,-1.537170,54.903995,On or near Braefell Court,E01008874,Sunderland 010B,Violence and sexual offences,Status update unavailable,
b76379326fae802407d9f21b4223d6afb874cbdc0ab93149968a98439e5a22fe,2024-10,Northumbria Police,Northumbria Police,-1.532738,54.905587,On or near Coniston Drive,E01008874,Sunderland 010B,Violence and sexual offences,Status update unavailable,
5e63b5a86dfb7e9ac0c499ae1ad4610a00030a8bcaa3bf0980cd2c2ec93b697c,2024-10,Northumbria Police,Northumbria Police,-1.536735,54.905198,On or near Rosegill,E01008874,Sunderland 010B,Violence and sexual offences,Investigation complete; no suspect identified,
fdc89404a06c6e00e6e946738393089fc5430cd1647c7daba0d3b202b1b6c710,2024-10,Northumbria Police,Northumbria Police,-1.536571,54.904586,On or near Bassenfell Court,E01008874,Sunderland 010B,Violence and sexual offences,Status update unavailable,
7f89b4f483163b6f5edff0621b5d28907674229be738a2303f57209eb6fcd7bc,2024-10,Northumbria Police,Northumbria Police,-1.534156,54.904352,On or near Ullswater Drive,E01008874,Sunderland 010B,Violence and sexual offences,Status update unavailable,
402d4e91afb6c284f69f515f70aa33ebbe84b5c100fdb5766e0d0f969e26db6a,2024-10,Northumbria Police,Northumbria Police,-1.536571,54.904586,On or near Bassenfell Court,E01008874,Sunderland 010B,Violence and sexual offences,Investigation complete; no suspect identified,
7baef791f3e9ab0ba9332e32eb36d525c541851494f0a582d368e78be2a5eab5,2024-10,Northumbria Police,Northumbria Police,-1.536571,54.904586,On or near Bassenfell Court,E01008874,Sunderland 010B,Violence and sexual offences,Status update unavailable,
8cac91530f19ead33d12bb0eedeb0dcbf78ed8e8d76bd1fa59a1d469186301d9,2024-10,Northumbria Police,Northumbria Police,-1.532738,54.905587,On or near Coniston Drive,E01008874,Sunderland 010B,Violence and sexual offences,Status update unavailable,
463e420f4761133ba98ed2d5ca7ea4235e0b72ee5d0c9fca002cd0c6e4f6e8d5,2024-10,Northumbria Police,Northumbria Police,-1.536735,54.905198,On or near Rosegill,E01008874,Sunderland 010B,Other crime,Status update unavailable,
,2024-10,Northumbria Police,Northumbria Police,-1.543385,54.905996,On or near Rogan Avenue,E01008875,Sunderland 010C,Anti-social behaviour,,
5e072161dbafd105d7ebe8f2cd56b2d597adcfb05df5e15aa223852db8d1378c,2024-10,Northumbria Police,Northumbria Police,-1.544529,54.904203,On or near Gragareth Way,E01008875,Sunderland 010C,Burglary,Investigation complete; no suspect identified,
faca16afc03da1bf1c72ff39bfb6b54189c474fe7e97747b9a9b98294dd34600,2024-10,Northumbria Police,Northumbria Police,-1.541464,54.904919,On or near Emblehope,E01008875,Sunderland 010C,Burglary,Investigation complete; no suspect identified,
f88ba02dd5aa986b0fdab9c47b3177146f2f00c159348e03d297c78fa7f851d8,2024-10,Northumbria Police,Northumbria Police,-1.545976,54.903058,On or near Rushyrig,E01008875,Sunderland 010C,Burglary,Investigation complete; no suspect identified,
bb3fe108dda812591ae027b9534f444849b758857242947cc03c2b66a10515a0,2024-10,Northumbria Police,Northumbria Police,-1.539009,54.906842,On or near Lingmell,E01008875,Sunderland 010C,Criminal damage and arson,Investigation complete; no suspect identified,
5a897c6aa41be899a970ec2fddae5b7f5ed3601cd92698dbfd7ad7457bd032db,2024-10,Northumbria Police,Northumbria Police,-1.544513,54.906971,On or near Baugh Close,E01008875,Sunderland 010C,Criminal damage and arson,Status update unavailable,
76d9dd409f99a8d06c1be87b09f0c29339e469e3781953ef0a3d93e767ed4146,2024-10,Northumbria Police,Northumbria Police,-1.543296,54.904225,On or near Cheviot Close,E01008875,Sunderland 010C,Criminal damage and arson,Investigation complete; no suspect identified,
3a715d6336b68f5939b20bf0dac0e4e578e19ffc4c509c83e8dedd0242143609,2024-10,Northumbria Police,Northumbria Police,-1.543944,54.904902,On or near Whernside Close,E01008875,Sunderland 010C,Violence and sexual offences,Status update unavailable,
feb6bb43ec47b8ca70a90c8fd37f8315da952d5f6cf5d0c97303dd20925274bd,2024-10,Northumbria Police,Northumbria Police,-1.544958,54.902120,On or near Long Crag,E01008875,Sunderland 010C,Violence and sexual offences,Status update unavailable,
be62f05315bedf7143da8d3f70dc3fe0a312cf5ccc4edbaba51db12b07c1b70d,2024-10,Northumbria Police,Northumbria Police,-1.542651,54.907494,On or near Grousemoor,E01008875,Sunderland 010C,Violence and sexual offences,Court result unavailable,
b629c05ad55035ba2f388476d28f7d21fc8167895b7bdac226b88c9a169cfa49,2024-10,Northumbria Police,Northumbria Police,-1.539009,54.906842,On or near Lingmell,E01008875,Sunderland 010C,Violence and sexual offences,Court result unavailable,
c7b65f2c234f462e24937702b61f24e69b479bd3ccaefc133df8b0114c1d7721,2024-10,Northumbria Police,Northumbria Police,-1.546807,54.908255,On or near Elswick Road,E01008875,Sunderland 010C,Violence and sexual offences,Court result unavailable,
,2024-10,Northumbria Police,Northumbria Police,-1.533748,54.911315,On or near Saddleback,E01008879,Sunderland 010D,Anti-social behaviour,,
e3bb92d2aca363f07b18d33b6674ca60cc7e108b711258f305b8907c07b77400,2024-10,Northumbria Police,Northumbria Police,-1.536539,54.910023,On or near Whinfell,E01008879,Sunderland 010D,Burglary,Investigation complete; no suspect identified,
af788b440f55f5f26f63b3010b1f81c6d1bdb8f38421f09e1334632f63156fef,2024-10,Northumbria Police,Northumbria Police,-1.537006,54.908740,On or near Moorside,E01008879,Sunderland 010D,Other theft,Investigation complete; no suspect identified,
8c56d8467f2ec1a958420cca40603154172dd00354701a04c11a7a2ac2c6ae8e,2024-10,Northumbria Police,Northumbria Police,-1.537006,54.908740,On or near Moorside,E01008879,Sunderland 010D,Shoplifting,Investigation complete; no suspect identified,
272a0cf7490fe68000d4d340c1ce6ba2ecbcd7ff6dcd42c92db3464942c9dc11,2024-10,Northumbria Police,Northumbria Police,-1.537006,54.908740,On or near Moorside,E01008879,Sunderland 010D,Shoplifting,Investigation complete; no suspect identified,
9c0a71c97420d6f0da399efca9a7a3970d5e1206f34c6326de44167e1b52abb8,2024-10,Northumbria Police,Northumbria Police,-1.537006,54.908740,On or near Moorside,E01008879,Sunderland 010D,Shoplifting,Investigation complete; no suspect identified,
044f123da33e7ea470e43a9f39c262358b88ebc2174fa0fe1bada8e4e2082901,2024-10,Northumbria Police,Northumbria Police,-1.530582,54.909928,On or near Albany Way,E01008879,Sunderland 010D,Violence and sexual offences,Status update unavailable,
17a2f44cfbd3085263cb04802a45368b816ff71aa171d4ba343dcee2c38212b7,2024-10,Northumbria Police,Northumbria Police,-1.530582,54.909928,On or near Albany Way,E01008879,Sunderland 010D,Violence and sexual offences,Status update unavailable,
77fcf6a28df0f8f05c67154ea863213464ff167d519402f14569306181946830,2024-10,Northumbria Police,Northumbria Police,-1.537211,54.909971,On or near Fell Close,E01008879,Sunderland 010D,Violence and sexual offences,Status update unavailable,
a8a63183c914a5a847ba04a7458632ed873095d00c6e1da67ba017fc7b172b4f,2024-10,Northumbria Police,Northumbria Police,-1.530582,54.909928,On or near Albany Way,E01008879,Sunderland 010D,Violence and sexual offences,Investigation complete; no suspect identified,
03c83e023eda923f5d7deebeee6f62b8ae0ee4961a51de695f6863893ff694e2,2024-10,Northumbria Police,Northumbria Police,-1.530582,54.909928,On or near Albany Way,E01008879,Sunderland 010D,Violence and sexual offences,Status update unavailable,
4f7e59758b55d5fd67ad0a489a568a42612c8f6867f51df0fe479eba5e4dcfb3,2024-10,Northumbria Police,Northumbria Police,-1.530582,54.909928,On or near Albany Way,E01008879,Sunderland 010D,Violence and sexual offences,Status update unavailable,
,2024-10,Northumbria Police,Northumbria Police,-1.412629,54.910224,On or near Pallion Park,E01008701,Sunderland 011A,Anti-social behaviour,,
2a75aba8cc45b07c94862737b0f2f65586b4ea169739c4cef15a360162b21723,2024-10,Northumbria Police,Northumbria Police,-1.413874,54.906132,On or near Kimberley Street,E01008701,Sunderland 011A,Burglary,Investigation complete; no suspect identified,
6a10bd708d5eb3136f06d4b2cc13ffa07b73aed04480a8e0b94d96c1a3d66bf1,2024-10,Northumbria Police,Northumbria Police,-1.413655,54.907237,On or near Orchard Street,E01008701,Sunderland 011A,Burglary,Investigation complete; no suspect identified,
1f1c61c2cc90f689cc52856a353f7e198d35718c8a5ae482473da2053eaa0620,2024-10,Northumbria Police,Northumbria Police,-1.410395,54.907293,On or near Pine Street,E01008701,Sunderland 011A,Burglary,Status update unavailable,
9b89158466ed7b2c15d7c547780b69110be3b8e2af97625e0af7ca96c6f01252,2024-10,Northumbria Police,Northumbria Police,-1.413132,54.911089,On or near Moorland Square,E01008701,Sunderland 011A,Criminal damage and arson,Investigation complete; no suspect identified,
8b174c81c786e29d519599b06272ebaac0802bbd8f87b510a6dbc505079c17e3,2024-10,Northumbria Police,Northumbria Police,-1.410395,54.907293,On or near Pine Street,E01008701,Sunderland 011A,Criminal damage and arson,Investigation complete; no suspect identified,
653b1abc6e78fe125f61c31baa3d9055c9581042c42936398a65c7f89a3fa66d,2024-10,Northumbria Police,Northumbria Police,-1.414286,54.907878,On or near St Luke'S Terrace,E01008701,Sunderland 011A,Criminal damage and arson,Investigation complete; no suspect identified,
ab287397d28e5e22458b7cc92a48d0c3515da9d72e083cdbb6f5f0fbfe0420b5,2024-10,Northumbria Police,Northumbria Police,-1.413539,54.908836,On or near Percival Street,E01008701,Sunderland 011A,Criminal damage and arson,Investigation complete; no suspect identified,
2477061b25c69bc975cb52960f151f06f7b5c4cffc09c86f4c0ffd2d548204fb,2024-10,Northumbria Police,Northumbria Police,-1.413874,54.906132,On or near Kimberley Street,E01008701,Sunderland 011A,Criminal damage and arson,Status update unavailable,
b6e24897fca542e32d4c8a3eb7ebf0f242e581b2f9eedf4c619cddf749a2a9ce,2024-10,Northumbria Police,Northumbria Police,-1.410928,54.906001,On or near Wilber Court,E01008701,Sunderland 011A,Drugs,Investigation complete; no suspect identified,
dee92fb5e92a0fe7479e92a0f547b38be8ac31b248ffc8cfc29b1f3c83e3c02c,2024-10,Northumbria Police,Northumbria Police,-1.411089,54.909956,On or near Forge Lynn Close,E01008701,Sunderland 011A,Other theft,Investigation complete; no suspect identified,
5a370d2da964da15a98877079064068e51e915ed3f9f7da18babb6de3fecba47,2024-10,Northumbria Police,Northumbria Police,-1.413874,54.906132,On or near Kimberley Street,E01008701,Sunderland 011A,Public order,Court result unavailable,
c44c4c858773162d35fcf2b33778b01dc3e3cbf9cc9a389ed3a984b5e979e097,2024-10,Northumbria Police,Northumbria Police,-1.413874,54.906132,On or near Kimberley Street,E01008701,Sunderland 011A,Public order,Court result unavailable,
760f5c07f8440095d308daffe4dff3b0e33f801cf6ee6f4a3f7e98afd6850dab,2024-10,Northumbria Police,Northumbria Police,-1.412629,54.910224,On or near Pallion Park,E01008701,Sunderland 011A,Public order,Status update unavailable,
58ce61ec1a84fb3ea393afa34e4f43d31057e42aa999cb9411d4809019bdfb1d,2024-10,Northumbria Police,Northumbria Police,-1.414286,54.907878,On or near St Luke'S Terrace,E01008701,Sunderland 011A,Shoplifting,Status update unavailable,
ba490c82fb8047d115d0be85f309bf8d561b0e21048b0b4d36bedf3907baaa5d,2024-10,Northumbria Police,Northumbria Police,-1.411668,54.906634,On or near Well Street,E01008701,Sunderland 011A,Vehicle crime,Investigation complete; no suspect identified,
25a7120f1834d4518ef73c51caa90e9e96147a7065c1cec0423a845f633c3815,2024-10,Northumbria Police,Northumbria Police,-1.410395,54.907293,On or near Pine Street,E01008701,Sunderland 011A,Vehicle crime,Investigation complete; no suspect identified,
823d5c4d659806b2258f4d198ce7793be95981320ee9dbc93553f7e484cc10ff,2024-10,Northumbria Police,Northumbria Police,-1.410226,54.909260,On or near Neville Road,E01008701,Sunderland 011A,Vehicle crime,Investigation complete; no suspect identified,
506adf31b4df84da715fd05cddc9a95cba90058a1011edead5cad2a419c91f3d,2024-10,Northumbria Police,Northumbria Police,-1.411089,54.909956,On or near Forge Lynn Close,E01008701,Sunderland 011A,Vehicle crime,Investigation complete; no suspect identified,
8f5ac7f671f4dece50e1e25f6ebc1af40b339f593eb2414eb8327e41fc5eb80e,2024-10,Northumbria Police,Northumbria Police,-1.411979,54.907732,On or near Reginald Street,E01008701,Sunderland 011A,Violence and sexual offences,Status update unavailable,
82d9bdd0ff7499ef41fa87ee8c04a7368ec112e6101d2aaee9fbf7bbb71fb598,2024-10,Northumbria Police,Northumbria Police,-1.413132,54.911089,On or near Moorland Square,E01008701,Sunderland 011A,Violence and sexual offences,Investigation complete; no suspect identified,
46453bc2f6b87c3893657c18d49f3b6b2a97c7cdb30ae8796d1f51b038e0f08d,2024-10,Northumbria Police,Northumbria Police,-1.412629,54.910224,On or near Pallion Park,E01008701,Sunderland 011A,Violence and sexual offences,Offender given a caution,
356d244c608fb2176779108a9e1cc8c03776c9cb51dc71ca5f6d011660b84260,2024-10,Northumbria Police,Northumbria Police,-1.413132,54.911089,On or near Moorland Square,E01008701,Sunderland 011A,Violence and sexual offences,Status update unavailable,
96fd82ced6120539cf05424a4267dcb59adf2aef18294f312b9d6f78a1b306f7,2024-10,Northumbria Police,Northumbria Police,-1.412629,54.910224,On or near Pallion Park,E01008701,Sunderland 011A,Violence and sexual offences,Status update unavailable,
222b70399ded9bde7d585311fa836a5ab079871b87e8f45b316a5031f6020af9,2024-10,Northumbria Police,Northumbria Police,-1.411861,54.908369,On or near East Moor Road,E01008701,Sunderland 011A,Other crime,Status update unavailable,
,2024-10,Northumbria Police,Northumbria Police,-1.406612,54.905765,On or near Parking Area,E01008704,Sunderland 011B,Anti-social behaviour,,
,2024-10,Northumbria Police,Northumbria Police,-1.406612,54.905765,On or near Parking Area,E01008704,Sunderland 011B,Anti-social behaviour,,
,2024-10,Northumbria Police,Northumbria Police,-1.406612,54.905765,On or near Parking Area,E01008704,Sunderland 011B,Anti-social behaviour,,
,2024-10,Northumbria Police,Northumbria Police,-1.407611,54.904628,On or near Willmore Street,E01008704,Sunderland 011B,Anti-social behaviour,,
,2024-10,Northumbria Police,Northumbria Police,-1.406612,54.905765,On or near Parking Area,E01008704,Sunderland 011B,Anti-social behaviour,,
d74ff151a8242d127f44c81073835cf0b8e30e355bdccf712db3005ab159c038,2024-10,Northumbria Police,Northumbria Police,-1.409320,54.905104,On or near Washington Street,E01008704,Sunderland 011B,Bicycle theft,Investigation complete; no suspect identified,
e3afec6ec0ee57b292a2306cff54cbd68f0c3fbbd42bbaae1598d6619684249d,2024-10,Northumbria Police,Northumbria Police,-1.406612,54.905765,On or near Parking Area,E01008704,Sunderland 011B,Burglary,Investigation complete; no suspect identified,
fb893023a9f8de1864a769852a4a2aa73620bf9b5d0855608e720cfe64595f72,2024-10,Northumbria Police,Northumbria Police,-1.405934,54.906265,On or near Pickard Street,E01008704,Sunderland 011B,Burglary,Investigation complete; no suspect identified,
8fcd8766aa5b413a91dd3d3951aa2c599b082cb844bdad10b36059352923de73,2024-10,Northumbria Police,Northumbria Police,-1.407611,54.904628,On or near Willmore Street,E01008704,Sunderland 011B,Burglary,Investigation complete; no suspect identified,
ad78edea263327e11fdd4c1199c4d460eafa0df8ed09ba7787a8503007dea7cf,2024-10,Northumbria Police,Northumbria Police,-1.405934,54.906265,On or near Pickard Street,E01008704,Sunderland 011B,Burglary,Investigation complete; no suspect identified,
39049d689ac678bca97f9c90379df94329e5425ccd8d14a15447fdbb3ba73a83,2024-10,Northumbria Police,Northumbria Police,-1.406431,54.907480,On or near King'S Place,E01008704,Sunderland 011B,Criminal damage and arson,Court result unavailable,
b257a703d8843472a071297c7bd7aa4fc92e9fd24719ac432ef2df58d192d18f,2024-10,Northumbria Police,Northumbria Police,-1.406612,54.905765,On or near Parking Area,E01008704,Sunderland 011B,Public order,Status update unavailable,
ae61aff516ed07b52b91f0727eff1d6cdddb4efb7af9fe1dd13afaded0e0e710,2024-10,Northumbria Police,Northumbria Police,-1.407297,54.907961,On or near King'S Terrace,E01008704,Sunderland 011B,Public order,Investigation complete; no suspect identified,
04458caa6d813bb150217f880bdd4541c5bb63066d1b88a1f852802b07fc3363,2024-10,Northumbria Police,Northumbria Police,-1.405934,54.906265,On or near Pickard Street,E01008704,Sunderland 011B,Shoplifting,Status update unavailable,
605776e7536d13c6d2efc5d6621f2d3bd3b91d731e70cff1e19bad10069142a0,2024-10,Northumbria Police,Northumbria Police,-1.405934,54.906265,On or near Pickard Street,E01008704,Sunderland 011B,Shoplifting,Suspect charged as part of another case,
f0a4d930f6f4d0c2ba79f8df420d1a98124b3b8f4ddc194364578cd449001b1d,2024-10,Northumbria Police,Northumbria Police,-1.405934,54.906265,On or near Pickard Street,E01008704,Sunderland 011B,Shoplifting,Investigation complete; no suspect identified,
45358830265db042c8024a41e8f3ea9e59eff67ab821e447b745ab7eb682d3eb,2024-10,Northumbria Police,Northumbria Police,-1.405934,54.906265,On or near Pickard Street,E01008704,Sunderland 011B,Shoplifting,Status update unavailable,
17b9226d9f295e954387b3e0986df406b49bb40b4683de8acef8804e0b6682cf,2024-10,Northumbria Police,Northumbria Police,-1.406431,54.907480,On or near King'S Place,E01008704,Sunderland 011B,Vehicle crime,Investigation complete; no suspect identified,
b18ec3d822a1bfad0b801bc341916a5f40efdaff58d320fd2756dd43ffeb5655,2024-10,Northumbria Police,Northumbria Police,-1.406176,54.903597,On or near Sorley Street,E01008704,Sunderland 011B,Vehicle crime,Investigation complete; no suspect identified,
e8f94246c78eef82655e9e3cec6b9c69ffcc1e0cbb35c68e940cb3c7f977a379,2024-10,Northumbria Police,Northumbria Police,-1.405934,54.906265,On or near Pickard Street,E01008704,Sunderland 011B,Vehicle crime,Investigation complete; no suspect identified,
1b5d51995f0201c11aafefbb32cae43a598ed4f6156e53dd915b94010f944402,2024-10,Northumbria Police,Northumbria Police,-1.410486,54.905298,On or near Bell Street,E01008704,Sunderland 011B,Vehicle crime,Investigation complete; no suspect identified,
cfd7c4ba45b9bdf54a2621184fc26625adb69f8af207239d5f2ea8cc9b8c4b34,2024-10,Northumbria Police,Northumbria Police,-1.406176,54.903597,On or near Sorley Street,E01008704,Sunderland 011B,Vehicle crime,Investigation complete; no suspect identified,
1c71a86b0ecee44a1f7cc0f897f2db4b7efdbe14e8174ac556c01add3a73760d,2024-10,Northumbria Police,Northumbria Police,-1.405934,54.906265,On or near Pickard Street,E01008704,Sunderland 011B,Violence and sexual offences,Status update unavailable,
066d3b471382236af0f68d6a922109b6a50aba94e4ab4e6a9f7bd7d640c98abc,2024-10,Northumbria Police,Northumbria Police,-1.406431,54.907480,On or near King'S Place,E01008704,Sunderland 011B,Violence and sexual offences,Status update unavailable,
cedd0355be4c64fccbf7c13d2338302258e0ddf2b4862f048d6d309404c912ac,2024-10,Northumbria Police,Northumbria Police,-1.409085,54.903045,On or near Hospital,E01008704,Sunderland 011B,Violence and sexual offences,Status update unavailable,
35f4b9594a864fa3aa4458846011e2b70584b9b6740dc00b4afdfd3cf98ff635,2024-10,Northumbria Police,Northumbria Police,-1.409473,54.907387,On or near Rutland Street,E01008704,Sunderland 011B,Violence and sexual offences,Investigation complete; no suspect identified,
fd5d4dbda9f3dc02c0eccef5a986098cd9997cf2530970fb944549c688ea6ce1,2024-10,Northumbria Police,Northumbria Police,-1.409085,54.903045,On or near Hospital,E01008704,Sunderland 011B,Violence and sexual offences,Court result unavailable,
22078a10f12c400ef33d1686d72710e787b12671a0a1ed487b6141411140e410,2024-10,Northumbria Police,Northumbria Police,-1.410486,54.905298,On or near Bell Street,E01008704,Sunderland 011B,Violence and sexual offences,Investigation complete; no suspect identified,
ef340ed6bd0fce8acccc4246908d155f1c16f4e99d23aa2b857c968b5feac334,2024-10,Northumbria Police,Northumbria Police,-1.405934,54.906265,On or near Pickard Street,E01008704,Sunderland 011B,Violence and sexual offences,Status update unavailable,
bfac302a50a065a8eda951ed741fe897cc535467314df89bf65e9c8930fa864c,2024-10,Northumbria Police,Northumbria Police,-1.409085,54.903045,On or near Hospital,E01008704,Sunderland 011B,Violence and sexual offences,Status update unavailable,
1d858df3443132ef70cc870054c864bf5df4b83ce6899434d17c5820caba595a,2024-10,Northumbria Police,Northumbria Police,-1.406431,54.907480,On or near King'S Place,E01008704,Sunderland 011B,Violence and sexual offences,Investigation complete; no suspect identified,
2eee9b329a9150534d8b4e88acf885c67d9747fbd2c996f27d4a2cb2f5fd1f39,2024-10,Northumbria Police,Northumbria Police,-1.409085,54.903045,On or near Hospital,E01008704,Sunderland 011B,Violence and sexual offences,Status update unavailable,
0ac3cc8f10c4203e8100e415a51986fe7089f6f41c61a48c7cf744aff7061955,2024-10,Northumbria Police,Northumbria Police,-1.405934,54.906265,On or near Pickard Street,E01008704,Sunderland 011B,Violence and sexual offences,Court result unavailable,
480d0bf0103747e578f3616d307c49f35cd933fbda79d079ddbed50e8c8b6193,2024-10,Northumbria Police,Northumbria Police,-1.409085,54.903045,On or near Hospital,E01008704,Sunderland 011B,Violence and sexual offences,Investigation complete; no suspect identified,
97cc1e86fa36138b2e2d3e1bcf33af2a132783276a2dece185bfdf1444cb2424,2024-10,Northumbria Police,Northumbria Police,-1.406431,54.907480,On or near King'S Place,E01008704,Sunderland 011B,Other crime,Court result unavailable,
250c9c6c36224ea3721ed96a80f6f857d55436fd1c8dc7085f8f0fb7ed329e2a,2024-10,Northumbria Police,Northumbria Police,-1.406431,54.907480,On or near King'S Place,E01008704,Sunderland 011B,Other crime,Court result unavailable,
,2024-10,Northumbria Police,Northumbria Police,-1.401174,54.906466,On or near Millfield,E01008706,Sunderland 011C,Anti-social behaviour,,
,2024-10,Northumbria Police,Northumbria Police,-1.401174,54.906466,On or near Millfield,E01008706,Sunderland 011C,Anti-social behaviour,,
,2024-10,Northumbria Police,Northumbria Police,-1.400768,54.905440,On or near Earl Street,E01008706,Sunderland 011C,Anti-social behaviour,,
,2024-10,Northumbria Police,Northumbria Police,-1.401174,54.906466,On or near Millfield,E01008706,Sunderland 011C,Anti-social behaviour,,
,2024-10,Northumbria Police,Northumbria Police,-1.401509,54.905964,On or near Catharine Street West,E01008706,Sunderland 011C,Anti-social behaviour,,
9ddff3fc311e670b5a47ff02b872c7402dfe013a486c2f518900bc3679db69c9,2024-10,Northumbria Police,Northumbria Police,-1.403742,54.906856,On or near Cromwell Street,E01008706,Sunderland 011C,Burglary,Investigation complete; no suspect identified,
632ef6d0b7aa1a6ad2f5f08f6fc61995e96853a2d7d11d26bde052534a1f163f,2024-10,Northumbria Police,Northumbria Police,-1.397027,54.906383,On or near Wentworth Terrace,E01008706,Sunderland 011C,Burglary,Investigation complete; no suspect identified,
9d115eb69ab331c5c5428a32b34885a6927f3a07451d77e5613bdc09ae903315,2024-10,Northumbria Police,Northumbria Police,-1.402626,54.907399,On or near Albert Road,E01008706,Sunderland 011C,Criminal damage and arson,Court result unavailable,
20c8230d34d3c3fac2017cf1d96cfa14de6b44bac1871e653891182875b2485c,2024-10,Northumbria Police,Northumbria Police,-1.399906,54.904671,On or near Chester Street East,E01008706,Sunderland 011C,Criminal damage and arson,Investigation complete; no suspect identified,
5c5d3c25382778713a2c258ca147c85251b777bca09b447af6fef2da5ab140b0,2024-10,Northumbria Police,Northumbria Police,-1.398015,54.904923,On or near Chester Terrace North,E01008706,Sunderland 011C,Drugs,Court result unavailable,
12342a9fb0d1d77b91ef06922e1738ab6407946296737a8e546250f49ed88a71,2024-10,Northumbria Police,Northumbria Police,-1.397027,54.906383,On or near Wentworth Terrace,E01008706,Sunderland 011C,Drugs,Investigation complete; no suspect identified,
ee265b8b024167129299ee739f63acdcfa0084049bbe57b052cd318bb2ca31f0,2024-10,Northumbria Police,Northumbria Police,-1.398015,54.904923,On or near Chester Terrace North,E01008706,Sunderland 011C,Drugs,Investigation complete; no suspect identified,
e0049f5776b98f77ddf60559cb72ab97549d321738246c3021c2dd36d208f9d7,2024-10,Northumbria Police,Northumbria Police,-1.397027,54.906383,On or near Wentworth Terrace,E01008706,Sunderland 011C,Other theft,Investigation complete; no suspect identified,
0e3a87b2922181a69a0073fbe3c552947505f485cf85ba5b5a7d43967cf9b81b,2024-10,Northumbria Police,Northumbria Police,-1.399906,54.904671,On or near Chester Street East,E01008706,Sunderland 011C,Other theft,Investigation complete; no suspect identified,
c526b45f36ce60146686c2c53a102e79e9798ee8299dd72f5504f7ee3f6654b7,2024-10,Northumbria Police,Northumbria Police,-1.401174,54.906466,On or near Millfield,E01008706,Sunderland 011C,Public order,Status update unavailable,
e71ef8d8d55c2f6e5e237e78e596005265d07fed1535c7b1e64cc0ff5ad06d37,2024-10,Northumbria Police,Northumbria Police,-1.401174,54.906466,On or near Millfield,E01008706,Sunderland 011C,Public order,Investigation complete; no suspect identified,
25c0933a77576a0e880689d607c20a4195f7f323825829522ffe71392ba55c29,2024-10,Northumbria Police,Northumbria Police,-1.401174,54.906466,On or near Millfield,E01008706,Sunderland 011C,Public order,Status update unavailable,
309b19275d58b8bfbf2e180db625c8b4889f51acf08e5b13b09557ceb8b2b56b,2024-10,Northumbria Police,Northumbria Police,-1.401174,54.906466,On or near Millfield,E01008706,Sunderland 011C,Public order,Status update unavailable,
624bca259cea7ca681730e0db40e644109f9385a9f61dd283785a3ecf3d51f8a,2024-10,Northumbria Police,Northumbria Police,-1.402288,54.908116,On or near Hadrian Street,E01008706,Sunderland 011C,Public order,Court result unavailable,
0b9a0604b64cd8d066918f7e8726c3ec78177745fce66737c3c181b5bb68f074,2024-10,Northumbria Police,Northumbria Police,-1.401174,54.906466,On or near Millfield,E01008706,Sunderland 011C,Shoplifting,Investigation complete; no suspect identified,
39114f14271900dcd88a7ca4ab4a9cd08cdc679e1a170dc1caf136237bf173ba,2024-10,Northumbria Police,Northumbria Police,-1.401174,54.906466,On or near Millfield,E01008706,Sunderland 011C,Shoplifting,Investigation complete; no suspect identified,
4905226dafb457db5321113c468e7694a6eb430686de4b1cf95e999f57f42237,2024-10,Northumbria Police,Northumbria Police,-1.401174,54.906466,On or near Millfield,E01008706,Sunderland 011C,Shoplifting,Investigation complete; no suspect identified,
1d4e891d53fd923c334b44f7a21ad5ec456bbb448fc8b8bcb9b00acd17677cba,2024-10,Northumbria Police,Northumbria Police,-1.401174,54.906466,On or near Millfield,E01008706,Sunderland 011C,Shoplifting,Investigation complete; no suspect identified,
9e7a62011964869cef425e4771d319960d9c8efc98ebe1923287a3c4dd29b6ff,2024-10,Northumbria Police,Northumbria Police,-1.401174,54.906466,On or near Millfield,E01008706,Sunderland 011C,Shoplifting,Court result unavailable,
d9cd5d68c31f7d3d3abe42b6e6f9331b35a4735408c9b6c613037fa1309ace45,2024-10,Northumbria Police,Northumbria Police,-1.400595,54.906607,On or near Parking Area,E01008706,Sunderland 011C,Shoplifting,Status update unavailable,
9ff48228ca3b90633f5644118c9f1463ef35435ed721b00596ee38fbea088bae,2024-10,Northumbria Police,Northumbria Police,-1.402631,54.907066,On or near Wood Street,E01008706,Sunderland 011C,Vehicle crime,Investigation complete; no suspect identified,
2bddfee13ed5f5d001b985a07b96f3b461a6782787b94c5276d01eacc1e6a0ac,2024-10,Northumbria Police,Northumbria Police,-1.402288,54.908116,On or near Hadrian Street,E01008706,Sunderland 011C,Vehicle crime,Investigation complete; no suspect identified,
f47b90074716db1f4272c8eab0bbf2b8a44bdfdf77b6b639fda6dd5e30d85977,2024-10,Northumbria Police,Northumbria Police,-1.398015,54.904923,On or near Chester Terrace North,E01008706,Sunderland 011C,Vehicle crime,Status update unavailable,
513a8ba7f0a1196fcfdb61cdb1a0df40afcf38ea41ec45e53f78cd57f78435c2,2024-10,Northumbria Police,Northumbria Police,-1.398682,54.905196,On or near St Marks Crescent,E01008706,Sunderland 011C,Vehicle crime,Court result unavailable,
9ca95a2233eb94e45a8dfcaa2ebfe217a1c109bfe30bd73c5d0bdbe4c213164f,2024-10,Northumbria Police,Northumbria Police,-1.405611,54.907009,On or near John Candlish Road,E01008706,Sunderland 011C,Vehicle crime,Investigation complete; no suspect identified,
a802b0b7c97e5d1fafd72fb159d68a83207c8fc9412f144808c052935dc81651,2024-10,Northumbria Police,Northumbria Police,-1.405611,54.907009,On or near John Candlish Road,E01008706,Sunderland 011C,Vehicle crime,Investigation complete; no suspect identified,
68bc6e0c480406a0a962c15118d18e9050d0e5be9915b5b16c3fdf77d1930661,2024-10,Northumbria Police,Northumbria Police,-1.402666,54.904739,On or near Duke Street,E01008706,Sunderland 011C,Violence and sexual offences,Status update unavailable,
5f1427224dd525b0a18b470111b133c2a177beccbca82af937fabac1ccec9f1a,2024-10,Northumbria Police,Northumbria Police,-1.402666,54.904739,On or near Duke Street,E01008706,Sunderland 011C,Violence and sexual offences,Investigation complete; no suspect identified,
6435605ca161508e565d07a78067b12de88c7674f6bb66933765d2dce19cd8d9,2024-10,Northumbria Police,Northumbria Police,-1.403742,54.906856,On or near Cromwell Street,E01008706,Sunderland 011C,Violence and sexual offences,Status update unavailable,
09453dd37a385842de20a04213924bde35ce1c599c9332ed6d7608cb68323f67,2024-10,Northumbria Police,Northumbria Police,-1.403742,54.906856,On or near Cromwell Street,E01008706,Sunderland 011C,Violence and sexual offences,Status update unavailable,
86518c5696c6daf2ffd9dbd8fc9f415edeca5d3a2d5738058d4048d9604d20f5,2024-10,Northumbria Police,Northumbria Police,-1.401174,54.906466,On or near Millfield,E01008706,Sunderland 011C,Violence and sexual offences,Status update unavailable,
61b07667df281c8f6909b322c0f2832717fab83709eb6defde41fc58a3bc3328,2024-10,Northumbria Police,Northumbria Police,-1.402626,54.907399,On or near Albert Road,E01008706,Sunderland 011C,Violence and sexual offences,Status update unavailable,
eebcb03ba261b8715f86761f618518f28e7689eaccf2bf6bfb786ef9535f2eeb,2024-10,Northumbria Police,Northumbria Police,-1.399906,54.904671,On or near Chester Street East,E01008706,Sunderland 011C,Violence and sexual offences,Status update unavailable,
47060f9bbfaf4c12819c0aed00af215fd3568698eb939dc7409403e7b354dc0d,2024-10,Northumbria Police,Northumbria Police,-1.401131,54.903033,On or near Offerton Street,E01008707,Sunderland 011D,Burglary,Investigation complete; no suspect identified,
c1025a363ac1f85d57e566a0a33bc19f4b9821c5196b78fcdf5013faf8e26be8,2024-10,Northumbria Police,Northumbria Police,-1.395763,54.903276,On or near East Cleft Road,E01008707,Sunderland 011D,Burglary,Investigation complete; no suspect identified,
8dc8dff0ef85e3902a51308f964e6ad242e9a9959ace9f11acfc5254159d7842,2024-10,Northumbria Police,Northumbria Police,-1.400919,54.902645,On or near Pensher Street,E01008707,Sunderland 011D,Burglary,Investigation complete; no suspect identified,
95d3de91656af350c8e66d6988868c4a1a66ebccacdda32e1356d389fdfb45f7,2024-10,Northumbria Police,Northumbria Police,-1.399215,54.903967,On or near Chepstow Street,E01008707,Sunderland 011D,Criminal damage and arson,Investigation complete; no suspect identified,
d07930f02debdb219e09c7a1fca6b9daaa5ac6a2632eb93e39a02cac0a253e20,2024-10,Northumbria Police,Northumbria Police,-1.395763,54.903276,On or near East Cleft Road,E01008707,Sunderland 011D,Other theft,Investigation complete; no suspect identified,
84e664b7624c1b2ecc58383de99281a619df56706b1adfb4a1001e5ca14961be,2024-10,Northumbria Police,Northumbria Police,-1.399537,54.903313,On or near St Mark'S Road,E01008707,Sunderland 011D,Public order,Status update unavailable,
d86a26f25de88dc0eaea4206a8b5cf6879e7afe535074977e46811ba4f0ad4e4,2024-10,Northumbria Police,Northumbria Police,-1.395763,54.903276,On or near East Cleft Road,E01008707,Sunderland 011D,Robbery,Investigation complete; no suspect identified,
32981267a3a9b99fbcb2bd74088326de2afbb7d208e7beefbc2629b56cedf14c,2024-10,Northumbria Police,Northumbria Police,-1.399537,54.903313,On or near St Mark'S Road,E01008707,Sunderland 011D,Violence and sexual offences,Court result unavailable,
17bb5aafb171ba9ffb22492dcff5721c30dd7b7d0c97c4926b4a8ef7d0ea4a73,2024-10,Northumbria Police,Northumbria Police,-1.404247,54.902204,On or near Eldon Street,E01008707,Sunderland 011D,Violence and sexual offences,Status update unavailable,
24761d29a8547f4a156861888b1efd4b6c2040cc6d17b7565fa0b1fa1e3923b3,2024-10,Northumbria Police,Northumbria Police,-1.399537,54.903313,On or near St Mark'S Road,E01008707,Sunderland 011D,Other crime,Investigation complete; no suspect identified,
2bcc8f0a8eb6a963c692f7372dae5d3c48902979a2b07c93f193a48536a8bbef,2024-10,Northumbria Police,Northumbria Police,-1.399537,54.903313,On or near St Mark'S Road,E01008707,Sunderland 011D,Other crime,Status update unavailable,
b80398df84ae598d5487f1824e357525163ae18733f042fca1836449e3024f69,2024-10,Northumbria Police,Northumbria Police,-1.399537,54.903313,On or near St Mark'S Road,E01008707,Sunderland 011D,Other crime,Court result unavailable,
,2024-10,Northumbria Police,Northumbria Police,-1.418977,54.904235,On or near Sports/Recreation Area,E01008756,Sunderland 012A,Anti-social behaviour,,
,2024-10,Northumbria Police,Northumbria Police,-1.418781,54.905446,On or near Falkland Road,E01008756,Sunderland 012A,Anti-social behaviour,,
6b83b0e13596f52dc803b38f510aa64aefa8387f96c3ef01f4fa33253aae3a01,2024-10,Northumbria Police,Northumbria Police,-1.423337,54.906384,On or near Felsham Square,E01008756,Sunderland 012A,Burglary,Investigation complete; no suspect identified,
69f3f7035914c92bbb316737e89eccfd4655287c6a35bb68a3f0753cf99efb32,2024-10,Northumbria Police,Northumbria Police,-1.422212,54.903279,On or near Fordham Square,E01008756,Sunderland 012A,Criminal damage and arson,Investigation complete; no suspect identified,
ad0acf5ba9daa491d9a26e0f0293906cfc72cf9ce676ecdee362f060132eae8f,2024-10,Northumbria Police,Northumbria Police,-1.422175,54.908032,On or near Oxford Square,E01008756,Sunderland 012A,Criminal damage and arson,Investigation complete; no suspect identified,
c491edecb05605f9de5b959dbf89427e3b67056cb59652f7f4c3f4385847ec3b,2024-10,Northumbria Police,Northumbria Police,-1.417726,54.908317,On or near Tanfield Street,E01008756,Sunderland 012A,Violence and sexual offences,Status update unavailable,
0adfe6db8b7752d200243a774f477960190c9ebb87f3dbc788462c860e4a79dc,2024-10,Northumbria Police,Northumbria Police,-1.421857,54.904095,On or near Falmouth Square,E01008756,Sunderland 012A,Other crime,Status update unavailable,
,2024-10,Northumbria Police,Northumbria Police,-1.417462,54.911497,On or near Lyndhurst Terrace,E01008762,Sunderland 012B,Anti-social behaviour,,
,2024-10,Northumbria Police,Northumbria Police,-1.428381,54.908152,On or near St Luke'S Road,E01008762,Sunderland 012B,Anti-social behaviour,,
,2024-10,Northumbria Police,Northumbria Police,-1.419940,54.913130,On or near Shopping Area,E01008762,Sunderland 012B,Anti-social behaviour,,
1af60caaf4cbe5739b3ba5f031f96eddc6228566b3f57deac28a475acd8acf5a,2024-10,Northumbria Police,Northumbria Police,-1.422661,54.912240,On or near European Way,E01008762,Sunderland 012B,Criminal damage and arson,Investigation complete; no suspect identified,
2e91b2e00ca77d708a25ba9da9e11c1acb498724da4dec9493578e87e283c836,2024-10,Northumbria Police,Northumbria Police,-1.419940,54.913130,On or near Shopping Area,E01008762,Sunderland 012B,Criminal damage and arson,Investigation complete; no suspect identified,
450401088a88c6d0ad07b9a94f8bbc48721b309aab0eb87bc390a19a9ef2fef0,2024-10,Northumbria Police,Northumbria Police,-1.426613,54.906364,On or near Felstead Square,E01008762,Sunderland 012B,Drugs,Investigation complete; no suspect identified,
250290d7ca217f5583f17993f5b7addd83a34914e83b31a2a7adc168acd87fe5,2024-10,Northumbria Police,Northumbria Police,-1.422661,54.912240,On or near European Way,E01008762,Sunderland 012B,Other theft,Status update unavailable,
bdd1e042fb5d4a8c9c0005ba5ee55d8ed61421372df54219077ee8b74146a76a,2024-10,Northumbria Police,Northumbria Police,-1.417462,54.911497,On or near Lyndhurst Terrace,E01008762,Sunderland 012B,Public order,Investigation complete; no suspect identified,
d3cb201e7cb3c37b58703a563c53cb93938eaaec6acafe7d78ae1a9d42eed11c,2024-10,Northumbria Police,Northumbria Police,-1.419940,54.913130,On or near Shopping Area,E01008762,Sunderland 012B,Public order,Investigation complete; no suspect identified,
930136a3d2a2372fa00bc9621e05cf684297986d537d06f0fa399f028540c6ba,2024-10,Northumbria Police,Northumbria Police,-1.419940,54.913130,On or near Shopping Area,E01008762,Sunderland 012B,Shoplifting,Investigation complete; no suspect identified,
abb385c1c04a3870d6b219599e6e2f53becbeb2f541fcaed3da49861e40e67d8,2024-10,Northumbria Police,Northumbria Police,-1.419940,54.913130,On or near Shopping Area,E01008762,Sunderland 012B,Shoplifting,Court result unavailable,
deaed1f46efacfbb2ebdc3e035ceaceb68fb5c49490f511455d5a75fc9a01278,2024-10,Northumbria Police,Northumbria Police,-1.419940,54.913130,On or near Shopping Area,E01008762,Sunderland 012B,Shoplifting,Investigation complete; no suspect identified,
17f58ba85b7ae36e142eb9902541c7c6a04fb131ef46e5f60c46d4f8ea9bfb5d,2024-10,Northumbria Police,Northumbria Police,-1.419940,54.913130,On or near Shopping Area,E01008762,Sunderland 012B,Shoplifting,Investigation complete; no suspect identified,
425191a1b8fb503bf3f8486c89e1cc45a2c133262562d65a24b0541357464423,2024-10,Northumbria Police,Northumbria Police,-1.419940,54.913130,On or near Shopping Area,E01008762,Sunderland 012B,Shoplifting,Status update unavailable,
68234dedd904a235531234dc68bfe82af3898cc57a0e12ab42e92f8b0eb89b56,2024-10,Northumbria Police,Northumbria Police,-1.419940,54.913130,On or near Shopping Area,E01008762,Sunderland 012B,Shoplifting,Status update unavailable,
3f7decb45cf007a7f4ebeb80c64d738411be6be9c217cbc2f364aa9bd80b2673,2024-10,Northumbria Police,Northumbria Police,-1.419940,54.913130,On or near Shopping Area,E01008762,Sunderland 012B,Shoplifting,Investigation complete; no suspect identified,
0e59321ba21ad889c270eb07f2efca138029d3c0726ad071a1b29aeeae8ec200,2024-10,Northumbria Police,Northumbria Police,-1.419940,54.913130,On or near Shopping Area,E01008762,Sunderland 012B,Shoplifting,Investigation complete; no suspect identified,
b8f0b3a47b82b593de5c41fd2cc9beef334a4bbde2db5709251355ecca460923,2024-10,Northumbria Police,Northumbria Police,-1.419940,54.913130,On or near Shopping Area,E01008762,Sunderland 012B,Shoplifting,Investigation complete; no suspect identified,
4b81a4dd56f794c0cf9d43f2c66f4be15e8d42bab141e5a895a4fb77987833c1,2024-10,Northumbria Police,Northumbria Police,-1.419940,54.913130,On or near Shopping Area,E01008762,Sunderland 012B,Shoplifting,Investigation complete; no suspect identified,
a7ee5262cb0a8dcdd5aa19f266b6cfe0e26d711fdbd04c25e1e57f5a9cc23a2f,2024-10,Northumbria Police,Northumbria Police,-1.419940,54.913130,On or near Shopping Area,E01008762,Sunderland 012B,Shoplifting,Investigation complete; no suspect identified,
ecffed99e79f4d37ccf5d0cec766f3bc5638a55bce88ca5682c48db9942b6195,2024-10,Northumbria Police,Northumbria Police,-1.419940,54.913130,On or near Shopping Area,E01008762,Sunderland 012B,Shoplifting,Investigation complete; no suspect identified,
cb192d234f7b97455b015996b64f8b36b460bb4eca156e4fbfc3be2a897f6d9b,2024-10,Northumbria Police,Northumbria Police,-1.419940,54.913130,On or near Shopping Area,E01008762,Sunderland 012B,Shoplifting,Status update unavailable,
2361a7a58f49a50e88544fddc5c8c05cb377c05534ee6c18cc96a28a693ab1b5,2024-10,Northumbria Police,Northumbria Police,-1.419940,54.913130,On or near Shopping Area,E01008762,Sunderland 012B,Shoplifting,Investigation complete; no suspect identified,
8dec16c7505787149e708f87ec180e48719268eefbdcaa17abd0da85a22ca116,2024-10,Northumbria Police,Northumbria Police,-1.419940,54.913130,On or near Shopping Area,E01008762,Sunderland 012B,Shoplifting,Investigation complete; no suspect identified,
123371a215deb1bd711a2893f91b48b0ca0ba8b2092a10c7dce1dae00b206a75,2024-10,Northumbria Police,Northumbria Police,-1.419940,54.913130,On or near Shopping Area,E01008762,Sunderland 012B,Shoplifting,Investigation complete; no suspect identified,
8a2ff1b2993bb52adf953a6a6b570c64e369e4c3285bc8d9d52b9681334163b4,2024-10,Northumbria Police,Northumbria Police,-1.426613,54.906364,On or near Felstead Square,E01008762,Sunderland 012B,Violence and sexual offences,Status update unavailable,
fc706f9b0d129888e3283817e7de0003bf2ac5450ebfcd2738172d3f9f207006,2024-10,Northumbria Police,Northumbria Police,-1.422527,54.906345,On or near Cawnpore Square,E01008762,Sunderland 012B,Violence and sexual offences,Status update unavailable,
113f0f23a9098abcd4097faba92b69f9423be01617862f30791c78aeaf2bea21,2024-10,Northumbria Police,Northumbria Police,-1.417462,54.911497,On or near Lyndhurst Terrace,E01008762,Sunderland 012B,Violence and sexual offences,Investigation complete; no suspect identified,
e835e857549ca8c0dbf62d776bdf1262a51f62d86d56bcefa9a90c48f0e3fd1c,2024-10,Northumbria Police,Northumbria Police,-1.426613,54.906364,On or near Felstead Square,E01008762,Sunderland 012B,Violence and sexual offences,Investigation complete; no suspect identified,
9686b7eb1d260f37b57cf56357e11e6f30a68673c1cbb3a427e32bec56bc5ff0,2024-10,Northumbria Police,Northumbria Police,-1.427646,54.904985,On or near Front Road,E01008762,Sunderland 012B,Violence and sexual offences,Investigation complete; no suspect identified,
757739f6d59626d1e5e787e02b175ee08e9fc2491a3fa48648b8a7458c85267f,2024-10,Northumbria Police,Northumbria Police,-1.419977,54.909055,On or near Wilfred Street,E01008762,Sunderland 012B,Other crime,Investigation complete; no suspect identified,
915cf478737bcbd3c5f562b0444d2cec2d8e6ac283fa63bae6c392902fdb6d17,2024-10,Northumbria Police,Northumbria Police,-1.428037,54.903836,On or near Fenton Square,E01008812,Sunderland 012C,Criminal damage and arson,Investigation complete; no suspect identified,
f6aa847f73f54acb0e5c12e47e4c5c67db47a9f843adbef3e37dd47f59190385,2024-10,Northumbria Police,Northumbria Police,-1.425649,54.900707,On or near Harrow Square,E01008812,Sunderland 012C,Criminal damage and arson,Offender given a caution,
5c07dcab425197392df3ba083af147d721e7471231676a8062f6b05e3fb435d5,2024-10,Northumbria Police,Northumbria Police,-1.427187,54.902215,On or near Friar Square,E01008812,Sunderland 012C,Violence and sexual offences,Investigation complete; no suspect identified,
0d062e7e28bd194c6677240425da7af12ed21333bcdfccaf7ad604e6aa8ce6ea,2024-10,Northumbria Police,Northumbria Police,-1.427187,54.902215,On or near Friar Square,E01008812,Sunderland 012C,Violence and sexual offences,Status update unavailable,
4e3ec5c59ef55eb3f7b38181578fd5e981789d7b72dfbd8dcd4e937e3e0b98eb,2024-10,Northumbria Police,Northumbria Police,-1.427542,54.904607,On or near Fordfield Road,E01008812,Sunderland 012C,Violence and sexual offences,Status update unavailable,
,2024-10,Northumbria Police,Northumbria Police,-1.432382,54.905340,On or near Foxton Close,E01033076,Sunderland 012F,Anti-social behaviour,,
,2024-10,Northumbria Police,Northumbria Police,-1.437548,54.902820,On or near Polebrook Road,E01033076,Sunderland 012F,Anti-social behaviour,,
,2024-10,Northumbria Police,Northumbria Police,-1.437548,54.902820,On or near Polebrook Road,E01033076,Sunderland 012F,Anti-social behaviour,,
,2024-10,Northumbria Police,Northumbria Police,-1.437548,54.902820,On or near Polebrook Road,E01033076,Sunderland 012F,Anti-social behaviour,,
,2024-10,Northumbria Police,Northumbria Police,-1.437548,54.902820,On or near Polebrook Road,E01033076,Sunderland 012F,Anti-social behaviour,,
,2024-10,Northumbria Police,Northumbria Police,-1.437548,54.902820,On or near Polebrook Road,E01033076,Sunderland 012F,Anti-social behaviour,,
,2024-10,Northumbria Police,Northumbria Police,-1.432382,54.905340,On or near Foxton Close,E01033076,Sunderland 012F,Anti-social behaviour,,
,2024-10,Northumbria Police,Northumbria Police,-1.437548,54.902820,On or near Polebrook Road,E01033076,Sunderland 012F,Anti-social behaviour,,
07e0414f19678a2cf02991db593752e4b5babcfee01f3757c9d1b44fce12568e,2024-10,Northumbria Police,Northumbria Police,-1.437548,54.902820,On or near Polebrook Road,E01033076,Sunderland 012F,Criminal damage and arson,Status update unavailable,
d836ee7d83e698461bbf02aebb1fe0614f26dbdec6044b7617e041416d45091c,2024-10,Northumbria Police,Northumbria Police,-1.430887,54.904137,On or near Forest Road,E01033076,Sunderland 012F,Drugs,Status update unavailable,
e5effcaafc6871d215cc38870ff36b7972b59f70fc0e764461257a9819e86880,2024-10,Northumbria Police,Northumbria Police,-1.438947,54.904328,On or near Prescot Road,E01033076,Sunderland 012F,Drugs,Investigation complete; no suspect identified,
434e3a8fe6b95daa2e348500ca19f9b6ff0f7ab225856b4e80c3da326adda9df,2024-10,Northumbria Police,Northumbria Police,-1.430887,54.904137,On or near Forest Road,E01033076,Sunderland 012F,Drugs,Court result unavailable,
78b05913b2691557476247f171da174afc82711f2e04c05a10f9050ab6ce6098,2024-10,Northumbria Police,Northumbria Police,-1.430887,54.904137,On or near Forest Road,E01033076,Sunderland 012F,Public order,Investigation complete; no suspect identified,
685c19c61f07a8fed6d1048bbed7550749d961c8c7ea41c377f3a8eab0789656,2024-10,Northumbria Police,Northumbria Police,-1.430887,54.904137,On or near Forest Road,E01033076,Sunderland 012F,Public order,Court result unavailable,
8765c5c7bc32faa233d18599ced259497379d43dd81c5f83bae9fbc360baa8f8,2024-10,Northumbria Police,Northumbria Police,-1.432929,54.904147,On or near Fawn Road,E01033076,Sunderland 012F,Vehicle crime,Investigation complete; no suspect identified,
86de4847690613bbbabbb42b5bc651be7d3d997deda9bcc312c7beef553bcbf2,2024-10,Northumbria Police,Northumbria Police,-1.434591,54.906896,On or near Pelaw Square,E01033076,Sunderland 012F,Violence and sexual offences,Status update unavailable,
cceead0e3113a739865784fc0c1f5474ec4708bb8bdbeb63c25a9a177079f3e7,2024-10,Northumbria Police,Northumbria Police,-1.435845,54.906407,On or near Plaistow Square,E01033076,Sunderland 012F,Violence and sexual offences,Investigation complete; no suspect identified,
c4377a5d54fe0f612e432c6efd1fc2b56418342fb881b080fe0946fc3f5b5948,2024-10,Northumbria Police,Northumbria Police,-1.437054,54.904750,On or near Prestwick Road,E01033076,Sunderland 012F,Violence and sexual offences,Offender given a caution,
7ce9f7fd8d2e1cfe55b3151cc6b861a0f27731c5ed71201a60953fe7351ba6b9,2024-10,Northumbria Police,Northumbria Police,-1.437548,54.902820,On or near Polebrook Road,E01033076,Sunderland 012F,Violence and sexual offences,Court result unavailable,
f53cc58e31e74bfa29d581678a44fa0009a0370609c228d0dfd50db8622e6fce,2024-10,Northumbria Police,Northumbria Police,-1.432929,54.904147,On or near Fawn Road,E01033076,Sunderland 012F,Violence and sexual offences,Investigation complete; no suspect identified,
ae00d89601758cb8e7f12f95b9a00bfaac451f83fabd8e4c7ac5576ad09ee7e5,2024-10,Northumbria Police,Northumbria Police,-1.435845,54.906407,On or near Plaistow Square,E01033076,Sunderland 012F,Violence and sexual offences,Investigation complete; no suspect identified,
2b6ec66bc33bd36739345fa2d780b52ac97df7843871970fae6a0c9294081880,2024-10,Northumbria Police,Northumbria Police,-1.430887,54.904137,On or near Forest Road,E01033076,Sunderland 012F,Violence and sexual offences,Court result unavailable,
51591d06a1c12b04f41574ecb0e156a6cb80869f93f83f0c1e196843ecd73934,2024-10,Northumbria Police,Northumbria Police,-1.430887,54.904137,On or near Forest Road,E01033076,Sunderland 012F,Violence and sexual offences,Court result unavailable,
765d560bee686fb452b44662e72be8931d8a5d72b05c0f56e40335625981e169,2024-10,Northumbria Police,Northumbria Police,-1.434741,54.902879,On or near Poole Road,E01033076,Sunderland 012F,Violence and sexual offences,Investigation complete; no suspect identified,
7476c31ae2295147ef8c5db6fd72d4c966865f356fadf89cd4496890920624d8,2024-10,Northumbria Police,Northumbria Police,-1.430887,54.904137,On or near Forest Road,E01033076,Sunderland 012F,Violence and sexual offences,Court result unavailable,
659336f2a047ecb3255513eb5f48c1e1970bd40e74b23850208b43c67d8c732c,2024-10,Northumbria Police,Northumbria Police,-1.432382,54.905340,On or near Foxton Close,E01033076,Sunderland 012F,Violence and sexual offences,Offender given a caution,
316189e816db604a70a6bffe46210a89cc9c05c3b132eb9e7a4e8ad1b9c3afb0,2024-10,Northumbria Police,Northumbria Police,-1.430887,54.904137,On or near Forest Road,E01033076,Sunderland 012F,Violence and sexual offences,Status update unavailable,
4bc91de50351268319215c9c59f4949b68e22d30e13f3cf5eca17d974807213a,2024-10,Northumbria Police,Northumbria Police,-1.437548,54.902820,On or near Polebrook Road,E01033076,Sunderland 012F,Violence and sexual offences,Status update unavailable,
,2024-10,Northumbria Police,Northumbria Police,-1.393279,54.906661,On or near Johnson Street,E01008700,Sunderland 013A,Anti-social behaviour,,
,2024-10,Northumbria Police,Northumbria Police,-1.393279,54.906661,On or near Johnson Street,E01008700,Sunderland 013A,Anti-social behaviour,,
,2024-10,Northumbria Police,Northumbria Police,-1.394541,54.907844,On or near Rose Street,E01008700,Sunderland 013A,Anti-social behaviour,,
9ed7a474fb9a73967dc8a2eca73eceba69d5332d93fc7ba6c5f6faaf678a2bd7,2024-10,Northumbria Police,Northumbria Police,-1.396305,54.909794,On or near Alliance Street,E01008700,Sunderland 013A,Bicycle theft,Investigation complete; no suspect identified,
abe99758d215ce005ceb1d13a9d45f6f8ecd5c28ac4ddbad3aedeb61f031bb44,2024-10,Northumbria Police,Northumbria Police,-1.394675,54.908267,On or near Violet Street,E01008700,Sunderland 013A,Public order,Status update unavailable,
3fa8f030370dad6eb9ece00453e56c3880bee26547bdaef4f8363a1764c91051,2024-10,Northumbria Police,Northumbria Police,-1.391858,54.907858,On or near Galley'S Gill Road,E01008700,Sunderland 013A,Public order,Status update unavailable,
3acabc0feb79ca2baf51b3f2329994de5a33f0f394ca1886801e202d9412cf74,2024-10,Northumbria Police,Northumbria Police,-1.396305,54.909794,On or near Alliance Street,E01008700,Sunderland 013A,Shoplifting,Investigation complete; no suspect identified,
6ebe8c0bcfb7092b11352c961828771d33172d6d854b8658065a095496b2db6b,2024-10,Northumbria Police,Northumbria Police,-1.394675,54.908267,On or near Violet Street,E01008700,Sunderland 013A,Shoplifting,Investigation complete; no suspect identified,
2b96a5ace41c825736646ca2a92fbbf573f202197507aee3e2405d6fff317a4b,2024-10,Northumbria Police,Northumbria Police,-1.396305,54.909794,On or near Alliance Street,E01008700,Sunderland 013A,Shoplifting,Investigation complete; no suspect identified,
b7a49f884ae58e39727675463cb76c66504d053aa2f298e61805501c476e5eee,2024-10,Northumbria Police,Northumbria Police,-1.389577,54.908071,On or near Parking Area,E01008700,Sunderland 013A,Violence and sexual offences,Investigation complete; no suspect identified,
7c6cfae704ec64bbb85053c780959b450c4d8becec4d8291d9029261db4645e8,2024-10,Northumbria Police,Northumbria Police,-1.394675,54.908267,On or near Violet Street,E01008700,Sunderland 013A,Violence and sexual offences,Status update unavailable,
1d335e792d6180b19baa951e143ae13af751328d70f831d2fbf546466f1b37d8,2024-10,Northumbria Police,Northumbria Police,-1.393279,54.906661,On or near Johnson Street,E01008700,Sunderland 013A,Violence and sexual offences,Investigation complete; no suspect identified,
f20c619468a665b7d216aa31c4afb934d58cf570da80308f8422f238744f8f1d,2024-10,Northumbria Police,Northumbria Police,-1.393279,54.906661,On or near Johnson Street,E01008700,Sunderland 013A,Violence and sexual offences,Status update unavailable,
6cb1dd2ebcdb2474ad4a2eb4de1cc415b9eb8f2891fa1425573156b438ab8e61,2024-10,Northumbria Police,Northumbria Police,-1.401337,54.909172,On or near Medomsly Street,E01008700,Sunderland 013A,Violence and sexual offences,Status update unavailable,
eabeaeb716843e80736feb4f87d7179172f0ff7c4a1e025c8d63e8d5eca5fedb,2024-10,Northumbria Police,Northumbria Police,-1.393279,54.906661,On or near Johnson Street,E01008700,Sunderland 013A,Violence and sexual offences,Status update unavailable,
c7fd4ace52a25f57f354aeff86f015fa2ebf8ae19ef82462e5edeb155ba8ae76,2024-10,Northumbria Police,Northumbria Police,-1.394675,54.908267,On or near Violet Street,E01008700,Sunderland 013A,Violence and sexual offences,Investigation complete; no suspect identified,
6c5c170b8e041ccd6b4887f4bf7aa653be6d617a3de78faaaa02a0ba297fd7ee,2024-10,Northumbria Police,Northumbria Police,-1.395999,54.909379,On or near Fern Street,E01008700,Sunderland 013A,Violence and sexual offences,Investigation complete; no suspect identified,
0230f74354c37d74bfd62e12227aaf761004f94578279e8f9b8921409f9df741,2024-10,Northumbria Police,Northumbria Police,-1.400042,54.910226,On or near St Cuthbert'S Terrace,E01008700,Sunderland 013A,Other crime,Offender given a caution,
,2024-10,Northumbria Police,Northumbria Police,-1.386120,54.906696,On or near West Street,E01008703,Sunderland 013B,Anti-social behaviour,,
,2024-10,Northumbria Police,Northumbria Police,-1.381514,54.909064,On or near Bridge Crescent,E01008703,Sunderland 013B,Anti-social behaviour,,
,2024-10,Northumbria Police,Northumbria Police,-1.382544,54.904980,On or near Waterloo Place,E01008703,Sunderland 013B,Anti-social behaviour,,
,2024-10,Northumbria Police,Northumbria Police,-1.386077,54.905438,On or near Parking Area,E01008703,Sunderland 013B,Anti-social behaviour,,
,2024-10,Northumbria Police,Northumbria Police,-1.386120,54.906696,On or near West Street,E01008703,Sunderland 013B,Anti-social behaviour,,
,2024-10,Northumbria Police,Northumbria Police,-1.386120,54.906696,On or near West Street,E01008703,Sunderland 013B,Anti-social behaviour,,
,2024-10,Northumbria Police,Northumbria Police,-1.386077,54.905438,On or near Parking Area,E01008703,Sunderland 013B,Anti-social behaviour,,
,2024-10,Northumbria Police,Northumbria Police,-1.386077,54.905438,On or near Parking Area,E01008703,Sunderland 013B,Anti-social behaviour,,
,2024-10,Northumbria Police,Northumbria Police,-1.380452,54.906137,On or near John Street,E01008703,Sunderland 013B,Anti-social behaviour,,
,2024-10,Northumbria Police,Northumbria Police,-1.386077,54.905438,On or near Parking Area,E01008703,Sunderland 013B,Anti-social behaviour,,
,2024-10,Northumbria Police,Northumbria Police,-1.386077,54.905438,On or near Parking Area,E01008703,Sunderland 013B,Anti-social behaviour,,
,2024-10,Northumbria Police,Northumbria Police,-1.388540,54.906520,On or near Dun Cow Street,E01008703,Sunderland 013B,Anti-social behaviour,,
,2024-10,Northumbria Police,Northumbria Police,-1.388540,54.906520,On or near Dun Cow Street,E01008703,Sunderland 013B,Anti-social behaviour,,
,2024-10,Northumbria Police,Northumbria Police,-1.381610,54.904822,On or near Shopping Area,E01008703,Sunderland 013B,Anti-social behaviour,,
,2024-10,Northumbria Police,Northumbria Police,-1.379275,54.905547,On or near Frederick Street,E01008703,Sunderland 013B,Anti-social behaviour,,
,2024-10,Northumbria Police,Northumbria Police,-1.386120,54.906696,On or near West Street,E01008703,Sunderland 013B,Anti-social behaviour,,
,2024-10,Northumbria Police,Northumbria Police,-1.375198,54.907998,On or near Cross Place,E01008703,Sunderland 013B,Anti-social behaviour,,
,2024-10,Northumbria Police,Northumbria Police,-1.373260,54.908284,On or near Mauds Lane,E01008703,Sunderland 013B,Anti-social behaviour,,
,2024-10,Northumbria Police,Northumbria Police,-1.382544,54.904980,On or near Waterloo Place,E01008703,Sunderland 013B,Anti-social behaviour,,
,2024-10,Northumbria Police,Northumbria Police,-1.380970,54.907901,On or near Bedford Street,E01008703,Sunderland 013B,Anti-social behaviour,,
,2024-10,Northumbria Police,Northumbria Police,-1.383468,54.906755,On or near Prince Street,E01008703,Sunderland 013B,Anti-social behaviour,,
,2024-10,Northumbria Police,Northumbria Police,-1.381610,54.904822,On or near Shopping Area,E01008703,Sunderland 013B,Anti-social behaviour,,
,2024-10,Northumbria Police,Northumbria Police,-1.378525,54.906649,On or near West Sunniside,E01008703,Sunderland 013B,Anti-social behaviour,,
,2024-10,Northumbria Police,Northumbria Police,-1.383468,54.906755,On or near Prince Street,E01008703,Sunderland 013B,Anti-social behaviour,,
,2024-10,Northumbria Police,Northumbria Police,-1.375627,54.908539,On or near Numbers Garth,E01008703,Sunderland 013B,Anti-social behaviour,,
,2024-10,Northumbria Police,Northumbria Police,-1.383468,54.906755,On or near Prince Street,E01008703,Sunderland 013B,Anti-social behaviour,,
,2024-10,Northumbria Police,Northumbria Police,-1.383642,54.906585,On or near South Street,E01008703,Sunderland 013B,Anti-social behaviour,,
,2024-10,Northumbria Police,Northumbria Police,-1.379861,54.908013,On or near Lambton Street,E01008703,Sunderland 013B,Anti-social behaviour,,
,2024-10,Northumbria Police,Northumbria Police,-1.388540,54.906520,On or near Dun Cow Street,E01008703,Sunderland 013B,Anti-social behaviour,,
,2024-10,Northumbria Police,Northumbria Police,-1.386120,54.906696,On or near West Street,E01008703,Sunderland 013B,Anti-social behaviour,,
a4bc5310fb2b1f8d0ea4e4ef25c4fe57ec9a42e8fd464a1924e9df4019b909f3,2024-10,Northumbria Police,Northumbria Police,-1.381514,54.909064,On or near Bridge Crescent,E01008703,Sunderland 013B,Bicycle theft,Investigation complete; no suspect identified,
2b799a7639d4c167b56a3613b29aa1fcf5acab0a3f5488e1b9182830174ac5ad,2024-10,Northumbria Police,Northumbria Police,-1.388540,54.906520,On or near Dun Cow Street,E01008703,Sunderland 013B,Bicycle theft,Investigation complete; no suspect identified,
35477b6d890b2a11f81eb3debbf6984af6a3e9ac99b8413d37845e9860006ad9,2024-10,Northumbria Police,Northumbria Police,-1.386077,54.905438,On or near Parking Area,E01008703,Sunderland 013B,Burglary,Investigation complete; no suspect identified,
e8e7921a24877b63bf41d9afb7d2c62e67b94d08d7924079a4b31f25a0c685ea,2024-10,Northumbria Police,Northumbria Police,-1.373770,54.906544,On or near Spring Garden Close,E01008703,Sunderland 013B,Burglary,Status update unavailable,
9eb7231fed55fbb97aa28781bdb1452955e6fb6ceadfde2664fb50c79765fe6e,2024-10,Northumbria Police,Northumbria Police,-1.373260,54.908284,On or near Mauds Lane,E01008703,Sunderland 013B,Burglary,Investigation complete; no suspect identified,
cddec2cc882b9089f8fc07f30d45a789f2e7854514fa4b6c1a68033917a01867,2024-10,Northumbria Police,Northumbria Police,-1.381621,54.906170,On or near Fawcett Street,E01008703,Sunderland 013B,Burglary,Court result unavailable,
0a125439c8f3cd431d5133ce46d3bbd6318f1411b7cf021af4e51729ed2ed515,2024-10,Northumbria Police,Northumbria Police,-1.380452,54.906137,On or near John Street,E01008703,Sunderland 013B,Burglary,Investigation complete; no suspect identified,
3f793f1a0fb75c3f0e4dd3557c6eb81bc26c0034ab21f7580fe21da9afe51004,2024-10,Northumbria Police,Northumbria Police,-1.378525,54.906649,On or near West Sunniside,E01008703,Sunderland 013B,Burglary,Status update unavailable,
d20fed8e456840e015427e8503fdf797feb48b21cb3a1feabfae15029bff550e,2024-10,Northumbria Police,Northumbria Police,-1.382801,54.904478,On or near Sports/Recreation Area,E01008703,Sunderland 013B,Burglary,Investigation complete; no suspect identified,
8916851332c74e28cbb72557af1ef8908effaa366f9ffc6a83445ddf60fd2abb,2024-10,Northumbria Police,Northumbria Police,-1.373260,54.908284,On or near Mauds Lane,E01008703,Sunderland 013B,Burglary,Status update unavailable,
9a22f5684f66cff7ac7325deace0bdc3f9ed453f5023dc895b8508fe826f2082,2024-10,Northumbria Police,Northumbria Police,-1.379275,54.905547,On or near Frederick Street,E01008703,Sunderland 013B,Burglary,Investigation complete; no suspect identified,
c360039426753daff123d5d13d7194bf26dc443b3dcd0f4d7d4e78a22599be28,2024-10,Northumbria Police,Northumbria Police,-1.386120,54.906696,On or near West Street,E01008703,Sunderland 013B,Criminal damage and arson,Investigation complete; no suspect identified,
85c2ecac2797a337aa233778c92a67074c59b64216e2b112c54de9eab2c666db,2024-10,Northumbria Police,Northumbria Police,-1.385093,54.905541,On or near Parking Area,E01008703,Sunderland 013B,Criminal damage and arson,Court result unavailable,
b0f58a505e3d83e0bb1ac758a1b2515d5fd4e5a671e534a9a6215abce381bd34,2024-10,Northumbria Police,Northumbria Police,-1.372789,54.906485,On or near North Durham Street,E01008703,Sunderland 013B,Criminal damage and arson,Investigation complete; no suspect identified,
e28c6331ff818547a78e45d11c835dd645942fef4f166d01d35fdc94d3c8d144,2024-10,Northumbria Police,Northumbria Police,-1.372083,54.905744,On or near Hendon Close,E01008703,Sunderland 013B,Criminal damage and arson,Investigation complete; no suspect identified,
ab164fe9b1c3312a8f69eb23a784a461885fbd20b0d5d94e28a9c9c074f485c4,2024-10,Northumbria Police,Northumbria Police,-1.382544,54.904980,On or near Waterloo Place,E01008703,Sunderland 013B,Criminal damage and arson,Court result unavailable,
d16b5322743e23a96407decd879ccfb57fefd4e94c47eb77a3c8ae7ee6621788,2024-10,Northumbria Police,Northumbria Police,-1.381514,54.909064,On or near Bridge Crescent,E01008703,Sunderland 013B,Criminal damage and arson,Investigation complete; no suspect identified,
9160fa5f38323e7ae5b266d9ef3a7473d1f48e5bfc4213ddaf617b9fe2a670b1,2024-10,Northumbria Police,Northumbria Police,-1.380452,54.906137,On or near John Street,E01008703,Sunderland 013B,Drugs,Investigation complete; no suspect identified,
0feb0bca247f808ac1d587102aaa1443079f7ff711648b0447c85541e59405db,2024-10,Northumbria Police,Northumbria Police,-1.382544,54.904980,On or near Waterloo Place,E01008703,Sunderland 013B,Drugs,Court result unavailable,
4061f8531129f06684eb4c04258d41e4a939ef82ede808e1c662198f6748d50e,2024-10,Northumbria Police,Northumbria Police,-1.383642,54.906585,On or near South Street,E01008703,Sunderland 013B,Drugs,Investigation complete; no suspect identified,
ff716249e7c92995aa496cd275208371759dce869448bff602dcc88654ea5d69,2024-10,Northumbria Police,Northumbria Police,-1.381621,54.906170,On or near Fawcett Street,E01008703,Sunderland 013B,Drugs,Status update unavailable,
31cbcb49f1495e9daa1c76a72180ea340056bad5c8a5632cd9b712fdd83f7589,2024-10,Northumbria Police,Northumbria Police,-1.384189,54.908556,On or near Parking Area,E01008703,Sunderland 013B,Drugs,Court result unavailable,
950d9afa6c606974b45bcc51966148e9c4f12dbd1e0b358a1e1964806f1f28c1,2024-10,Northumbria Police,Northumbria Police,-1.379275,54.905547,On or near Frederick Street,E01008703,Sunderland 013B,Drugs,Status update unavailable,
48f221be9d7e5d03faf8ef6c400d887dff2f7946a92dae32167df8b249209a72,2024-10,Northumbria Police,Northumbria Police,-1.383468,54.906755,On or near Prince Street,E01008703,Sunderland 013B,Drugs,Status update unavailable,
2e37b36f93fd2372ff1606f4248273cc47391b53449e0de19b25ae300d18b313,2024-10,Northumbria Police,Northumbria Police,-1.388540,54.906520,On or near Dun Cow Street,E01008703,Sunderland 013B,Drugs,Investigation complete; no suspect identified,
201bd95d10d3f0259ffcfe6dda75db4eeb0d284d6c88e12eba5fba0f41ede7f4,2024-10,Northumbria Police,Northumbria Police,-1.384673,54.905787,On or near Shopping Area,E01008703,Sunderland 013B,Other theft,Investigation complete; no suspect identified,
5ab7a7e21b2a3928c8f3fc066215f1cd363d789fb35cb66f4ab3651ac5fccbd4,2024-10,Northumbria Police,Northumbria Police,-1.386077,54.905438,On or near Parking Area,E01008703,Sunderland 013B,Other theft,Status update unavailable,
b755f0ee836139ee8996da3200f60201fcd49de07f265a40bcd4bd04b29afbce,2024-10,Northumbria Police,Northumbria Police,-1.384673,54.905787,On or near Shopping Area,E01008703,Sunderland 013B,Other theft,Investigation complete; no suspect identified,
c8655ed8e89cc0e278fbcfe773889b3bc2875067697909e3d412e8772b6d913c,2024-10,Northumbria Police,Northumbria Police,-1.382544,54.904980,On or near Waterloo Place,E01008703,Sunderland 013B,Other theft,Investigation complete; no suspect identified,
0a9404aeb1ac6da4732c6b0811f0d583cd1aeb071772bd93772c5e9b55f2a5b7,2024-10,Northumbria Police,Northumbria Police,-1.380970,54.907901,On or near Bedford Street,E01008703,Sunderland 013B,Other theft,Investigation complete; no suspect identified,
470cc26af6d9850b3a5c7f295f1682eb618307cd1dd67aabb79e98efc50cffe4,2024-10,Northumbria Police,Northumbria Police,-1.380452,54.906137,On or near John Street,E01008703,Sunderland 013B,Other theft,Investigation complete; no suspect identified,
b202e11dee13fb1f27fd4b6b2ec4e904661961e7546001cc93b472459ec1036f,2024-10,Northumbria Police,Northumbria Police,-1.388540,54.906520,On or near Dun Cow Street,E01008703,Sunderland 013B,Other theft,Investigation complete; no suspect identified,
ed372b34c368f2dd8d0eefc8a4d6390843c04f6901df31add3973bb2a03bcbb2,2024-10,Northumbria Police,Northumbria Police,-1.386077,54.905438,On or near Parking Area,E01008703,Sunderland 013B,Other theft,Investigation complete; no suspect identified,
20ff19afbbb299560e39a5437c20e54dbf57b592bd7dee14a943bd3f0d30c84c,2024-10,Northumbria Police,Northumbria Police,-1.381621,54.906170,On or near Fawcett Street,E01008703,Sunderland 013B,Other theft,Investigation complete; no suspect identified,
e4e84c7180af5bc70d0f3da64ccef3ba3b3f313d2dca013cf0303da70c224b23,2024-10,Northumbria Police,Northumbria Police,-1.380970,54.907901,On or near Bedford Street,E01008703,Sunderland 013B,Other theft,Investigation complete; no suspect identified,
745900b39f5f1c6a5b993725107133cc0ca0760f75a88c1086d2e8cd01380e4b,2024-10,Northumbria Police,Northumbria Police,-1.384189,54.908556,On or near Parking Area,E01008703,Sunderland 013B,Possession of weapons,Court result unavailable,
1888bbdc82f85b42a47595dcff4a14412be8fdafd7ce4dff01bdc4d49f19dba0,2024-10,Northumbria Police,Northumbria Police,-1.388540,54.906520,On or near Dun Cow Street,E01008703,Sunderland 013B,Possession of weapons,Court result unavailable,
a5e1bbf6e804346a96db19e592e502ba5df102acd82b38b4f84ebf2944446abf,2024-10,Northumbria Police,Northumbria Police,-1.384700,54.908783,On or near Matlock Street,E01008703,Sunderland 013B,Possession of weapons,Offender given a caution,
b6d4499a487668b348d83e1cbc1f46ec92e65301e2c80bc86cb6c17c4e219c5f,2024-10,Northumbria Police,Northumbria Police,-1.382544,54.904980,On or near Waterloo Place,E01008703,Sunderland 013B,Public order,Court result unavailable,
779e9a46cdfc4088a0356303de1bd8ab8f393a23f2848a5410a343258f147d05,2024-10,Northumbria Police,Northumbria Police,-1.384673,54.905787,On or near Shopping Area,E01008703,Sunderland 013B,Public order,Investigation complete; no suspect identified,
69bd50b0a182717fe76047b1b424e6523824db64f0c1bf155a6af33b146a7063,2024-10,Northumbria Police,Northumbria Police,-1.372083,54.905744,On or near Hendon Close,E01008703,Sunderland 013B,Public order,Investigation complete; no suspect identified,
6d854aecd23277a4aeda1b5484754e600a23393bbd13cfe193159bf5c433321b,2024-10,Northumbria Police,Northumbria Police,-1.379275,54.905547,On or near Frederick Street,E01008703,Sunderland 013B,Public order,Court result unavailable,
3550a729f56daee4312c67642eca2fe1953fe57e50aa9e514025096e0931efb9,2024-10,Northumbria Police,Northumbria Police,-1.384673,54.905787,On or near Shopping Area,E01008703,Sunderland 013B,Public order,Court result unavailable,
deda61f60988a8150990d9675ced6622e5059d3e73c037e8df670af0aa144653,2024-10,Northumbria Police,Northumbria Police,-1.383468,54.906755,On or near Prince Street,E01008703,Sunderland 013B,Public order,Investigation complete; no suspect identified,
ab04b31d1b2b097f3e84508831eb028803d5057335753f61f6cc462476439c3b,2024-10,Northumbria Police,Northumbria Police,-1.384673,54.905787,On or near Shopping Area,E01008703,Sunderland 013B,Public order,Investigation complete; no suspect identified,
4f9175da2e75555b7ef3b6628e2672ae2ff7e29646ab0ac1ff878e4951b81f25,2024-10,Northumbria Police,Northumbria Police,-1.384673,54.905787,On or near Shopping Area,E01008703,Sunderland 013B,Public order,Status update unavailable,
a468810efd80398826ac72ff22d88911a57d3a1887590ca9500c132a8a641026,2024-10,Northumbria Police,Northumbria Police,-1.384673,54.905787,On or near Shopping Area,E01008703,Sunderland 013B,Public order,Status update unavailable,
95860068397d21b16a909c83a3d61d72f55f025a9354fc9da5459ee83fa87d8b,2024-10,Northumbria Police,Northumbria Police,-1.383642,54.906585,On or near South Street,E01008703,Sunderland 013B,Public order,Status update unavailable,
068f58dd71faad5b1e57aba4b065c6085317cfce990ae9f8d3b7642bad84c678,2024-10,Northumbria Police,Northumbria Police,-1.383468,54.906755,On or near Prince Street,E01008703,Sunderland 013B,Public order,Investigation complete; no suspect identified,
aecd4cb1dcb059a0081326a318a544615dad843d2aa2f284b4f12001c641b4c6,2024-10,Northumbria Police,Northumbria Police,-1.382544,54.904980,On or near Waterloo Place,E01008703,Sunderland 013B,Public order,Investigation complete; no suspect identified,
485da7283bb849c74972400f4430219f08eb7ae4fd4b84ffbcaad8373d616aac,2024-10,Northumbria Police,Northumbria Police,-1.379861,54.908013,On or near Lambton Street,E01008703,Sunderland 013B,Public order,Status update unavailable,
764a7e4f3719c43698810f29b6a40f3b1fe38c99f5a0ad220250875e51df0c64,2024-10,Northumbria Police,Northumbria Police,-1.384673,54.905787,On or near Shopping Area,E01008703,Sunderland 013B,Public order,Status update unavailable,
529193e0d7433274f9ed9511fe04635968e723da0361c49f9b27f54dfceddbca,2024-10,Northumbria Police,Northumbria Police,-1.386120,54.906696,On or near West Street,E01008703,Sunderland 013B,Public order,Investigation complete; no suspect identified,
bc832874ca59d3fbd2a6b03bd9467d85f1f380ca1fefd4deadda7968a634cd67,2024-10,Northumbria Police,Northumbria Police,-1.381621,54.906170,On or near Fawcett Street,E01008703,Sunderland 013B,Public order,Investigation complete; no suspect identified,
83ce9e5b31ca3f6a0aab0cac665d364329076938e7b61fbe38f22a594287d27b,2024-10,Northumbria Police,Northumbria Police,-1.386077,54.905438,On or near Parking Area,E01008703,Sunderland 013B,Public order,Investigation complete; no suspect identified,
757f2e60a39536a0dc649258da2ae434a94daaa8d6340a44eec693fd03426ee5,2024-10,Northumbria Police,Northumbria Police,-1.384673,54.905787,On or near Shopping Area,E01008703,Sunderland 013B,Public order,Status update unavailable,
e3d3b5e27f1a67832fde6d796085287c354f3b651ab29426f30ea85a1411bd83,2024-10,Northumbria Police,Northumbria Police,-1.378108,54.907438,On or near Press Lane,E01008703,Sunderland 013B,Public order,Status update unavailable,
8cc0e1681f58b6af734bd63affb58f01ed8d078eccedaacb4b08b0ce0b552bcc,2024-10,Northumbria Police,Northumbria Police,-1.384700,54.908783,On or near Matlock Street,E01008703,Sunderland 013B,Public order,Investigation complete; no suspect identified,
6450cdaecda1ce4d298925a72bb3b892befd7d6ffd5583067ba1e707e5ca6bd3,2024-10,Northumbria Police,Northumbria Police,-1.385093,54.905541,On or near Parking Area,E01008703,Sunderland 013B,Robbery,Investigation complete; no suspect identified,
77f4be69b5eb0b5b8596412759386894cf97dbb01a6f43b3c443077bdd0c73b6,2024-10,Northumbria Police,Northumbria Police,-1.386077,54.905438,On or near Parking Area,E01008703,Sunderland 013B,Robbery,Investigation complete; no suspect identified,
1e329ac274e98481e9a3effd8189069b15ac9c8dbd22e23387bc7e782a3f355c,2024-10,Northumbria Police,Northumbria Police,-1.381514,54.909064,On or near Bridge Crescent,E01008703,Sunderland 013B,Robbery,Investigation complete; no suspect identified,
c69d4f039bd2c7771d81b9033f5f36d9c7e3847daadd0a7294fa1bf6b3d1737d,2024-10,Northumbria Police,Northumbria Police,-1.380970,54.907901,On or near Bedford Street,E01008703,Sunderland 013B,Robbery,Status update unavailable,
34bed1d5cc7db990f87ab0ba93ae33924b6522ac8b76103254506c3eb8c04049,2024-10,Northumbria Police,Northumbria Police,-1.386077,54.905438,On or near Parking Area,E01008703,Sunderland 013B,Shoplifting,Investigation complete; no suspect identified,
27e0888541848ea065c4e2e83c2d18208496cb9d1e579ca773093cb3ad571f8a,2024-10,Northumbria Police,Northumbria Police,-1.386077,54.905438,On or near Parking Area,E01008703,Sunderland 013B,Shoplifting,Court result unavailable,
3410033e6584c336dc20ab5e814fcee08a8159105705953a182d41e4c069f8be,2024-10,Northumbria Police,Northumbria Police,-1.386077,54.905438,On or near Parking Area,E01008703,Sunderland 013B,Shoplifting,Investigation complete; no suspect identified,
83de61d1c9d6e1d7e631fca973c592503ce5a791477a55cf71a13f43687568ff,2024-10,Northumbria Police,Northumbria Police,-1.383468,54.906755,On or near Prince Street,E01008703,Sunderland 013B,Shoplifting,Status update unavailable,
1103e35e46874e96a5bbb8c98fdae0f5f5aa750f7bd3152e17eb8d17509a30a5,2024-10,Northumbria Police,Northumbria Police,-1.384647,54.906159,On or near King Street,E01008703,Sunderland 013B,Shoplifting,Status update unavailable,
13ea42d6baac70873b6394e6739084e132ace1d5735cf9e8eb488c59b18a45c2,2024-10,Northumbria Police,Northumbria Police,-1.386077,54.905438,On or near Parking Area,E01008703,Sunderland 013B,Shoplifting,Status update unavailable,
ab0c59647bdedc8ba65f2bf83a4516039bce295676a24dfe0430c7b8390abdba,2024-10,Northumbria Police,Northumbria Police,-1.383468,54.906755,On or near Prince Street,E01008703,Sunderland 013B,Shoplifting,Investigation complete; no suspect identified,
25868eb8529368a34b975c4d171e38d4d01f67e2e436a813ee24d0cd3399b22f,2024-10,Northumbria Police,Northumbria Police,-1.386077,54.905438,On or near Parking Area,E01008703,Sunderland 013B,Shoplifting,Status update unavailable,
d5bf08de118b5c412059e0f927132b3ccf99d4b250a873d9e84a8aeb386d0298,2024-10,Northumbria Police,Northumbria Police,-1.386077,54.905438,On or near Parking Area,E01008703,Sunderland 013B,Shoplifting,Investigation complete; no suspect identified,
bafebb9a395b624e3b60fee9d08ce13f9f41dfc890df49c05fc9a836c95ba396,2024-10,Northumbria Police,Northumbria Police,-1.386077,54.905438,On or near Parking Area,E01008703,Sunderland 013B,Shoplifting,Court result unavailable,
f920c4733971133d0fb8f711ebc1d6f537cfdd3000b8de7eb427f51346d4e180,2024-10,Northumbria Police,Northumbria Police,-1.386077,54.905438,On or near Parking Area,E01008703,Sunderland 013B,Shoplifting,Court result unavailable,
0d84d05f0d670714771d927358bccb6b705cc120e5d902bb5fbf1c65985e15c3,2024-10,Northumbria Police,Northumbria Police,-1.386077,54.905438,On or near Parking Area,E01008703,Sunderland 013B,Shoplifting,Investigation complete; no suspect identified,
c6567ba6ba6d16baad7df22b9066fc3e7e43adb0372d1321d24c9eb4e4ed248c,2024-10,Northumbria Police,Northumbria Police,-1.386077,54.905438,On or near Parking Area,E01008703,Sunderland 013B,Shoplifting,Investigation complete; no suspect identified,
d06491721cbcd2d25d0336cf1dd03f7b5d4c8565528f6f05cde28580e250b505,2024-10,Northumbria Police,Northumbria Police,-1.384647,54.906159,On or near King Street,E01008703,Sunderland 013B,Shoplifting,Status update unavailable,
50da869da96db309e11c5f73fb0362068a08b26d6a188529c83c9ca64896586b,2024-10,Northumbria Police,Northumbria Police,-1.386077,54.905438,On or near Parking Area,E01008703,Sunderland 013B,Shoplifting,Investigation complete; no suspect identified,
812e9db2a0b5af18cf31a5573d8a04c1bcc7b54187fc72b9d55957c28ca37487,2024-10,Northumbria Police,Northumbria Police,-1.386077,54.905438,On or near Parking Area,E01008703,Sunderland 013B,Shoplifting,Investigation complete; no suspect identified,
98fbe118dbdab74efa18faacfa587750c5f04e3c59c5b83c23c3ba3c9206f685,2024-10,Northumbria Police,Northumbria Police,-1.386077,54.905438,On or near Parking Area,E01008703,Sunderland 013B,Shoplifting,Court result unavailable,
c7baab4d3d1e72cf5fa05987a7e925876b564edffbdf48561a12ff7bb9769601,2024-10,Northumbria Police,Northumbria Police,-1.386077,54.905438,On or near Parking Area,E01008703,Sunderland 013B,Shoplifting,Investigation complete; no suspect identified,
67945a5efaf3c4b5294a7c9258dd2b4af909ef1403de9d9046e0203cac32e811,2024-10,Northumbria Police,Northumbria Police,-1.384189,54.908556,On or near Parking Area,E01008703,Sunderland 013B,Shoplifting,Status update unavailable,
7c46e1f08d42ef4fd060a605f0d18673205030a8679579de726ac0de0afaa23e,2024-10,Northumbria Police,Northumbria Police,-1.386077,54.905438,On or near Parking Area,E01008703,Sunderland 013B,Shoplifting,Status update unavailable,
7b7bdf34060735a823f1305a9bb7186c224db07e29a573e367de334275ba1b48,2024-10,Northumbria Police,Northumbria Police,-1.384189,54.908556,On or near Parking Area,E01008703,Sunderland 013B,Shoplifting,Court result unavailable,
c6d65cb940489966fff5a3a470ad01d4f0aa12d2be3b0a2d3e4c786d9608ab35,2024-10,Northumbria Police,Northumbria Police,-1.386077,54.905438,On or near Parking Area,E01008703,Sunderland 013B,Shoplifting,Investigation complete; no suspect identified,
bcb2cb48593e1c9463a2d53d8143d6c195334514e69698f18602d0255bcbd24a,2024-10,Northumbria Police,Northumbria Police,-1.386077,54.905438,On or near Parking Area,E01008703,Sunderland 013B,Shoplifting,Status update unavailable,
3402954c1ccad2a425f75c46be01111c83e2a3e8e80a18facd57f8f657e257b5,2024-10,Northumbria Police,Northumbria Police,-1.386077,54.905438,On or near Parking Area,E01008703,Sunderland 013B,Shoplifting,Court result unavailable,
8436b31ef2fa5e3318b9b0efeb8d2fc8dc8ee8399c78c438276937a25f8e7a07,2024-10,Northumbria Police,Northumbria Police,-1.386077,54.905438,On or near Parking Area,E01008703,Sunderland 013B,Shoplifting,Investigation complete; no suspect identified,
a8d04abc6c252e01e8d18d43a2574f49ba59c6bc66d54e5bdf0e47cceb661c62,2024-10,Northumbria Police,Northumbria Police,-1.386077,54.905438,On or near Parking Area,E01008703,Sunderland 013B,Shoplifting,Court result unavailable,
c9c2a7f720d6df05a3cc827e78e542a6345185c0d0f80e245a2a0476d65c4b12,2024-10,Northumbria Police,Northumbria Police,-1.383468,54.906755,On or near Prince Street,E01008703,Sunderland 013B,Shoplifting,Investigation complete; no suspect identified,
011fb7ce0f447bab69ccb8f738a454f9879ec3cf24d9f85b880d304d550bfa2d,2024-10,Northumbria Police,Northumbria Police,-1.384673,54.905787,On or near Shopping Area,E01008703,Sunderland 013B,Shoplifting,Court result unavailable,
80529df1376dab9a9cbcb9b44c811f578c73be4bd91e3d69352615f369d0d879,2024-10,Northumbria Police,Northumbria Police,-1.384647,54.906159,On or near King Street,E01008703,Sunderland 013B,Shoplifting,Investigation complete; no suspect identified,
4668ecf8382a4a61f4251fcd29f78b6a86104f3e4de6befd269c438d2b9878a9,2024-10,Northumbria Police,Northumbria Police,-1.386077,54.905438,On or near Parking Area,E01008703,Sunderland 013B,Shoplifting,Investigation complete; no suspect identified,
f14d094323d5d48c2b8093bdbba21a3ed25a6eaa4fbc30c22f194da3c88b9695,2024-10,Northumbria Police,Northumbria Police,-1.384647,54.906159,On or near King Street,E01008703,Sunderland 013B,Shoplifting,Awaiting court outcome,
65fdad5f2c34b43ca424653545c8815b40c94ef4aec4e1cc5f8bf022196606fe,2024-10,Northumbria Police,Northumbria Police,-1.386120,54.906696,On or near West Street,E01008703,Sunderland 013B,Shoplifting,Investigation complete; no suspect identified,
351e16328ec66b8cdc62f2290ac611aab74ba878c5f850e1d7e08d84bf870950,2024-10,Northumbria Police,Northumbria Police,-1.381621,54.906170,On or near Fawcett Street,E01008703,Sunderland 013B,Shoplifting,Status update unavailable,
94e7b0b1da442175888bcc59d06194bba08e2a25cb0783e73bf2edc3b7f16729,2024-10,Northumbria Police,Northumbria Police,-1.386077,54.905438,On or near Parking Area,E01008703,Sunderland 013B,Shoplifting,Court result unavailable,
d72b04026007a9ea7e4a269519b49e163ff2e81ddb7cbbf2013acb40a06a6f78,2024-10,Northumbria Police,Northumbria Police,-1.383642,54.906585,On or near South Street,E01008703,Sunderland 013B,Shoplifting,Status update unavailable,
772953cf0dcdf7e86345270b232389234966bd9d286a77de0f825c9a5c275ba2,2024-10,Northumbria Police,Northumbria Police,-1.384647,54.906159,On or near King Street,E01008703,Sunderland 013B,Shoplifting,Investigation complete; no suspect identified,
32d708cd5c65a65b76da468c37998a8d508d5938d59aff1cedd5dcea6b4081de,2024-10,Northumbria Police,Northumbria Police,-1.386077,54.905438,On or near Parking Area,E01008703,Sunderland 013B,Shoplifting,Status update unavailable,
4b72dc93721a2673610c9d95cf1204a005f6bf00ecfcd4d163bb95442eb997b9,2024-10,Northumbria Police,Northumbria Police,-1.386077,54.905438,On or near Parking Area,E01008703,Sunderland 013B,Shoplifting,Status update unavailable,
4ae48c2bb52b8bb869185d7cb5d8f250166ede5d7baaa84fe976c14821277e59,2024-10,Northumbria Police,Northumbria Police,-1.384647,54.906159,On or near King Street,E01008703,Sunderland 013B,Shoplifting,Court result unavailable,
28cdc49311e3ef2db670298f00aaf5f786bb6dd48428f2a8db96368bb21062fc,2024-10,Northumbria Police,Northumbria Police,-1.386077,54.905438,On or near Parking Area,E01008703,Sunderland 013B,Shoplifting,Status update unavailable,
06dcfeb95764a8eef2faa5367ea1c0f12a4243e061b53283149acb72e98def9b,2024-10,Northumbria Police,Northumbria Police,-1.383468,54.906755,On or near Prince Street,E01008703,Sunderland 013B,Shoplifting,Status update unavailable,
da05d2b0ce8a6f7bd8b2270a57d41457633808b4be8ad649bffa78e72a4e95e2,2024-10,Northumbria Police,Northumbria Police,-1.378108,54.907438,On or near Press Lane,E01008703,Sunderland 013B,Vehicle crime,Investigation complete; no suspect identified,
8563cfdd0aa0babce70f049953043df3bcd1d70486f2bdb2278cc50b14676fa4,2024-10,Northumbria Police,Northumbria Police,-1.379275,54.905547,On or near Frederick Street,E01008703,Sunderland 013B,Vehicle crime,Investigation complete; no suspect identified,
d593252389c5754f80b1b7134a48c7dffe37bf71c7a326733f08148d0ecb26d7,2024-10,Northumbria Police,Northumbria Police,-1.379985,54.907052,On or near Frederick Road,E01008703,Sunderland 013B,Vehicle crime,Investigation complete; no suspect identified,
e6ff98fef7fd630341d4230dcfa5331d278fca01bbc708a0626e526c53d923c8,2024-10,Northumbria Police,Northumbria Police,-1.374062,54.906842,On or near Coronation Street,E01008703,Sunderland 013B,Vehicle crime,Investigation complete; no suspect identified,
b2cb4ef72a650c5937ae1dec106ff92b6b16aac0591df780792a3544c01b26cb,2024-10,Northumbria Police,Northumbria Police,-1.379275,54.905547,On or near Frederick Street,E01008703,Sunderland 013B,Vehicle crime,Investigation complete; no suspect identified,
048fb8c629887e2d9536a8f1a212d767f95fad543f9b72a83e3a1b230e84d350,2024-10,Northumbria Police,Northumbria Police,-1.378108,54.907438,On or near Press Lane,E01008703,Sunderland 013B,Violence and sexual offences,Investigation complete; no suspect identified,
96faa4c9243ea334e4eb5cf2d64d842fd2d17ca3ddcbb808a96ff9170eb4b4bd,2024-10,Northumbria Police,Northumbria Police,-1.384673,54.905787,On or near Shopping Area,E01008703,Sunderland 013B,Violence and sexual offences,Investigation complete; no suspect identified,
4cbdc51b265282b2c852b5cfc3983a0344f32c6977c6c29acb5f936e89b0dc7e,2024-10,Northumbria Police,Northumbria Police,-1.384647,54.906159,On or near King Street,E01008703,Sunderland 013B,Violence and sexual offences,Court result unavailable,
ae9e32146d2e210842762ed6e995210cc7a83e12e8a27b05567b0ccedf836894,2024-10,Northumbria Police,Northumbria Police,-1.386077,54.905438,On or near Parking Area,E01008703,Sunderland 013B,Violence and sexual offences,Status update unavailable,
eea564e90661af9efd05fab0ef1af3a927342410925e6eb72d5f3e73434e58d5,2024-10,Northumbria Police,Northumbria Police,-1.382544,54.904980,On or near Waterloo Place,E01008703,Sunderland 013B,Violence and sexual offences,Court result unavailable,
fc55d3b2327cfd0634fcd1af7950773f8ccb6a0dd5f8dca56350a588518203fa,2024-10,Northumbria Police,Northumbria Police,-1.382801,54.904478,On or near Sports/Recreation Area,E01008703,Sunderland 013B,Violence and sexual offences,Investigation complete; no suspect identified,
cc5a5d2d4d40619e42e165510e1078ed0251d1a03b618987b6ad081410726d0c,2024-10,Northumbria Police,Northumbria Police,-1.386077,54.905438,On or near Parking Area,E01008703,Sunderland 013B,Violence and sexual offences,Investigation complete; no suspect identified,
a2c31dc1f0ca660a9631616b31d5b1dbf15f7b240b23c1fa232a9b56bcb43730,2024-10,Northumbria Police,Northumbria Police,-1.388540,54.906520,On or near Dun Cow Street,E01008703,Sunderland 013B,Violence and sexual offences,Investigation complete; no suspect identified,
6388f86dc7fd4f09f2834c551a7a915a160a41f6c6fbf37c6c5dc1adb9aef96d,2024-10,Northumbria Police,Northumbria Police,-1.384673,54.905787,On or near Shopping Area,E01008703,Sunderland 013B,Violence and sexual offences,Court result unavailable,
c6bf95b6eb853932ae916c209ba5e0c7160aebe0debece59bac5a50951ca23ce,2024-10,Northumbria Police,Northumbria Police,-1.372700,54.909198,On or near Low Street,E01008703,Sunderland 013B,Violence and sexual offences,Status update unavailable,
f4811f63916e7213e6c736a09b3f40f8e815d9b615d12868a8c7dd127bf834e6,2024-10,Northumbria Police,Northumbria Police,-1.375198,54.907998,On or near Cross Place,E01008703,Sunderland 013B,Violence and sexual offences,Status update unavailable,
aa2d94888c0674706e2016f2a658c6833a702d4562add1c05d187caf18ee2e25,2024-10,Northumbria Police,Northumbria Police,-1.382544,54.904980,On or near Waterloo Place,E01008703,Sunderland 013B,Violence and sexual offences,Status update unavailable,
6bd6007b1ed8a3c30a5ae391861837cc07da40d67c5055a4d6f306b195603695,2024-10,Northumbria Police,Northumbria Police,-1.384189,54.908556,On or near Parking Area,E01008703,Sunderland 013B,Violence and sexual offences,Court result unavailable,
a0475db457974e741107a1c050277e6502b496f27bd65ac5bf1f75ce1bd5313b,2024-10,Northumbria Police,Northumbria Police,-1.381514,54.909064,On or near Bridge Crescent,E01008703,Sunderland 013B,Violence and sexual offences,Investigation complete; no suspect identified,
760c06ffb4b6b3cdf41875579e65a1cdb1eb43e77c902014684dd9ae3f2c6612,2024-10,Northumbria Police,Northumbria Police,-1.388540,54.906520,On or near Dun Cow Street,E01008703,Sunderland 013B,Violence and sexual offences,Status update unavailable,
6378ab92586b5ef6ceba04a08624a7b5ab9df0421e40bab27b2bc15b4eeaeb1c,2024-10,Northumbria Police,Northumbria Police,-1.386077,54.905438,On or near Parking Area,E01008703,Sunderland 013B,Violence and sexual offences,Investigation complete; no suspect identified,
7559d024716bbb82a3714530a2d5752394d56d63cea1f3b9f6fa6e978f342cab,2024-10,Northumbria Police,Northumbria Police,-1.372789,54.906485,On or near North Durham Street,E01008703,Sunderland 013B,Violence and sexual offences,Court result unavailable,
fac4ba0f7fa8afe57c681f51ab802557e66c4bacd5887946dec6f445775af59a,2024-10,Northumbria Police,Northumbria Police,-1.380970,54.907901,On or near Bedford Street,E01008703,Sunderland 013B,Violence and sexual offences,Status update unavailable,
2d4a5c5064bd4b5980d44b9efbdbdbd2c718492b37ef3e1b9b9594e0f39d29da,2024-10,Northumbria Police,Northumbria Police,-1.381621,54.906170,On or near Fawcett Street,E01008703,Sunderland 013B,Violence and sexual offences,Court result unavailable,
b3cd60c361a428dced0662e22696bb45731d90060b4c86b41855342ee42f8b87,2024-10,Northumbria Police,Northumbria Police,-1.381610,54.904822,On or near Shopping Area,E01008703,Sunderland 013B,Violence and sexual offences,Status update unavailable,
6136ffb821ff4728345f1a2f918fb0ffbbec7e5690009d8d827cc0847d628ad5,2024-10,Northumbria Police,Northumbria Police,-1.381610,54.904822,On or near Shopping Area,E01008703,Sunderland 013B,Violence and sexual offences,Status update unavailable,
ec30ac1dee791b1065e072e906cbbe11c238bcfdf703c8a319608e9edc9ca4b6,2024-10,Northumbria Police,Northumbria Police,-1.375198,54.907998,On or near Cross Place,E01008703,Sunderland 013B,Violence and sexual offences,Status update unavailable,
9c5f483a84e3738488c797f0107386a998d267510173a9be4272e149e0cb0dac,2024-10,Northumbria Police,Northumbria Police,-1.386077,54.905438,On or near Parking Area,E01008703,Sunderland 013B,Violence and sexual offences,Status update unavailable,
cc4a0feeb774d690d74ade272c4500bee84b0748d5b776d1d389bef27f16c2d6,2024-10,Northumbria Police,Northumbria Police,-1.379985,54.907052,On or near Frederick Road,E01008703,Sunderland 013B,Violence and sexual offences,Investigation complete; no suspect identified,
1702600804fc7b74ae785ce53afab3bbea22f0df26685d44479abbd187a709ed,2024-10,Northumbria Police,Northumbria Police,-1.382801,54.904478,On or near Sports/Recreation Area,E01008703,Sunderland 013B,Violence and sexual offences,Investigation complete; no suspect identified,
724260d1d034b3b30b1fbbde8ae5aa82f3f1b6e726eac31103c11602de580f83,2024-10,Northumbria Police,Northumbria Police,-1.379861,54.908013,On or near Lambton Street,E01008703,Sunderland 013B,Violence and sexual offences,Investigation complete; no suspect identified,
918e2ea1348412e6b9ebd2e40ce7b1bef83f411caa1d7ace064c4fddbb7c267f,2024-10,Northumbria Police,Northumbria Police,-1.381621,54.906170,On or near Fawcett Street,E01008703,Sunderland 013B,Violence and sexual offences,Investigation complete; no suspect identified,
7ba2d84aa6d27609c2a0edb08643dda921741f413639adc9199ddc785264aea2,2024-10,Northumbria Police,Northumbria Police,-1.381621,54.906170,On or near Fawcett Street,E01008703,Sunderland 013B,Violence and sexual offences,Investigation complete; no suspect identified,
33d84a0d928685c92315e5b26688d54ea9c313b1c9198b7c7728fe391e114f15,2024-10,Northumbria Police,Northumbria Police,-1.376061,54.906663,On or near Villiers Street,E01008703,Sunderland 013B,Violence and sexual offences,Investigation complete; no suspect identified,
ce34652923fc6fecb805e2460030bec4584a474d45f654cb049c4bfc5aaa08c7,2024-10,Northumbria Police,Northumbria Police,-1.386120,54.906696,On or near West Street,E01008703,Sunderland 013B,Violence and sexual offences,Court result unavailable,
8c97ee28ad1f504ea41b70bd88441826b8552cdf5a64754e5464ebac0421db9b,2024-10,Northumbria Police,Northumbria Police,-1.384189,54.908556,On or near Parking Area,E01008703,Sunderland 013B,Violence and sexual offences,Status update unavailable,
05ab7c0bae65aeb23b72d83cdfa028260664ffaf0b0778408e7504974d052bc8,2024-10,Northumbria Police,Northumbria Police,-1.388540,54.906520,On or near Dun Cow Street,E01008703,Sunderland 013B,Other crime,Status update unavailable,
,2024-10,Northumbria Police,Northumbria Police,-1.393747,54.904605,On or near Wharncliffe Street,E01008705,Sunderland 013C,Anti-social behaviour,,
29cd990e1579c416488a0e7b70b57fe9d2eccd3df7fed27ea09244a2bc497480,2024-10,Northumbria Police,Northumbria Police,-1.397077,54.907210,On or near Marguerite Court,E01008705,Sunderland 013C,Burglary,Investigation complete; no suspect identified,
eba5ba7a1209b5734e248defcdf5b0e6cd9a6a5542ef02b73ed234f493b479df,2024-10,Northumbria Police,Northumbria Police,-1.393444,54.906113,On or near Gilhurst Grange,E01008705,Sunderland 013C,Burglary,Investigation complete; no suspect identified,
333e15ee70b05bc418c745fa755675f022ff60c3710cbbe5338f0e18f94769ea,2024-10,Northumbria Police,Northumbria Police,-1.393444,54.906113,On or near Gilhurst Grange,E01008705,Sunderland 013C,Drugs,Awaiting court outcome,
affa1ae6b8fc9bc05c9bdc6d7ea76ba8cd0e6bcd60383b85084c3091a74537a5,2024-10,Northumbria Police,Northumbria Police,-1.395884,54.906682,On or near Back Hylton Road,E01008705,Sunderland 013C,Public order,Investigation complete; no suspect identified,
e67bdc8a6a24ca918a1cddd5d87fffbbf40accc0f82bc8dca87500ecc4803306,2024-10,Northumbria Police,Northumbria Police,-1.393747,54.904605,On or near Wharncliffe Street,E01008705,Sunderland 013C,Vehicle crime,Investigation complete; no suspect identified,
,2024-10,Northumbria Police,Northumbria Police,-1.393944,54.901865,On or near Burn Park Road,E01008831,Sunderland 013D,Anti-social behaviour,,
,2024-10,Northumbria Police,Northumbria Police,-1.384299,54.902356,On or near Park Lane,E01008831,Sunderland 013D,Anti-social behaviour,,
,2024-10,Northumbria Police,Northumbria Police,-1.385115,54.902027,On or near Cowan Terrace,E01008831,Sunderland 013D,Anti-social behaviour,,
,2024-10,Northumbria Police,Northumbria Police,-1.395700,54.902287,On or near The Royalty,E01008831,Sunderland 013D,Anti-social behaviour,,
,2024-10,Northumbria Police,Northumbria Police,-1.388692,54.901659,On or near Worcester Terrace,E01008831,Sunderland 013D,Anti-social behaviour,,
0fbf923a2a8b24ff4770b48de0bf658531ed24a1f74084df9c25fff308d61faa,2024-10,Northumbria Police,Northumbria Police,-1.388692,54.901659,On or near Worcester Terrace,E01008831,Sunderland 013D,Burglary,Status update unavailable,
db3e5a4de1614b6a53b00219f810764540ccdc975e243791ff8b60df4ca52597,2024-10,Northumbria Police,Northumbria Police,-1.387666,54.902481,On or near Parking Area,E01008831,Sunderland 013D,Burglary,Investigation complete; no suspect identified,
c9b25bed7036650e36f1f4b6bae7de399ffc9cfd0117a35b1ce4335adee93b9f,2024-10,Northumbria Police,Northumbria Police,-1.391588,54.901979,On or near Elwin Terrace,E01008831,Sunderland 013D,Burglary,Investigation complete; no suspect identified,
46ff2a7fc936ca2bdef0b0021d6cbd8107a8aa997a8fdf08d397c8978537f046,2024-10,Northumbria Police,Northumbria Police,-1.391588,54.901979,On or near Elwin Terrace,E01008831,Sunderland 013D,Criminal damage and arson,Investigation complete; no suspect identified,
0490bd0a2088e9c26664226f07c2d071e77ecd3c6af866724b7660050d462afb,2024-10,Northumbria Police,Northumbria Police,-1.384299,54.902356,On or near Park Lane,E01008831,Sunderland 013D,Drugs,Status update unavailable,
0e6a0536913bf5f2e8ac9323eab823d15b96d967756392d5fc0165f692ca6623,2024-10,Northumbria Police,Northumbria Police,-1.387615,54.900674,On or near Azalea Terrace North,E01008831,Sunderland 013D,Drugs,Local resolution,
6dfdaca4d2a579f16f41412fa8044f2aa736e71a806d964eecfabf9b088c28f0,2024-10,Northumbria Police,Northumbria Police,-1.384299,54.902356,On or near Park Lane,E01008831,Sunderland 013D,Other theft,Investigation complete; no suspect identified,
a36644b4a2ed6b2ce4023da0cb0ad65dd87dc8892862da68637c80099bb23d85,2024-10,Northumbria Police,Northumbria Police,-1.384299,54.902356,On or near Park Lane,E01008831,Sunderland 013D,Other theft,Status update unavailable,
728d897871e54f76f5f280b37eef2621a1b2dfccf6af4f95cc78b7609de19b86,2024-10,Northumbria Police,Northumbria Police,-1.384299,54.902356,On or near Park Lane,E01008831,Sunderland 013D,Other theft,Investigation complete; no suspect identified,
31807a260e473b448bcc17530a1d45d34677afc8d315dff9f04331817526d5ff,2024-10,Northumbria Police,Northumbria Police,-1.384299,54.902356,On or near Park Lane,E01008831,Sunderland 013D,Other theft,Investigation complete; no suspect identified,
905973bc1fde12c8f3c38223305a195f1e3af9638943ed05e28ff8176392e73b,2024-10,Northumbria Police,Northumbria Police,-1.384299,54.902356,On or near Park Lane,E01008831,Sunderland 013D,Other theft,Investigation complete; no suspect identified,
2235901827d22aad19cbde2aa4bd682f1112dd88c8065b1a5fa732505a49580e,2024-10,Northumbria Police,Northumbria Police,-1.393367,54.900820,On or near Shakespeare Terrace,E01008831,Sunderland 013D,Other theft,Investigation complete; no suspect identified,
03bee3c1d207984f8aa36b77b19106201cb0ab2420ff75fabf04ef6ca8c51aeb,2024-10,Northumbria Police,Northumbria Police,-1.384299,54.902356,On or near Park Lane,E01008831,Sunderland 013D,Other theft,Status update unavailable,
3ce06e37d3da6859cc685bddf7eefb87a3996900f1d88c6a7c0d451a786634e9,2024-10,Northumbria Police,Northumbria Police,-1.384299,54.902356,On or near Park Lane,E01008831,Sunderland 013D,Possession of weapons,Status update unavailable,
4d4202e987f982d2ef87d47b696914ae3bd4c4e4b86bd52a480727ae1984f242,2024-10,Northumbria Police,Northumbria Police,-1.384299,54.902356,On or near Park Lane,E01008831,Sunderland 013D,Public order,Awaiting court outcome,
f04e25d47fd0512b28e4f735ef878329114e3c987d32d7c042e250a8804c9db1,2024-10,Northumbria Police,Northumbria Police,-1.384299,54.902356,On or near Park Lane,E01008831,Sunderland 013D,Public order,Investigation complete; no suspect identified,
70f145783ab5cfb4d12c6843eea5196592e35f3f3c230c6cb8675fd81ed1a4fb,2024-10,Northumbria Police,Northumbria Police,-1.387615,54.900674,On or near Azalea Terrace North,E01008831,Sunderland 013D,Public order,Court result unavailable,
a4232ea9ae893f7684c1984eced1a19a50c391ab5f0c0e593e9ae3c7a33d3e05,2024-10,Northumbria Police,Northumbria Police,-1.384299,54.902356,On or near Park Lane,E01008831,Sunderland 013D,Shoplifting,Investigation complete; no suspect identified,
cd922689dffb2807535144233f7454e0479e2e09c78b9075f8c2813be1c87840,2024-10,Northumbria Police,Northumbria Police,-1.384299,54.902356,On or near Park Lane,E01008831,Sunderland 013D,Shoplifting,Status update unavailable,
d29321c3bc3dd14b67517fcad200d695fde861827ccded1e71060b32a98e2158,2024-10,Northumbria Police,Northumbria Police,-1.384299,54.902356,On or near Park Lane,E01008831,Sunderland 013D,Shoplifting,Investigation complete; no suspect identified,
b303000b781957f0f2db275dcc6972dde6f3003dd34b2a2a64a614238b592aa0,2024-10,Northumbria Police,Northumbria Police,-1.384299,54.902356,On or near Park Lane,E01008831,Sunderland 013D,Shoplifting,Investigation complete; no suspect identified,
7c2922047040881a570be48bb57075b186a65121b0fbe681e8545e958cbba773,2024-10,Northumbria Police,Northumbria Police,-1.384299,54.902356,On or near Park Lane,E01008831,Sunderland 013D,Shoplifting,Investigation complete; no suspect identified,
9c10bb4e3b81cdc5a4788d3a7f368fa0ef834406b347f08a9a4b7b55cacdd068,2024-10,Northumbria Police,Northumbria Police,-1.384299,54.902356,On or near Park Lane,E01008831,Sunderland 013D,Shoplifting,Status update unavailable,
eed1f375a5134b07f6802ba8b89f19ce7558c818c9d30b1c2c4eca8bb2ba321e,2024-10,Northumbria Police,Northumbria Police,-1.384299,54.902356,On or near Park Lane,E01008831,Sunderland 013D,Theft from the person,Investigation complete; no suspect identified,
5a9469bbea15b65a84fa8ce222a7af8a615793d45621eb2533d34973cfd331fb,2024-10,Northumbria Police,Northumbria Police,-1.386691,54.901990,On or near Tunstall Terrace,E01008831,Sunderland 013D,Vehicle crime,Investigation complete; no suspect identified,
60e646e7b9a2a0febd0b91272e2d9ec9dd831ac4fa7ac1fc910c99d43987c8b9,2024-10,Northumbria Police,Northumbria Police,-1.387666,54.902481,On or near Parking Area,E01008831,Sunderland 013D,Vehicle crime,Investigation complete; no suspect identified,
91d3ca1da0b2770bc7852230d460d1d57e1298d0cba038d0a503565a47c7af0b,2024-10,Northumbria Police,Northumbria Police,-1.387666,54.902481,On or near Parking Area,E01008831,Sunderland 013D,Vehicle crime,Investigation complete; no suspect identified,
cbf40e36927c1b46ed64f6d0d2a5fb1efc1e6238267313add3156f03066d53be,2024-10,Northumbria Police,Northumbria Police,-1.393944,54.901865,On or near Burn Park Road,E01008831,Sunderland 013D,Vehicle crime,Investigation complete; no suspect identified,
d5ca863ba2209006924c4e92d9f0a232786691f496193dcdf6284ba3c0ab353d,2024-10,Northumbria Police,Northumbria Police,-1.395757,54.902638,On or near Theatre/Concert Hall,E01008831,Sunderland 013D,Vehicle crime,Investigation complete; no suspect identified,
5d23cf0268645cef19883a7b125222143ef43bfee46fa68e4f4be1ba7a13953e,2024-10,Northumbria Police,Northumbria Police,-1.392090,54.901784,On or near Victoria Court,E01008831,Sunderland 013D,Vehicle crime,Investigation complete; no suspect identified,
a00eaabd20caf7a9f4f18d9dfae78412410c644fea961fa4e351ff063e96ebc9,2024-10,Northumbria Police,Northumbria Police,-1.387666,54.902481,On or near Parking Area,E01008831,Sunderland 013D,Vehicle crime,Investigation complete; no suspect identified,
bef90563cc67d497117c18d5300fe2afc120a638934c1f1ca139685a581f4edd,2024-10,Northumbria Police,Northumbria Police,-1.387666,54.902481,On or near Parking Area,E01008831,Sunderland 013D,Vehicle crime,Investigation complete; no suspect identified,
be4db4350e72c7f1fc1840797b4983db03bcc01a1853ccdfbd12822eca624e44,2024-10,Northumbria Police,Northumbria Police,-1.386536,54.900857,On or near Argyle Square,E01008831,Sunderland 013D,Vehicle crime,Investigation complete; no suspect identified,
4c287e51491b57bfefe4735829c9818071b52e507da52bca7be4a1c0406fbf96,2024-10,Northumbria Police,Northumbria Police,-1.391588,54.901979,On or near Elwin Terrace,E01008831,Sunderland 013D,Vehicle crime,Investigation complete; no suspect identified,
3ed4d2d289b898f1c20361a11d7f26bf2e068f74ec4c5cd7dc2ff86d53b8f083,2024-10,Northumbria Police,Northumbria Police,-1.396198,54.902371,On or near The Retreat,E01008831,Sunderland 013D,Vehicle crime,Investigation complete; no suspect identified,
278ce119f2c089a4b9d017e6ff5d284bd110eaef84a7c7c3b7bfe7d89586f2a8,2024-10,Northumbria Police,Northumbria Police,-1.387666,54.902481,On or near Parking Area,E01008831,Sunderland 013D,Vehicle crime,Status update unavailable,
645ae19843c6c6c54323e93824928067d9b0bffc2454165923c33c148c211551,2024-10,Northumbria Police,Northumbria Police,-1.389493,54.902292,On or near Tunstall Terrace West,E01008831,Sunderland 013D,Violence and sexual offences,Investigation complete; no suspect identified,
cdd42af586fe57fea5603e54556b289dad36352a8beb45937176b88cf4ab986c,2024-10,Northumbria Police,Northumbria Police,-1.384299,54.902356,On or near Park Lane,E01008831,Sunderland 013D,Violence and sexual offences,Investigation complete; no suspect identified,
ae3cb76382982bd37e6b53f41ecce1b995b03643a3c7bff90a19e19e5573a9de,2024-10,Northumbria Police,Northumbria Police,-1.384299,54.902356,On or near Park Lane,E01008831,Sunderland 013D,Violence and sexual offences,Investigation complete; no suspect identified,
bb194511892769290d6f38361df2f1381d822987a350b1d3a672a926e7549ea4,2024-10,Northumbria Police,Northumbria Police,-1.392135,54.902898,On or near University,E01008831,Sunderland 013D,Violence and sexual offences,Investigation complete; no suspect identified,
2861c860c849c193be6b449480197129c71b308d7f9b555b81c7e606a63345e0,2024-10,Northumbria Police,Northumbria Police,-1.388692,54.901659,On or near Worcester Terrace,E01008831,Sunderland 013D,Violence and sexual offences,Status update unavailable,
41d09448a2f96e068d4f67e489fc1b676ef4ab7295c9ffbf323af88d04a198a2,2024-10,Northumbria Police,Northumbria Police,-1.387615,54.900674,On or near Azalea Terrace North,E01008831,Sunderland 013D,Violence and sexual offences,Status update unavailable,
871abc7fa1f2161ab8e53dd649251f2c6a272e1e179b2ec92feec29a5c4531d4,2024-10,Northumbria Police,Northumbria Police,-1.384299,54.902356,On or near Park Lane,E01008831,Sunderland 013D,Violence and sexual offences,Status update unavailable,
4fd17463ba7c019c3e6aced4729eb5eba1deeefbf463fcfdd23b534f676c34db,2024-10,Northumbria Police,Northumbria Police,-1.384299,54.902356,On or near Park Lane,E01008831,Sunderland 013D,Violence and sexual offences,Investigation complete; no suspect identified,
9435815082ac5a8744c9a038f8e8af68da7f981f7e70289eeafcfcc89a909c81,2024-10,Northumbria Police,Northumbria Police,-1.391588,54.901979,On or near Elwin Terrace,E01008831,Sunderland 013D,Violence and sexual offences,Investigation complete; no suspect identified,
b92fc2c49cb9788ae6c3f1ac0dc03fed58397c63410c3f3aeb4bfb6dbf6b6d20,2024-10,Northumbria Police,Northumbria Police,-1.395262,54.901305,On or near Elmwood Street,E01008831,Sunderland 013D,Violence and sexual offences,Investigation complete; no suspect identified,
06ea9c92e75f0b89c4d04ce46a95b82d16a7a051c91c70d5deb95cb2fec63962,2024-10,Northumbria Police,Northumbria Police,-1.384299,54.902356,On or near Park Lane,E01008831,Sunderland 013D,Violence and sexual offences,Investigation complete; no suspect identified,
e9efb783b1257264b8d0e58c6bf6fe1a30ae3ecd3317669d19a7d1cc093e19b9,2024-10,Northumbria Police,Northumbria Police,-1.382444,54.902292,On or near Parking Area,E01008831,Sunderland 013D,Violence and sexual offences,Status update unavailable,
9bf39ba67ce900dfa52adfd2fcfa95e5ab18cc2c73fcc909046901f2441a8920,2024-10,Northumbria Police,Northumbria Police,-1.384299,54.902356,On or near Park Lane,E01008831,Sunderland 013D,Violence and sexual offences,Investigation complete; no suspect identified,
1da9a326c2790e2b739498d8c5bbcd866441de4007d39ee9b984fe7691c49306,2024-10,Northumbria Police,Northumbria Police,-1.391588,54.901979,On or near Elwin Terrace,E01008831,Sunderland 013D,Other crime,Status update unavailable,
,2024-10,Northumbria Police,Northumbria Police,-1.383292,54.898846,On or near Parking Area,E01008834,Sunderland 013E,Anti-social behaviour,,
,2024-10,Northumbria Police,Northumbria Police,-1.386461,54.899644,On or near Belvedere Road,E01008834,Sunderland 013E,Anti-social behaviour,,
,2024-10,Northumbria Police,Northumbria Police,-1.377822,54.900705,On or near Peel Street,E01008834,Sunderland 013E,Anti-social behaviour,,
,2024-10,Northumbria Police,Northumbria Police,-1.382024,54.899226,On or near Esplanade Mews,E01008834,Sunderland 013E,Anti-social behaviour,,
,2024-10,Northumbria Police,Northumbria Police,-1.386461,54.899644,On or near Belvedere Road,E01008834,Sunderland 013E,Anti-social behaviour,,
8e38d237049e6e7631d2fcf28379c4ab1c45edbfbe6124eaeacc30bd75d008f5,2024-10,Northumbria Police,Northumbria Police,-1.382024,54.899226,On or near Esplanade Mews,E01008834,Sunderland 013E,Burglary,Investigation complete; no suspect identified,
81be8ff78b2e2cb31dd57f5f3d0bfefa127f87d14295e3e4cc3cf733e4c52c97,2024-10,Northumbria Police,Northumbria Police,-1.383292,54.898846,On or near Parking Area,E01008834,Sunderland 013E,Criminal damage and arson,Investigation complete; no suspect identified,
19365178c63898e32080a17b6c6850fb7c430932d5bfee12b2c952454453ea30,2024-10,Northumbria Police,Northumbria Police,-1.382024,54.899226,On or near Esplanade Mews,E01008834,Sunderland 013E,Criminal damage and arson,Court result unavailable,
d49ae9b4fb172844c487670df4616e56d7c14d143553ea6f668e7782f5b1f66d,2024-10,Northumbria Police,Northumbria Police,-1.377388,54.899526,On or near St Vincent Street,E01008834,Sunderland 013E,Criminal damage and arson,Investigation complete; no suspect identified,
60dd857ef2147a74ab89a7e6f5b3a3ea99d9a12437e278209f37419b3fe05ab6,2024-10,Northumbria Police,Northumbria Police,-1.381247,54.900067,On or near Park Road,E01008834,Sunderland 013E,Public order,Status update unavailable,
604eb1b16338d460620f126c0508b0ee8601e61ad2564e883543225f4ddc8a61,2024-10,Northumbria Police,Northumbria Police,-1.386779,54.899250,On or near Azalea Terrace South,E01008834,Sunderland 013E,Public order,Status update unavailable,
bda63652753008c47d5847710459be8f795c1ed5de19f6224549a0732988c1ee,2024-10,Northumbria Police,Northumbria Police,-1.381247,54.900067,On or near Park Road,E01008834,Sunderland 013E,Public order,Status update unavailable,
e2f23b2eb15d8648a73eb39ed4a943d9e9f65ada7340e229c7c8a77a99d4f499,2024-10,Northumbria Police,Northumbria Police,-1.376019,54.901334,On or near Salem Terrace,E01008834,Sunderland 013E,Vehicle crime,Investigation complete; no suspect identified,
6c5717676755f2fc6a4a4c967821ded36333c7cce6a01cf95c21b11f2eb4e93a,2024-10,Northumbria Police,Northumbria Police,-1.386779,54.899250,On or near Azalea Terrace South,E01008834,Sunderland 013E,Vehicle crime,Status update unavailable,
f4649b4322539eea3a3562486a0fe45559a6379bfd5ade7e1a11c851dafdc736,2024-10,Northumbria Police,Northumbria Police,-1.386779,54.899250,On or near Azalea Terrace South,E01008834,Sunderland 013E,Vehicle crime,Investigation complete; no suspect identified,
7989d10efe12a17cad743301b0d95d41a1ea6c8c2dbc499a432bf54a7c31cd57,2024-10,Northumbria Police,Northumbria Police,-1.382024,54.899226,On or near Esplanade Mews,E01008834,Sunderland 013E,Violence and sexual offences,Investigation complete; no suspect identified,
84643437641b41b6e3fe35206b1960282fb7540d74cbb06b85141e503cc15ca6,2024-10,Northumbria Police,Northumbria Police,-1.388089,54.899230,On or near Woodside,E01008834,Sunderland 013E,Violence and sexual offences,Status update unavailable,
5dfeea0fe01855a74197d6c3c4b9982dafa38a6dc8f0e10ed710480f11291969,2024-10,Northumbria Police,Northumbria Police,-1.388089,54.899230,On or near Woodside,E01008834,Sunderland 013E,Violence and sexual offences,Investigation complete; no suspect identified,
f23246638ed07ece4f7e6e7d7d37609b585b68a0324b7856e1066a0a431b5ff4,2024-10,Northumbria Police,Northumbria Police,-1.385158,54.897175,On or near The Avenue,E01008834,Sunderland 013E,Violence and sexual offences,Investigation complete; no suspect identified,
f432a6d6f0ebfd3cda93e6027827c7efeb17ad0f2373ecaba8eda4074fa0b8d1,2024-10,Northumbria Police,Northumbria Police,-1.385158,54.897175,On or near The Avenue,E01008834,Sunderland 013E,Violence and sexual offences,Investigation complete; no suspect identified,
5006f0cbcc706eea658d92d4a3767a71ca1ec67b9b4a0c6de4f9e47cbaa9afcb,2024-10,Northumbria Police,Northumbria Police,-1.390068,54.898332,On or near Thornhill Park,E01008834,Sunderland 013E,Violence and sexual offences,Status update unavailable,
bb4401612fc21d289c4ced4681da1ccdd3bb73100844468b10a418d880812d47,2024-10,Northumbria Police,Northumbria Police,-1.390068,54.898332,On or near Thornhill Park,E01008834,Sunderland 013E,Violence and sexual offences,Status update unavailable,
4e7f52984d1550231b8157e3475097e9488ca9dd09d8160045c5781b26031622,2024-10,Northumbria Police,Northumbria Police,-1.383292,54.898846,On or near Parking Area,E01008834,Sunderland 013E,Violence and sexual offences,Investigation complete; no suspect identified,
4c85cccc66232da080530d3b35126c9a916550c01a8ca5a3eb9e6497ecbb95b1,2024-10,Northumbria Police,Northumbria Police,-1.377822,54.900705,On or near Peel Street,E01008834,Sunderland 013E,Violence and sexual offences,Investigation complete; no suspect identified,
3fcd383e6b5d6864e585b0b7285143606e65d36299da951c11d72a75cf0d4346,2024-10,Northumbria Police,Northumbria Police,-1.377822,54.900705,On or near Peel Street,E01008834,Sunderland 013E,Violence and sexual offences,Status update unavailable,
b8ff0a8805bfeeaf31ac838f707c07b51f7bc3c34d7bc5d32b8b7d75a916a823,2024-10,Northumbria Police,Northumbria Police,-1.377221,54.899237,On or near Toward Road,E01008834,Sunderland 013E,Violence and sexual offences,Status update unavailable,
,2024-10,Northumbria Police,Northumbria Police,-1.438466,54.897433,On or near Portchester Square,E01008810,Sunderland 014A,Anti-social behaviour,,
eaa2d1e66569dccc2779d0f8827a0968179e90c6bac2eaaa9ee17c8167af78f3,2024-10,Northumbria Police,Northumbria Police,-1.429132,54.898099,On or near Holborn Road,E01008810,Sunderland 014A,Bicycle theft,Investigation complete; no suspect identified,
ed9665ea865f406d2baa1c05f97f8f12e8b272a602d447ed44bdf826624f6767,2024-10,Northumbria Police,Northumbria Police,-1.444954,54.900698,On or near East Grove,E01008810,Sunderland 014A,Bicycle theft,Investigation complete; no suspect identified,
8f9c5898910fbb2a3b1c07e4729ca551f9a82a890b731acd496e5c94618f40ae,2024-10,Northumbria Police,Northumbria Police,-1.433179,54.900823,On or near Hainford Close,E01008810,Sunderland 014A,Criminal damage and arson,Status update unavailable,
42b05c042a5c5e58b1d18c6e286e890028fb489440b007b0646b3869f6889c75,2024-10,Northumbria Police,Northumbria Police,-1.446681,54.900993,On or near Meadow Grove,E01008810,Sunderland 014A,Criminal damage and arson,Investigation complete; no suspect identified,
ab83043c6cf7aefc347a6cdc584d3e632d2f6925117399ee4841f3ab9db4b3eb,2024-10,Northumbria Police,Northumbria Police,-1.438466,54.897433,On or near Portchester Square,E01008810,Sunderland 014A,Criminal damage and arson,Investigation complete; no suspect identified,
425d0bd2375b5e05ade3cc12a0606bb1114cf58ad439debcef6154246b1f69b5,2024-10,Northumbria Police,Northumbria Police,-1.440127,54.896503,On or near Shopping Area,E01008810,Sunderland 014A,Criminal damage and arson,Investigation complete; no suspect identified,
a6f5ec851db9cb0effd04c494e195aba54520afb2472abfe905b4fa573017ee5,2024-10,Northumbria Police,Northumbria Police,-1.438466,54.897433,On or near Portchester Square,E01008810,Sunderland 014A,Criminal damage and arson,Investigation complete; no suspect identified,
6b079b28239d10fc3147f41d1bfa6c0d96109066bf5bea981827df88cebd9b37,2024-10,Northumbria Police,Northumbria Police,-1.440708,54.897873,On or near Sports/Recreation Area,E01008810,Sunderland 014A,Other theft,Investigation complete; no suspect identified,
2ed9d8fc7557df48295068f5df1ab519011b15d13bb3ca8db65ac52255da47f9,2024-10,Northumbria Police,Northumbria Police,-1.440708,54.897873,On or near Sports/Recreation Area,E01008810,Sunderland 014A,Other theft,Investigation complete; no suspect identified,
d7eca238926e97f535a87607c8732f2a855326465bef2e6ee5c05471e0296e60,2024-10,Northumbria Police,Northumbria Police,-1.440127,54.896503,On or near Shopping Area,E01008810,Sunderland 014A,Public order,Status update unavailable,
40a091b1197193f8420de94254a0658b89498bed0cdc546d4dbc512d736dd232,2024-10,Northumbria Police,Northumbria Police,-1.435433,54.902460,On or near Padgate Road,E01008810,Sunderland 014A,Violence and sexual offences,Status update unavailable,
9c2004d22104a2e7429a465386278ab3aa56555f9ea96553727da394cad9d6ab,2024-10,Northumbria Police,Northumbria Police,-1.432392,54.898025,On or near Hollinside Square,E01008810,Sunderland 014A,Violence and sexual offences,Status update unavailable,
9ea01ee66adbbb3638f1f14296e5f1364940d168fce31276659e8d0cd100b64c,2024-10,Northumbria Police,Northumbria Police,-1.437557,54.898866,On or near Packham Road,E01008810,Sunderland 014A,Violence and sexual offences,Status update unavailable,
4e28c3da8a8860e281d4ea21686e4645421a807c781b58a233cb0de42f12d65d,2024-10,Northumbria Police,Northumbria Police,-1.435433,54.902460,On or near Padgate Road,E01008810,Sunderland 014A,Violence and sexual offences,Status update unavailable,
47a95c1975b4481c660e021baa2ef0e68462e016229e7db44147715a4962e6ca,2024-10,Northumbria Police,Northumbria Police,-1.437859,54.900656,On or near Pitcairn Road,E01008810,Sunderland 014A,Violence and sexual offences,Status update unavailable,
4996cffaa073ce59ad173aa9e85ef1d7c85666e47270f06ee364e6c68811652f,2024-10,Northumbria Police,Northumbria Police,-1.438466,54.897433,On or near Portchester Square,E01008810,Sunderland 014A,Other crime,Investigation complete; no suspect identified,
,2024-10,Northumbria Police,Northumbria Police,-1.447959,54.899903,On or near Meadow Drive,E01008811,Sunderland 014B,Anti-social behaviour,,
a9d67a415ccb43923112d687aeb26b9334ed93297b0106abe020f99621dd1677,2024-10,Northumbria Police,Northumbria Police,-1.449242,54.900699,On or near Ruislip Road,E01008811,Sunderland 014B,Burglary,Investigation complete; no suspect identified,
dca128f94be8581cdc3eff14f5417621f93318509e7572556ea0f2b1fdf8cf1f,2024-10,Northumbria Police,Northumbria Police,-1.449525,54.903963,On or near Union Street,E01008811,Sunderland 014B,Other crime,Status update unavailable,
,2024-10,Northumbria Police,Northumbria Police,-1.432382,54.896488,On or near Hampstead Road,E01008813,Sunderland 014C,Anti-social behaviour,,
,2024-10,Northumbria Police,Northumbria Police,-1.437466,54.897527,On or near Portman Square,E01008813,Sunderland 014C,Anti-social behaviour,,
,2024-10,Northumbria Police,Northumbria Police,-1.437466,54.897527,On or near Portman Square,E01008813,Sunderland 014C,Anti-social behaviour,,
,2024-10,Northumbria Police,Northumbria Police,-1.437466,54.897527,On or near Portman Square,E01008813,Sunderland 014C,Anti-social behaviour,,
,2024-10,Northumbria Police,Northumbria Police,-1.432399,54.897521,On or near Howe Square,E01008813,Sunderland 014C,Anti-social behaviour,,
,2024-10,Northumbria Police,Northumbria Police,-1.432434,54.894987,On or near Nookside,E01008813,Sunderland 014C,Anti-social behaviour,,
,2024-10,Northumbria Police,Northumbria Police,-1.432382,54.896488,On or near Hampstead Road,E01008813,Sunderland 014C,Anti-social behaviour,,
,2024-10,Northumbria Police,Northumbria Police,-1.432382,54.896488,On or near Hampstead Road,E01008813,Sunderland 014C,Anti-social behaviour,,
,2024-10,Northumbria Police,Northumbria Police,-1.436606,54.897748,On or near Palgrove Square,E01008813,Sunderland 014C,Anti-social behaviour,,
5ab2804da660d694651524767ee92e6f1a9498257c9415df284e3f29f73b793f,2024-10,Northumbria Police,Northumbria Police,-1.436940,54.893894,On or near The Greenway,E01008813,Sunderland 014C,Burglary,Investigation complete; no suspect identified,
d851566b56e58bda2f05e50be22361f51a38d008d539692e688b0da289da7f1b,2024-10,Northumbria Police,Northumbria Police,-1.435438,54.895379,On or near Birchberry Close,E01008813,Sunderland 014C,Criminal damage and arson,Investigation complete; no suspect identified,
97b8f05f24d20d64ea6afead34340f1675ab1a3709a185e2e3f1a89d9c947a4f,2024-10,Northumbria Police,Northumbria Police,-1.432382,54.896488,On or near Hampstead Road,E01008813,Sunderland 014C,Criminal damage and arson,Investigation complete; no suspect identified,
fc9b5646d04966ef8d5d43fc50808feef2882341b20d8c470829050e54e4e40c,2024-10,Northumbria Police,Northumbria Police,-1.435438,54.895379,On or near Birchberry Close,E01008813,Sunderland 014C,Criminal damage and arson,Investigation complete; no suspect identified,
7b2bc91ac51d3a994b1ebbd9211a6d9af8ecb073beaa0fcb7f7f3cdf04b80fb9,2024-10,Northumbria Police,Northumbria Police,-1.432691,54.894476,On or near Glasbury Avenue,E01008813,Sunderland 014C,Drugs,Investigation complete; no suspect identified,
42c3114b6eef2d5fa588d9182e4479644037025758bb783b848218111a47de99,2024-10,Northumbria Police,Northumbria Police,-1.432691,54.894476,On or near Glasbury Avenue,E01008813,Sunderland 014C,Shoplifting,Status update unavailable,
968207d74f218f1a1e7ed4d6f5ee6218ae51a4a8e719e7c0fdd3d705edb4070f,2024-10,Northumbria Police,Northumbria Police,-1.432691,54.894476,On or near Glasbury Avenue,E01008813,Sunderland 014C,Shoplifting,Investigation complete; no suspect identified,
5844fec4f0b16460d33649dfe80aabbf6245bd8bc94252c29d9c84c88b6bd552,2024-10,Northumbria Police,Northumbria Police,-1.432691,54.894476,On or near Glasbury Avenue,E01008813,Sunderland 014C,Shoplifting,Status update unavailable,
0171aed37e722c126d775c0c13556cfefa0dc6065db4d5ec8c128d624b9497ad,2024-10,Northumbria Police,Northumbria Police,-1.432691,54.894476,On or near Glasbury Avenue,E01008813,Sunderland 014C,Shoplifting,Investigation complete; no suspect identified,
d61ccd3fa93125fd09c4503064ec68a6e0dc44a319eb9e5760e823c7fcc5c218,2024-10,Northumbria Police,Northumbria Police,-1.432691,54.894476,On or near Glasbury Avenue,E01008813,Sunderland 014C,Shoplifting,Investigation complete; no suspect identified,
82aa2841932232a14a77e2e89becc47d76e6a50fd0a946ddbcba49cc9039d08c,2024-10,Northumbria Police,Northumbria Police,-1.432691,54.894476,On or near Glasbury Avenue,E01008813,Sunderland 014C,Shoplifting,Court result unavailable,
4eb0bdea694f9328a20cdb8d72a0270d43984298407500da6396a04286f3094a,2024-10,Northumbria Police,Northumbria Police,-1.432691,54.894476,On or near Glasbury Avenue,E01008813,Sunderland 014C,Violence and sexual offences,Court result unavailable,
e0508d8ab9593ca4215005298efa0e45128205718b5a432ac1cf7c1f811c1018,2024-10,Northumbria Police,Northumbria Police,-1.435438,54.895379,On or near Birchberry Close,E01008813,Sunderland 014C,Violence and sexual offences,Status update unavailable,
d741991bb40d8461c57481a1f81cfa082f4240cd3c6c2354dbb500e7b437b9b8,2024-10,Northumbria Police,Northumbria Police,-1.432382,54.896488,On or near Hampstead Road,E01008813,Sunderland 014C,Violence and sexual offences,Status update unavailable,
38aa42ecfac0d7c9a5d985ea2d9b1c6353264b13849b2a24e88411fc5e857b3e,2024-10,Northumbria Police,Northumbria Police,-1.436637,54.899950,On or near Penwood Road,E01008813,Sunderland 014C,Violence and sexual offences,Investigation complete; no suspect identified,
9aaedf632af2eb876bfe51c265ad61183c060234ba8c72291b2b98991435a19c,2024-10,Northumbria Police,Northumbria Police,-1.438133,54.894457,On or near Pennywell Road,E01008813,Sunderland 014C,Violence and sexual offences,Status update unavailable,
40a10a6ef84c97f21f67b26f5911f8a2e205fecadd3c43f4a3a1e714e15aa4e3,2024-10,Northumbria Police,Northumbria Police,-1.432691,54.894476,On or near Glasbury Avenue,E01008813,Sunderland 014C,Violence and sexual offences,Investigation complete; no suspect identified,
cc55e189c7e5dbfe5590f65388053be75d3e9f011f79b0653d997ff3bc967d68,2024-10,Northumbria Police,Northumbria Police,-1.432399,54.897521,On or near Howe Square,E01008813,Sunderland 014C,Violence and sexual offences,Investigation complete; no suspect identified,
c83a87664caf5f3b144697e1c664504f25d7e0cd9e455a0ac063b1d18bafa613,2024-10,Northumbria Police,Northumbria Police,-1.432691,54.894476,On or near Glasbury Avenue,E01008813,Sunderland 014C,Other crime,Investigation complete; no suspect identified,
,2024-10,Northumbria Police,Northumbria Police,-1.455563,54.903756,On or near Offerton Close,E01008814,Sunderland 014D,Anti-social behaviour,,
d6d499eb57b567ae0ccfb45c92c70597350187dd85303c8c44502c4a3b1e3107,2024-10,Northumbria Police,Northumbria Police,-1.430803,54.910050,On or near Luxembourg Road,E01008814,Sunderland 014D,Other theft,Status update unavailable,
67df5ce30202823e7cc06e8e5bf5de9d9149d18e8f0b8ed8dadc54e23870012b,2024-10,Northumbria Police,Northumbria Police,-1.442062,54.909078,On or near Estuary Way,E01008814,Sunderland 014D,Possession of weapons,Status update unavailable,
c094f40df981311707b8bcb40a25eb64731681e5ea78591b4012950149af9960,2024-10,Northumbria Police,Northumbria Police,-1.438619,54.906618,On or near Keelman'S Lane,E01008814,Sunderland 014D,Public order,Status update unavailable,
2905fa2df1a33788afb62c61d25dd6c3a31d5b73c65d36d743640c6055ac7fc9,2024-10,Northumbria Police,Northumbria Police,-1.450755,54.905307,On or near High Street,E01008814,Sunderland 014D,Public order,Status update unavailable,
c70f9dc0e3b43e6b1d4c09b35a5d8140296c5fb3ca40ecaf57b2afba313a739c,2024-10,Northumbria Police,Northumbria Police,-1.442062,54.909078,On or near Estuary Way,E01008814,Sunderland 014D,Public order,Status update unavailable,
501fa2f6ee5515063fef2c2761b4cb9169425df946f74a03ca1c5d8ad78fb66e,2024-10,Northumbria Police,Northumbria Police,-1.454021,54.904819,On or near Back Albion Street,E01008814,Sunderland 014D,Robbery,Investigation complete; no suspect identified,
39e89a5b406ad628af850da71ec5196b21a9a3192783fe77988c0e30ef84220e,2024-10,Northumbria Police,Northumbria Police,-1.452331,54.905233,On or near Laburnum Close,E01008814,Sunderland 014D,Violence and sexual offences,Investigation complete; no suspect identified,
9e3d55d65fa5acfe7a0b7ffdf19cb6ddc8cc5d1bdbef4cdb55102aebe8aa3ccd,2024-10,Northumbria Police,Northumbria Police,-1.452331,54.905233,On or near Laburnum Close,E01008814,Sunderland 014D,Violence and sexual offences,Investigation complete; no suspect identified,
8a5b64893683cdb3af3125ef8ff5011452fc3edc9863a1722d568e03c51622ca,2024-10,Northumbria Police,Northumbria Police,-1.445847,54.907226,On or near High Elm,E01008814,Sunderland 014D,Violence and sexual offences,Status update unavailable,
b978e9519477919e4e7196b1dda4f00e8323779491caac45e52377b289d59805,2024-10,Northumbria Police,Northumbria Police,-1.452331,54.905233,On or near Laburnum Close,E01008814,Sunderland 014D,Violence and sexual offences,Investigation complete; no suspect identified,
8041317ef26664326721d01395544c0f4b4f361a543ae4a466f89af5f6fffecd,2024-10,Northumbria Police,Northumbria Police,-1.452331,54.905233,On or near Laburnum Close,E01008814,Sunderland 014D,Other crime,Status update unavailable,
,2024-10,Northumbria Police,Northumbria Police,-1.415475,54.905457,On or near Hazledene Terrace,E01008757,Sunderland 015A,Anti-social behaviour,,
,2024-10,Northumbria Police,Northumbria Police,-1.416565,54.904456,On or near Faraday Grove,E01008757,Sunderland 015A,Anti-social behaviour,,
974924299366905cff4d3f0a89b3875a03b3285adef8d92f5efb26fc3a7172c3,2024-10,Northumbria Police,Northumbria Police,-1.414574,54.905210,On or near Romford Street,E01008757,Sunderland 015A,Other theft,Investigation complete; no suspect identified,
e12af31f5e94ec5bb742654f76198b6040620d3b7114335f753e1859eb290c91,2024-10,Northumbria Police,Northumbria Police,-1.415355,54.907281,On or near Sheridan Street,E01008757,Sunderland 015A,Other theft,Investigation complete; no suspect identified,
2e34dfa8243576be081aabae923b0c37256cdc232105048e430bd1e32d55c083,2024-10,Northumbria Police,Northumbria Police,-1.413410,54.904800,On or near Pallion Road,E01008757,Sunderland 015A,Shoplifting,Investigation complete; no suspect identified,
b290344868fd550c138c3193acc8fb620096e53adf963d3b599aba2968e28301,2024-10,Northumbria Police,Northumbria Police,-1.414470,54.906971,On or near Garfield Street,E01008757,Sunderland 015A,Violence and sexual offences,Status update unavailable,
1313b13263b88cf355f57cef35c936daee01373d05bfddd3cd871fd0635f1c39,2024-10,Northumbria Police,Northumbria Police,-1.415290,54.908503,On or near Exeter Street,E01008757,Sunderland 015A,Violence and sexual offences,Investigation complete; no suspect identified,
,2024-10,Northumbria Police,Northumbria Police,-1.425741,54.894201,On or near Medway Gardens,E01008758,Sunderland 015B,Anti-social behaviour,,
,2024-10,Northumbria Police,Northumbria Police,-1.425741,54.894201,On or near Medway Gardens,E01008758,Sunderland 015B,Anti-social behaviour,,
,2024-10,Northumbria Police,Northumbria Police,-1.423503,54.895898,On or near Melbourne Place,E01008758,Sunderland 015B,Anti-social behaviour,,
514d6315ee3b38b2cff29552a9df09a031cf650436ae83fe5e92baee51f6ba32,2024-10,Northumbria Police,Northumbria Police,-1.427446,54.896033,On or near Brierfield Grove,E01008758,Sunderland 015B,Criminal damage and arson,Investigation complete; no suspect identified,
b94ea3961298d332a623ea42cfc69cf88ab2770c6e3bb9f23d2fc662b0abda0a,2024-10,Northumbria Police,Northumbria Police,-1.427446,54.896033,On or near Brierfield Grove,E01008758,Sunderland 015B,Drugs,Investigation complete; no suspect identified,
2361f8dcbe199198a8f1a006078c9d39bc7cca065636ec5605372f9fcb5fc853,2024-10,Northumbria Police,Northumbria Police,-1.429317,54.894928,On or near The Broadway,E01008758,Sunderland 015B,Other theft,Investigation complete; no suspect identified,
1a0fdfe50c484e70cb6e4f5c11cfc80948cf1d5110ea5286f280a3d35291f34d,2024-10,Northumbria Police,Northumbria Police,-1.429317,54.894928,On or near The Broadway,E01008758,Sunderland 015B,Public order,Status update unavailable,
869e502674b91f8869f96d141baf6b3dfc9f349d5b9b42a41bd78a0e261fa9a5,2024-10,Northumbria Police,Northumbria Police,-1.429317,54.894928,On or near The Broadway,E01008758,Sunderland 015B,Shoplifting,Investigation complete; no suspect identified,
3c89b1e70b57e75dcc84baa98fe63ac3d4dfd1377a7b8f2723828ada1b8b5395,2024-10,Northumbria Police,Northumbria Police,-1.429317,54.894928,On or near The Broadway,E01008758,Sunderland 015B,Shoplifting,Investigation complete; no suspect identified,
074958b9f69450a2b36cec275711aa08361a9ef1b58c5df9f7d115ecbae21f0d,2024-10,Northumbria Police,Northumbria Police,-1.429317,54.894928,On or near The Broadway,E01008758,Sunderland 015B,Shoplifting,Investigation complete; no suspect identified,
0d456b9bd1a71338d04203a93cf5096f16e6a3bdee4087af1b18c85716804f3b,2024-10,Northumbria Police,Northumbria Police,-1.426882,54.898430,On or near Helmsdale Road,E01008758,Sunderland 015B,Vehicle crime,Investigation complete; no suspect identified,
,2024-10,Northumbria Police,Northumbria Police,-1.410907,54.902155,On or near Kayll Road,E01008759,Sunderland 015C,Anti-social behaviour,,
,2024-10,Northumbria Police,Northumbria Police,-1.410907,54.902155,On or near Kayll Road,E01008759,Sunderland 015C,Anti-social behaviour,,
,2024-10,Northumbria Police,Northumbria Police,-1.410907,54.902155,On or near Kayll Road,E01008759,Sunderland 015C,Anti-social behaviour,,
,2024-10,Northumbria Police,Northumbria Police,-1.414591,54.898668,On or near Eastfield Street,E01008759,Sunderland 015C,Anti-social behaviour,,
,2024-10,Northumbria Police,Northumbria Police,-1.410907,54.902155,On or near Kayll Road,E01008759,Sunderland 015C,Anti-social behaviour,,
,2024-10,Northumbria Police,Northumbria Police,-1.411818,54.897424,On or near Colchester Terrace,E01008759,Sunderland 015C,Anti-social behaviour,,
,2024-10,Northumbria Police,Northumbria Police,-1.415786,54.903365,On or near Westwood Street,E01008759,Sunderland 015C,Anti-social behaviour,,
68bfe1a681222a750bfe47d581633003abf90e3ff27836b4fe6c63449edda52b,2024-10,Northumbria Police,Northumbria Police,-1.413273,54.903506,On or near Bexley Street,E01008759,Sunderland 015C,Criminal damage and arson,Court result unavailable,
c78b4a3b9f7155dd0fa5efdad2eb3d97f2a32a2e1073fe2242a6af32f764f093,2024-10,Northumbria Police,Northumbria Police,-1.413273,54.903506,On or near Bexley Street,E01008759,Sunderland 015C,Criminal damage and arson,Status update unavailable,
90961d4b8de7f3b473a5c33c7ff4cb09091187ad9915de43658a0fc961fbd599,2024-10,Northumbria Police,Northumbria Police,-1.415786,54.903365,On or near Westwood Street,E01008759,Sunderland 015C,Drugs,Status update unavailable,
9ff483f517a52876b06179a13cc7dfea3dae5ef8fd9fe86589eec93e25dceff8,2024-10,Northumbria Police,Northumbria Police,-1.413273,54.903506,On or near Bexley Street,E01008759,Sunderland 015C,Drugs,Status update unavailable,
2c9eb5bd6f365afd432c52afd7a75a87d6071e8fc4a550d0a49ab0ef6be35a65,2024-10,Northumbria Police,Northumbria Police,-1.416388,54.902721,On or near Bancroft Terrace,E01008759,Sunderland 015C,Other theft,Investigation complete; no suspect identified,
9c5c43f056a89b81c882e2d348c179fae6b2636cfcd27a40f03a25ba7df87219,2024-10,Northumbria Police,Northumbria Police,-1.413273,54.903506,On or near Bexley Street,E01008759,Sunderland 015C,Public order,Status update unavailable,
233b008c050b3fe5d9acb4d3f3bc545401f8cafabf9b2b5c845defc16cb4b6a5,2024-10,Northumbria Police,Northumbria Police,-1.416388,54.902721,On or near Bancroft Terrace,E01008759,Sunderland 015C,Public order,Status update unavailable,
9d407c27473f230a79c437c417639eca967ec5b376e64ab2ffb597819f3754ba,2024-10,Northumbria Police,Northumbria Police,-1.413273,54.903506,On or near Bexley Street,E01008759,Sunderland 015C,Theft from the person,Status update unavailable,
36d193790fd9bfa821dfc5a8c7b39e5644b467b644dd215071acc23f27f188ab,2024-10,Northumbria Police,Northumbria Police,-1.413273,54.903506,On or near Bexley Street,E01008759,Sunderland 015C,Vehicle crime,Investigation complete; no suspect identified,
7ef362d3d924f94017958ed8874af152497b1c2e7e978893e89d1859dd0c3f1a,2024-10,Northumbria Police,Northumbria Police,-1.413273,54.903506,On or near Bexley Street,E01008759,Sunderland 015C,Violence and sexual offences,Court result unavailable,
,2024-10,Northumbria Police,Northumbria Police,-1.418118,54.897337,On or near West Mount,E01008761,Sunderland 015D,Anti-social behaviour,,
3a7d396e9167a06dd1eee85692c204b05e1c69adb28e462e15f15ee6eb7549b8,2024-10,Northumbria Police,Northumbria Police,-1.414352,54.896870,On or near Farnham Terrace,E01008761,Sunderland 015D,Vehicle crime,Investigation complete; no suspect identified,
,2024-10,Northumbria Police,Northumbria Police,-1.365444,54.911362,On or near Barrack Street,E01008702,Sunderland 016A,Anti-social behaviour,,
,2024-10,Northumbria Police,Northumbria Police,-1.365444,54.911362,On or near Barrack Street,E01008702,Sunderland 016A,Anti-social behaviour,,
,2024-10,Northumbria Police,Northumbria Police,-1.368469,54.909464,On or near Lucknow Street,E01008702,Sunderland 016A,Anti-social behaviour,,
,2024-10,Northumbria Police,Northumbria Police,-1.370758,54.907696,On or near Arras Lane,E01008702,Sunderland 016A,Anti-social behaviour,,
,2024-10,Northumbria Police,Northumbria Police,-1.365444,54.911362,On or near Barrack Street,E01008702,Sunderland 016A,Anti-social behaviour,,
,2024-10,Northumbria Police,Northumbria Police,-1.370758,54.907696,On or near Arras Lane,E01008702,Sunderland 016A,Anti-social behaviour,,
,2024-10,Northumbria Police,Northumbria Police,-1.370758,54.907696,On or near Arras Lane,E01008702,Sunderland 016A,Anti-social behaviour,,
681c5d90b1d40a17ea2da2743c0017ce96ad40a381e69dff3c7ed873aadf0252,2024-10,Northumbria Police,Northumbria Police,-1.374437,54.907796,On or near Cork Street,E01008702,Sunderland 016A,Burglary,Investigation complete; no suspect identified,
c4558d56e8ac4ebf50d250265e84bd6af78224eaa45b4f53848073de464acd8b,2024-10,Northumbria Police,Northumbria Police,-1.370749,54.908289,On or near James Williams Street,E01008702,Sunderland 016A,Burglary,Status update unavailable,
b4574ca50e5850208710403654b57eeae213bfde6cf47bbd706b42ab654dc931,2024-10,Northumbria Police,Northumbria Police,-1.370758,54.907696,On or near Arras Lane,E01008702,Sunderland 016A,Criminal damage and arson,Investigation complete; no suspect identified,
2f67f7c9ec674d004c56209724c04e228a407767b27aeae13482db8f13adef34,2024-10,Northumbria Police,Northumbria Police,-1.366557,54.906030,On or near Moor Terrace,E01008702,Sunderland 016A,Other theft,Investigation complete; no suspect identified,
15c30d522087e6efc4b63c6d415e20f80cb4635312ce86994abec6d0b067f541,2024-10,Northumbria Police,Northumbria Police,-1.371374,54.908176,On or near Queen Street East,E01008702,Sunderland 016A,Other theft,Investigation complete; no suspect identified,
ca1d1201f952bfff272a859ce096e5653ca2e3fceee28e17ab089d14533307f6,2024-10,Northumbria Police,Northumbria Police,-1.373946,54.908288,On or near Drury Lane,E01008702,Sunderland 016A,Other theft,Status update unavailable,
6da614b46f14ce9406d8a66dfd42b5d41f52ec52db1c8638806bc3079d26fb17,2024-10,Northumbria Police,Northumbria Police,-1.371374,54.908176,On or near Queen Street East,E01008702,Sunderland 016A,Public order,Offender given a caution,
2b2a15c3605558d4fb02efe5415b9c2150fc832f48ee109db10d0675231c6465,2024-10,Northumbria Police,Northumbria Police,-1.368469,54.909464,On or near Lucknow Street,E01008702,Sunderland 016A,Public order,Status update unavailable,
c6d3c33e5812ac3029000f8aae45265f0f591057d785dc5b84dfa8f7b5029e8e,2024-10,Northumbria Police,Northumbria Police,-1.371374,54.908176,On or near Queen Street East,E01008702,Sunderland 016A,Theft from the person,Status update unavailable,
4c702f9861b42e6112d805a9b6d6be9b8bcff2ada2d882b0bea3390a69883fcf,2024-10,Northumbria Police,Northumbria Police,-1.373100,54.907547,On or near Donnison Gardens,E01008702,Sunderland 016A,Vehicle crime,Status update unavailable,
76ff06c5bc02c03c34daa35c6d7fb2809fb5df51230a6675c83720097c8cafe8,2024-10,Northumbria Police,Northumbria Police,-1.371374,54.908176,On or near Queen Street East,E01008702,Sunderland 016A,Violence and sexual offences,Court result unavailable,
5f3fc716fce0adc10ded6afd4aa26a2898f4d9d71c6c73730e209ea6b353c3d1,2024-10,Northumbria Police,Northumbria Police,-1.368607,54.910570,On or near East Vines,E01008702,Sunderland 016A,Violence and sexual offences,Court result unavailable,
b3ff6f8c2278f97198bf1bf6137139adc26a0e267d210d8f4c90cacffb6e15c3,2024-10,Northumbria Police,Northumbria Police,-1.370749,54.908289,On or near James Williams Street,E01008702,Sunderland 016A,Violence and sexual offences,Investigation complete; no suspect identified,
b4254ad479b7bec1eb573e07e81b80715288d65751ae6876135dc89d80253ed9,2024-10,Northumbria Police,Northumbria Police,-1.370507,54.906760,On or near Moor Street,E01008702,Sunderland 016A,Violence and sexual offences,Investigation complete; no suspect identified,
b54ac4c99ad470fdaba49bf413ddcb77aa92364915ba263c3ed6b1c9fd319885,2024-10,Northumbria Police,Northumbria Police,-1.369746,54.908554,On or near Church Street East,E01008702,Sunderland 016A,Violence and sexual offences,Status update unavailable,
ba4452b2398b2093a2d6a29125e36410088581ca1851c6ee733f0973a2dc2f54,2024-10,Northumbria Police,Northumbria Police,-1.368469,54.909464,On or near Lucknow Street,E01008702,Sunderland 016A,Violence and sexual offences,Status update unavailable,
50e29ec650f1c9389e218551b956c5ddeec2d4bdc4bf3a16af57d27c40224601,2024-10,Northumbria Police,Northumbria Police,-1.371195,54.905677,On or near Nicholson Close,E01008702,Sunderland 016A,Violence and sexual offences,Offender given a caution,
eb8582aa37d592b662706fce115ea9aea7cddd376d24d40a6a7a572c72274875,2024-10,Northumbria Police,Northumbria Police,-1.369746,54.908554,On or near Church Street East,E01008702,Sunderland 016A,Violence and sexual offences,Status update unavailable,
dbc852728d611cc5961074f45a836f48155f4c64089c67558f3077a94a6bdb16,2024-10,Northumbria Police,Northumbria Police,-1.370507,54.906760,On or near Moor Street,E01008702,Sunderland 016A,Violence and sexual offences,Investigation complete; no suspect identified,
3f53b6db41843a71ebd0db6cf9c7151e1b9f9b60d683c6fd8da80ef07a30aa3d,2024-10,Northumbria Police,Northumbria Police,-1.368692,54.905124,On or near Wear Street,E01008702,Sunderland 016A,Other crime,Status update unavailable,
6a862f663c4bfb71f13ea0fc24796b79edec699df6d9b708f0c7e1fe06b42e34,2024-10,Northumbria Police,Northumbria Police,-1.373946,54.908288,On or near Drury Lane,E01008702,Sunderland 016A,Other crime,Status update unavailable,
,2024-10,Northumbria Police,Northumbria Police,-1.370763,54.898350,On or near Athol Road,E01008735,Sunderland 016B,Anti-social behaviour,,
,2024-10,Northumbria Police,Northumbria Police,-1.374985,54.896611,On or near Beaumont Street,E01008735,Sunderland 016B,Anti-social behaviour,,
,2024-10,Northumbria Police,Northumbria Police,-1.385266,54.896223,On or near The Grove,E01008735,Sunderland 016B,Anti-social behaviour,,
,2024-10,Northumbria Police,Northumbria Police,-1.375036,54.898345,On or near Salem Street South,E01008735,Sunderland 016B,Anti-social behaviour,,
f8151cae34004c2de4bb7b23d24b1618efb7f4d7b68f62ef9590079c2e59b931,2024-10,Northumbria Police,Northumbria Police,-1.378826,54.896262,On or near Ashburne Court,E01008735,Sunderland 016B,Criminal damage and arson,Investigation complete; no suspect identified,
8f9c3629148685f9caceb60f06922dcd8344746dcc2242db232ebef1e9ce3407,2024-10,Northumbria Police,Northumbria Police,-1.388990,54.895325,On or near Meadow Vale,E01008735,Sunderland 016B,Drugs,Investigation complete; no suspect identified,
ddd5351bd4d351160c2e5eb7b605e82b184671317fb47f2c220b6e3952fc20fd,2024-10,Northumbria Police,Northumbria Police,-1.385858,54.894231,On or near Ashbrooke Road,E01008735,Sunderland 016B,Drugs,Investigation complete; no suspect identified,
60732a242bbe150d07d3abdefa0250d483878846a3633c87f9f46a34528350a2,2024-10,Northumbria Police,Northumbria Police,-1.370763,54.898350,On or near Athol Road,E01008735,Sunderland 016B,Drugs,Status update unavailable,
eeecf2ad7fe819c8c6752b9e6f092bb25848a038967d49446b63f06121f207e5,2024-10,Northumbria Police,Northumbria Police,-1.388990,54.895325,On or near Meadow Vale,E01008735,Sunderland 016B,Drugs,Investigation complete; no suspect identified,
b18590dd83975203c27c90d0ae8c0286ecd8944b696bfdb91c959535738831ae,2024-10,Northumbria Police,Northumbria Police,-1.375631,54.900164,On or near Salem Street,E01008735,Sunderland 016B,Other theft,Status update unavailable,
99c300bd4fac18693dbe5159a83f105c5caa614b6b39b05d714315733dc31960,2024-10,Northumbria Police,Northumbria Police,-1.375036,54.898345,On or near Salem Street South,E01008735,Sunderland 016B,Other theft,Investigation complete; no suspect identified,
ac1eb5085b06d9fa8290507baed4b7a5cc868b1e95fd0bacc328f0e198b81b7a,2024-10,Northumbria Police,Northumbria Police,-1.374663,54.897238,On or near Salem Hill,E01008735,Sunderland 016B,Public order,Status update unavailable,
da62312f40e159910aa899c0e735e0edae1acfd4f93cde61bc4cb12db076948a,2024-10,Northumbria Police,Northumbria Police,-1.378732,54.898319,On or near Mowbray Road,E01008735,Sunderland 016B,Violence and sexual offences,Status update unavailable,
2a42e9180863a59bd9a4f683fae68a7d555f433d233be21fc472e15f20b64fa9,2024-10,Northumbria Police,Northumbria Police,-1.378467,54.897276,On or near Mowbray Close,E01008735,Sunderland 016B,Violence and sexual offences,Status update unavailable,
41d76cdba24b9fae54ffda06dd9a83491a07809d6f55a50f91dcdb7ac5a0a23c,2024-10,Northumbria Police,Northumbria Police,-1.380397,54.896459,On or near Acer Court,E01008735,Sunderland 016B,Violence and sexual offences,Investigation complete; no suspect identified,
a9aed9449168ea285273c27c3d920d2b29e7dd42683ca6c8bc492d887d836363,2024-10,Northumbria Police,Northumbria Police,-1.372898,54.897445,On or near Hendon Valley Road,E01008735,Sunderland 016B,Violence and sexual offences,Status update unavailable,
161ddf96043328a7365f8ccef3b8588fe66f73c93c0c454af6318f750efa0f24,2024-10,Northumbria Police,Northumbria Police,-1.380397,54.896459,On or near Acer Court,E01008735,Sunderland 016B,Violence and sexual offences,Investigation complete; no suspect identified,
20a4c92611d2dd0385641f35959bfc0ac698843fa1d687ceef34e6461d456d4f,2024-10,Northumbria Police,Northumbria Police,-1.375631,54.900164,On or near Salem Street,E01008735,Sunderland 016B,Violence and sexual offences,Status update unavailable,
5b99dffc57de897f8bfa00691cc80affe2f0428787da98b0c2e7beaee407d3bd,2024-10,Northumbria Police,Northumbria Police,-1.374243,54.899186,On or near Amberley Street South,E01008735,Sunderland 016B,Violence and sexual offences,Investigation complete; no suspect identified,
e3d96201162a13f4f5f126cd246cb42b70c6a5b218f67f9309b81048a51be2fa,2024-10,Northumbria Police,Northumbria Police,-1.375631,54.900164,On or near Salem Street,E01008735,Sunderland 016B,Violence and sexual offences,Status update unavailable,
f6ac5e57895d41047cf496541d618402f55815e5f95d078507a5a7336819fea4,2024-10,Northumbria Police,Northumbria Police,-1.374985,54.896611,On or near Beaumont Street,E01008735,Sunderland 016B,Violence and sexual offences,Status update unavailable,
,2024-10,Northumbria Police,Northumbria Police,-1.370610,54.901198,On or near Finchale Close,E01008736,Sunderland 016C,Anti-social behaviour,,
,2024-10,Northumbria Police,Northumbria Police,-1.370144,54.900037,On or near Emma Court,E01008736,Sunderland 016C,Anti-social behaviour,,
,2024-10,Northumbria Police,Northumbria Police,-1.368476,54.898033,On or near Barnabas Place,E01008736,Sunderland 016C,Anti-social behaviour,,
4f5dc41f236809baccfb105c546e118cf17c8bd9022696d23b9402e125cbe06f,2024-10,Northumbria Police,Northumbria Police,-1.370488,54.896965,On or near Tower Place,E01008736,Sunderland 016C,Burglary,Investigation complete; no suspect identified,
4d056861044e08d166df1ae95a5c7efbfead935623b7d9771efce1ba7db7b536,2024-10,Northumbria Police,Northumbria Police,-1.367358,54.899717,On or near Primary Gardens,E01008736,Sunderland 016C,Burglary,Status update unavailable,
bf1b80a1fc97130d48a0ba67484330e2b2c34dcb7f462329394343d86e095524,2024-10,Northumbria Police,Northumbria Police,-1.370488,54.896965,On or near Tower Place,E01008736,Sunderland 016C,Criminal damage and arson,Investigation complete; no suspect identified,
15b8352399e3ee0f5abb5f218c679224aa688e47fe7d1d16a42725d042509f22,2024-10,Northumbria Police,Northumbria Police,-1.367358,54.899717,On or near Primary Gardens,E01008736,Sunderland 016C,Criminal damage and arson,Investigation complete; no suspect identified,
a0b5b5c7bfa263e1f6cf3e1e46e9f3800dbb72ea4115e7cb2206201cbf6679f4,2024-10,Northumbria Police,Northumbria Police,-1.370471,54.897100,On or near Tower Street West,E01008736,Sunderland 016C,Criminal damage and arson,Status update unavailable,
8a89eb9fa88cc0d121d272cc98a5bfe1aed1b66dc6ac43f496819530fb691623,2024-10,Northumbria Police,Northumbria Police,-1.367358,54.899717,On or near Primary Gardens,E01008736,Sunderland 016C,Possession of weapons,Status update unavailable,
38c3ba08b6df4225ae909c3d5e9a75f4b101e3a64513a1ead0d79328bae68e00,2024-10,Northumbria Police,Northumbria Police,-1.370144,54.900037,On or near Emma Court,E01008736,Sunderland 016C,Vehicle crime,Investigation complete; no suspect identified,
81dba54ca7c8e732eae09233b137491d27c40346da67b12716b45b0c6e0755f0,2024-10,Northumbria Police,Northumbria Police,-1.370610,54.901198,On or near Finchale Close,E01008736,Sunderland 016C,Vehicle crime,Investigation complete; no suspect identified,
4b932de6735b95415e59427a0c0846f3692be5872edcaef1819aef2d0b6dcccd,2024-10,Northumbria Police,Northumbria Police,-1.371281,54.897104,On or near Bambro' Street,E01008736,Sunderland 016C,Violence and sexual offences,Status update unavailable,
6809956ddd119f4ab7cbea8d1e464207fac99bf626e8f75b32b72ec27930859d,2024-10,Northumbria Police,Northumbria Police,-1.367209,54.898251,On or near Mainsforth Terrace,E01008736,Sunderland 016C,Violence and sexual offences,Status update unavailable,
1e63145e361534349cb888146d4eac1acefa39b45d2b37d2f243c8ea6c1c70eb,2024-10,Northumbria Police,Northumbria Police,-1.370471,54.897100,On or near Tower Street West,E01008736,Sunderland 016C,Violence and sexual offences,Status update unavailable,
624af3b768d38b6da50aa130a432e776f37537c21648c2e5dd3c3747f6634a18,2024-10,Northumbria Police,Northumbria Police,-1.368474,54.899156,On or near Noble Terrace,E01008736,Sunderland 016C,Violence and sexual offences,Status update unavailable,
41988ccd48e809879989fb3a72c645cbb3e49d352974638a2027d5c7f114f0fd,2024-10,Northumbria Police,Northumbria Police,-1.368673,54.901350,On or near A1018,E01008736,Sunderland 016C,Violence and sexual offences,Status update unavailable,
b96d446c37c6422bd1ebd859e44d0442fb7b102b12a917ddc1a820c5bd0114f1,2024-10,Northumbria Police,Northumbria Police,-1.367209,54.898251,On or near Mainsforth Terrace,E01008736,Sunderland 016C,Violence and sexual offences,Status update unavailable,
4994c430d9e1b2426d9302cbe290ba9c29fa08ddb11af5073ada42c81f45768c,2024-10,Northumbria Police,Northumbria Police,-1.368474,54.899156,On or near Noble Terrace,E01008736,Sunderland 016C,Violence and sexual offences,Investigation complete; no suspect identified,
30eba76c06e443d5fa7a085e2ce1e81e21f56b746522cd57c38b9aa968c1b038,2024-10,Northumbria Police,Northumbria Police,-1.371623,54.899173,On or near Suffolk Street,E01008736,Sunderland 016C,Violence and sexual offences,Status update unavailable,
f2b139daebbc8836e257fb8f0796785b8e4a538b2280d2c3cb0c954b460b3ab4,2024-10,Northumbria Police,Northumbria Police,-1.371281,54.897104,On or near Bambro' Street,E01008736,Sunderland 016C,Violence and sexual offences,Investigation complete; no suspect identified,
0d8ef86ce19bc587e45336aa20e533c068098d02ccb5bd406f33b221044ca131,2024-10,Northumbria Police,Northumbria Police,-1.368722,54.898223,On or near Tower Street,E01008736,Sunderland 016C,Violence and sexual offences,Status update unavailable,
4c8f34bde2d7e8684265dd75582198515f2782100081dfe8cf06d443d3d385ed,2024-10,Northumbria Police,Northumbria Police,-1.367358,54.899717,On or near Primary Gardens,E01008736,Sunderland 016C,Other crime,Status update unavailable,
,2024-10,Northumbria Police,Northumbria Police,-1.372791,54.895270,On or near Marion Street,E01008737,Sunderland 016D,Anti-social behaviour,,
,2024-10,Northumbria Police,Northumbria Police,-1.372791,54.895270,On or near Marion Street,E01008737,Sunderland 016D,Anti-social behaviour,,
,2024-10,Northumbria Police,Northumbria Police,-1.372791,54.895270,On or near Marion Street,E01008737,Sunderland 016D,Anti-social behaviour,,
,2024-10,Northumbria Police,Northumbria Police,-1.372791,54.895270,On or near Marion Street,E01008737,Sunderland 016D,Anti-social behaviour,,
,2024-10,Northumbria Police,Northumbria Police,-1.372791,54.895270,On or near Marion Street,E01008737,Sunderland 016D,Anti-social behaviour,,
,2024-10,Northumbria Police,Northumbria Police,-1.375071,54.893053,On or near China Street,E01008737,Sunderland 016D,Anti-social behaviour,,
,2024-10,Northumbria Police,Northumbria Police,-1.372359,54.896013,On or near Capulet Terrace,E01008737,Sunderland 016D,Anti-social behaviour,,
0bcba1042e37dfa7349195047646b9831d45b4407223febb8cf453827c882ffb,2024-10,Northumbria Police,Northumbria Police,-1.373613,54.894582,On or near Villette Road,E01008737,Sunderland 016D,Burglary,Investigation complete; no suspect identified,
4c463888680424c6b809c6fd573b6e55cbd6811e05438a48524e6d99cf98b774,2024-10,Northumbria Police,Northumbria Police,-1.370558,54.893479,On or near Fuller Road,E01008737,Sunderland 016D,Criminal damage and arson,Court result unavailable,
e70ad50e446aea8ba5e541071e151abe7135463fae70436f7a0a937a82d406e0,2024-10,Northumbria Police,Northumbria Police,-1.370558,54.893479,On or near Fuller Road,E01008737,Sunderland 016D,Criminal damage and arson,Investigation complete; no suspect identified,
e6b8444b8662473901f3ea8fa6d894002c91f97a327670ac18ea237835587d6e,2024-10,Northumbria Police,Northumbria Police,-1.370558,54.893479,On or near Fuller Road,E01008737,Sunderland 016D,Criminal damage and arson,Investigation complete; no suspect identified,
95b7bcfb5647de9531aaa144b5967243eaa31ba38db2e1f434101c74585deaf6,2024-10,Northumbria Police,Northumbria Police,-1.370558,54.893479,On or near Fuller Road,E01008737,Sunderland 016D,Criminal damage and arson,Court result unavailable,
74fdb702a3e7bad9a31a15f9cf57fcf563248f20d5997b2de2316b37c38348c5,2024-10,Northumbria Police,Northumbria Police,-1.372791,54.895270,On or near Marion Street,E01008737,Sunderland 016D,Criminal damage and arson,Investigation complete; no suspect identified,
2ee87e4462d7d0e117a221b137dba124a8d2532878dd8b05d8c796d917e71cee,2024-10,Northumbria Police,Northumbria Police,-1.370558,54.893479,On or near Fuller Road,E01008737,Sunderland 016D,Drugs,Investigation complete; no suspect identified,
5c86563f7e5fa6741558bf8c098d3f6fa6269898b5413e62d09befe101eee287,2024-10,Northumbria Police,Northumbria Police,-1.371826,54.894177,On or near Tel-El-Kebir Road,E01008737,Sunderland 016D,Drugs,Status update unavailable,
5ca4f46d2462ce7181f1c1493860ed097bb123858cb6d019200a113cdb6062b8,2024-10,Northumbria Police,Northumbria Police,-1.374543,54.895953,On or near Villette Brook Street,E01008737,Sunderland 016D,Other theft,Investigation complete; no suspect identified,
88f9483bdb14c122c6151c672bd43b477ee7782d5fe0740b2e443ff999bcea52,2024-10,Northumbria Police,Northumbria Police,-1.375071,54.893053,On or near China Street,E01008737,Sunderland 016D,Other theft,Investigation complete; no suspect identified,
513acd0da734c3275f26cc789481d0c6238b668e68aeda306ae999546a67773c,2024-10,Northumbria Police,Northumbria Police,-1.370558,54.893479,On or near Fuller Road,E01008737,Sunderland 016D,Other theft,Investigation complete; no suspect identified,
7cedef229a323c484347d39d1b8b8d7320c963ed7be293af141f2db9eeaa341b,2024-10,Northumbria Police,Northumbria Police,-1.372359,54.896013,On or near Capulet Terrace,E01008737,Sunderland 016D,Public order,Investigation complete; no suspect identified,
5f5a2a363290ad408d0f443029d405e4193b75650e36e861e9eac71eef2cdb5f,2024-10,Northumbria Police,Northumbria Police,-1.373403,54.895039,On or near Ernest Street,E01008737,Sunderland 016D,Shoplifting,Investigation complete; no suspect identified,
0e28db062976d0fc3fe8f0a4ed9cba76ece6c16d6dfe4c4733580c3591a97b9e,2024-10,Northumbria Police,Northumbria Police,-1.373613,54.894582,On or near Villette Road,E01008737,Sunderland 016D,Shoplifting,Status update unavailable,
81db3ab942faa1b4432546c0ba1d7376b02b516f69a0e6c3d76e159014e73b1c,2024-10,Northumbria Police,Northumbria Police,-1.373613,54.894582,On or near Villette Road,E01008737,Sunderland 016D,Shoplifting,Court result unavailable,
571b76db6dc20891aab274630f490363e4eac99b81a50d2ded09e880f95bc66a,2024-10,Northumbria Police,Northumbria Police,-1.373403,54.895039,On or near Ernest Street,E01008737,Sunderland 016D,Shoplifting,Investigation complete; no suspect identified,
fed181b2bc4795250de48dc8b0d7cf3683574ffc4c6facd1cd98f9d2c73b91d4,2024-10,Northumbria Police,Northumbria Police,-1.373613,54.894582,On or near Villette Road,E01008737,Sunderland 016D,Shoplifting,Investigation complete; no suspect identified,
d985a5943fc5456e7b25785fce88926558a8154625a8cbfc069bf331bccb258d,2024-10,Northumbria Police,Northumbria Police,-1.371826,54.894177,On or near Tel-El-Kebir Road,E01008737,Sunderland 016D,Vehicle crime,Court result unavailable,
6f0d15cdbe49105195425878c5541e85da47dd880216d3bda66da8b48fafba6d,2024-10,Northumbria Police,Northumbria Police,-1.373613,54.894582,On or near Villette Road,E01008737,Sunderland 016D,Vehicle crime,Investigation complete; no suspect identified,
8510f9c6dbc48661640cd4b0b1eb4ce529748ea08cb6fd6c1995f645acbd20fa,2024-10,Northumbria Police,Northumbria Police,-1.373613,54.894582,On or near Villette Road,E01008737,Sunderland 016D,Vehicle crime,Investigation complete; no suspect identified,
ced506d32d601970042aadf80d89dbde470b0b5715d04fe6bb10a4344af02d8c,2024-10,Northumbria Police,Northumbria Police,-1.370558,54.893479,On or near Fuller Road,E01008737,Sunderland 016D,Violence and sexual offences,Investigation complete; no suspect identified,
4e55c8fc93d922e590cb78f626f198508421ffe55ca8ea448b2f03e5c3aa4800,2024-10,Northumbria Police,Northumbria Police,-1.374543,54.895953,On or near Villette Brook Street,E01008737,Sunderland 016D,Violence and sexual offences,Status update unavailable,
63f0d735c2490e96cd69a2975706619213afac82c2d75cccd931422e7bd69a9f,2024-10,Northumbria Police,Northumbria Police,-1.372223,54.892723,On or near Percy Terrace,E01008737,Sunderland 016D,Violence and sexual offences,Investigation complete; no suspect identified,
e3d902af1c23f326f09c72f4751248ce1050b7800a398ab2bf557f1a21ce3fbd,2024-10,Northumbria Police,Northumbria Police,-1.371826,54.894177,On or near Tel-El-Kebir Road,E01008737,Sunderland 016D,Violence and sexual offences,Investigation complete; no suspect identified,
36743784a827d3c97b24894b8d0e137226335ab5d9136337c6978f7e1b0b1c6f,2024-10,Northumbria Police,Northumbria Police,-1.374543,54.895953,On or near Villette Brook Street,E01008737,Sunderland 016D,Violence and sexual offences,Investigation complete; no suspect identified,
a888aa7806f2c978b602de8ad71f5a3d2d41dd104dd3b12fd8e9bcfd047f3f62,2024-10,Northumbria Police,Northumbria Police,-1.372359,54.896013,On or near Capulet Terrace,E01008737,Sunderland 016D,Violence and sexual offences,Investigation complete; no suspect identified,
2e32ff56d91de0a8d1e0081a0ec93ca586794bdde72c13ce4c1b318ec796904b,2024-10,Northumbria Police,Northumbria Police,-1.373613,54.894582,On or near Villette Road,E01008737,Sunderland 016D,Violence and sexual offences,Investigation complete; no suspect identified,
37b229cdc5b4a513115b6fc7aeeb80667c73f3d7df786c468f44956fba2c77d3,2024-10,Northumbria Police,Northumbria Police,-1.372223,54.892723,On or near Percy Terrace,E01008737,Sunderland 016D,Violence and sexual offences,Investigation complete; no suspect identified,
,2024-10,Northumbria Police,Northumbria Police,-1.367572,54.891019,On or near Ashby Street,E01008738,Sunderland 016E,Anti-social behaviour,,
eb5d2d7233a2652100aeaa85e478827ac417e9d4822abaf026540bee29637f5b,2024-10,Northumbria Police,Northumbria Police,-1.367572,54.891019,On or near Ashby Street,E01008738,Sunderland 016E,Burglary,Investigation complete; no suspect identified,
9d1adb05f9ddb49984d11183ab1a85ad843ef65b34bb1742a0a120ac1e3468b7,2024-10,Northumbria Police,Northumbria Police,-1.369779,54.894472,On or near Hyde Street,E01008738,Sunderland 016E,Criminal damage and arson,Status update unavailable,
37d916f7fe85d6134ba66807aa4396fb72fce38212f9f6cfbd6b8fa46edb13a7,2024-10,Northumbria Police,Northumbria Police,-1.369779,54.894472,On or near Hyde Street,E01008738,Sunderland 016E,Criminal damage and arson,Investigation complete; no suspect identified,
98c985d8b75497718a681a18c1183f083c1ffbd1b4f6ed3daf500ce037de57e9,2024-10,Northumbria Police,Northumbria Police,-1.367612,54.897462,On or near St Barnabas Way,E01008738,Sunderland 016E,Drugs,Court result unavailable,
956e51aafd94d43c024c4b9568dc9c49905a08d6ddc3edfa2249653039039f45,2024-10,Northumbria Police,Northumbria Police,-1.369487,54.892197,On or near Cairo Street,E01008738,Sunderland 016E,Other theft,Investigation complete; no suspect identified,
545a5f1e1a5ff2739b81df643a4250ad55a99b118c2d52414af42acb922b6845,2024-10,Northumbria Police,Northumbria Police,-1.368966,54.892599,On or near St Leonard Street,E01008738,Sunderland 016E,Other theft,Status update unavailable,
41dce388a400c68619f2fd563d107dd5b9704c2b35c93cb60539f0a67f167618,2024-10,Northumbria Police,Northumbria Police,-1.369779,54.894472,On or near Hyde Street,E01008738,Sunderland 016E,Other theft,Investigation complete; no suspect identified,
82699e87d05805e24bf65a35824a1276e3898d3596b687ffacfbdb1f49f9dd97,2024-10,Northumbria Police,Northumbria Police,-1.367612,54.897462,On or near St Barnabas Way,E01008738,Sunderland 016E,Possession of weapons,Court result unavailable,
60e2aa98c236c6aa2bcbe7eb71f104a2f305b7de3bcdda9bf16ec69c14a7181c,2024-10,Northumbria Police,Northumbria Police,-1.367612,54.897462,On or near St Barnabas Way,E01008738,Sunderland 016E,Possession of weapons,Status update unavailable,
5f8b3aae5f1fb483194104aaaa8761523d1723d14730c0a0132ec0afc3656d13,2024-10,Northumbria Police,Northumbria Police,-1.368828,54.892472,On or near St Alban'S Street,E01008738,Sunderland 016E,Public order,Investigation complete; no suspect identified,
6d75a05c401244ac2d949a8967888c4560926751f8c684f8bfa3886611c8af58,2024-10,Northumbria Police,Northumbria Police,-1.367572,54.891019,On or near Ashby Street,E01008738,Sunderland 016E,Vehicle crime,Investigation complete; no suspect identified,
d74b7e5dcb7f3ebd28738bc55584a1d2a8ecbf1203379a9d6dcb6ead355ca60c,2024-10,Northumbria Police,Northumbria Police,-1.370193,54.891913,On or near Hastings Street,E01008738,Sunderland 016E,Vehicle crime,Investigation complete; no suspect identified,
40a0063ed45581d1a8a8564371a6c1c4ccdf07d296ce6acd2a0f7ddfe0714e04,2024-10,Northumbria Police,Northumbria Police,-1.370193,54.891913,On or near Hastings Street,E01008738,Sunderland 016E,Vehicle crime,Investigation complete; no suspect identified,
52c0d8e6cb4af0992cf0b68d7a11d11d3838c4028cc677dd1229e415c255cfb7,2024-10,Northumbria Police,Northumbria Police,-1.367572,54.891019,On or near Ashby Street,E01008738,Sunderland 016E,Vehicle crime,Investigation complete; no suspect identified,
fe1597ad20995d0f8940efd4b84165e920f933fa7b8c8f92b8ac2afdf9d88619,2024-10,Northumbria Police,Northumbria Police,-1.369487,54.892197,On or near Cairo Street,E01008738,Sunderland 016E,Vehicle crime,Investigation complete; no suspect identified,
13515ca68e5ebaf6e971b251b1139d4d9374f1a69af8df7cf8621efe2c3a2493,2024-10,Northumbria Police,Northumbria Police,-1.369487,54.892197,On or near Cairo Street,E01008738,Sunderland 016E,Vehicle crime,Investigation complete; no suspect identified,
6e1b53c14db647acf3a09475938c42f079c20b284e2237b9f9fae153b5a68896,2024-10,Northumbria Police,Northumbria Police,-1.367572,54.891019,On or near Ashby Street,E01008738,Sunderland 016E,Vehicle crime,Investigation complete; no suspect identified,
7ee38675c593678963ff5f6897f99ab40c532370b794f09b1ece58bc092d1a88,2024-10,Northumbria Police,Northumbria Police,-1.369487,54.892197,On or near Cairo Street,E01008738,Sunderland 016E,Violence and sexual offences,Investigation complete; no suspect identified,
6814b1b36a365189282b439c38ef90df4bdaeecdbc152e7ba02eec5f89c5d29e,2024-10,Northumbria Police,Northumbria Police,-1.367612,54.897462,On or near St Barnabas Way,E01008738,Sunderland 016E,Violence and sexual offences,Status update unavailable,
2d3c9a72f297dea48a998ce07d4e690322a9bfc6c4e7d35f30d88c1ca95d73c6,2024-10,Northumbria Police,Northumbria Police,-1.368966,54.892599,On or near St Leonard Street,E01008738,Sunderland 016E,Violence and sexual offences,Status update unavailable,
c9f7d26ff6d753ddb884615921b2bd8016d044c74484b57a817224b02ca206ee,2024-10,Northumbria Police,Northumbria Police,-1.367675,54.893419,On or near Corporation Road,E01008738,Sunderland 016E,Violence and sexual offences,Investigation complete; no suspect identified,
02b28d1f2767e73fbfea3c07b30a0672e0dc8af0e24d0ff3f8c7f2c173668f81,2024-10,Northumbria Police,Northumbria Police,-1.369779,54.894472,On or near Hyde Street,E01008738,Sunderland 016E,Violence and sexual offences,Status update unavailable,
c16907ff4800c1193656cacd018e6e5b082329e4446d9db44a5f7f18a4b3087f,2024-10,Northumbria Police,Northumbria Police,-1.368137,54.892756,On or near Canon Cockin Street,E01008738,Sunderland 016E,Violence and sexual offences,Investigation complete; no suspect identified,
2501a6c3a5e9f8c389e14b01650021bffcc9fab2f411f9ab7e08ba9e0f9f0423,2024-10,Northumbria Police,Northumbria Police,-1.369487,54.892197,On or near Cairo Street,E01008738,Sunderland 016E,Violence and sexual offences,Investigation complete; no suspect identified,
1f89fa0bb0ead3287d3daf09ab15c83e7349c4ceee5e2dc158388ef61261fe8c,2024-10,Northumbria Police,Northumbria Police,-1.368137,54.892756,On or near Canon Cockin Street,E01008738,Sunderland 016E,Violence and sexual offences,Status update unavailable,
31bcc93885ed7e94f8957deb80824af340c60e5c4c823a5c474eacb8921a8586,2024-10,Northumbria Police,Northumbria Police,-1.367572,54.891019,On or near Ashby Street,E01008738,Sunderland 016E,Violence and sexual offences,Status update unavailable,
3140d5ec18d0d706e32834f76c5df069e375b8f8afa5906cf1d566bbe59ed50d,2024-10,Northumbria Police,Northumbria Police,-1.369487,54.892197,On or near Cairo Street,E01008738,Sunderland 016E,Other crime,Status update unavailable,
,2024-10,Northumbria Police,Northumbria Police,-1.383505,54.904338,On or near Holmeside,E01008836,Sunderland 016F,Anti-social behaviour,,
,2024-10,Northumbria Police,Northumbria Police,-1.386967,54.903286,On or near Derwent Street,E01008836,Sunderland 016F,Anti-social behaviour,,
,2024-10,Northumbria Police,Northumbria Police,-1.386967,54.903286,On or near Derwent Street,E01008836,Sunderland 016F,Anti-social behaviour,,
,2024-10,Northumbria Police,Northumbria Police,-1.383505,54.904338,On or near Holmeside,E01008836,Sunderland 016F,Anti-social behaviour,,
,2024-10,Northumbria Police,Northumbria Police,-1.386967,54.903286,On or near Derwent Street,E01008836,Sunderland 016F,Anti-social behaviour,,
,2024-10,Northumbria Police,Northumbria Police,-1.377045,54.901501,On or near Egerton Street,E01008836,Sunderland 016F,Anti-social behaviour,,
,2024-10,Northumbria Police,Northumbria Police,-1.386967,54.903286,On or near Derwent Street,E01008836,Sunderland 016F,Anti-social behaviour,,
,2024-10,Northumbria Police,Northumbria Police,-1.386967,54.903286,On or near Derwent Street,E01008836,Sunderland 016F,Anti-social behaviour,,
,2024-10,Northumbria Police,Northumbria Police,-1.378579,54.903189,On or near B1294,E01008836,Sunderland 016F,Anti-social behaviour,,
,2024-10,Northumbria Police,Northumbria Police,-1.386967,54.903286,On or near Derwent Street,E01008836,Sunderland 016F,Anti-social behaviour,,
,2024-10,Northumbria Police,Northumbria Police,-1.383505,54.904338,On or near Holmeside,E01008836,Sunderland 016F,Anti-social behaviour,,
,2024-10,Northumbria Police,Northumbria Police,-1.386967,54.903286,On or near Derwent Street,E01008836,Sunderland 016F,Anti-social behaviour,,
,2024-10,Northumbria Police,Northumbria Police,-1.386967,54.903286,On or near Derwent Street,E01008836,Sunderland 016F,Anti-social behaviour,,
,2024-10,Northumbria Police,Northumbria Police,-1.378579,54.903189,On or near B1294,E01008836,Sunderland 016F,Anti-social behaviour,,
,2024-10,Northumbria Police,Northumbria Police,-1.386967,54.903286,On or near Derwent Street,E01008836,Sunderland 016F,Anti-social behaviour,,
,2024-10,Northumbria Police,Northumbria Police,-1.386967,54.903286,On or near Derwent Street,E01008836,Sunderland 016F,Anti-social behaviour,,
,2024-10,Northumbria Police,Northumbria Police,-1.376593,54.902523,On or near Churchill Street,E01008836,Sunderland 016F,Anti-social behaviour,,
,2024-10,Northumbria Police,Northumbria Police,-1.378579,54.903189,On or near B1294,E01008836,Sunderland 016F,Anti-social behaviour,,
,2024-10,Northumbria Police,Northumbria Police,-1.386967,54.903286,On or near Derwent Street,E01008836,Sunderland 016F,Anti-social behaviour,,
,2024-10,Northumbria Police,Northumbria Police,-1.383505,54.904338,On or near Holmeside,E01008836,Sunderland 016F,Anti-social behaviour,,
,2024-10,Northumbria Police,Northumbria Police,-1.386967,54.903286,On or near Derwent Street,E01008836,Sunderland 016F,Anti-social behaviour,,
1e36b2f992b1ff46e62f190f3a575aaac75459cd682f872520f2bd994f2f5d14,2024-10,Northumbria Police,Northumbria Police,-1.376568,54.905111,On or near Borough Road,E01008836,Sunderland 016F,Bicycle theft,Investigation complete; no suspect identified,
6a3c4398ac8d8a6517b50a4bb4ebff07481a1be8aab9f71eacd3da8c94034c28,2024-10,Northumbria Police,Northumbria Police,-1.376217,54.903618,On or near Tatham Street Back,E01008836,Sunderland 016F,Burglary,Status update unavailable,
0c9bea45bc9d98b306e7cd3f84b87375467ee6c759b029084a3e176544507752,2024-10,Northumbria Police,Northumbria Police,-1.386967,54.903286,On or near Derwent Street,E01008836,Sunderland 016F,Burglary,Investigation complete; no suspect identified,
48d7264a248e453156a9cf66d3034cd9913f36966144628b2354c2af8a39a033,2024-10,Northumbria Police,Northumbria Police,-1.386967,54.903286,On or near Derwent Street,E01008836,Sunderland 016F,Burglary,Investigation complete; no suspect identified,
5011d1aba0f2e3752d462e22ebb14934c9c896286e61f7e9a7e3fcdca82cde6e,2024-10,Northumbria Police,Northumbria Police,-1.370331,54.904028,On or near Hendon Road,E01008836,Sunderland 016F,Burglary,Investigation complete; no suspect identified,
85017530eb3c330ad5916cfd010f547ca5a2b0061b0da4d1e749e375b4e0ba13,2024-10,Northumbria Police,Northumbria Police,-1.376568,54.905111,On or near Borough Road,E01008836,Sunderland 016F,Burglary,Investigation complete; no suspect identified,
e4c18505891dcfe1a010f58e22c0ad9cbb5dfa346474181414ad4e78ebc3db3d,2024-10,Northumbria Police,Northumbria Police,-1.376843,54.903513,On or near Murton Street,E01008836,Sunderland 016F,Criminal damage and arson,Investigation complete; no suspect identified,
7c08a8723d33cd49d69d92533f80963a0136787f164665cc4d7b9a6956d60a81,2024-10,Northumbria Police,Northumbria Police,-1.377045,54.901501,On or near Egerton Street,E01008836,Sunderland 016F,Criminal damage and arson,Investigation complete; no suspect identified,
46ad803d87767d112e1be0208441345b5fe0ca8f3c6346b18b087e37459586da,2024-10,Northumbria Police,Northumbria Police,-1.376568,54.905111,On or near Borough Road,E01008836,Sunderland 016F,Criminal damage and arson,Status update unavailable,
80447576e7bbfd37db368e8837dce9cd25c7c61bd9df53f481c378b33e4a684e,2024-10,Northumbria Police,Northumbria Police,-1.379943,54.903727,On or near Park/Open Space,E01008836,Sunderland 016F,Criminal damage and arson,Investigation complete; no suspect identified,
77540f7346ebd3d10f7f090163861d97b0467696e339acb10c9b1ade01a12468,2024-10,Northumbria Police,Northumbria Police,-1.378579,54.903189,On or near B1294,E01008836,Sunderland 016F,Criminal damage and arson,Investigation complete; no suspect identified,
fd61ed06a116618786524d64df7a8bf938ec24732fda3f6083d2dbf2ec48038c,2024-10,Northumbria Police,Northumbria Police,-1.378579,54.903189,On or near B1294,E01008836,Sunderland 016F,Drugs,Status update unavailable,
3bf1ab5f3cae8fa0145d59de1a2adea071f388f23d346f008d6d0f686813a0f6,2024-10,Northumbria Police,Northumbria Police,-1.383505,54.904338,On or near Holmeside,E01008836,Sunderland 016F,Drugs,Awaiting court outcome,
8d2ad84d97337e1055b9dd8ff66182789a1dbdcbb71ed6d926275df34eae7c16,2024-10,Northumbria Police,Northumbria Police,-1.386967,54.903286,On or near Derwent Street,E01008836,Sunderland 016F,Drugs,Court result unavailable,
d7f0c8be72fd98c2c6c313541ba14e771bee06417564701534eda98a9ebb958a,2024-10,Northumbria Police,Northumbria Police,-1.386967,54.903286,On or near Derwent Street,E01008836,Sunderland 016F,Other theft,Investigation complete; no suspect identified,
d1908582f3fb005c3b95f312c554c13e6bb708c1534cc47382afbe6f16354fe0,2024-10,Northumbria Police,Northumbria Police,-1.386967,54.903286,On or near Derwent Street,E01008836,Sunderland 016F,Other theft,Investigation complete; no suspect identified,
fd370069b806e9b30d2a996f28f667fed864482223390c242c727c8d43de5830,2024-10,Northumbria Police,Northumbria Police,-1.378579,54.903189,On or near B1294,E01008836,Sunderland 016F,Other theft,Investigation complete; no suspect identified,
380ce9f8c354146e631acc220ab5839a7ccac1a5e96393dc2990c546e76313c2,2024-10,Northumbria Police,Northumbria Police,-1.376568,54.905111,On or near Borough Road,E01008836,Sunderland 016F,Other theft,Investigation complete; no suspect identified,
58dfea7a7fe6bb0694cafab6fed56a01f67eddf0938e5256b80a1460769e8adf,2024-10,Northumbria Police,Northumbria Police,-1.386967,54.903286,On or near Derwent Street,E01008836,Sunderland 016F,Other theft,Status update unavailable,
9b65ed966b9eecd4b55cdc070acf0db17e32a198cc78463e30ed9008de580e1e,2024-10,Northumbria Police,Northumbria Police,-1.383505,54.904338,On or near Holmeside,E01008836,Sunderland 016F,Other theft,Investigation complete; no suspect identified,
84aebee4736f3cdceea9450e4d1d0cfb80f9d8a687d22ba9c4c71ae188ef9ccc,2024-10,Northumbria Police,Northumbria Police,-1.386967,54.903286,On or near Derwent Street,E01008836,Sunderland 016F,Other theft,Investigation complete; no suspect identified,
99a531e924d948ccf243d49701a303705e34a2314e49ae9f706237b73ed3423d,2024-10,Northumbria Police,Northumbria Police,-1.379217,54.904253,On or near Nightclub,E01008836,Sunderland 016F,Other theft,Investigation complete; no suspect identified,
e3154880b1e0a05e6e778252eb720e71e4cbba75ad2eb3fc7ec4065a0067a63f,2024-10,Northumbria Police,Northumbria Police,-1.379217,54.904253,On or near Nightclub,E01008836,Sunderland 016F,Other theft,Investigation complete; no suspect identified,
aa7a958b778bc23d4aa3c81d1706ae5c11b5ebd82f0ea714c99dfc7f87da3a46,2024-10,Northumbria Police,Northumbria Police,-1.371133,54.904643,On or near Besford Grove,E01008836,Sunderland 016F,Public order,Investigation complete; no suspect identified,
af0e0c3722b9832ddde07122ce044087c2138c5af4abb23fc950bdfa8fd059fa,2024-10,Northumbria Police,Northumbria Police,-1.386967,54.903286,On or near Derwent Street,E01008836,Sunderland 016F,Public order,Status update unavailable,
202d8baa7fc5dd8a67c49f9094d8675076cff2aa66d49ccb3b9e6f4dc346389f,2024-10,Northumbria Police,Northumbria Police,-1.383505,54.904338,On or near Holmeside,E01008836,Sunderland 016F,Public order,Investigation complete; no suspect identified,
cb4277ed07e15b9711df11afde11855d4d16d2d573d1f14bf3673faf1f78dcbb,2024-10,Northumbria Police,Northumbria Police,-1.383505,54.904338,On or near Holmeside,E01008836,Sunderland 016F,Public order,Investigation complete; no suspect identified,
247a77012a97b68f3c950118fbe224440a799f0c6827e4f8bcdfa3b463b1a5cb,2024-10,Northumbria Police,Northumbria Police,-1.379217,54.904253,On or near Nightclub,E01008836,Sunderland 016F,Robbery,Status update unavailable,
3c9699352e5918443642e8bbbfa305d566cebc2fe3ae68c329ed5f69e4f9c756,2024-10,Northumbria Police,Northumbria Police,-1.383505,54.904338,On or near Holmeside,E01008836,Sunderland 016F,Shoplifting,Status update unavailable,
ecfd207779cdc2f0de023f4eef3e3f11d38953d979d09d571ad501aeaf8a5a4f,2024-10,Northumbria Police,Northumbria Police,-1.383505,54.904338,On or near Holmeside,E01008836,Sunderland 016F,Shoplifting,Investigation complete; no suspect identified,
15a2c91e3b676c8b83f7c1bbf42c355c6d2462f2fef1521d089d526d58d7b42b,2024-10,Northumbria Police,Northumbria Police,-1.383505,54.904338,On or near Holmeside,E01008836,Sunderland 016F,Shoplifting,Investigation complete; no suspect identified,
1563dc722ceab80f6bad7c544e826886110b87ba20aad9c2e06ed384b5e5e7b4,2024-10,Northumbria Police,Northumbria Police,-1.383505,54.904338,On or near Holmeside,E01008836,Sunderland 016F,Shoplifting,Investigation complete; no suspect identified,
0089c4817e1867212e203ed065d6af0fb46eb6f52adb6a010ea685aa4a6f541f,2024-10,Northumbria Police,Northumbria Police,-1.383505,54.904338,On or near Holmeside,E01008836,Sunderland 016F,Shoplifting,Investigation complete; no suspect identified,
2a4686d8d2805f2d9a8347823079a9cd5de1e82b01bf214ba1b43a70011c5785,2024-10,Northumbria Police,Northumbria Police,-1.383505,54.904338,On or near Holmeside,E01008836,Sunderland 016F,Shoplifting,Investigation complete; no suspect identified,
c11d1ff93175fb2c18fddb01d8e38d60c1c3ff9ac5addd8501fb0de7e772d663,2024-10,Northumbria Police,Northumbria Police,-1.376568,54.905111,On or near Borough Road,E01008836,Sunderland 016F,Shoplifting,Status update unavailable,
7ae32e13f115fb03cd41cc8d241ca7ec42457adc0f1e651ffc57d3e7cad12b79,2024-10,Northumbria Police,Northumbria Police,-1.383505,54.904338,On or near Holmeside,E01008836,Sunderland 016F,Shoplifting,Status update unavailable,
f87ffcdeb201afa4b5a6a2d7f943099658249a06a4c1185f969a461948482c12,2024-10,Northumbria Police,Northumbria Police,-1.386967,54.903286,On or near Derwent Street,E01008836,Sunderland 016F,Theft from the person,Status update unavailable,
33bd4c74f43c2501d5053cec1c95dd94625085a340998b1e5be98a2a4337aaef,2024-10,Northumbria Police,Northumbria Police,-1.376843,54.903513,On or near Murton Street,E01008836,Sunderland 016F,Vehicle crime,Status update unavailable,
7a3e03175715fe5fc11fb32abc4d6dc4c6b3e324a163985982476efb66069fdc,2024-10,Northumbria Police,Northumbria Police,-1.386967,54.903286,On or near Derwent Street,E01008836,Sunderland 016F,Vehicle crime,Investigation complete; no suspect identified,
d6d446afd9ecc4cd79ef4d3877949a56ec1fb19da181b79c38dab866f47d5c0a,2024-10,Northumbria Police,Northumbria Police,-1.383505,54.904338,On or near Holmeside,E01008836,Sunderland 016F,Violence and sexual offences,Investigation complete; no suspect identified,
30eb3c594d39892eb0cdf55e43154866299897bf6957ca27ae160170d6199532,2024-10,Northumbria Police,Northumbria Police,-1.386967,54.903286,On or near Derwent Street,E01008836,Sunderland 016F,Violence and sexual offences,Investigation complete; no suspect identified,
3b6921a9625f95cf07e77c5893e827c58c973ca1200df0430cde3b7eb4afd9d4,2024-10,Northumbria Police,Northumbria Police,-1.386967,54.903286,On or near Derwent Street,E01008836,Sunderland 016F,Violence and sexual offences,Offender given a caution,
ae599e7dcbae04677b775d6771d5679bd0d19b74902f2993b12edeff681d4fab,2024-10,Northumbria Police,Northumbria Police,-1.386967,54.903286,On or near Derwent Street,E01008836,Sunderland 016F,Violence and sexual offences,Investigation complete; no suspect identified,
00e90d3766218857699036f9b15eb786ec95e77fdaca2a54d661cc943b82fa4a,2024-10,Northumbria Police,Northumbria Police,-1.386967,54.903286,On or near Derwent Street,E01008836,Sunderland 016F,Violence and sexual offences,Investigation complete; no suspect identified,
ef6bc145056d7a301c2852e4df92c3b22297b6ad9ce3f6b548b67dd13110295c,2024-10,Northumbria Police,Northumbria Police,-1.383505,54.904338,On or near Holmeside,E01008836,Sunderland 016F,Violence and sexual offences,Investigation complete; no suspect identified,
32c7622c40955a1131a6bde35458c0b9d3c179be02e8579ab9555a60c2b8d193,2024-10,Northumbria Police,Northumbria Police,-1.386967,54.903286,On or near Derwent Street,E01008836,Sunderland 016F,Violence and sexual offences,Investigation complete; no suspect identified,
99ae4d979d6aec51decc0b64701f9503703a6e2981083e6088ff73fd0bffc6b4,2024-10,Northumbria Police,Northumbria Police,-1.386967,54.903286,On or near Derwent Street,E01008836,Sunderland 016F,Violence and sexual offences,Status update unavailable,
9485b0e3d1d3da0b1533801d33011e401847fc51423b555a89830cdec87acb3f,2024-10,Northumbria Police,Northumbria Police,-1.378579,54.903189,On or near B1294,E01008836,Sunderland 016F,Violence and sexual offences,Investigation complete; no suspect identified,
ab7ef9a503f8df291158c8ebe1fca93933b3ae2be691128f5e73b2b8184de8df,2024-10,Northumbria Police,Northumbria Police,-1.376568,54.905111,On or near Borough Road,E01008836,Sunderland 016F,Violence and sexual offences,Investigation complete; no suspect identified,
ed737e473789077ca2f8c63f6500cb774739e257c5a15270a45d4ab647ffe94f,2024-10,Northumbria Police,Northumbria Police,-1.386967,54.903286,On or near Derwent Street,E01008836,Sunderland 016F,Violence and sexual offences,Investigation complete; no suspect identified,
df75706f1b0bafaddc90d0c8a0eb1d568bf30c291936bc557e7ab6411d252918,2024-10,Northumbria Police,Northumbria Police,-1.375610,54.902518,On or near Northcote Avenue,E01008836,Sunderland 016F,Violence and sexual offences,Status update unavailable,
803599a085e62ae5ed0623ef8ecf4015ac96535ce9ff59d1ecbf3186847e2755,2024-10,Northumbria Police,Northumbria Police,-1.386967,54.903286,On or near Derwent Street,E01008836,Sunderland 016F,Violence and sexual offences,Status update unavailable,
1687273f18cbac8adc53cf9a5384852f192684c5463ab774445357adb45d4941,2024-10,Northumbria Police,Northumbria Police,-1.386967,54.903286,On or near Derwent Street,E01008836,Sunderland 016F,Violence and sexual offences,Investigation complete; no suspect identified,
1d1150f4a289d9fb444da2b1299143bfb74b72f4e8861641a8009ae238494e57,2024-10,Northumbria Police,Northumbria Police,-1.386967,54.903286,On or near Derwent Street,E01008836,Sunderland 016F,Violence and sexual offences,Offender given a caution,
85fe805d8f0959dad3759b6abfaeab756a4022ec8e1e07718f4d3403ce1876a7,2024-10,Northumbria Police,Northumbria Police,-1.386967,54.903286,On or near Derwent Street,E01008836,Sunderland 016F,Violence and sexual offences,Investigation complete; no suspect identified,
4cea624f6de66fad13313afcff22eb62bf07eb1e281a608876dafaea9bd0c788,2024-10,Northumbria Police,Northumbria Police,-1.386967,54.903286,On or near Derwent Street,E01008836,Sunderland 016F,Violence and sexual offences,Status update unavailable,
3122972a84f1e5ba2f62fad25085687f0233e9f2cab932e00f231bc3c63f7936,2024-10,Northumbria Police,Northumbria Police,-1.386967,54.903286,On or near Derwent Street,E01008836,Sunderland 016F,Violence and sexual offences,Investigation complete; no suspect identified,
202e443e17e0b8557eec17e40c4ace515f70f70aa1b41b21e4b708e756cb29dc,2024-10,Northumbria Police,Northumbria Police,-1.386967,54.903286,On or near Derwent Street,E01008836,Sunderland 016F,Violence and sexual offences,Investigation complete; no suspect identified,
cacb64187a53b520e6abb1ebcce497c025536963526d1549ab262a7e29072c0f,2024-10,Northumbria Police,Northumbria Police,-1.386967,54.903286,On or near Derwent Street,E01008836,Sunderland 016F,Violence and sexual offences,Investigation complete; no suspect identified,
6514e9d479281479a076db31f6925df29c04ee7411bad34ce31dce28b2710e50,2024-10,Northumbria Police,Northumbria Police,-1.386967,54.903286,On or near Derwent Street,E01008836,Sunderland 016F,Violence and sexual offences,Investigation complete; no suspect identified,
b0945fb8ec296c82e07794e8e87fcedd03be79ecc052d276022561f798278add,2024-10,Northumbria Police,Northumbria Police,-1.386967,54.903286,On or near Derwent Street,E01008836,Sunderland 016F,Violence and sexual offences,Status update unavailable,
6e6e45f06b7e877dc2b06ae51172d8f1af1c9ba34f61875bdfe0c0097e38e504,2024-10,Northumbria Police,Northumbria Police,-1.386967,54.903286,On or near Derwent Street,E01008836,Sunderland 016F,Violence and sexual offences,Investigation complete; no suspect identified,
493c5e7f81e4f41937ce2bf4a54958369ce65f4ee773ca188abd68c2ad8f862e,2024-10,Northumbria Police,Northumbria Police,-1.386967,54.903286,On or near Derwent Street,E01008836,Sunderland 016F,Violence and sexual offences,Investigation complete; no suspect identified,
683c0dee972db9f2c02fcb9ecdf9894b6b4effade1be098b3ed689d32d0a4de9,2024-10,Northumbria Police,Northumbria Police,-1.376568,54.905111,On or near Borough Road,E01008836,Sunderland 016F,Violence and sexual offences,Status update unavailable,
a2aa4b3df2c01f7194b67ae73c1a67c11cad1004d51b1ec55391ec801cf6364d,2024-10,Northumbria Police,Northumbria Police,-1.376056,54.901972,On or near Salisbury Street,E01008836,Sunderland 016F,Violence and sexual offences,Investigation complete; no suspect identified,
ad092d0deb0089787c0841e43073b26c33131d60179abd7a7157265373ae57ab,2024-10,Northumbria Police,Northumbria Police,-1.386967,54.903286,On or near Derwent Street,E01008836,Sunderland 016F,Violence and sexual offences,Court result unavailable,
1f3fc5a0db5ff48f08be61a49a5382e65e15b30519cf46c56541bfeb26f94aa3,2024-10,Northumbria Police,Northumbria Police,-1.376593,54.902523,On or near Churchill Street,E01008836,Sunderland 016F,Violence and sexual offences,Investigation complete; no suspect identified,
7fb2d3714cb3450a728b1103c6ba9a5215a2df9645d27138cb04c7ebe5b93695,2024-10,Northumbria Police,Northumbria Police,-1.386967,54.903286,On or near Derwent Street,E01008836,Sunderland 016F,Violence and sexual offences,Court result unavailable,
bc32c0540a0f76c35308d1a85a8317cae1edf98f0fdf4e75d5c90b6c38d615c1,2024-10,Northumbria Police,Northumbria Police,-1.376568,54.905111,On or near Borough Road,E01008836,Sunderland 016F,Violence and sexual offences,Status update unavailable,
a97f1322efca7dce1bd8fc34e60e1bb5dec974eaca7a7dd3f7a691f50c856b74,2024-10,Northumbria Police,Northumbria Police,-1.386967,54.903286,On or near Derwent Street,E01008836,Sunderland 016F,Violence and sexual offences,Investigation complete; no suspect identified,
ea4cd2245f8c958d8b1d46a3a902ca5e0b9898c2674767b7da2e49987dd3a738,2024-10,Northumbria Police,Northumbria Police,-1.376568,54.905111,On or near Borough Road,E01008836,Sunderland 016F,Violence and sexual offences,Investigation complete; no suspect identified,
578f2a2df83ddcd684d76cb6e992b756c6a1d47809dea3d5a2c1214ec95b0e0e,2024-10,Northumbria Police,Northumbria Police,-1.378579,54.903189,On or near B1294,E01008836,Sunderland 016F,Violence and sexual offences,Investigation complete; no suspect identified,
466e8f16ec60579ea3c3b2ce92667735777c93f28daa9b430926d17fbbc5c5fa,2024-10,Northumbria Police,Northumbria Police,-1.386967,54.903286,On or near Derwent Street,E01008836,Sunderland 016F,Violence and sexual offences,Investigation complete; no suspect identified,
58333783e10ff4162b56878c07d2152f1d6eee921c0f4e3e6ffe1cba902565f2,2024-10,Northumbria Police,Northumbria Police,-1.386967,54.903286,On or near Derwent Street,E01008836,Sunderland 016F,Violence and sexual offences,Investigation complete; no suspect identified,
94b0e9fb194f619df547b29fe2dc00995d5f3040316e0b2d27959b630dd7b9f5,2024-10,Northumbria Police,Northumbria Police,-1.383505,54.904338,On or near Holmeside,E01008836,Sunderland 016F,Violence and sexual offences,Status update unavailable,
5dd0e63e4b26635ea3aaa2ebc814cf2878b84f43fbff880183986f47e8d39863,2024-10,Northumbria Police,Northumbria Police,-1.373564,54.902759,On or near Bishop Morton Grove,E01008836,Sunderland 016F,Violence and sexual offences,Investigation complete; no suspect identified,
f0d09daafdc5767c48ca8f7c2ca5d78607930bf1943e5891a006aa38948c9073,2024-10,Northumbria Police,Northumbria Police,-1.376568,54.905111,On or near Borough Road,E01008836,Sunderland 016F,Violence and sexual offences,Status update unavailable,
0c12ad2f57b219690311af0eb57830d860a37736b52b01e77afebc46e31ecf43,2024-10,Northumbria Police,Northumbria Police,-1.386967,54.903286,On or near Derwent Street,E01008836,Sunderland 016F,Violence and sexual offences,Status update unavailable,
4ac8b84125af525195188aa8186c5cacb7ad1229fb3e00aafb6efb72ceacf309,2024-10,Northumbria Police,Northumbria Police,-1.386967,54.903286,On or near Derwent Street,E01008836,Sunderland 016F,Violence and sexual offences,Investigation complete; no suspect identified,
926cbeda5aff5884e6a07c69d1fde1f4786e17559d3173cd78b2dad98cc0ee7d,2024-10,Northumbria Police,Northumbria Police,-1.383505,54.904338,On or near Holmeside,E01008836,Sunderland 016F,Violence and sexual offences,Investigation complete; no suspect identified,
d522c7c48a935531ad8eadbcab84961b7bbfa22e03e34b695d8ed61197b245be,2024-10,Northumbria Police,Northumbria Police,-1.378579,54.903189,On or near B1294,E01008836,Sunderland 016F,Violence and sexual offences,Investigation complete; no suspect identified,
73e3bf106b59da5033f8dbed963df30c4ea8780a80add08d973da425cd0edb05,2024-10,Northumbria Police,Northumbria Police,-1.386967,54.903286,On or near Derwent Street,E01008836,Sunderland 016F,Violence and sexual offences,Status update unavailable,
6222ccf48a111f42065773c308b347962521b020b9960b8c01bdb374feb2627c,2024-10,Northumbria Police,Northumbria Police,-1.386967,54.903286,On or near Derwent Street,E01008836,Sunderland 016F,Violence and sexual offences,Investigation complete; no suspect identified,
a3a9ab61b08baca37cd92f04a2e5e299fac858b3e8e491d581c0060ae6c24397,2024-10,Northumbria Police,Northumbria Police,-1.376568,54.905111,On or near Borough Road,E01008836,Sunderland 016F,Violence and sexual offences,Status update unavailable,
c3d0ca604c9269f2b0628a5e397eff63b7d1b705b8f456a27a9bb995f42aa38b,2024-10,Northumbria Police,Northumbria Police,-1.376568,54.905111,On or near Borough Road,E01008836,Sunderland 016F,Other crime,Status update unavailable,
2c564793498822c6640b4c1249b35b49346105d6690ffff108b09cf2c898a14f,2024-10,Northumbria Police,Northumbria Police,-1.512503,54.901005,On or near Glebe Crescent,E01008845,Sunderland 017A,Burglary,Investigation complete; no suspect identified,
1bb988c1fa1296f6e5aa63851505fb1902ffb06d8ee8683555d964939331dfe5,2024-10,Northumbria Police,Northumbria Police,-1.512503,54.901005,On or near Glebe Crescent,E01008845,Sunderland 017A,Burglary,Investigation complete; no suspect identified,
f50d3d2e0c8b801f06cb894cccd5aa3030dd3db44b99c1578761d075da49b075,2024-10,Northumbria Police,Northumbria Police,-1.512503,54.901005,On or near Glebe Crescent,E01008845,Sunderland 017A,Burglary,Investigation complete; no suspect identified,
4016fdeacb34bd3d688cf90c4f1d46a534d741fe888d29bf61ac42bb58ec2d3f,2024-10,Northumbria Police,Northumbria Police,-1.511448,54.900552,On or near Avebury Drive,E01008845,Sunderland 017A,Criminal damage and arson,Investigation complete; no suspect identified,
3d2e3e2e6aee109633eb9f5b5d30cbc91c587d84b8413ae03bb7aceaafdb0c4b,2024-10,Northumbria Police,Northumbria Police,-1.513399,54.897873,On or near Parking Area,E01008845,Sunderland 017A,Drugs,Investigation complete; no suspect identified,
a59903c4e29a7b78d946042e32d048b12234b7f45d806deebb25bf51513c1276,2024-10,Northumbria Police,Northumbria Police,-1.508560,54.894447,On or near Brady Square,E01008845,Sunderland 017A,Public order,Investigation complete; no suspect identified,
534e2dd2867f06bf91835291348cab95647af7be374636ce1ec8a1ccf3dac4cf,2024-10,Northumbria Police,Northumbria Police,-1.513399,54.897873,On or near Parking Area,E01008845,Sunderland 017A,Robbery,Investigation complete; no suspect identified,
948f10794b02f126acdcff42f580fe99da3a9be4785ea08699c121dea656f99c,2024-10,Northumbria Police,Northumbria Police,-1.513399,54.897873,On or near Parking Area,E01008845,Sunderland 017A,Violence and sexual offences,Investigation complete; no suspect identified,
95a682f09c913e41c27ac1d38a6a388cd6f201baf29488dbc7587070ee032c1a,2024-10,Northumbria Police,Northumbria Police,-1.513399,54.897873,On or near Parking Area,E01008845,Sunderland 017A,Violence and sexual offences,Status update unavailable,
3c815015937d044957fd1fd9b1b29f4f56514289674ecec65df9754b40f8c699,2024-10,Northumbria Police,Northumbria Police,-1.508466,54.902193,On or near Parking Area,E01008846,Sunderland 017B,Criminal damage and arson,Investigation complete; no suspect identified,
d89cecbfa4092577616ea61cbfe0f27701b8a2ced65549fdd382224e57c278ec,2024-10,Northumbria Police,Northumbria Police,-1.503583,54.903548,On or near Stockley Road,E01008846,Sunderland 017B,Criminal damage and arson,Investigation complete; no suspect identified,
7f460eaba824341413042595935e27331a36addbb7e9e9369a02b534129e51e9,2024-10,Northumbria Police,Northumbria Police,-1.508714,54.903533,On or near Thornhope Close,E01008846,Sunderland 017B,Vehicle crime,Status update unavailable,
d093592be3fd87a19236fdc5a2d874bcacbb0fb5e37640a3cf1f2353133506c3,2024-10,Northumbria Police,Northumbria Police,-1.508466,54.902193,On or near Parking Area,E01008846,Sunderland 017B,Violence and sexual offences,Status update unavailable,
dd316599eb78a21e2e893d40ead7e99c04baae69a8cbba4d1529cdab759b6edd,2024-10,Northumbria Police,Northumbria Police,-1.508466,54.902193,On or near Parking Area,E01008846,Sunderland 017B,Violence and sexual offences,Status update unavailable,
5233471cd6ab142367cf72ec0e37559e58f6c766062ac5232fe2fa7c330c382c,2024-10,Northumbria Police,Northumbria Police,-1.508466,54.902193,On or near Parking Area,E01008846,Sunderland 017B,Violence and sexual offences,Status update unavailable,
3d6bf035bbd330a9d3f7d8dbe2a83b6d1c1bb3ecd1e331a8b4fdd23313711e92,2024-10,Northumbria Police,Northumbria Police,-1.503583,54.903548,On or near Stockley Road,E01008846,Sunderland 017B,Violence and sexual offences,Status update unavailable,
911c6e7cc1d709baef29b5508c74d5c567f573561cdecdafae08ca723700260f,2024-10,Northumbria Police,Northumbria Police,-1.503583,54.903548,On or near Stockley Road,E01008846,Sunderland 017B,Violence and sexual offences,Status update unavailable,
,2024-10,Northumbria Police,Northumbria Police,-1.501735,54.902050,On or near Sports/Recreation Area,E01008847,Sunderland 017C,Anti-social behaviour,,
d957dfb1d7dbcb07fb65bebe160e0b8044b975e307e9703b13968eac3c599329,2024-10,Northumbria Police,Northumbria Police,-1.501735,54.902050,On or near Sports/Recreation Area,E01008847,Sunderland 017C,Public order,Court result unavailable,
9a4694ded444607f4a9d8e56aa4ba3559280b182282a6ca345865c3538f8bdb9,2024-10,Northumbria Police,Northumbria Police,-1.503614,54.901068,On or near Waskerley Road,E01008847,Sunderland 017C,Violence and sexual offences,Status update unavailable,
0fe9f4608a992a29c08bb8c25f12e21b7e307f04c3afbce1f203a697cbbca426,2024-10,Northumbria Police,Northumbria Police,-1.501735,54.902050,On or near Sports/Recreation Area,E01008847,Sunderland 017C,Violence and sexual offences,Investigation complete; no suspect identified,
714aca105993d6e2638e175c27e24e27c6a643e02319dc50f09777f6f9f34209,2024-10,Northumbria Police,Northumbria Police,-1.502052,54.900046,On or near Horsley Road,E01008847,Sunderland 017C,Violence and sexual offences,Status update unavailable,
,2024-10,Northumbria Police,Northumbria Police,-1.508824,54.895796,On or near Lowthian Terrace,E01008851,Sunderland 017E,Anti-social behaviour,,
,2024-10,Northumbria Police,Northumbria Police,-1.505371,54.895081,On or near Barmston Close,E01008851,Sunderland 017E,Anti-social behaviour,,
3c71e73669c9049b102226e817cef697c760420c8703b81c5800c5fe222abbd1,2024-10,Northumbria Police,Northumbria Police,-1.505100,54.895638,On or near Lakeside Gardens,E01008851,Sunderland 017E,Burglary,Investigation complete; no suspect identified,
0ef7de193d8ecb8cd635e555f19679f7b831d296cafbbb268adcfdf96db4f9f7,2024-10,Northumbria Police,Northumbria Police,-1.511974,54.893212,On or near Raeburn Avenue,E01008851,Sunderland 017E,Criminal damage and arson,Investigation complete; no suspect identified,
2997e1e3a6ea8873436c59f6b992044954de4ea997936799219d17b0c90d96d1,2024-10,Northumbria Police,Northumbria Police,-1.506434,54.893639,On or near Swan Road,E01008851,Sunderland 017E,Drugs,Investigation complete; no suspect identified,
23e3eb61dbd9f4fda6c3564a41a52b348f14aa5851459e37836f0ee6ebdf3732,2024-10,Northumbria Police,Northumbria Police,-1.506434,54.893639,On or near Swan Road,E01008851,Sunderland 017E,Other theft,Status update unavailable,
e0a59b7c54ccc40e82e3d6655b4dc0a9f69204e694f22901c96c06a4829911f6,2024-10,Northumbria Police,Northumbria Police,-1.508824,54.895796,On or near Lowthian Terrace,E01008851,Sunderland 017E,Public order,Local resolution,
22f8bc4914e2700754c0c47d17f0ce5bf82722fb0311b051cdb198c3b7b8e6af,2024-10,Northumbria Police,Northumbria Police,-1.508824,54.895796,On or near Lowthian Terrace,E01008851,Sunderland 017E,Public order,Status update unavailable,
4f060899ecb307233c7fb5fb3bfc7f76e7f14f0bbc4814aa4f3775a864c1c22b,2024-10,Northumbria Police,Northumbria Police,-1.513059,54.893702,On or near Morland Avenue,E01008851,Sunderland 017E,Violence and sexual offences,Investigation complete; no suspect identified,
5a0d758d3ccc66cac6d29a91973ec471e2f34acdec23322cd39c458c408b7cc8,2024-10,Northumbria Police,Northumbria Police,-1.506434,54.893639,On or near Swan Road,E01008851,Sunderland 017E,Violence and sexual offences,Status update unavailable,
f0a504827741cb31d057790dba03d6c7db021431120a8b872f06f19312c4298f,2024-10,Northumbria Police,Northumbria Police,-1.506434,54.893639,On or near Swan Road,E01008851,Sunderland 017E,Violence and sexual offences,Status update unavailable,
,2024-10,Northumbria Police,Northumbria Police,-1.500020,54.896641,On or near Appleby Close,E01034515,Sunderland 017F,Anti-social behaviour,,
68a0d4eb8cbf05696dfb92fa551f20c9bf73cad419ff17c17e423345a811d97e,2024-10,Northumbria Police,Northumbria Police,-1.502818,54.897354,On or near The Willows,E01034515,Sunderland 017F,Vehicle crime,Investigation complete; no suspect identified,
,2024-10,Northumbria Police,Northumbria Police,-1.512570,54.890285,On or near Delton Close,E01034516,Sunderland 017G,Anti-social behaviour,,
,2024-10,Northumbria Police,Northumbria Police,-1.494423,54.892790,On or near Dovestone Close,E01034516,Sunderland 017G,Anti-social behaviour,,
f7c63e5a1899b8ec11499474a4ff9c7beea90ec57ea9c972ddf3745b9c104723,2024-10,Northumbria Police,Northumbria Police,-1.501731,54.891921,On or near Stratford Road,E01034516,Sunderland 017G,Vehicle crime,Investigation complete; no suspect identified,
802f48d38c0cce0ebac690160c60bf7479425ee823271c7646f3e6fb8bdae29e,2024-10,Northumbria Police,Northumbria Police,-1.478141,54.906461,On or near Parking Area,E01034516,Sunderland 017G,Vehicle crime,Investigation complete; no suspect identified,
e4c930c37c4dfde0392a2d1a60d91778d4a6e358f2f146ac15c2e7a7e36c4064,2024-10,Northumbria Police,Northumbria Police,-1.501916,54.894564,On or near Stirling Close,E01034516,Sunderland 017G,Vehicle crime,Status update unavailable,
807d33a00139a3b946857e36d2e62d4161df1155e1ec1b28dade5cce553802fa,2024-10,Northumbria Police,Northumbria Police,-1.493799,54.897847,On or near Lydcott,E01034516,Sunderland 017G,Violence and sexual offences,Investigation complete; no suspect identified,
3fb44bc1c0e097fed2866dae22d64777549ff871542374285d7b43882e4d0a38,2024-10,Northumbria Police,Northumbria Police,-1.497224,54.892038,On or near Hebden Court,E01034516,Sunderland 017G,Violence and sexual offences,Status update unavailable,
baea6271c7716d628bb8cbf312ffb4c6eff1ec91ab3ca7212de950410b1414e4,2024-10,Northumbria Police,Northumbria Police,-1.497700,54.895104,On or near Rockingham Drive,E01034516,Sunderland 017G,Violence and sexual offences,Status update unavailable,
,2024-10,Northumbria Police,Northumbria Police,-1.409116,54.894490,On or near Park/Open Space,E01008760,Sunderland 018A,Anti-social behaviour,,
,2024-10,Northumbria Police,Northumbria Police,-1.409116,54.894490,On or near Park/Open Space,E01008760,Sunderland 018A,Anti-social behaviour,,
36467f6be5e34383c4447f14affaf8734d78764df73937e9f047372bc2623074,2024-10,Northumbria Police,Northumbria Police,-1.409237,54.897995,On or near Cleveland Road,E01008760,Sunderland 018A,Criminal damage and arson,Investigation complete; no suspect identified,
e84712ec728e76e4a33d3d19f1930d8add53e77cf54f53b3e685c146c4915e7a,2024-10,Northumbria Police,Northumbria Police,-1.409023,54.896583,On or near Mount Road,E01008760,Sunderland 018A,Criminal damage and arson,Investigation complete; no suspect identified,
d8811b5b787c89b0a63fb68925f65f6d1c5ed104d2fb94c0bb1e6e38383e8079,2024-10,Northumbria Police,Northumbria Police,-1.410426,54.895539,On or near Barnes View,E01008760,Sunderland 018A,Drugs,Investigation complete; no suspect identified,
0d88d821eb7cf9ff48d929d6d5dae112ce979b0a68adc1c712f1164e16bc661f,2024-10,Northumbria Police,Northumbria Police,-1.409237,54.897995,On or near Cleveland Road,E01008760,Sunderland 018A,Vehicle crime,Investigation complete; no suspect identified,
8543f492a40cb65f7c6af4037e417646f2bf5502c9a90177c252069270a10575,2024-10,Northumbria Police,Northumbria Police,-1.413817,54.896103,On or near Kitchener Street,E01008760,Sunderland 018A,Violence and sexual offences,Offender given a caution,
9de0f85f2d95b00ab1e292884961001e88f4000ac5d7696e6673d95f9a3a859d,2024-10,Northumbria Police,Northumbria Police,-1.409237,54.897995,On or near Cleveland Road,E01008760,Sunderland 018A,Violence and sexual offences,Investigation complete; no suspect identified,
76d76a9b4b08226a25e61ab160bda95ce0221bd4907a38a0b946d952120fa35d,2024-10,Northumbria Police,Northumbria Police,-1.409237,54.897995,On or near Cleveland Road,E01008760,Sunderland 018A,Violence and sexual offences,Investigation complete; no suspect identified,
,2024-10,Northumbria Police,Northumbria Police,-1.396231,54.900178,On or near Oakwood Street,E01008830,Sunderland 018B,Anti-social behaviour,,
,2024-10,Northumbria Police,Northumbria Police,-1.398997,54.899769,On or near Beachcross Road,E01008830,Sunderland 018B,Anti-social behaviour,,
,2024-10,Northumbria Police,Northumbria Police,-1.399260,54.897812,On or near Wearhead Drive,E01008830,Sunderland 018B,Anti-social behaviour,,
,2024-10,Northumbria Police,Northumbria Police,-1.398997,54.899769,On or near Beachcross Road,E01008830,Sunderland 018B,Anti-social behaviour,,
,2024-10,Northumbria Police,Northumbria Police,-1.398997,54.899769,On or near Beachcross Road,E01008830,Sunderland 018B,Anti-social behaviour,,
31c343ac845c602b680d9fb974bcd8cee83c295bf4ffdd0384ae87cb3857ea49,2024-10,Northumbria Police,Northumbria Police,-1.399139,54.901738,On or near Thelma Street,E01008830,Sunderland 018B,Burglary,Status update unavailable,
c0af16d64f5696df24c09b3934705d498f54ea6635444e3b65d676305abaea08,2024-10,Northumbria Police,Northumbria Police,-1.401135,54.901748,On or near Stewart Street,E01008830,Sunderland 018B,Burglary,Investigation complete; no suspect identified,
d450730f03b1f351ead68560c87784a00a24898ffa5ce9f76621100c213b0d1e,2024-10,Northumbria Police,Northumbria Police,-1.400848,54.898997,On or near Hunters Hall Road,E01008830,Sunderland 018B,Criminal damage and arson,Investigation complete; no suspect identified,
bfbf246bc46b73a60d7b351b6938d316ad5947eab90767e271c21f9cadaa10e0,2024-10,Northumbria Police,Northumbria Police,-1.397325,54.902044,On or near Western Hill,E01008830,Sunderland 018B,Drugs,Status update unavailable,
6cfcdc6a3dc6d5fde6c9a9f1dd5f4bff6f476b03e4c2cfe39ac63cbc32f89da4,2024-10,Northumbria Police,Northumbria Police,-1.398997,54.899769,On or near Beachcross Road,E01008830,Sunderland 018B,Other theft,Investigation complete; no suspect identified,
eafcff9c275e87b27e5831645e731cf6dbf29fb1a9d47a24a7a01e52ad7e668a,2024-10,Northumbria Police,Northumbria Police,-1.401135,54.901748,On or near Stewart Street,E01008830,Sunderland 018B,Public order,Status update unavailable,
14171e28aa2f940a20f6cc42c157aade52ca8492bf70d1f6529f9fab5d78ae0f,2024-10,Northumbria Police,Northumbria Police,-1.396231,54.900178,On or near Oakwood Street,E01008830,Sunderland 018B,Public order,Status update unavailable,
9df94670f53b56bf0e482307428aeed1f9f7c1fa24dcdcad2fabbe39cac0b645,2024-10,Northumbria Police,Northumbria Police,-1.397325,54.902044,On or near Western Hill,E01008830,Sunderland 018B,Public order,Status update unavailable,
e152e3703b317b16f4b27b19ef17bb1aa98a68ce58d5accd291e2aba3201f44e,2024-10,Northumbria Police,Northumbria Police,-1.401135,54.901748,On or near Stewart Street,E01008830,Sunderland 018B,Vehicle crime,Investigation complete; no suspect identified,
6e778961f874fb9fd7d9655dc6533ed70bab49fa7c02494136a72ae18f1eb0c1,2024-10,Northumbria Police,Northumbria Police,-1.401424,54.898038,On or near Nesburn Road,E01008830,Sunderland 018B,Vehicle crime,Investigation complete; no suspect identified,
3af09f218760f6ba46d7b9d1251a3ff2a406eae51ef8b7f0d08ee4fad928192c,2024-10,Northumbria Police,Northumbria Police,-1.397325,54.902044,On or near Western Hill,E01008830,Sunderland 018B,Violence and sexual offences,Investigation complete; no suspect identified,
48ed3b54e14db8b11b2c8402e7df6488f8330a0da132726e93a0d612af89b91e,2024-10,Northumbria Police,Northumbria Police,-1.397325,54.902044,On or near Western Hill,E01008830,Sunderland 018B,Violence and sexual offences,Investigation complete; no suspect identified,
f3b745de1149f806c8ec89f4223f60845dfd2258e10806b6296f9d4b2fc88bc5,2024-10,Northumbria Police,Northumbria Police,-1.400848,54.898997,On or near Hunters Hall Road,E01008830,Sunderland 018B,Violence and sexual offences,Status update unavailable,
efb199b46b24721381ac1448bc3316275ed9c075323608679893b779e10f75d1,2024-10,Northumbria Police,Northumbria Police,-1.398997,54.899769,On or near Beachcross Road,E01008830,Sunderland 018B,Violence and sexual offences,Investigation complete; no suspect identified,
2cd8c7d1193ba9bbf4c0e0352c732121766f1be4433e1ebc286a3757eb34af58,2024-10,Northumbria Police,Northumbria Police,-1.397325,54.902044,On or near Western Hill,E01008830,Sunderland 018B,Violence and sexual offences,Status update unavailable,
,2024-10,Northumbria Police,Northumbria Police,-1.403402,54.901346,On or near Wolseley Terrace,E01008832,Sunderland 018C,Anti-social behaviour,,
,2024-10,Northumbria Police,Northumbria Police,-1.399252,54.900418,On or near Vale Street East,E01008832,Sunderland 018C,Anti-social behaviour,,
,2024-10,Northumbria Police,Northumbria Police,-1.399252,54.900418,On or near Vale Street East,E01008832,Sunderland 018C,Anti-social behaviour,,
,2024-10,Northumbria Police,Northumbria Police,-1.399252,54.900418,On or near Vale Street East,E01008832,Sunderland 018C,Anti-social behaviour,,
,2024-10,Northumbria Police,Northumbria Police,-1.399619,54.900905,On or near Hutton Street,E01008832,Sunderland 018C,Anti-social behaviour,,
,2024-10,Northumbria Police,Northumbria Police,-1.401172,54.900283,On or near Ingleby Terrace,E01008832,Sunderland 018C,Anti-social behaviour,,
,2024-10,Northumbria Police,Northumbria Police,-1.400001,54.900421,On or near Vale Street,E01008832,Sunderland 018C,Anti-social behaviour,,
,2024-10,Northumbria Police,Northumbria Police,-1.399619,54.900905,On or near Hutton Street,E01008832,Sunderland 018C,Anti-social behaviour,,
,2024-10,Northumbria Police,Northumbria Police,-1.400001,54.900421,On or near Vale Street,E01008832,Sunderland 018C,Anti-social behaviour,,
,2024-10,Northumbria Police,Northumbria Police,-1.405076,54.899889,On or near General Graham Street,E01008832,Sunderland 018C,Anti-social behaviour,,
,2024-10,Northumbria Police,Northumbria Police,-1.400001,54.900421,On or near Vale Street,E01008832,Sunderland 018C,Anti-social behaviour,,
,2024-10,Northumbria Police,Northumbria Police,-1.400001,54.900421,On or near Vale Street,E01008832,Sunderland 018C,Anti-social behaviour,,
,2024-10,Northumbria Police,Northumbria Police,-1.399252,54.900418,On or near Vale Street East,E01008832,Sunderland 018C,Anti-social behaviour,,
,2024-10,Northumbria Police,Northumbria Police,-1.399252,54.900418,On or near Vale Street East,E01008832,Sunderland 018C,Anti-social behaviour,,
,2024-10,Northumbria Police,Northumbria Police,-1.399252,54.900418,On or near Vale Street East,E01008832,Sunderland 018C,Anti-social behaviour,,
,2024-10,Northumbria Police,Northumbria Police,-1.401166,54.899672,On or near Pendle Green,E01008832,Sunderland 018C,Anti-social behaviour,,
afe87a932f82226b6502c83ac8f565ea5adb05c0c947c54133f7098fdc55515a,2024-10,Northumbria Police,Northumbria Police,-1.403402,54.901346,On or near Wolseley Terrace,E01008832,Sunderland 018C,Burglary,Status update unavailable,
149925e05911542851dcc92b9019f025c7f18113905b876a69ebca2f5ce3c0e7,2024-10,Northumbria Police,Northumbria Police,-1.401916,54.901662,On or near High Barnes Terrace,E01008832,Sunderland 018C,Burglary,Investigation complete; no suspect identified,
9dc876f471f861c281688dc635aafb0b0772c4c79513d059ec0616a12ec1db59,2024-10,Northumbria Police,Northumbria Police,-1.401166,54.899672,On or near Pendle Green,E01008832,Sunderland 018C,Criminal damage and arson,Investigation complete; no suspect identified,
fe3c02d45278acd3666379e69e16381b1f74ddf56ebc25702ee67b52897af9c9,2024-10,Northumbria Police,Northumbria Police,-1.402651,54.901504,On or near Burnaby Street,E01008832,Sunderland 018C,Criminal damage and arson,Investigation complete; no suspect identified,
ab6a3467337959a89225f64a5cebac2e2cf14f6aa403f458d283d8d62f3afe89,2024-10,Northumbria Police,Northumbria Police,-1.403402,54.901346,On or near Wolseley Terrace,E01008832,Sunderland 018C,Criminal damage and arson,Investigation complete; no suspect identified,
fc7eca577e8127babc122c0a592afdf88d728533447c68c3434a217c63822920,2024-10,Northumbria Police,Northumbria Police,-1.403402,54.901346,On or near Wolseley Terrace,E01008832,Sunderland 018C,Criminal damage and arson,Court result unavailable,
2a544bbfdd94ba9e2743fb71ef0fe3fee4210ad50745b4526368cbca29652984,2024-10,Northumbria Police,Northumbria Police,-1.403402,54.901346,On or near Wolseley Terrace,E01008832,Sunderland 018C,Public order,Investigation complete; no suspect identified,
8941d859b512553e4fd7c30fea0374269e6ba9abc95c1df689e098c23c84fabe,2024-10,Northumbria Police,Northumbria Police,-1.403402,54.901346,On or near Wolseley Terrace,E01008832,Sunderland 018C,Robbery,Suspect charged as part of another case,
0e0d8d7b8d76375b246f65a737f21f719ad2252990a169b21ff4d29b5155ba57,2024-10,Northumbria Police,Northumbria Police,-1.403402,54.901346,On or near Wolseley Terrace,E01008832,Sunderland 018C,Shoplifting,Investigation complete; no suspect identified,
0c43d09bec97c444d83e9093b27cf7e27493c174c5b07b49ffcc3da42ea6690d,2024-10,Northumbria Police,Northumbria Police,-1.404980,54.901156,On or near Co-Operative Terrace,E01008832,Sunderland 018C,Vehicle crime,Investigation complete; no suspect identified,
9c4ee78b31b6fc3bd26602a4f7d2a2b646e5a889d60d7c5bc20238bb6e722aa9,2024-10,Northumbria Police,Northumbria Police,-1.399619,54.900905,On or near Hutton Street,E01008832,Sunderland 018C,Vehicle crime,Investigation complete; no suspect identified,
249455656fcc1cab41253cfec6af62c314e179452b9ae9091c7a99e9fa230c7c,2024-10,Northumbria Police,Northumbria Police,-1.400001,54.900421,On or near Vale Street,E01008832,Sunderland 018C,Vehicle crime,Investigation complete; no suspect identified,
7ca152d642e2e67898bae612b690f7f8b628202adec07ec80b4781f6afc4631a,2024-10,Northumbria Police,Northumbria Police,-1.402651,54.901504,On or near Burnaby Street,E01008832,Sunderland 018C,Vehicle crime,Investigation complete; no suspect identified,
e8cd5220dbd9b5f8a0027233dedb4d7beb6d1bc4066f1f3c17624cdf4e5b8b3d,2024-10,Northumbria Police,Northumbria Police,-1.399619,54.900905,On or near Hutton Street,E01008832,Sunderland 018C,Violence and sexual offences,Status update unavailable,
14eaa041341d748fed2ac74099efff37a8d5c3e6042d245583396b9f8569c1f4,2024-10,Northumbria Police,Northumbria Police,-1.405076,54.899889,On or near General Graham Street,E01008832,Sunderland 018C,Violence and sexual offences,Investigation complete; no suspect identified,
64a1224e204a642768046eccec32a95eb194a894ccb26e55f86c59199d8a34f1,2024-10,Northumbria Police,Northumbria Police,-1.401916,54.901662,On or near High Barnes Terrace,E01008832,Sunderland 018C,Violence and sexual offences,Investigation complete; no suspect identified,
0e242a3593ddea6682fc1ff389dc4798db13e6b701a605caacb08552dd7c6b8f,2024-10,Northumbria Police,Northumbria Police,-1.399619,54.900905,On or near Hutton Street,E01008832,Sunderland 018C,Violence and sexual offences,Investigation complete; no suspect identified,
74107e21798c008105d0d11ae24c746d70e0b5bcb0d051c9f25041b19ea04605,2024-10,Northumbria Police,Northumbria Police,-1.406225,54.899176,On or near Chatsworth Street,E01008832,Sunderland 018C,Violence and sexual offences,Status update unavailable,
,2024-10,Northumbria Police,Northumbria Police,-1.404880,54.898432,On or near Queen'S Crescent,E01008833,Sunderland 018D,Anti-social behaviour,,
,2024-10,Northumbria Police,Northumbria Police,-1.408431,54.898692,On or near Ormonde Street,E01008833,Sunderland 018D,Anti-social behaviour,,
fad93a453ca08762fe6aab9fb1a4e66d2541dde372ce51c8416f7426d96747a0,2024-10,Northumbria Police,Northumbria Police,-1.408431,54.898692,On or near Ormonde Street,E01008833,Sunderland 018D,Burglary,Investigation complete; no suspect identified,
db81202f709e121ef3bb522a34c902fa5e4a3780199ad0fdf80d0c3e429d8a97,2024-10,Northumbria Police,Northumbria Police,-1.403707,54.897609,On or near Cranford Terrace,E01008833,Sunderland 018D,Criminal damage and arson,Status update unavailable,
a809e149cf13d98e66ea9a203ff359fc77ce14ac5eba9370c8ff63b1dcb385c6,2024-10,Northumbria Police,Northumbria Police,-1.405126,54.896537,On or near Mount Grove,E01008833,Sunderland 018D,Other theft,Investigation complete; no suspect identified,
d0ee99481761eec39a8c9ec13d29ac670b589fe1de0fc319de3c5db614a8b751,2024-10,Northumbria Police,Northumbria Police,-1.408431,54.898692,On or near Ormonde Street,E01008833,Sunderland 018D,Other theft,Investigation complete; no suspect identified,
075d9254060364d9a893cd4acf9d343e19c46028bd418727f84b0ebc8e7b77c2,2024-10,Northumbria Police,Northumbria Police,-1.405126,54.896537,On or near Mount Grove,E01008833,Sunderland 018D,Public order,Investigation complete; no suspect identified,
a7d0a273f1b792b0064a4044bcec6728e136d3dcefe6dcdf206d7d4a3b4c0bc6,2024-10,Northumbria Police,Northumbria Police,-1.408431,54.898692,On or near Ormonde Street,E01008833,Sunderland 018D,Vehicle crime,Investigation complete; no suspect identified,
6efdefc14bd06e3e4639283ec5e8d12eb19aa0fd51d9ca4eb314e208f0cb31b5,2024-10,Northumbria Police,Northumbria Police,-1.405126,54.896537,On or near Mount Grove,E01008833,Sunderland 018D,Vehicle crime,Investigation complete; no suspect identified,
d96574a04fafd017469b272e1950da69d1047c03ee3420b4d4a292b08b102af5,2024-10,Northumbria Police,Northumbria Police,-1.408431,54.898692,On or near Ormonde Street,E01008833,Sunderland 018D,Vehicle crime,Investigation complete; no suspect identified,
9fa76ec45be8264cc764e0a0d4c26e20b05aa315ce1fc892bad23c5840687149,2024-10,Northumbria Police,Northumbria Police,-1.407877,54.900352,On or near Greta Terrace,E01008833,Sunderland 018D,Vehicle crime,Investigation complete; no suspect identified,
77a0164f487315db8e6a5d2192f4a706ee81b8e162156c7323301b6e6be28cd8,2024-10,Northumbria Police,Northumbria Police,-1.403707,54.897609,On or near Cranford Terrace,E01008833,Sunderland 018D,Violence and sexual offences,Status update unavailable,
56211f99ccb8fb321f4062970dae4ecbf5602b445050046ca112eeba99f743d5,2024-10,Northumbria Police,Northumbria Police,-1.408671,54.900401,On or near Brinkburn Street,E01008833,Sunderland 018D,Violence and sexual offences,Status update unavailable,
8f84db35578952b0f7ef31cd4255334478dc5d343cde5df9edf8ef57cc868f1a,2024-10,Northumbria Police,Northumbria Police,-1.403707,54.897609,On or near Cranford Terrace,E01008833,Sunderland 018D,Violence and sexual offences,Status update unavailable,
,2024-10,Northumbria Police,Northumbria Police,-1.523165,54.893463,On or near Easby Road,E01008843,Sunderland 019A,Anti-social behaviour,,
,2024-10,Northumbria Police,Northumbria Police,-1.512880,54.891751,On or near Freesia Grange,E01008843,Sunderland 019A,Anti-social behaviour,,
9dc95b9d36b17f411550f0841723d6e0141fd95a678559139ab6e24ce5637db8,2024-10,Northumbria Police,Northumbria Police,-1.523165,54.893463,On or near Easby Road,E01008843,Sunderland 019A,Shoplifting,Investigation complete; no suspect identified,
3599a1c812eb18ad28c2413c814d5834cd91f11ba83c1f03822c600cebe9821c,2024-10,Northumbria Police,Northumbria Police,-1.520030,54.893577,On or near Glastonbury,E01008843,Sunderland 019A,Vehicle crime,Investigation complete; no suspect identified,
2fe4bc4084f6422fd398e835f4ca109749a20cc3b4b58faaeaf19d8021033427,2024-10,Northumbria Police,Northumbria Police,-1.524573,54.894430,On or near Waltham,E01008843,Sunderland 019A,Violence and sexual offences,Status update unavailable,
35e64efde8fa647aa95a0ea35dbac8104d86f4c6d95491de4fe17a981abec7a1,2024-10,Northumbria Police,Northumbria Police,-1.523165,54.893463,On or near Easby Road,E01008843,Sunderland 019A,Violence and sexual offences,Investigation complete; no suspect identified,
e1870679bf1f4d3889aedf7dc7bc48ac53dbae6a10abfe7048fae74a453b8d6b,2024-10,Northumbria Police,Northumbria Police,-1.515702,54.893056,On or near Biddick Villas,E01008843,Sunderland 019A,Violence and sexual offences,Status update unavailable,
f7b37b23be8dd9bf8be505fa2be3322251927998b0a14dcc86df602de49df574,2024-10,Northumbria Police,Northumbria Police,-1.515702,54.893056,On or near Biddick Villas,E01008843,Sunderland 019A,Violence and sexual offences,Status update unavailable,
0d3975f49700af5c06fa9a5435292a02563a4efe351f553f45ae3cc914636078,2024-10,Northumbria Police,Northumbria Police,-1.523165,54.893463,On or near Easby Road,E01008843,Sunderland 019A,Violence and sexual offences,Status update unavailable,
403c35c0005080549e67c254563b62dc225d7ce2258397b4a7bbb9ed41872d81,2024-10,Northumbria Police,Northumbria Police,-1.515702,54.893056,On or near Biddick Villas,E01008843,Sunderland 019A,Violence and sexual offences,Investigation complete; no suspect identified,
,2024-10,Northumbria Police,Northumbria Police,-1.534521,54.902494,On or near Parking Area,E01008844,Sunderland 019B,Anti-social behaviour,,
,2024-10,Northumbria Police,Northumbria Police,-1.527536,54.902305,On or near Byland Court,E01008844,Sunderland 019B,Anti-social behaviour,,
,2024-10,Northumbria Police,Northumbria Police,-1.519330,54.902605,On or near Liberty Green,E01008844,Sunderland 019B,Anti-social behaviour,,
e99e94134b052293afe87f47848ebd04ca0333244dea687c52250c7c89029b0a,2024-10,Northumbria Police,Northumbria Police,-1.522188,54.904890,On or near Richmond Avenue,E01008844,Sunderland 019B,Burglary,Investigation complete; no suspect identified,
6b5d76732eb30a505e0cec5e9b9a3e7ee1675acc6ab0a2e0d7451bc7e890111c,2024-10,Northumbria Police,Northumbria Police,-1.534521,54.902494,On or near Parking Area,E01008844,Sunderland 019B,Shoplifting,Status update unavailable,
7e2c51d3ef0fba8c8d58d4c64ec435da3b63b8ceb7615fd74c4d8e3de33653a7,2024-10,Northumbria Police,Northumbria Police,-1.534521,54.902494,On or near Parking Area,E01008844,Sunderland 019B,Shoplifting,Status update unavailable,
948a53aa9c21017cdac7b86049439e96578346986e52380857afd83ab9cdaed6,2024-10,Northumbria Police,Northumbria Police,-1.529794,54.903985,On or near Supermarket,E01008844,Sunderland 019B,Shoplifting,Investigation complete; no suspect identified,
314d8578d1b43b60f89404605ddb3c7d3d31f17a9dc0c48e93aaaeba2205f98f,2024-10,Northumbria Police,Northumbria Police,-1.534521,54.902494,On or near Parking Area,E01008844,Sunderland 019B,Shoplifting,Court result unavailable,
b0a8ca8b751e3a1807132cbc5a48d52551fbcf0688f8eea0dc641e33896878b4,2024-10,Northumbria Police,Northumbria Police,-1.529794,54.903985,On or near Supermarket,E01008844,Sunderland 019B,Shoplifting,Investigation complete; no suspect identified,
370c21904a6c37d8618630b8999e3481fab309b079fe2c93c2a9fbbd4d98a9d0,2024-10,Northumbria Police,Northumbria Police,-1.534521,54.902494,On or near Parking Area,E01008844,Sunderland 019B,Shoplifting,Court result unavailable,
d4b1a6b931945ac61da9d0185277ea80066231488c9272fb85fb942369d6fc0e,2024-10,Northumbria Police,Northumbria Police,-1.529794,54.903985,On or near Supermarket,E01008844,Sunderland 019B,Shoplifting,Investigation complete; no suspect identified,
eb60d2ec4c9d0f7f32a5a57e659e964137e2a8f0add1007b6bba10daf5581355,2024-10,Northumbria Police,Northumbria Police,-1.534521,54.902494,On or near Parking Area,E01008844,Sunderland 019B,Shoplifting,Court result unavailable,
c176384f9a0106e2aa4737b13fbd0b4f9f6667df34de53796f81e64541d1773a,2024-10,Northumbria Police,Northumbria Police,-1.529794,54.903985,On or near Supermarket,E01008844,Sunderland 019B,Shoplifting,Investigation complete; no suspect identified,
20a13cff327216e5732c3efe26c7eb78551c6fed2ab8970d932d4db4c45e22a2,2024-10,Northumbria Police,Northumbria Police,-1.529794,54.903985,On or near Supermarket,E01008844,Sunderland 019B,Shoplifting,Investigation complete; no suspect identified,
eb09b1032fe1996681455a928eda3934f0c6fb4bc1889554d15c70d6669d60f3,2024-10,Northumbria Police,Northumbria Police,-1.534521,54.902494,On or near Parking Area,E01008844,Sunderland 019B,Shoplifting,Status update unavailable,
4e3b68d4b726858fdde76aa6d84c30d885c04c649e744e771a6e2d9f8267f64d,2024-10,Northumbria Police,Northumbria Police,-1.529794,54.903985,On or near Supermarket,E01008844,Sunderland 019B,Shoplifting,Investigation complete; no suspect identified,
4cb9c9dd6c17054ef635a43cd23c98adc989ed04ad53428e4fdd5c8e3a43e3f7,2024-10,Northumbria Police,Northumbria Police,-1.529794,54.903985,On or near Supermarket,E01008844,Sunderland 019B,Shoplifting,Investigation complete; no suspect identified,
1f601256863a5ba1d568573ff2f901385e563f23059f1a2b57ec902ccbba3097,2024-10,Northumbria Police,Northumbria Police,-1.529794,54.903985,On or near Supermarket,E01008844,Sunderland 019B,Shoplifting,Investigation complete; no suspect identified,
4e639a95e950c741b110a02c85b8c1a041c5bba5820bc56cbf0d55ae4fff08f4,2024-10,Northumbria Police,Northumbria Police,-1.529794,54.903985,On or near Supermarket,E01008844,Sunderland 019B,Shoplifting,Investigation complete; no suspect identified,
b7b0431de83f2303d8cf7e3568bdd0763d01244ad34a64f1389a6849590b7746,2024-10,Northumbria Police,Northumbria Police,-1.534521,54.902494,On or near Parking Area,E01008844,Sunderland 019B,Shoplifting,Investigation complete; no suspect identified,
30a9c182243cc7140b8e6d29db0bd94237aaeb5602b2ddb877dae61932d3c773,2024-10,Northumbria Police,Northumbria Police,-1.534521,54.902494,On or near Parking Area,E01008844,Sunderland 019B,Shoplifting,Court result unavailable,
e6cae21d85b752fefb039457792ae1e158b8b5d43d727529ceecb8464d77d74d,2024-10,Northumbria Police,Northumbria Police,-1.534521,54.902494,On or near Parking Area,E01008844,Sunderland 019B,Shoplifting,Status update unavailable,
d94de226fc38a44a4272c5c05d7dc99a9242468b206b1c46f9fee41fb8083f60,2024-10,Northumbria Police,Northumbria Police,-1.527500,54.904048,On or near Dene Court,E01008844,Sunderland 019B,Vehicle crime,Investigation complete; no suspect identified,
2ced45f9d9afa5a5662fac97102c7cae97a020b909a75574eb91b660223f8c70,2024-10,Northumbria Police,Northumbria Police,-1.517938,54.904289,On or near Hill Rise,E01008844,Sunderland 019B,Violence and sexual offences,Status update unavailable,
86dcd79dae0ad11eca4a14507a6ee02bf140ffb4f02aa856501edb665c3a25ec,2024-10,Northumbria Police,Northumbria Police,-1.517938,54.904289,On or near Hill Rise,E01008844,Sunderland 019B,Violence and sexual offences,Status update unavailable,
d230af6367f46853d1af4f514ccc3700a6d14e23a510b2b8f9deaf43fce22ef1,2024-10,Northumbria Police,Northumbria Police,-1.526030,54.901724,On or near Cleeve Court,E01008844,Sunderland 019B,Violence and sexual offences,Status update unavailable,
c5490c62fe0d6a987429af813d57b0767edc246ead5dfd1a1828557c99397ad7,2024-10,Northumbria Police,Northumbria Police,-1.524894,54.902924,On or near Bede Crescent,E01008844,Sunderland 019B,Violence and sexual offences,Status update unavailable,
a55bca6279ec6811af190de85ae80ff69ce611e8d7050259a93997587b8e1dfa,2024-10,Northumbria Police,Northumbria Police,-1.524894,54.902924,On or near Bede Crescent,E01008844,Sunderland 019B,Violence and sexual offences,Status update unavailable,
14ed252f9636219b820a45ede6289c49ab745059e0b52c6e41afbb21e649b103,2024-10,Northumbria Police,Northumbria Police,-1.520005,54.903569,On or near Autumn Close,E01008844,Sunderland 019B,Violence and sexual offences,Status update unavailable,
,2024-10,Northumbria Police,Northumbria Police,-1.534190,54.900045,On or near Bus/Coach Station,E01008848,Sunderland 019C,Anti-social behaviour,,
,2024-10,Northumbria Police,Northumbria Police,-1.534190,54.900045,On or near Bus/Coach Station,E01008848,Sunderland 019C,Anti-social behaviour,,
,2024-10,Northumbria Police,Northumbria Police,-1.534190,54.900045,On or near Bus/Coach Station,E01008848,Sunderland 019C,Anti-social behaviour,,
,2024-10,Northumbria Police,Northumbria Police,-1.534328,54.900282,On or near Washington Galleries Bus Station,E01008848,Sunderland 019C,Anti-social behaviour,,
,2024-10,Northumbria Police,Northumbria Police,-1.534190,54.900045,On or near Bus/Coach Station,E01008848,Sunderland 019C,Anti-social behaviour,,
,2024-10,Northumbria Police,Northumbria Police,-1.534328,54.900282,On or near Washington Galleries Bus Station,E01008848,Sunderland 019C,Anti-social behaviour,,
,2024-10,Northumbria Police,Northumbria Police,-1.534328,54.900282,On or near Washington Galleries Bus Station,E01008848,Sunderland 019C,Anti-social behaviour,,
,2024-10,Northumbria Police,Northumbria Police,-1.534190,54.900045,On or near Bus/Coach Station,E01008848,Sunderland 019C,Anti-social behaviour,,
,2024-10,Northumbria Police,Northumbria Police,-1.528527,54.894913,On or near Lindisfarne,E01008848,Sunderland 019C,Anti-social behaviour,,
,2024-10,Northumbria Police,Northumbria Police,-1.528527,54.894913,On or near Lindisfarne,E01008848,Sunderland 019C,Anti-social behaviour,,
4b5b351fcf61810a4cae97d36ad8ad1771a306bda050e06cc17752f6a5fb620b,2024-10,Northumbria Police,Northumbria Police,-1.534190,54.900045,On or near Bus/Coach Station,E01008848,Sunderland 019C,Criminal damage and arson,Investigation complete; no suspect identified,
45afe529fcfcbbcc994260ce756e22150ded680db8f963ee20ff650caaa07d5d,2024-10,Northumbria Police,Northumbria Police,-1.528882,54.902216,On or near Petrol Station,E01008848,Sunderland 019C,Other theft,Investigation complete; no suspect identified,
8a6084e99586e9e30a25cbc6347de7c00a1858d888c927a32d1b86c45cd72934,2024-10,Northumbria Police,Northumbria Police,-1.534190,54.900045,On or near Bus/Coach Station,E01008848,Sunderland 019C,Public order,Investigation complete; no suspect identified,
a95a539c099ca167ea45b0e89d48a88dedc3840189b5bde7dc414d4287dd385f,2024-10,Northumbria Police,Northumbria Police,-1.534190,54.900045,On or near Bus/Coach Station,E01008848,Sunderland 019C,Public order,Investigation complete; no suspect identified,
a8b29d54436c1142dad36ad546b0564cb460be34b826ff507f13baf2ecea1647,2024-10,Northumbria Police,Northumbria Police,-1.534328,54.900282,On or near Washington Galleries Bus Station,E01008848,Sunderland 019C,Public order,Investigation complete; no suspect identified,
b163a888713730dde1d017442eeaa83540341d6ebe488df81a50b56a8154a07c,2024-10,Northumbria Police,Northumbria Police,-1.534190,54.900045,On or near Bus/Coach Station,E01008848,Sunderland 019C,Public order,Investigation complete; no suspect identified,
cb755e2e94bf9850e8b8860acc461fa097323a03465d126e5d97c66464f6a982,2024-10,Northumbria Police,Northumbria Police,-1.534328,54.900282,On or near Washington Galleries Bus Station,E01008848,Sunderland 019C,Shoplifting,Status update unavailable,
938ef971dfe43d50eebbad220c245d91a09527497cf15f73bc5779e37b036832,2024-10,Northumbria Police,Northumbria Police,-1.534190,54.900045,On or near Bus/Coach Station,E01008848,Sunderland 019C,Shoplifting,Status update unavailable,
38e5210f3a959a6e50adcf7b516dc034b9372a18eede015f0298ee4d4b98adb2,2024-10,Northumbria Police,Northumbria Police,-1.534190,54.900045,On or near Bus/Coach Station,E01008848,Sunderland 019C,Shoplifting,Investigation complete; no suspect identified,
a505eee361113f93730df3a2dac6133a90ebdcef82ee68a251913f09cc1c1e4f,2024-10,Northumbria Police,Northumbria Police,-1.534190,54.900045,On or near Bus/Coach Station,E01008848,Sunderland 019C,Shoplifting,Court result unavailable,
69f385ff8d7b05f708aa482226068aae896adddc7b12ac6e068bfc5f4722293e,2024-10,Northumbria Police,Northumbria Police,-1.534328,54.900282,On or near Washington Galleries Bus Station,E01008848,Sunderland 019C,Shoplifting,Status update unavailable,
73b8a4dcad3e7907f775a63a1ff2b166cd45203a5e2c8016c2fdac5ffd6f1a37,2024-10,Northumbria Police,Northumbria Police,-1.534190,54.900045,On or near Bus/Coach Station,E01008848,Sunderland 019C,Shoplifting,Investigation complete; no suspect identified,
6427100d1681a5ab8871588e57af733cc044b75088ee65c5036a99a77d921eb4,2024-10,Northumbria Police,Northumbria Police,-1.534190,54.900045,On or near Bus/Coach Station,E01008848,Sunderland 019C,Shoplifting,Investigation complete; no suspect identified,
f7a6949e7d4dbc2cfa03a4a1e8f56d3b5f3e9eb822459bb1ce0308ee34a4f715,2024-10,Northumbria Police,Northumbria Police,-1.534190,54.900045,On or near Bus/Coach Station,E01008848,Sunderland 019C,Shoplifting,Suspect charged as part of another case,
c4bf57fc2fb9823a9d292be9895752b6b83cefa82d0b227761b4392c32c87e2a,2024-10,Northumbria Police,Northumbria Police,-1.534190,54.900045,On or near Bus/Coach Station,E01008848,Sunderland 019C,Shoplifting,Investigation complete; no suspect identified,
09e20a2a6a0940f0a1031972438a09f6fef716bb50d1b38dfed9413ace3eef43,2024-10,Northumbria Police,Northumbria Police,-1.534328,54.900282,On or near Washington Galleries Bus Station,E01008848,Sunderland 019C,Shoplifting,Status update unavailable,
2c8252f18e5cdd5431815ab86c1bf3a51a085d8fe2eaa7354c7078cc978ad09d,2024-10,Northumbria Police,Northumbria Police,-1.534190,54.900045,On or near Bus/Coach Station,E01008848,Sunderland 019C,Violence and sexual offences,Investigation complete; no suspect identified,
262d5fc9a5b0af97478e1375873d01767a1650765679da6b1f7d86716c7df70b,2024-10,Northumbria Police,Northumbria Police,-1.527630,54.896958,On or near Parkway,E01008848,Sunderland 019C,Violence and sexual offences,Status update unavailable,
444db76e72c510085663e931e07476f0f37a0839b646c44794dc26b96c4d1283,2024-10,Northumbria Police,Northumbria Police,-1.528882,54.902216,On or near Petrol Station,E01008848,Sunderland 019C,Violence and sexual offences,Investigation complete; no suspect identified,
cd4ba73aeb467e352428c4dd3d3758f85bd63af5ed7d0add851f0f7a37309039,2024-10,Northumbria Police,Northumbria Police,-1.534190,54.900045,On or near Bus/Coach Station,E01008848,Sunderland 019C,Violence and sexual offences,Investigation complete; no suspect identified,
7f3554bfaef2357890d0549cb3d91aff3216111fe567ad88668c63bc82d994d1,2024-10,Northumbria Police,Northumbria Police,-1.527630,54.896958,On or near Parkway,E01008848,Sunderland 019C,Violence and sexual offences,Court result unavailable,
b9f84019c05383f9bde75eccac4ae2196e17bf78c2fa9055ff6fae33e4965d03,2024-10,Northumbria Police,Northumbria Police,-1.534328,54.900282,On or near Washington Galleries Bus Station,E01008848,Sunderland 019C,Violence and sexual offences,Investigation complete; no suspect identified,
819d0e226081f3e3eefc63fd5eebccc23a4d2c154b7933d8d7823732f9a4324a,2024-10,Northumbria Police,Northumbria Police,-1.534190,54.900045,On or near Bus/Coach Station,E01008848,Sunderland 019C,Violence and sexual offences,Status update unavailable,
014e6d35daf2b5f7b4d3acbf744007d33213a3abce52b498588b652e1175fd92,2024-10,Northumbria Police,Northumbria Police,-1.534190,54.900045,On or near Bus/Coach Station,E01008848,Sunderland 019C,Violence and sexual offences,Status update unavailable,
709a863ead441f3d7e27fbbedcfe2c71a6ee33ae30b3f51771cdec74f7746f70,2024-10,Northumbria Police,Northumbria Police,-1.524405,54.890107,On or near Beauly,E01008848,Sunderland 019C,Violence and sexual offences,Investigation complete; no suspect identified,
,2024-10,Northumbria Police,Northumbria Police,-1.527820,54.899376,On or near Newstead Court,E01008849,Sunderland 019D,Anti-social behaviour,,
,2024-10,Northumbria Police,Northumbria Police,-1.524094,54.899326,On or near Dryburgh,E01008849,Sunderland 019D,Anti-social behaviour,,
,2024-10,Northumbria Police,Northumbria Police,-1.527820,54.899376,On or near Newstead Court,E01008849,Sunderland 019D,Anti-social behaviour,,
,2024-10,Northumbria Police,Northumbria Police,-1.527820,54.899376,On or near Newstead Court,E01008849,Sunderland 019D,Anti-social behaviour,,
,2024-10,Northumbria Police,Northumbria Police,-1.527820,54.899376,On or near Newstead Court,E01008849,Sunderland 019D,Anti-social behaviour,,
,2024-10,Northumbria Police,Northumbria Police,-1.527820,54.899376,On or near Newstead Court,E01008849,Sunderland 019D,Anti-social behaviour,,
,2024-10,Northumbria Police,Northumbria Police,-1.527820,54.899376,On or near Newstead Court,E01008849,Sunderland 019D,Anti-social behaviour,,
a58a0fe00beab3d361345670f62dce29ca18558226e6bf808f1a7e8e5f5b61f1,2024-10,Northumbria Police,Northumbria Police,-1.526479,54.898032,On or near Roche Court,E01008849,Sunderland 019D,Burglary,Status update unavailable,
16f37045519952d6219201d9a6f05855e7c973d26983bc22e77406ab0546ab8b,2024-10,Northumbria Police,Northumbria Police,-1.523024,54.901478,On or near Abbey Close,E01008849,Sunderland 019D,Criminal damage and arson,Investigation complete; no suspect identified,
9f74fdec335983fd69ef92ff3f71715be4744e79f97de61082d995678a8b6e26,2024-10,Northumbria Police,Northumbria Police,-1.525811,54.899153,On or near Gertrude Court,E01008849,Sunderland 019D,Other theft,Status update unavailable,
092ab872b6000ed2c6d40220f583a6300daa733a316a392bda7df0ee15c9b20f,2024-10,Northumbria Police,Northumbria Police,-1.524814,54.899059,On or near Rosehip Court,E01008849,Sunderland 019D,Public order,Investigation complete; no suspect identified,
d29116963cea4c35d9cb4ce95b635c5cb6f20c44a867aca0bee77a56fa965411,2024-10,Northumbria Police,Northumbria Police,-1.526479,54.898032,On or near Roche Court,E01008849,Sunderland 019D,Violence and sexual offences,Status update unavailable,
8b976855a1130d7859576a335ffa9594634714ca90e1cc2d2e6f087dfe464224,2024-10,Northumbria Police,Northumbria Police,-1.523024,54.901478,On or near Abbey Close,E01008849,Sunderland 019D,Violence and sexual offences,Status update unavailable,
b04d057d738016e719a725e77f016a4be5c9eda7289a3107877f408a245c6fa0,2024-10,Northumbria Police,Northumbria Police,-1.527373,54.898925,On or near Princess Anne Court,E01008849,Sunderland 019D,Violence and sexual offences,Status update unavailable,
80002a2fdbc0ee8216ede0373292d374d0ea848f61a791cdedc2b38e6087aedf,2024-10,Northumbria Police,Northumbria Police,-1.527820,54.899376,On or near Newstead Court,E01008849,Sunderland 019D,Violence and sexual offences,Status update unavailable,
29c0d3239112d100fbb1e79ea29a2ed3bc7ee519b8f64a270720d60c0b1fd380,2024-10,Northumbria Police,Northumbria Police,-1.525811,54.899153,On or near Gertrude Court,E01008849,Sunderland 019D,Violence and sexual offences,Status update unavailable,
0040bbb182a63c87ef830c81247b92244443a442327a9b1c70afb6cdd12fd004,2024-10,Northumbria Police,Northumbria Police,-1.527820,54.899376,On or near Newstead Court,E01008849,Sunderland 019D,Violence and sexual offences,Status update unavailable,
,2024-10,Northumbria Police,Northumbria Police,-1.518301,54.898665,On or near Park Chare,E01008852,Sunderland 019E,Anti-social behaviour,,
fd781218dd1512c5b21879eb6a9c931eb19d6339e7a17c888efcb264794ebc92,2024-10,Northumbria Police,Northumbria Police,-1.518888,54.897823,On or near Sherwood Close,E01008852,Sunderland 019E,Burglary,Investigation complete; no suspect identified,
bef559778090652d49b1fdb3c2bfa3fd237fabf8cd9e62f583590c04a93442af,2024-10,Northumbria Police,Northumbria Police,-1.518301,54.898665,On or near Park Chare,E01008852,Sunderland 019E,Robbery,Status update unavailable,
e38aa30f8900e3fcbca7496e7b0f5d19100b5d05c75204d13689be47ac087cb3,2024-10,Northumbria Police,Northumbria Police,-1.517181,54.895857,On or near Fatfield Road,E01008852,Sunderland 019E,Violence and sexual offences,Status update unavailable,
,2024-10,Northumbria Police,Northumbria Police,-1.538711,54.896030,On or near Chilham Court,E01008867,Sunderland 020A,Anti-social behaviour,,
,2024-10,Northumbria Police,Northumbria Police,-1.539091,54.896921,On or near Norham Court,E01008867,Sunderland 020A,Anti-social behaviour,,
,2024-10,Northumbria Police,Northumbria Police,-1.539091,54.896921,On or near Norham Court,E01008867,Sunderland 020A,Anti-social behaviour,,
,2024-10,Northumbria Police,Northumbria Police,-1.539091,54.896921,On or near Norham Court,E01008867,Sunderland 020A,Anti-social behaviour,,
,2024-10,Northumbria Police,Northumbria Police,-1.540668,54.896730,On or near Witton Court,E01008867,Sunderland 020A,Anti-social behaviour,,
aae54cbaa3eaad473754590c6913b06b0bf7b5572c653ccf8ec21d3a2f6d9879,2024-10,Northumbria Police,Northumbria Police,-1.541489,54.899932,On or near Alnwick Court,E01008867,Sunderland 020A,Criminal damage and arson,Investigation complete; no suspect identified,
10ba01d79ae3a13f587792703235ce21005b55ad574e94f8614602e40a6bb083,2024-10,Northumbria Police,Northumbria Police,-1.539091,54.896921,On or near Norham Court,E01008867,Sunderland 020A,Criminal damage and arson,Status update unavailable,
e6389af8dcbe7f533d96c48009d1f8b35f8a042c3771e6fd24a38abd683fa4fb,2024-10,Northumbria Police,Northumbria Police,-1.539212,54.899959,On or near Hylton Court,E01008867,Sunderland 020A,Criminal damage and arson,Investigation complete; no suspect identified,
d6c71c94cee89b871442600c3e59b2af9b6f4ded8f0b814b0469a42a21e42887,2024-10,Northumbria Police,Northumbria Police,-1.541489,54.899932,On or near Alnwick Court,E01008867,Sunderland 020A,Criminal damage and arson,Investigation complete; no suspect identified,
8063c188fcafa5bb526d6def542b639c2d3d51c7d0bbe80143c7658208d7ccc3,2024-10,Northumbria Police,Northumbria Police,-1.539091,54.896921,On or near Norham Court,E01008867,Sunderland 020A,Criminal damage and arson,Investigation complete; no suspect identified,
8090da273a3ad4d997f5196741b2a9084d4c7f8c8e14e27c47d30f6a8f750210,2024-10,Northumbria Police,Northumbria Police,-1.539091,54.896921,On or near Norham Court,E01008867,Sunderland 020A,Public order,Status update unavailable,
2bd565f39ed89c6dd5003baec3d50686c6879203c5d2c09785c9c299eaf85a97,2024-10,Northumbria Police,Northumbria Police,-1.539212,54.899959,On or near Hylton Court,E01008867,Sunderland 020A,Public order,Status update unavailable,
aae199a195cd7d7d7882be1a676d35fb19141a7e42778af3b8c5d4c4ecf47dbe,2024-10,Northumbria Police,Northumbria Police,-1.539473,54.897615,On or near Dunstanburgh Close,E01008867,Sunderland 020A,Public order,Investigation complete; no suspect identified,
7b6b17849e98553c993729e4d5999f175076f8367b784d6ad9d4a7e84bd89c2e,2024-10,Northumbria Police,Northumbria Police,-1.539473,54.897615,On or near Dunstanburgh Close,E01008867,Sunderland 020A,Vehicle crime,Investigation complete; no suspect identified,
7547d68b5c24bb3392b3833893e06d7bb0c2c611e6691f147f848d3897954ca2,2024-10,Northumbria Police,Northumbria Police,-1.540668,54.896730,On or near Witton Court,E01008867,Sunderland 020A,Violence and sexual offences,Status update unavailable,
452fd4a0990fed53e5b7f643ff65d055afeb5426ebccd3c65b3c8b7d4f7a640e,2024-10,Northumbria Police,Northumbria Police,-1.538711,54.896030,On or near Chilham Court,E01008867,Sunderland 020A,Violence and sexual offences,Investigation complete; no suspect identified,
1b907ea6683c655fead1c8fe2df8ecb4c9acfb89e2f81f9da302ff238e11ed10,2024-10,Northumbria Police,Northumbria Police,-1.539091,54.896921,On or near Norham Court,E01008867,Sunderland 020A,Violence and sexual offences,Status update unavailable,
08ab843fbd69bae9cfc41da2779076e34f870300e2a5ebd558e0b5dbc2282e7f,2024-10,Northumbria Police,Northumbria Police,-1.538711,54.896030,On or near Chilham Court,E01008867,Sunderland 020A,Violence and sexual offences,Investigation complete; no suspect identified,
f73ff33a4a747c92d7d116b55b73d1d685e3ca0e58a96ee93f73d06342769aaf,2024-10,Northumbria Police,Northumbria Police,-1.536304,54.892516,On or near Pentland Close,E01008867,Sunderland 020A,Violence and sexual offences,Status update unavailable,
f3b5a1e9782b7604aff6048e2b030b482afecd12b73ac6905bcb07d6e2a11967,2024-10,Northumbria Police,Northumbria Police,-1.540608,54.895112,On or near Mitford Close,E01008867,Sunderland 020A,Violence and sexual offences,Investigation complete; no suspect identified,
fc0759474ce5483a9402a491aeb04ad95e52327f962eb9d2e236e7437472ebd9,2024-10,Northumbria Police,Northumbria Police,-1.540475,54.899991,On or near Compton Court,E01008867,Sunderland 020A,Violence and sexual offences,Investigation complete; no suspect identified,
7302d8fec987ce11f3ca421d8e06d4224fe2f3c1c44f60222c260a3bff936b73,2024-10,Northumbria Police,Northumbria Police,-1.539091,54.896921,On or near Norham Court,E01008867,Sunderland 020A,Violence and sexual offences,Status update unavailable,
8e2de06387e85650eabb3fa2d775edef82d21313289113f4572d6bc0ad0e49a8,2024-10,Northumbria Police,Northumbria Police,-1.539970,54.899153,On or near Lumley Close,E01008867,Sunderland 020A,Other crime,Investigation complete; no suspect identified,
,2024-10,Northumbria Police,Northumbria Police,-1.549430,54.895388,On or near Morpeth Close,E01008868,Sunderland 020B,Anti-social behaviour,,
2b13a4dccce49e49068d07268d343d1e542c3e0e6bb30ebcc2632c361d9e7d8c,2024-10,Northumbria Police,Northumbria Police,-1.551688,54.895665,On or near Hexham,E01008868,Sunderland 020B,Burglary,Investigation complete; no suspect identified,
d0831fee8283aecd6e76f9c160842da524ebf7ed44090ce55d7cf4096cc94156,2024-10,Northumbria Police,Northumbria Police,-1.548025,54.898321,On or near Raby Road,E01008868,Sunderland 020B,Vehicle crime,Investigation complete; no suspect identified,
706849140cca73cd25a408b3ee90db7789c9d0a8fa15634228dd28b3db1990c0,2024-10,Northumbria Police,Northumbria Police,-1.550111,54.897259,On or near Simonburn,E01008868,Sunderland 020B,Violence and sexual offences,Status update unavailable,
,2024-10,Northumbria Police,Northumbria Police,-1.544205,54.899708,On or near Crighton,E01008869,Sunderland 020C,Anti-social behaviour,,
dfb05aa19a202911a1ea1d4c3af293a3be38908e616850b56d9ba95916cd3b5c,2024-10,Northumbria Police,Northumbria Police,-1.549491,54.899755,On or near Stanhope,E01008869,Sunderland 020C,Criminal damage and arson,Status update unavailable,
94e8337e39fd89dfce196a09f54a7ba1fe7111fd89a68bcca8e187e73d851810,2024-10,Northumbria Police,Northumbria Police,-1.544205,54.899708,On or near Crighton,E01008869,Sunderland 020C,Public order,Status update unavailable,
52555c58de7b4d128321b34b7f428c60ab22518af5ea8d3f72240f124946f0d9,2024-10,Northumbria Police,Northumbria Police,-1.546811,54.899503,On or near Pembridge,E01008869,Sunderland 020C,Violence and sexual offences,Status update unavailable,
cd2c7717f4c00d4a1faaeed12fb1d745792083f105216cc96db1d240fb00fa48,2024-10,Northumbria Police,Northumbria Police,-1.546811,54.899503,On or near Pembridge,E01008869,Sunderland 020C,Violence and sexual offences,Status update unavailable,
4ea9658d0e787da0eb2bd3ba10abe6690ec6ff6c372593a1d813e84167ce8024,2024-10,Northumbria Police,Northumbria Police,-1.541644,54.889032,On or near Longridge Avenue,E01008870,Sunderland 020D,Vehicle crime,Investigation complete; no suspect identified,
,2024-10,Northumbria Police,Northumbria Police,-1.534579,54.890668,On or near Caplestone Close,E01008871,Sunderland 020E,Anti-social behaviour,,
dce0106fdd9ab00a83374d5fd56f7535a2608452085d38b22f13e4128b0bdc36,2024-10,Northumbria Police,Northumbria Police,-1.538834,54.890756,On or near Mentieth Close,E01008871,Sunderland 020E,Criminal damage and arson,Status update unavailable,
f06b1a53718f55441067d64259eac3ace01c073efab43cc10235cede0eee2769,2024-10,Northumbria Police,Northumbria Police,-1.537861,54.893996,On or near Cotswold Close,E01008871,Sunderland 020E,Vehicle crime,Investigation complete; no suspect identified,
84f904ea794a06d899893c87deebd9538411c1aa34b53ca530b215d9c5263687,2024-10,Northumbria Police,Northumbria Police,-1.535867,54.889783,On or near Cuillin Close,E01008871,Sunderland 020E,Violence and sexual offences,Status update unavailable,
0aa47f4f9934572fb5189ec54b0732ca70314e82f3175b405add8e6e1b93a1de,2024-10,Northumbria Police,Northumbria Police,-1.538187,54.892802,On or near Chiltern Close,E01008871,Sunderland 020E,Violence and sexual offences,Investigation complete; no suspect identified,
d0a60b5ac0a4ccf6839178fa27346db432b985448359625610768b53ccb83cc5,2024-10,Northumbria Police,Northumbria Police,-1.536902,54.892015,On or near Bredon Close,E01008871,Sunderland 020E,Violence and sexual offences,Investigation complete; no suspect identified,
9066773a13a4003d7f1dfa7aee74222221b35ecda6d0d9fb9d18ffe9bbf3cc91,2024-10,Northumbria Police,Northumbria Police,-1.538187,54.892802,On or near Chiltern Close,E01008871,Sunderland 020E,Violence and sexual offences,Status update unavailable,
18d22b39e7264c7e59dc8092e7010be8d87e616109ff5f4ab2ae0f1252dbb135,2024-10,Northumbria Police,Northumbria Police,-1.535867,54.889783,On or near Cuillin Close,E01008871,Sunderland 020E,Violence and sexual offences,Status update unavailable,
,2024-10,Northumbria Police,Northumbria Police,-1.555641,54.887817,On or near Redshank Close,E01008872,Sunderland 020F,Anti-social behaviour,,
529bc1f46e7e42b039d9181b3df3511607e8428192cc668e2a093d6211168628,2024-10,Northumbria Police,Northumbria Police,-1.550316,54.891455,On or near Glenholme Close,E01008872,Sunderland 020F,Burglary,Investigation complete; no suspect identified,
b008c7a763a0b320184d2a1fc44cc50115ebd0120121225b38b2e66d51ed205d,2024-10,Northumbria Police,Northumbria Police,-1.555096,54.886404,On or near Skylark,E01008872,Sunderland 020F,Burglary,Investigation complete; no suspect identified,
d6af6754401500b05ff19520f437d777accb19fd1e5f45f80dbc2492fab61b97,2024-10,Northumbria Police,Northumbria Police,-1.553348,54.886568,On or near Woodlark,E01008872,Sunderland 020F,Other theft,Investigation complete; no suspect identified,
91c6da707f4a59892609f5c9b3c3b9af3c9981072fcba88dcbc967d47ce04fa8,2024-10,Northumbria Police,Northumbria Police,-1.555096,54.886404,On or near Skylark,E01008872,Sunderland 020F,Vehicle crime,Investigation complete; no suspect identified,
46d26b9792a7d75f2afe657cd5cde644f89f8511e679663d82b9410e622cb6cc,2024-10,Northumbria Police,Northumbria Police,-1.550836,54.889543,On or near Redwing Close,E01008872,Sunderland 020F,Vehicle crime,Investigation complete; no suspect identified,
da672cc3b6c64c143ebd3bd726369356fa3fcdad385eafa068fb6f539c8ebcee,2024-10,Northumbria Police,Northumbria Police,-1.553830,54.899358,On or near Tilley Road,E01008872,Sunderland 020F,Violence and sexual offences,Status update unavailable,
963b6ab2aa5ea086e9e4f3c6f048efb54c323d4b397341ff9e77315863c1b1c0,2024-10,Northumbria Police,Northumbria Police,-1.551803,54.890894,On or near Whitethroat Close,E01008872,Sunderland 020F,Violence and sexual offences,Investigation complete; no suspect identified,
43aaeb9380e43c2f6feb4bff946e2ad4baa6cb585a9a50e16b6f302fdaf632e3,2024-10,Northumbria Police,Northumbria Police,-1.554671,54.893762,On or near Mallard Close,E01008872,Sunderland 020F,Violence and sexual offences,Status update unavailable,
e7349a8a45190407d82d6dfcb66a924b0551ebe5013f3e55c0c6286d922a1ccb,2024-10,Northumbria Police,Northumbria Police,-1.550628,54.888598,On or near Sandpiper Close,E01008872,Sunderland 020F,Violence and sexual offences,Status update unavailable,
b88f3834eeaf49b251754c4cb0148947ff8766ed25f0fc57e3ed671be1d412e6,2024-10,Northumbria Police,Northumbria Police,-1.555641,54.887817,On or near Redshank Close,E01008872,Sunderland 020F,Other crime,Court result unavailable,
9452682286782fb83938027a0fe39cf21bda7a43f0449b7e77c6d8251856e47c,2024-10,Northumbria Police,Northumbria Police,-1.554671,54.893762,On or near Mallard Close,E01008872,Sunderland 020F,Other crime,Status update unavailable,
,2024-10,Northumbria Police,Northumbria Police,-1.450611,54.892923,On or near Prestbury Road,E01008730,Sunderland 021B,Anti-social behaviour,,
,2024-10,Northumbria Police,Northumbria Police,-1.450522,54.894936,On or near St Johns Vale,E01008730,Sunderland 021B,Anti-social behaviour,,
,2024-10,Northumbria Police,Northumbria Police,-1.448631,54.897479,On or near Pennycross Road,E01008730,Sunderland 021B,Anti-social behaviour,,
,2024-10,Northumbria Police,Northumbria Police,-1.450522,54.894936,On or near St Johns Vale,E01008730,Sunderland 021B,Anti-social behaviour,,
,2024-10,Northumbria Police,Northumbria Police,-1.443573,54.900224,On or near Grindon Lane,E01008730,Sunderland 021B,Anti-social behaviour,,
b5b91aa5ba90a748d8834e754dc3b4aa6fa3055c1da042d1cdfa950a06ffd75a,2024-10,Northumbria Police,Northumbria Police,-1.450660,54.897381,On or near Pennymore Square,E01008730,Sunderland 021B,Public order,Investigation complete; no suspect identified,
8cda10d54b8155d8b7cbc2350a03f5e0b263f7fad0a6a014bb8ae37844d35e40,2024-10,Northumbria Police,Northumbria Police,-1.447983,54.898168,On or near Pennycross Square,E01008730,Sunderland 021B,Violence and sexual offences,Status update unavailable,
4225bf61061f408caacbf290ec5f972a6ca5f34f933df2a41f834add4bd04eea,2024-10,Northumbria Police,Northumbria Police,-1.447983,54.898168,On or near Pennycross Square,E01008730,Sunderland 021B,Violence and sexual offences,Status update unavailable,
f7529db90a04b43bbd95f93a7e293b38d05f8e0508f5a31b5d32168c4f5eb5b2,2024-10,Northumbria Police,Northumbria Police,-1.450660,54.897381,On or near Pennymore Square,E01008730,Sunderland 021B,Violence and sexual offences,Status update unavailable,
e22b21306b792183b012840e8a0359db9f6a55c2262fe0e520f00d566ad24e2b,2024-10,Northumbria Police,Northumbria Police,-1.448631,54.897479,On or near Pennycross Road,E01008730,Sunderland 021B,Violence and sexual offences,Investigation complete; no suspect identified,
55335a35ce44c94c674756c65cc513057a02a396982bf52ef7543f8663410ed7,2024-10,Northumbria Police,Northumbria Police,-1.443573,54.900224,On or near Grindon Lane,E01008730,Sunderland 021B,Violence and sexual offences,Investigation complete; no suspect identified,
17a6850a5b7de69929df66fc4c09b1dccb37a4ec0d8ebb87534be132d71762ae,2024-10,Northumbria Police,Northumbria Police,-1.447983,54.898168,On or near Pennycross Square,E01008730,Sunderland 021B,Violence and sexual offences,Status update unavailable,
81ff7f93f1b4a1ee87418a9a3e9573a0065ada3b1e5f4b5793239cb956ef1e5a,2024-10,Northumbria Police,Northumbria Police,-1.447983,54.898168,On or near Pennycross Square,E01008730,Sunderland 021B,Violence and sexual offences,Status update unavailable,
dc18d5ec6910e60c70eb635b1929c4c165a0c6ad893c49fc561e02cd9eadfdf4,2024-10,Northumbria Police,Northumbria Police,-1.447983,54.898168,On or near Pennycross Square,E01008730,Sunderland 021B,Violence and sexual offences,Status update unavailable,
c8f324b12226fc8359e7d8839dd3ce9250f77b8d847c0a2eca5ba2158b821d5c,2024-10,Northumbria Police,Northumbria Police,-1.444936,54.899745,On or near Rowan Close,E01008730,Sunderland 021B,Violence and sexual offences,Status update unavailable,
c1af243ec4db32cdafc854dbf81d1a7138e6e02e314bd66fcd0a4ea80d0a24a0,2024-10,Northumbria Police,Northumbria Police,-1.447983,54.898168,On or near Pennycross Square,E01008730,Sunderland 021B,Violence and sexual offences,Status update unavailable,
9b36b39dee24c2909cf0dbc52bc70fc4715dbd15f3bbec688d294c5f11fcac4f,2024-10,Northumbria Police,Northumbria Police,-1.443573,54.900224,On or near Grindon Lane,E01008730,Sunderland 021B,Violence and sexual offences,Status update unavailable,
e44b272e63f87c2305f7fef34b1f351db87ae270545a5e689dc66d11d66d7b00,2024-10,Northumbria Police,Northumbria Police,-1.449370,54.898202,On or near Pennygate Square,E01008730,Sunderland 021B,Violence and sexual offences,Status update unavailable,
fb32abdfdf50b4dcd843190e4e3fdb606ebdcec3976c50e08d7e7d5d1d97934b,2024-10,Northumbria Police,Northumbria Police,-1.450522,54.894936,On or near St Johns Vale,E01008730,Sunderland 021B,Violence and sexual offences,Investigation complete; no suspect identified,
29d17a1db9a684075dfb57aff2acab94f2a223a3c14a6fb75a3fd846e897e5ec,2024-10,Northumbria Police,Northumbria Police,-1.447983,54.898168,On or near Pennycross Square,E01008730,Sunderland 021B,Violence and sexual offences,Status update unavailable,
3e805bd5d229bcbb86f462987e77ca4d7f1024ed1872a58a055a50a996062518,2024-10,Northumbria Police,Northumbria Police,-1.444211,54.898016,On or near Portsmouth Square,E01008730,Sunderland 021B,Other crime,Status update unavailable,
,2024-10,Northumbria Police,Northumbria Police,-1.430240,54.893557,On or near Nairn Close,E01008732,Sunderland 021D,Anti-social behaviour,,
,2024-10,Northumbria Police,Northumbria Police,-1.430470,54.891626,On or near Stirling Close,E01008732,Sunderland 021D,Anti-social behaviour,,
,2024-10,Northumbria Police,Northumbria Police,-1.439932,54.890655,On or near Galashiels Road,E01008732,Sunderland 021D,Anti-social behaviour,,
,2024-10,Northumbria Police,Northumbria Police,-1.430470,54.891626,On or near Stirling Close,E01008732,Sunderland 021D,Anti-social behaviour,,
,2024-10,Northumbria Police,Northumbria Police,-1.430470,54.891626,On or near Stirling Close,E01008732,Sunderland 021D,Anti-social behaviour,,
,2024-10,Northumbria Police,Northumbria Police,-1.430470,54.891626,On or near Stirling Close,E01008732,Sunderland 021D,Anti-social behaviour,,
,2024-10,Northumbria Police,Northumbria Police,-1.429792,54.894419,On or near Supermarket,E01008732,Sunderland 021D,Anti-social behaviour,,
,2024-10,Northumbria Police,Northumbria Police,-1.429792,54.894419,On or near Supermarket,E01008732,Sunderland 021D,Anti-social behaviour,,
,2024-10,Northumbria Police,Northumbria Police,-1.430470,54.891626,On or near Stirling Close,E01008732,Sunderland 021D,Anti-social behaviour,,
e1bb8b0f4e570e91d2b4a5b5f92411eb9f976e74f02b8adf3d14041467048d26,2024-10,Northumbria Police,Northumbria Police,-1.430733,54.894027,On or near Broadstairs Court,E01008732,Sunderland 021D,Burglary,Investigation complete; no suspect identified,
91481463e3989b19a06cb4b73d8acb1add304a6d59a55bd45a37c323fc75b546,2024-10,Northumbria Police,Northumbria Police,-1.430733,54.894027,On or near Broadstairs Court,E01008732,Sunderland 021D,Criminal damage and arson,Investigation complete; no suspect identified,
5bc2d5c511f90e1214a0d014ce41a2ffd4880f2dabdf3459893cd21d59049251,2024-10,Northumbria Police,Northumbria Police,-1.435554,54.890437,On or near Glanton Square,E01008732,Sunderland 021D,Criminal damage and arson,Investigation complete; no suspect identified,
4c55c385c534cf7f8fdb010cfe934f9f09a1d6314d8d4f2a0ba70cea56ddc69a,2024-10,Northumbria Police,Northumbria Police,-1.442128,54.889685,On or near Galway Square,E01008732,Sunderland 021D,Criminal damage and arson,Investigation complete; no suspect identified,
1ad12f0a756cd1c184b7abc62bfb37cfa12ca964db2d8a3bcfb0fc61d3e96a54,2024-10,Northumbria Police,Northumbria Police,-1.436704,54.890721,On or near Galashiels Square,E01008732,Sunderland 021D,Criminal damage and arson,Status update unavailable,
7e2f550973882468d9192358516bb40999a7c243e136b915ec7ce9dc69ad26f7,2024-10,Northumbria Police,Northumbria Police,-1.429792,54.894419,On or near Supermarket,E01008732,Sunderland 021D,Shoplifting,Investigation complete; no suspect identified,
5d92129a419863f9de915adb06634f1468cd394dae01b5f15dff3ee6df6097f4,2024-10,Northumbria Police,Northumbria Police,-1.429792,54.894419,On or near Supermarket,E01008732,Sunderland 021D,Shoplifting,Investigation complete; no suspect identified,
d084c14250df931829674384737674f6f3cdb53c878edc51c26be14351e314a4,2024-10,Northumbria Police,Northumbria Police,-1.429792,54.894419,On or near Supermarket,E01008732,Sunderland 021D,Shoplifting,Court result unavailable,
8dc5858e4ab3408337a4e9955654da9cd4779bdbed18de1e24ae4306846c4e32,2024-10,Northumbria Police,Northumbria Police,-1.437351,54.888998,On or near Gairloch Road,E01008732,Sunderland 021D,Violence and sexual offences,Status update unavailable,
e9165fee1dd30753fbb4598d84eab835449c846ebcf82e8a296a0865faa5c489,2024-10,Northumbria Police,Northumbria Police,-1.435554,54.890437,On or near Glanton Square,E01008732,Sunderland 021D,Violence and sexual offences,Court result unavailable,
a5e03997b97b4dce4f6e885bf8de3cb79203f0ac807c392730ec2d6950718a8e,2024-10,Northumbria Police,Northumbria Police,-1.436704,54.890721,On or near Galashiels Square,E01008732,Sunderland 021D,Violence and sexual offences,Status update unavailable,
555efb18254b8d4a85b5e9575b1b1b65a8346f517cb214506e7cad99e3604bae,2024-10,Northumbria Police,Northumbria Police,-1.430240,54.893557,On or near Nairn Close,E01008732,Sunderland 021D,Violence and sexual offences,Status update unavailable,
,2024-10,Northumbria Police,Northumbria Police,-1.448128,54.887565,On or near Sandalwood Square,E01008733,Sunderland 021E,Anti-social behaviour,,
,2024-10,Northumbria Police,Northumbria Police,-1.449084,54.888315,On or near Rosewood Square,E01008733,Sunderland 021E,Anti-social behaviour,,
,2024-10,Northumbria Police,Northumbria Police,-1.441544,54.886771,On or near Greenock Road,E01008733,Sunderland 021E,Anti-social behaviour,,
,2024-10,Northumbria Police,Northumbria Police,-1.447451,54.886870,On or near Gregory Road,E01008733,Sunderland 021E,Anti-social behaviour,,
,2024-10,Northumbria Police,Northumbria Police,-1.448128,54.887565,On or near Sandalwood Square,E01008733,Sunderland 021E,Anti-social behaviour,,
e5df43e84bfbd3de22b9d2f2ffc885a3df7b43ecef16790e08833b0805932945,2024-10,Northumbria Police,Northumbria Police,-1.444452,54.886182,On or near Greenshields Square,E01008733,Sunderland 021E,Burglary,Investigation complete; no suspect identified,
a9fa15fc6aa0eac7c56107cd118e6bb032d09ce5af3a3b892246b79c14d8b6da,2024-10,Northumbria Police,Northumbria Police,-1.449084,54.888315,On or near Rosewood Square,E01008733,Sunderland 021E,Criminal damage and arson,Status update unavailable,
4f0b9b44a6976570f8bf0606c88e32274ddc8c40e4515b222d170654aa1f6d3c,2024-10,Northumbria Police,Northumbria Police,-1.445247,54.888478,On or near Glencoe Square,E01008733,Sunderland 021E,Criminal damage and arson,Investigation complete; no suspect identified,
113f8e15677a37b306a89dc032f58381ec4480d3f822f6dfbcb5f2d19338e6d6,2024-10,Northumbria Police,Northumbria Police,-1.449084,54.888315,On or near Rosewood Square,E01008733,Sunderland 021E,Public order,Investigation complete; no suspect identified,
dacf90c7c086b80553d0694c5b1eac93e3b9a1aaaf8353abc68caf03095a8e32,2024-10,Northumbria Police,Northumbria Police,-1.444452,54.886182,On or near Greenshields Square,E01008733,Sunderland 021E,Public order,Investigation complete; no suspect identified,
c1e115465c720e0e3737eeb617de9d7e5fe4a707c5981995906eb8f89b577fe4,2024-10,Northumbria Police,Northumbria Police,-1.447451,54.886870,On or near Gregory Road,E01008733,Sunderland 021E,Public order,Offender given a caution,
1cf799f817b3aafaa7224786250b610f7c5b67a2ad93fed71ca034454f6b70fb,2024-10,Northumbria Police,Northumbria Police,-1.444532,54.888286,On or near Glencoe Road,E01008733,Sunderland 021E,Public order,Investigation complete; no suspect identified,
a6a13a7593cb227bfe821da6fb5aa21b69a6e257dba05353da40567ae0cb9ca5,2024-10,Northumbria Police,Northumbria Police,-1.449084,54.888315,On or near Rosewood Square,E01008733,Sunderland 021E,Public order,Investigation complete; no suspect identified,
fe5fb93706ac5f17a879be0dee1cfb61507d2fa256e2d7da4546c4bdc7479043,2024-10,Northumbria Police,Northumbria Police,-1.444532,54.888286,On or near Glencoe Road,E01008733,Sunderland 021E,Violence and sexual offences,Investigation complete; no suspect identified,
b5a1801fb7529c0e0089490c5d6cd6e41f482685b38d60a4085eb8fdb9e167be,2024-10,Northumbria Police,Northumbria Police,-1.440335,54.887449,On or near Gravesend Square,E01008733,Sunderland 021E,Violence and sexual offences,Investigation complete; no suspect identified,
77755269ee0647a175a07c22385f168e193f7c266a131a6862dafa81f3bc23b6,2024-10,Northumbria Police,Northumbria Police,-1.448128,54.887565,On or near Sandalwood Square,E01008733,Sunderland 021E,Violence and sexual offences,Status update unavailable,
97bd319094bf74f8aa693c822b8f5a67a86395114b863ccf01847de1d00eb313,2024-10,Northumbria Police,Northumbria Police,-1.442660,54.888412,On or near Gilbert Square,E01008733,Sunderland 021E,Other crime,Court result unavailable,
,2024-10,Northumbria Police,Northumbria Police,-1.439126,54.884657,On or near Tay Road,E01008734,Sunderland 021F,Anti-social behaviour,,
a5e6e9f84e72da605a78ae33021fef86724887b1569b42032c6666288a2a46d3,2024-10,Northumbria Police,Northumbria Police,-1.443948,54.884302,On or near North Farm Avenue,E01008734,Sunderland 021F,Violence and sexual offences,Status update unavailable,
,2024-10,Northumbria Police,Northumbria Police,-1.441108,54.892386,On or near Palmerston Road,E01034517,Sunderland 021G,Anti-social behaviour,,
,2024-10,Northumbria Police,Northumbria Police,-1.447837,54.894025,On or near Presthope Road,E01034517,Sunderland 021G,Anti-social behaviour,,
2bdef69354792e03d52f7d0ab320dceb81f8285cdc3a80815c5864969728afe9,2024-10,Northumbria Police,Northumbria Police,-1.445766,54.890385,On or near Gardiner Square,E01034517,Sunderland 021G,Other theft,Investigation complete; no suspect identified,
c3f1ca341e58228968fbd588536117c1514ac92dabcc7d2fdada5ff548fdd838,2024-10,Northumbria Police,Northumbria Police,-1.446831,54.888916,On or near Gartland Road,E01034517,Sunderland 021G,Public order,Status update unavailable,
ec8e6853898f8540ea479b1d0fb0555a51d3e7411763ddb61fc738b5e852568a,2024-10,Northumbria Police,Northumbria Police,-1.449545,54.892253,On or near Pickering Road,E01034517,Sunderland 021G,Public order,Status update unavailable,
782e4016e557e6b16679e6687ba880a42b8e10b30e29a46d13533b8621231322,2024-10,Northumbria Police,Northumbria Police,-1.447890,54.894672,On or near Dartington Close,E01034517,Sunderland 021G,Public order,Status update unavailable,
ebcab18359f8f6196fa6b6ba6c4225dfe6b740420d059a2e1134bb02502ea4e5,2024-10,Northumbria Police,Northumbria Police,-1.449411,54.891741,On or near Pickhurst Road,E01034517,Sunderland 021G,Shoplifting,Investigation complete; no suspect identified,
316e4a961a143fd14dec26d360a2841eb573c428ee46bd335dbc0f3f701acb61,2024-10,Northumbria Police,Northumbria Police,-1.440080,54.893423,On or near Partick Square,E01034517,Sunderland 021G,Violence and sexual offences,Court result unavailable,
62a90705b646844063cdf324d347de794ebeab8e4f9458b3767756e1c2a6bdd5,2024-10,Northumbria Police,Northumbria Police,-1.440080,54.893423,On or near Partick Square,E01034517,Sunderland 021G,Violence and sexual offences,Status update unavailable,
985c2f8740fc89fd46ca7fe523a02beb78d6dc2a4a94f9de83e6d92233e30b6e,2024-10,Northumbria Police,Northumbria Police,-1.447890,54.894672,On or near Dartington Close,E01034517,Sunderland 021G,Violence and sexual offences,Status update unavailable,
dbeba163d0912080a5aa74d93b998eb2d22b58ab6ab40816a102affeee997182,2024-10,Northumbria Police,Northumbria Police,-1.446593,54.889221,On or near Gerrard Road,E01034517,Sunderland 021G,Violence and sexual offences,Status update unavailable,
3afd361d650a46d4781a6f9fc2c994709883561888ab556851e4b07ab2c8b6ec,2024-10,Northumbria Police,Northumbria Police,-1.449411,54.891741,On or near Pickhurst Road,E01034517,Sunderland 021G,Violence and sexual offences,Status update unavailable,
0a906c27f4d57a1c726b03cbed5f295c54e2411449db268c8f37ce628a903282,2024-10,Northumbria Police,Northumbria Police,-1.440080,54.893423,On or near Partick Square,E01034517,Sunderland 021G,Violence and sexual offences,Investigation complete; no suspect identified,
587c44b58d140c5fba172fe96de551acd8bd8aa78eccbbb4f00637a2522be60b,2024-10,Northumbria Police,Northumbria Police,-1.449411,54.891741,On or near Pickhurst Road,E01034517,Sunderland 021G,Violence and sexual offences,Status update unavailable,
,2024-10,Northumbria Police,Northumbria Police,-1.379341,54.892185,On or near Further/Higher Educational Building,E01008740,Sunderland 022A,Anti-social behaviour,,
884a1bb02dba969dfc8eb660bec29c5ecb6b0d35f3f36e1818079850ebc941e3,2024-10,Northumbria Police,Northumbria Police,-1.376719,54.891336,On or near Belford Terrace,E01008740,Sunderland 022A,Criminal damage and arson,Investigation complete; no suspect identified,
ec5f384ba452221f18b07689e9a8b3f16cce43976f433ca3231c79c4aec5113b,2024-10,Northumbria Police,Northumbria Police,-1.376823,54.892639,On or near Montpellier Terrace,E01008740,Sunderland 022A,Criminal damage and arson,Status update unavailable,
f7ae53fb1d1faa3a85cfbb8dd81ebd85835df867cad3bb8e8704fd44c0087812,2024-10,Northumbria Police,Northumbria Police,-1.376479,54.892736,On or near Petrol Station,E01008740,Sunderland 022A,Other theft,Investigation complete; no suspect identified,
1fc0772433a91ac5da751b3eb2edab6b430e69ff05ce0ad102431f1586f70c56,2024-10,Northumbria Police,Northumbria Police,-1.376479,54.892736,On or near Petrol Station,E01008740,Sunderland 022A,Other theft,Investigation complete; no suspect identified,
2100bf8df79b2f5e36e67c22010f0103e57a1e6d72e12e54f0d2f2b4bcb44089,2024-10,Northumbria Police,Northumbria Police,-1.376823,54.892639,On or near Montpellier Terrace,E01008740,Sunderland 022A,Possession of weapons,Court result unavailable,
76362bda0ff618449988c5a0a00a0410445f248b4dc70f16577cb49da2327ade,2024-10,Northumbria Police,Northumbria Police,-1.373825,54.886899,On or near Winalot Avenue,E01008740,Sunderland 022A,Public order,Investigation complete; no suspect identified,
ff0342b701ade4276d773d02d60468da10ef44faeccce32d2b18620dbc6d7999,2024-10,Northumbria Police,Northumbria Police,-1.376719,54.891336,On or near Belford Terrace,E01008740,Sunderland 022A,Public order,Status update unavailable,
0fb16650aea2a1c3c3277beed3d26ff955eee0bcb1bb0539323a54fa7fa9d98b,2024-10,Northumbria Police,Northumbria Police,-1.376479,54.892736,On or near Petrol Station,E01008740,Sunderland 022A,Vehicle crime,Status update unavailable,
fbe305fbbc7c34f80a0ca8d6cb0bc8628efcdff4f980e59f34527a0f44f04868,2024-10,Northumbria Police,Northumbria Police,-1.377981,54.891387,On or near Belford Close,E01008740,Sunderland 022A,Vehicle crime,Investigation complete; no suspect identified,
e1d9cd87d46e131bba555ac7d5c910412f3e43aea2a950842e648dceec2f5380,2024-10,Northumbria Police,Northumbria Police,-1.372212,54.888374,On or near The Sycamores,E01008740,Sunderland 022A,Vehicle crime,Investigation complete; no suspect identified,
6ab2604e4b8cbb27e2fa7b033a707d24337c88be839ebe90356b35d6176ffa00,2024-10,Northumbria Police,Northumbria Police,-1.376823,54.892639,On or near Montpellier Terrace,E01008740,Sunderland 022A,Violence and sexual offences,Status update unavailable,
b2cace0a6733791012d8d4c9830d1c5403b8d96e00509f5b999152d4ac4bbdff,2024-10,Northumbria Police,Northumbria Police,-1.383521,54.895082,On or near Corby Gate,E01008740,Sunderland 022A,Violence and sexual offences,Investigation complete; no suspect identified,
60d84d255543651f4ac3c2fa99599e73ad2cf752b09c8e385b1f59d5e62c40b0,2024-10,Northumbria Police,Northumbria Police,-1.376719,54.891336,On or near Belford Terrace,E01008740,Sunderland 022A,Violence and sexual offences,Investigation complete; no suspect identified,
75a6ec52479ead31f7fcd33d0d395ff0754f276de5e17a3050847e9a73125199,2024-10,Northumbria Police,Northumbria Police,-1.376823,54.892639,On or near Montpellier Terrace,E01008740,Sunderland 022A,Violence and sexual offences,Status update unavailable,
b2b7527e010eedeeba56f2076bbfb84ff919b01f328877c8edec2d8340c535bd,2024-10,Northumbria Police,Northumbria Police,-1.383521,54.895082,On or near Corby Gate,E01008740,Sunderland 022A,Violence and sexual offences,Status update unavailable,
7872132be787f6b599aa2780c646824b00f8ecc5c758d99b0981cda76db03a14,2024-10,Northumbria Police,Northumbria Police,-1.376823,54.892639,On or near Montpellier Terrace,E01008740,Sunderland 022A,Violence and sexual offences,Court result unavailable,
,2024-10,Northumbria Police,Northumbria Police,-1.398804,54.893855,On or near Stapylton Drive,E01008781,Sunderland 022B,Anti-social behaviour,,
880e19846477846f991405a8687080b8821d53e3d9ff11da9005185092f44ffa,2024-10,Northumbria Police,Northumbria Police,-1.401479,54.893284,On or near Petrol Station,E01008781,Sunderland 022B,Other theft,Investigation complete; no suspect identified,
bed0cc407737d5002d4d1d2d6888e28b06f31fa8fc381504e8e2b976e2ceb604,2024-10,Northumbria Police,Northumbria Police,-1.401479,54.893284,On or near Petrol Station,E01008781,Sunderland 022B,Public order,Investigation complete; no suspect identified,
884d1dd266c939173e2630bfb2c537e6637a8ad7a4cdfe7329f4a640e7e0c091,2024-10,Northumbria Police,Northumbria Police,-1.395391,54.895815,On or near Birchfield Road,E01008781,Sunderland 022B,Robbery,Investigation complete; no suspect identified,
0b88644dfbaa84719f04394f296a269b43485ceaa85619390bcdc14ab2bfc835,2024-10,Northumbria Police,Northumbria Police,-1.401636,54.896332,On or near Hurstwood Road,E01008781,Sunderland 022B,Vehicle crime,Investigation complete; no suspect identified,
a5c410d6610fd2a4f23ee008911a81e7e9719e32d5d5dc8c95ce1d5401ca6734,2024-10,Northumbria Police,Northumbria Police,-1.397928,54.895127,On or near Petrol Station,E01008781,Sunderland 022B,Violence and sexual offences,Investigation complete; no suspect identified,
dbcf1c2d3e0c78ac4ae4c7d010dd55b7762c2dd41db6506697ec0f69de0ab0b9,2024-10,Northumbria Police,Northumbria Police,-1.391702,54.895429,On or near Belle Vue Park West,E01008781,Sunderland 022B,Violence and sexual offences,Court result unavailable,
3205c2be4c6a7fde57df3d6eadcd8eaf3b8337ab7db48ae76acea3ded480b63e,2024-10,Northumbria Police,Northumbria Police,-1.397486,54.894415,On or near Wenham Square,E01008781,Sunderland 022B,Violence and sexual offences,Status update unavailable,
f7f45ebf47615d626212fa29ff029ca4db23e36f7f352820e80c2e527e678155,2024-10,Northumbria Police,Northumbria Police,-1.401636,54.896332,On or near Hurstwood Road,E01008781,Sunderland 022B,Violence and sexual offences,Status update unavailable,
5f6251e80d5b13dedb00d2f30adf0c3f3b9c519605721d5ab8b880b09fb8ef67,2024-10,Northumbria Police,Northumbria Police,-1.401636,54.896332,On or near Hurstwood Road,E01008781,Sunderland 022B,Violence and sexual offences,Status update unavailable,
1dc4e1046b348347b66a7383e354392c30cb45939ee50ebf2add3c6a0edde16e,2024-10,Northumbria Police,Northumbria Police,-1.397928,54.895127,On or near Petrol Station,E01008781,Sunderland 022B,Violence and sexual offences,Investigation complete; no suspect identified,
d5c877e8b89b1e3df1370d92bfd1f47613c4604f66ee487d595a57c8fbb3e596,2024-10,Northumbria Police,Northumbria Police,-1.391702,54.895429,On or near Belle Vue Park West,E01008781,Sunderland 022B,Violence and sexual offences,Court result unavailable,
152971e271c6536a68f3fd805161a98d841ebc56d82ad403a5aef1ff38d1f6fb,2024-10,Northumbria Police,Northumbria Police,-1.391702,54.895429,On or near Belle Vue Park West,E01008781,Sunderland 022B,Other crime,Court result unavailable,
1f350c1b4dff6274b00a3ddb7e1efba3cfbe16430fff651bcd710208d14cb348,2024-10,Northumbria Police,Northumbria Police,-1.406312,54.890082,On or near Thomas Hawksley Park,E01008782,Sunderland 022C,Burglary,Status update unavailable,
84b737dafaf177e6e4ac938f40219d4413b06ba250222acd6f5852baed18f47a,2024-10,Northumbria Police,Northumbria Police,-1.400615,54.889515,On or near Bylands Gardens,E01008782,Sunderland 022C,Criminal damage and arson,Status update unavailable,
31b3dd9c7ea46acda1f78eba5ad34a64036ad2e4dc438e398a1876beae46c50a,2024-10,Northumbria Police,Northumbria Police,-1.406154,54.891303,On or near Montrose Gardens,E01008782,Sunderland 022C,Violence and sexual offences,Status update unavailable,
6b55aa97018a4ab0cc3582e118339dd1debd46564552cd2e0d8fc5086ffa8bea,2024-10,Northumbria Police,Northumbria Police,-1.406154,54.891303,On or near Montrose Gardens,E01008782,Sunderland 022C,Violence and sexual offences,Status update unavailable,
62873dc8d4c5b6baa7dcc8012a2c35b11a844c7a078ed88b4aa11ac13fb61c9f,2024-10,Northumbria Police,Northumbria Police,-1.406154,54.891303,On or near Montrose Gardens,E01008782,Sunderland 022C,Violence and sexual offences,Investigation complete; no suspect identified,
79b5743dcfacce5f75896300288af907bf088603a6063aefe4e7b3199ceb8953,2024-10,Northumbria Police,Northumbria Police,-1.406154,54.891303,On or near Montrose Gardens,E01008782,Sunderland 022C,Violence and sexual offences,Status update unavailable,
d231e644085a8a94a44b420bb431ac4d292e70b3540af40e224bd024571a7061,2024-10,Northumbria Police,Northumbria Police,-1.403717,54.885297,On or near Nursery Close,E01008782,Sunderland 022C,Violence and sexual offences,Investigation complete; no suspect identified,
97ceee3c90e1b9f220966d0a39f7bc2c789365027aba04a33be8f394d985e233,2024-10,Northumbria Police,Northumbria Police,-1.390527,54.892709,On or near Tunstall Park,E01008783,Sunderland 022D,Shoplifting,Investigation complete; no suspect identified,
71e5be4726697327d80800352256520688db27a246d4505558b163cd2dab6b31,2024-10,Northumbria Police,Northumbria Police,-1.383997,54.887410,On or near Stannington Grove,E01008784,Sunderland 022E,Vehicle crime,Investigation complete; no suspect identified,
fbfb7daeb2866bf65d6c398d7c905fe7a7b0cddbf0fb668d975a3e2a23f1b346,2024-10,Northumbria Police,Northumbria Police,-1.385957,54.887716,On or near Larchwood Grove,E01008784,Sunderland 022E,Violence and sexual offences,Investigation complete; no suspect identified,
ee0e953b2f49fb845f0ded81576704e5d10d51c86bc86375b6526a8019c61599,2024-10,Northumbria Police,Northumbria Police,-1.383997,54.887410,On or near Stannington Grove,E01008784,Sunderland 022E,Violence and sexual offences,Status update unavailable,
2dfbaadf545548cfd1d6a1dd643a1e4d02516fd3b8c4965c40c3e9e7b5dce7c9,2024-10,Northumbria Police,Northumbria Police,-1.385957,54.887716,On or near Larchwood Grove,E01008784,Sunderland 022E,Other crime,Status update unavailable,
,2024-10,Northumbria Police,Northumbria Police,-1.399460,54.895889,On or near Ranson Street,E01008835,Sunderland 022G,Anti-social behaviour,,
,2024-10,Northumbria Police,Northumbria Police,-1.395541,54.900408,On or near Beechwood Street,E01008835,Sunderland 022G,Anti-social behaviour,,
08cb1546707eff2ca4a7cb1e492604373d233131814e9369e27be0b12155d316,2024-10,Northumbria Police,Northumbria Police,-1.387419,54.897186,On or near Cross Vale Road,E01008835,Sunderland 022G,Burglary,Status update unavailable,
1f1b90d021452fc71fc91f654aee7e32a3b97564079d3b939ba8f84b5553cebd,2024-10,Northumbria Police,Northumbria Police,-1.389787,54.897324,On or near Thornhill Gardens,E01008835,Sunderland 022G,Criminal damage and arson,Court result unavailable,
8f87f73410f68481d3717b9a6cb2d8000f89afc38d8fb10ad82dc30855b513f6,2024-10,Northumbria Police,Northumbria Police,-1.387419,54.897186,On or near Cross Vale Road,E01008835,Sunderland 022G,Drugs,Investigation complete; no suspect identified,
14fb14d233a3fdf244f8f11a66ac747654a46da518a6f5612cb2cefbb8a3ac5e,2024-10,Northumbria Police,Northumbria Police,-1.387419,54.897186,On or near Cross Vale Road,E01008835,Sunderland 022G,Drugs,Investigation complete; no suspect identified,
46d0f5f34d2073b3d3e0faa9525806d50fc20e41920092868f192ec40dd0e377,2024-10,Northumbria Police,Northumbria Police,-1.393146,54.897925,On or near Thornholme Road,E01008835,Sunderland 022G,Theft from the person,Investigation complete; no suspect identified,
913ba1011dd3b74cf10f2edf3da3de26a6ede5efd846126812de1dee16da446f,2024-10,Northumbria Police,Northumbria Police,-1.394560,54.899289,On or near Beechwood Terrace,E01008835,Sunderland 022G,Vehicle crime,Investigation complete; no suspect identified,
1ec804e0aafd03b81f7c903a48c7200b2a636950e9fc6f469cdb1e1eb5f4f6ce,2024-10,Northumbria Police,Northumbria Police,-1.393146,54.897925,On or near Thornholme Road,E01008835,Sunderland 022G,Violence and sexual offences,Investigation complete; no suspect identified,
65d035f707508274856922e4c7af1d2ae91d16e3e23597002761685b40743089,2024-10,Northumbria Police,Northumbria Police,-1.393146,54.897925,On or near Thornholme Road,E01008835,Sunderland 022G,Violence and sexual offences,Status update unavailable,
2f5749b3d4c2fcc4a4590ee716713da0f65ce7f6850c0a69162045198f8e8a91,2024-10,Northumbria Police,Northumbria Police,-1.395593,54.899043,On or near Ashwood Terrace,E01008835,Sunderland 022G,Violence and sexual offences,Status update unavailable,
53c6aeed8b7918285fe44ddb92f32d430a8f3b39cc188b69ddf647289588e6a0,2024-10,Northumbria Police,Northumbria Police,-1.392330,54.899278,On or near Abbotsford Grove,E01008835,Sunderland 022G,Violence and sexual offences,Investigation complete; no suspect identified,
19649bb90be24187c091e3c51fc9a10b7b3e3d5c478b8a7fee29d6aeb21255c0,2024-10,Northumbria Police,Northumbria Police,-1.397092,54.898870,On or near Evelyn Street,E01008835,Sunderland 022G,Violence and sexual offences,Investigation complete; no suspect identified,
ec9375e259e3e886e118c7ee18f6215ade4e4e2480ceb732e593e86af1058869,2024-10,Northumbria Police,Northumbria Police,-1.387419,54.897186,On or near Cross Vale Road,E01008835,Sunderland 022G,Violence and sexual offences,Investigation complete; no suspect identified,
13756431c8b8fddd58c807efd6fe58b3af3420c9106b131cfac79c248b908d86,2024-10,Northumbria Police,Northumbria Police,-1.395541,54.900408,On or near Beechwood Street,E01008835,Sunderland 022G,Violence and sexual offences,Investigation complete; no suspect identified,
0b236968d2cdc06d73b1cbeb7d0ddbfc77e1ff7219b735bc0ee5dd2a7f1700fa,2024-10,Northumbria Police,Northumbria Police,-1.392330,54.899278,On or near Abbotsford Grove,E01008835,Sunderland 022G,Other crime,Status update unavailable,
,2024-10,Northumbria Police,Northumbria Police,-1.437930,54.882171,On or near Tamworth Square,E01008823,Sunderland 023A,Anti-social behaviour,,
,2024-10,Northumbria Police,Northumbria Police,-1.438562,54.882651,On or near Tiverton Square,E01008823,Sunderland 023A,Anti-social behaviour,,
,2024-10,Northumbria Police,Northumbria Police,-1.434166,54.884913,On or near Twickenham Road,E01008823,Sunderland 023A,Anti-social behaviour,,
,2024-10,Northumbria Police,Northumbria Police,-1.438562,54.882651,On or near Tiverton Square,E01008823,Sunderland 023A,Anti-social behaviour,,
,2024-10,Northumbria Police,Northumbria Police,-1.438390,54.877042,On or near Tilbury Gardens,E01008823,Sunderland 023A,Anti-social behaviour,,
,2024-10,Northumbria Police,Northumbria Police,-1.438390,54.877042,On or near Tilbury Gardens,E01008823,Sunderland 023A,Anti-social behaviour,,
162b62b08347fc3cde4955438a10cb509d2cf9d0bb8bdd16b5b4c686b2fae4f6,2024-10,Northumbria Police,Northumbria Police,-1.440817,54.880792,On or near Tintagel Close,E01008823,Sunderland 023A,Criminal damage and arson,Investigation complete; no suspect identified,
aac9c35cdae3dd4c8b93df7b46d3669ae4ad508d2b45048898d6e12794061930,2024-10,Northumbria Police,Northumbria Police,-1.438562,54.882651,On or near Tiverton Square,E01008823,Sunderland 023A,Criminal damage and arson,Investigation complete; no suspect identified,
8ea988a243d1c119018a6f46fca3d7c067af0c2a1b1503871e931d68ccbad74e,2024-10,Northumbria Police,Northumbria Police,-1.438562,54.882651,On or near Tiverton Square,E01008823,Sunderland 023A,Other theft,Investigation complete; no suspect identified,
f514a78334776f651e15df015c367826e158f06b0e3f1e824243c68531d654ca,2024-10,Northumbria Police,Northumbria Police,-1.437930,54.882171,On or near Tamworth Square,E01008823,Sunderland 023A,Vehicle crime,Investigation complete; no suspect identified,
4e147e718eaab7fcd95a32d8c4b2d6df68ad7e5645289b5386a8bf2098b8224e,2024-10,Northumbria Police,Northumbria Police,-1.441614,54.880607,On or near Thurso Close,E01008823,Sunderland 023A,Violence and sexual offences,Status update unavailable,
322a4f53b5b02345b49e76b61f781e7a2905e2f8c19b08461d016d0edeb93eb3,2024-10,Northumbria Police,Northumbria Police,-1.441614,54.880607,On or near Thurso Close,E01008823,Sunderland 023A,Violence and sexual offences,Status update unavailable,
1a854291bd3b6cafe59d8b5a274b25fef568ffddba23a28c92122f03edbd69c2,2024-10,Northumbria Police,Northumbria Police,-1.442196,54.881328,On or near Trevelyan Close,E01008823,Sunderland 023A,Violence and sexual offences,Court result unavailable,
06349fe7a0faad4c2fefcb86d8e8668199a898ba7f78482251370ee97cf5e2ea,2024-10,Northumbria Police,Northumbria Police,-1.436990,54.882473,On or near Tyldesley Square,E01008823,Sunderland 023A,Other crime,Status update unavailable,
,2024-10,Northumbria Police,Northumbria Police,-1.430287,54.881435,On or near Thorney Close Road,E01008824,Sunderland 023B,Anti-social behaviour,,
3a78dbd960d8135aa266aba8b2cbae2f1bb0ff3c13d9b16921a318683fcaf5f4,2024-10,Northumbria Police,Northumbria Police,-1.437638,54.880723,On or near Thorne Road,E01008824,Sunderland 023B,Other theft,Investigation complete; no suspect identified,
9dd4459efca6b4323b6b77334ee5ae11a67be202a73ea6d991760236a8b06be4,2024-10,Northumbria Police,Northumbria Police,-1.432802,54.879910,On or near Turnham Road,E01008824,Sunderland 023B,Public order,Status update unavailable,
83cb38c5e1b0d89d2b824afdfe48ad8d5c7ea45e0863a17c344936dabc5c2fd4,2024-10,Northumbria Police,Northumbria Police,-1.433038,54.880873,On or near Thistle Road,E01008824,Sunderland 023B,Violence and sexual offences,Investigation complete; no suspect identified,
0bc857b4ee9111cd9598b059f20f7eb9152dfb1657428106e95df396851aa97c,2024-10,Northumbria Police,Northumbria Police,-1.436867,54.879003,On or near Thames Road,E01008824,Sunderland 023B,Violence and sexual offences,Status update unavailable,
a5f87886b62b6baa59b397c94145b3b39e7c04f32cce2df7442e55db8bdf542d,2024-10,Northumbria Police,Northumbria Police,-1.433038,54.880873,On or near Thistle Road,E01008824,Sunderland 023B,Violence and sexual offences,Status update unavailable,
,2024-10,Northumbria Police,Northumbria Police,-1.421475,54.888367,On or near Strathmore Square,E01008825,Sunderland 023C,Anti-social behaviour,,
,2024-10,Northumbria Police,Northumbria Police,-1.424452,54.887293,On or near Shaftoe Road,E01008825,Sunderland 023C,Anti-social behaviour,,
,2024-10,Northumbria Police,Northumbria Police,-1.424452,54.887293,On or near Shaftoe Road,E01008825,Sunderland 023C,Anti-social behaviour,,
,2024-10,Northumbria Police,Northumbria Police,-1.421475,54.888367,On or near Strathmore Square,E01008825,Sunderland 023C,Anti-social behaviour,,
,2024-10,Northumbria Police,Northumbria Police,-1.421475,54.888367,On or near Strathmore Square,E01008825,Sunderland 023C,Anti-social behaviour,,
,2024-10,Northumbria Police,Northumbria Police,-1.426966,54.889175,On or near Simonside Road,E01008825,Sunderland 023C,Anti-social behaviour,,
9731cd31e7556acb8fe2d5434bde15c25d12892ef87597b4eaa4e20e863397d9,2024-10,Northumbria Police,Northumbria Police,-1.427064,54.889966,On or near Seaton Road,E01008825,Sunderland 023C,Shoplifting,Status update unavailable,
43eea3faaf7a9a9924d98fe3a1592cfa9ae1ff91c98d28fdc5e98e4c139698ea,2024-10,Northumbria Police,Northumbria Police,-1.428607,54.890027,On or near Somerset Square,E01008825,Sunderland 023C,Vehicle crime,Investigation complete; no suspect identified,
f3f6858d94c544afab5ba679c07d61d58a54535bb04dba8c26b26d612a248947,2024-10,Northumbria Police,Northumbria Police,-1.419767,54.890066,On or near Selby Square,E01008825,Sunderland 023C,Violence and sexual offences,Investigation complete; no suspect identified,
0815f5f572defd9a4d7943916d87c8f0508695c2f96c4b8c06d5e1059797d64a,2024-10,Northumbria Police,Northumbria Police,-1.427064,54.889966,On or near Seaton Road,E01008825,Sunderland 023C,Violence and sexual offences,Investigation complete; no suspect identified,
bdb7b8cd7d258bb75310f7dbfbf267e5906c7d92673b6f2424fee2a3c9493cb9,2024-10,Northumbria Police,Northumbria Police,-1.428607,54.890027,On or near Somerset Square,E01008825,Sunderland 023C,Violence and sexual offences,Status update unavailable,
,2024-10,Northumbria Police,Northumbria Police,-1.413549,54.889838,On or near Sacriston Avenue,E01008826,Sunderland 023D,Anti-social behaviour,,
d4efd5d37d5cc2eb2285b83b4326aa74b75bc43554b62206adffa227f83a6800,2024-10,Northumbria Police,Northumbria Police,-1.414405,54.888917,On or near Scruton Avenue,E01008826,Sunderland 023D,Public order,Investigation complete; no suspect identified,
4aa92390dec30e32bcc78759d830ae52488015e6e8bc7e97200d1e46c0805df9,2024-10,Northumbria Police,Northumbria Police,-1.410505,54.889087,On or near Portland Square,E01008826,Sunderland 023D,Vehicle crime,Investigation complete; no suspect identified,
1cd03bf87c0455e4a8cd1a7c0da0365f50c64aa5d00c35bf27a7ea940740793c,2024-10,Northumbria Police,Northumbria Police,-1.414405,54.888917,On or near Scruton Avenue,E01008826,Sunderland 023D,Violence and sexual offences,Investigation complete; no suspect identified,
13ae8d357d2383d0cf9ad10520d1da2fd07a70b54be8cc41de6a620ecd2b39b7,2024-10,Northumbria Police,Northumbria Police,-1.410505,54.889087,On or near Portland Square,E01008826,Sunderland 023D,Violence and sexual offences,Status update unavailable,
395f0f2ae2133197fbd5c12923fe2289bc8d222d9a956b3d8ad8caefa81d4f70,2024-10,Northumbria Police,Northumbria Police,-1.415371,54.890018,On or near Stamford Avenue,E01008826,Sunderland 023D,Violence and sexual offences,Status update unavailable,
cddee7a8d951ef753e0e4a765b56456cf1083388dcc8af057f11ad73509a17bb,2024-10,Northumbria Police,Northumbria Police,-1.415371,54.890018,On or near Stamford Avenue,E01008826,Sunderland 023D,Violence and sexual offences,Investigation complete; no suspect identified,
db2545b7049642113ca1b7dd3be90b91b12e7142e3be4b528fa3f17e83b86711,2024-10,Northumbria Police,Northumbria Police,-1.410228,54.886668,On or near Premier Road,E01008826,Sunderland 023D,Other crime,Status update unavailable,
,2024-10,Northumbria Police,Northumbria Police,-1.423134,54.881329,On or near Supermarket,E01008827,Sunderland 023E,Anti-social behaviour,,
,2024-10,Northumbria Police,Northumbria Police,-1.423134,54.881329,On or near Supermarket,E01008827,Sunderland 023E,Anti-social behaviour,,
,2024-10,Northumbria Police,Northumbria Police,-1.419793,54.883865,On or near Pancras Road,E01008827,Sunderland 023E,Anti-social behaviour,,
,2024-10,Northumbria Police,Northumbria Police,-1.422815,54.882945,On or near Police Station,E01008827,Sunderland 023E,Anti-social behaviour,,
,2024-10,Northumbria Police,Northumbria Police,-1.420704,54.882288,On or near Perth Court,E01008827,Sunderland 023E,Anti-social behaviour,,
b15a4bd259922d1086af211805c58d8643365a639458a1f8e1a663074d1916db,2024-10,Northumbria Police,Northumbria Police,-1.423015,54.886397,On or near Strathmore Road,E01008827,Sunderland 023E,Burglary,Status update unavailable,
d11a678467b19a767225a86c5566ac3b3ae1a1fbcb0be237c0b8607f2d22565e,2024-10,Northumbria Police,Northumbria Police,-1.418046,54.885061,On or near Purley Road,E01008827,Sunderland 023E,Criminal damage and arson,Investigation complete; no suspect identified,
521f8fecb71a7c967145f8458d0180fccbb2c685e948408a9b901e058ded0004,2024-10,Northumbria Police,Northumbria Police,-1.420713,54.883870,On or near Princetown Terrace,E01008827,Sunderland 023E,Criminal damage and arson,Investigation complete; no suspect identified,
79978346e0021a167044fafea2a9f0f7532eaaee7f42b4fcab257b66b1cceff5,2024-10,Northumbria Police,Northumbria Police,-1.422815,54.882945,On or near Police Station,E01008827,Sunderland 023E,Other theft,Investigation complete; no suspect identified,
d467bad7bd8290d15bd25bf572e2f8d5217725cd7a86ae370b098151f55ef1a0,2024-10,Northumbria Police,Northumbria Police,-1.422369,54.881406,On or near North Moor Road,E01008827,Sunderland 023E,Public order,Investigation complete; no suspect identified,
d1cd6d9e48a6d812fdd289cb7fcd402a054f293021bd066c2adf3b5401fc0fa9,2024-10,Northumbria Police,Northumbria Police,-1.425478,54.884216,On or near Torquay Road,E01008827,Sunderland 023E,Public order,Investigation complete; no suspect identified,
c00b2c33846dceb173007db9338ffd972532c24752bb9f2c1d343126b076efca,2024-10,Northumbria Police,Northumbria Police,-1.423015,54.886397,On or near Strathmore Road,E01008827,Sunderland 023E,Robbery,Court result unavailable,
060c1b9a3ad1810b04660a659aed267fc579d4eb8b0e93ec1d6585a68f569f47,2024-10,Northumbria Police,Northumbria Police,-1.425575,54.887227,On or near Silloth Road,E01008827,Sunderland 023E,Robbery,Status update unavailable,
e6abea7d9c92b8c908d169afebf885c3f7a81a7036bb9147fe30db2bbadcd21f,2024-10,Northumbria Police,Northumbria Police,-1.425575,54.887227,On or near Silloth Road,E01008827,Sunderland 023E,Violence and sexual offences,Status update unavailable,
b341f77c21a3b3dc7f59b468ef6e0981ca10e860721f73c373715999ecd7ded1,2024-10,Northumbria Police,Northumbria Police,-1.418901,54.885209,On or near Peebles Road,E01008827,Sunderland 023E,Violence and sexual offences,Investigation complete; no suspect identified,
2ec43b3d95ba622fac75cc99e42a76e78f315a2db71b25e15b9bfb721fe5f46c,2024-10,Northumbria Police,Northumbria Police,-1.425478,54.884216,On or near Torquay Road,E01008827,Sunderland 023E,Violence and sexual offences,Status update unavailable,
aed5c36fa9814999a658eb8c4c0879a834bdb87fab945e495f1df63f5b4cfe0f,2024-10,Northumbria Police,Northumbria Police,-1.420713,54.883870,On or near Princetown Terrace,E01008827,Sunderland 023E,Violence and sexual offences,Status update unavailable,
250e9ca36351e99453d278b98ef951d43dbccc4370b23650aca031de22b647b1,2024-10,Northumbria Police,Northumbria Police,-1.425575,54.887227,On or near Silloth Road,E01008827,Sunderland 023E,Violence and sexual offences,Status update unavailable,
4f06c21d1a655e051dae6ffbdaddb026062457a331f89f44225ae24b78369448,2024-10,Northumbria Police,Northumbria Police,-1.423134,54.881329,On or near Supermarket,E01008827,Sunderland 023E,Violence and sexual offences,Investigation complete; no suspect identified,
3ed02e45da8937a608a85b15ec990111a49610220f4147a9457d1892501fec22,2024-10,Northumbria Police,Northumbria Police,-1.418901,54.885209,On or near Peebles Road,E01008827,Sunderland 023E,Violence and sexual offences,Status update unavailable,
526ec251b72a6eb2b3bfaf11cf34ecd67a11780e6c5797c15b0d2bb599d81dea,2024-10,Northumbria Police,Northumbria Police,-1.423015,54.886397,On or near Strathmore Road,E01008827,Sunderland 023E,Violence and sexual offences,Court result unavailable,
3c3c215e418cefc056269024bae2ff5d8dc6d4ab2dc8adbb743739c853deac6e,2024-10,Northumbria Police,Northumbria Police,-1.423134,54.881329,On or near Supermarket,E01008827,Sunderland 023E,Violence and sexual offences,Investigation complete; no suspect identified,
777d3dace0ce0021040d5cbbbdc40ef2abb8a8d2afb54ce1ce9acd74b96cfbb3,2024-10,Northumbria Police,Northumbria Police,-1.418763,54.888873,On or near Supermarket,E01008828,Sunderland 023F,Criminal damage and arson,Investigation complete; no suspect identified,
b1a71edfa4f26f11b05e921f1ea2595a66e9c862c24a53b21ac5d47430bfda27,2024-10,Northumbria Police,Northumbria Police,-1.415795,54.887621,On or near Powis Road,E01008828,Sunderland 023F,Criminal damage and arson,Offender given a caution,
31d17c9bb3b46daf5be40419e093c0273e2b851a596f7671ff8685fe00e0feef,2024-10,Northumbria Police,Northumbria Police,-1.413969,54.885626,On or near Pearl Road,E01008828,Sunderland 023F,Criminal damage and arson,Investigation complete; no suspect identified,
f05b6efd52392e18b742499bab71390d177dc88b5ccbaaf5d2e2110f758c9651,2024-10,Northumbria Police,Northumbria Police,-1.417448,54.884393,On or near Paignton Square,E01008828,Sunderland 023F,Drugs,Investigation complete; no suspect identified,
2e0da245ba456c9c0aa608ce7b14fbc891364bddc3c4abd8722434dc9fc1dfe0,2024-10,Northumbria Police,Northumbria Police,-1.417987,54.886984,On or near Polmuir Square,E01008828,Sunderland 023F,Drugs,Investigation complete; no suspect identified,
ab35f505fdd3290e0b7f3566936972faf977abb283226bd92449f8fb7ffb0f83,2024-10,Northumbria Police,Northumbria Police,-1.415795,54.887621,On or near Powis Road,E01008828,Sunderland 023F,Other theft,Status update unavailable,
1f53776ee1314629580be817e07a2c36e3726284c0eb32466073657202736a8c,2024-10,Northumbria Police,Northumbria Police,-1.413969,54.885626,On or near Pearl Road,E01008828,Sunderland 023F,Public order,Status update unavailable,
eaa9184a97a4c507cd4a71950f81bb6c5c34cde9ff98f3c89d0a4a8856eb3973,2024-10,Northumbria Police,Northumbria Police,-1.418763,54.888873,On or near Supermarket,E01008828,Sunderland 023F,Shoplifting,Status update unavailable,
c4795113e5b12186ff17c44c8ff7f62cde3e2cfca370ab9472e81ac299e505e7,2024-10,Northumbria Police,Northumbria Police,-1.413180,54.885245,On or near Perth Square,E01008828,Sunderland 023F,Violence and sexual offences,Investigation complete; no suspect identified,
5d16f442715c2fa59bf077f4cfd89c88b082795a9aec3776c39e077f22971d93,2024-10,Northumbria Police,Northumbria Police,-1.416980,54.886512,On or near Polmuir Road,E01008828,Sunderland 023F,Violence and sexual offences,Awaiting court outcome,
a8579b761ce135c6b0096d40a8d14f1e81ef6889c65d6ed97f18268684583c9b,2024-10,Northumbria Police,Northumbria Police,-1.418399,54.884362,On or near Portree Square,E01008828,Sunderland 023F,Violence and sexual offences,Status update unavailable,
c57785c70f98fc5db5f914d4f048cb5a84d0bcaeb189db26e387e12c87daaf3b,2024-10,Northumbria Police,Northumbria Police,-1.416980,54.886512,On or near Polmuir Road,E01008828,Sunderland 023F,Violence and sexual offences,Investigation complete; no suspect identified,
1d238fe195e78aab4e09307d4297f63845eda133ace3b6f3440a6316e9f53b5b,2024-10,Northumbria Police,Northumbria Police,-1.413180,54.885245,On or near Perth Square,E01008828,Sunderland 023F,Violence and sexual offences,Investigation complete; no suspect identified,
c0e9b4adeef1902e91bc5481bf70d1bf60ed8afcbdb682f34e4e9ee95af5b938,2024-10,Northumbria Police,Northumbria Police,-1.415687,54.884304,On or near Perth Road,E01008828,Sunderland 023F,Violence and sexual offences,Investigation complete; no suspect identified,
,2024-10,Northumbria Police,Northumbria Police,-1.431459,54.883399,On or near Thorndale Road,E01008829,Sunderland 023G,Anti-social behaviour,,
,2024-10,Northumbria Police,Northumbria Police,-1.428654,54.886639,On or near Torrens Road,E01008829,Sunderland 023G,Anti-social behaviour,,
,2024-10,Northumbria Police,Northumbria Police,-1.431459,54.883399,On or near Thorndale Road,E01008829,Sunderland 023G,Anti-social behaviour,,
e8962a35b34e2370422eb043e5d0c79e49aa61b66beec16e059b39b8cbffdbb3,2024-10,Northumbria Police,Northumbria Police,-1.430228,54.883367,On or near Truro Road,E01008829,Sunderland 023G,Criminal damage and arson,Investigation complete; no suspect identified,
ceb438180577d4ec9f0fd39cdebfd7b3ae53a0cfe82c13d8affcb7f967343c7e,2024-10,Northumbria Police,Northumbria Police,-1.428388,54.882369,On or near Thanet Road,E01008829,Sunderland 023G,Other theft,Status update unavailable,
a97526d419546f218bba9cdb7b479337c325b80594f9c99575db99f941c74ed6,2024-10,Northumbria Police,Northumbria Police,-1.428654,54.886639,On or near Torrens Road,E01008829,Sunderland 023G,Robbery,Investigation complete; no suspect identified,
7ea728a39ab783b231a559d37e0a3ee7212a4f99b2140b68e128dea72b130f55,2024-10,Northumbria Police,Northumbria Police,-1.431459,54.883399,On or near Thorndale Road,E01008829,Sunderland 023G,Violence and sexual offences,Investigation complete; no suspect identified,
c3aa6627b1d31c6c6d06214cb223e46b6f2ccfe4508a973f69f4725a764b995a,2024-10,Northumbria Police,Northumbria Police,-1.429434,54.885529,On or near Telford Road,E01008829,Sunderland 023G,Violence and sexual offences,Status update unavailable,
023a3f7ce4f8adf84f4751caf6d029dbd766db4792b8baf871cebb8d169b3b8a,2024-10,Northumbria Police,Northumbria Police,-1.431459,54.883399,On or near Thorndale Road,E01008829,Sunderland 023G,Other crime,Status update unavailable,
758e691c0001cc8d19ee2129e277b9071d7061037be836bd3f5e8e61437aa36d,2024-10,Northumbria Police,Northumbria Police,-1.428654,54.886639,On or near Torrens Road,E01008829,Sunderland 023G,Other crime,Investigation complete; no suspect identified,
,2024-10,Northumbria Police,Northumbria Police,-1.370622,54.888393,On or near Rudyard Avenue,E01008739,Sunderland 024A,Anti-social behaviour,,
891ad85adb7965e962c4462852f23f723572bb16c68c30c70620e3ca8a376a5c,2024-10,Northumbria Police,Northumbria Police,-1.368722,54.887259,On or near Balmoral Terrace,E01008739,Sunderland 024A,Burglary,Status update unavailable,
8cb55933df36171741b8f489a4b9445a82e2c5a7b54efa2f2b415d4aab37a873,2024-10,Northumbria Police,Northumbria Police,-1.366517,54.889683,On or near Hastings Terrace,E01008739,Sunderland 024A,Criminal damage and arson,Investigation complete; no suspect identified,
fa59bba9f817557708614d193691bd30d391655f477aa423d2f3657b20a80dd6,2024-10,Northumbria Police,Northumbria Police,-1.366517,54.889683,On or near Hastings Terrace,E01008739,Sunderland 024A,Drugs,Investigation complete; no suspect identified,
654a06d3a38350deebf775c40c047284c93a66268e3f4213b2cb664e99e8dc58,2024-10,Northumbria Police,Northumbria Police,-1.366517,54.889683,On or near Hastings Terrace,E01008739,Sunderland 024A,Vehicle crime,Status update unavailable,
2e9a42decf0aed139e902fe303ad191c7fbf6033cd55b1e3a06dffddf54ec255,2024-10,Northumbria Police,Northumbria Police,-1.372396,54.890630,On or near Raglan Avenue,E01008739,Sunderland 024A,Vehicle crime,Investigation complete; no suspect identified,
0c0515729a0b59dabb0f199a0fc848551a61ba4b0a22d1b36c2749b4337887e1,2024-10,Northumbria Police,Northumbria Police,-1.366517,54.889683,On or near Hastings Terrace,E01008739,Sunderland 024A,Violence and sexual offences,Status update unavailable,
025a31b8653c43bbe751871e00a3a772ed33f652b707ff11dd62f03a81649861,2024-10,Northumbria Police,Northumbria Police,-1.366517,54.889683,On or near Hastings Terrace,E01008739,Sunderland 024A,Violence and sexual offences,Investigation complete; no suspect identified,
fc43d95370e9bc7afe802f96b04811c11aadd55fc25308c10b2c735272ffefe3,2024-10,Northumbria Police,Northumbria Police,-1.366517,54.889683,On or near Hastings Terrace,E01008739,Sunderland 024A,Violence and sexual offences,Awaiting court outcome,
00ce087eb8650691e5da50fead141d2f3d86de5b91e83300efcfc9d9872b2016,2024-10,Northumbria Police,Northumbria Police,-1.366517,54.889683,On or near Hastings Terrace,E01008739,Sunderland 024A,Violence and sexual offences,Awaiting court outcome,
,2024-10,Northumbria Police,Northumbria Police,-1.360978,54.892970,On or near Parking Area,E01008741,Sunderland 024B,Anti-social behaviour,,
,2024-10,Northumbria Police,Northumbria Police,-1.360521,54.877511,On or near Salterfen Road,E01008741,Sunderland 024B,Anti-social behaviour,,
,2024-10,Northumbria Police,Northumbria Police,-1.361997,54.885670,On or near Margaret Street,E01008741,Sunderland 024B,Anti-social behaviour,,
,2024-10,Northumbria Police,Northumbria Police,-1.360521,54.877511,On or near Salterfen Road,E01008741,Sunderland 024B,Anti-social behaviour,,
88c9478d698bdcd5ef7ed3f7fad7299767de817e6975240945e2977634ec4e40,2024-10,Northumbria Police,Northumbria Police,-1.363260,54.880752,On or near B1522,E01008741,Sunderland 024B,Burglary,Investigation complete; no suspect identified,
864191fdb9ad0f71a8e94c7ab305c4bbff04bc39214f4d54ec17b3a71689d4d5,2024-10,Northumbria Police,Northumbria Police,-1.363260,54.880752,On or near B1522,E01008741,Sunderland 024B,Burglary,Investigation complete; no suspect identified,
d582a0bcfbd79513f3123ccb9b804117b8ba5f9878c6476d99ea24cdf7ff59b4,2024-10,Northumbria Police,Northumbria Police,-1.360521,54.877511,On or near Salterfen Road,E01008741,Sunderland 024B,Other theft,Investigation complete; no suspect identified,
f2c035a8cc3ec4bb9341e09623e37d3a6659f38dae24e978f40f8db53006469a,2024-10,Northumbria Police,Northumbria Police,-1.363260,54.880752,On or near B1522,E01008741,Sunderland 024B,Public order,Status update unavailable,
9b3b21de6218e191c3f7d6304d225e51c40862c7a0eb65badc318f2219b5bed4,2024-10,Northumbria Police,Northumbria Police,-1.360284,54.880691,On or near Rydale Park,E01008741,Sunderland 024B,Public order,Investigation complete; no suspect identified,
7cf88aa6b14cf82d6fe08ad5936e4ed3568a9840c62318f1c2f3bda31f66516a,2024-10,Northumbria Police,Northumbria Police,-1.360284,54.880691,On or near Rydale Park,E01008741,Sunderland 024B,Shoplifting,Investigation complete; no suspect identified,
af1a59c037fb81e4444ea448653365387e34b38398dd88484eda81c294173b87,2024-10,Northumbria Police,Northumbria Police,-1.360888,54.881881,On or near Acklam Avenue,E01008741,Sunderland 024B,Vehicle crime,Investigation complete; no suspect identified,
d733ec9e091d1dc88662f9ba20df1c4e7d22ef4ac3c6ce54978315c44d05ee78,2024-10,Northumbria Police,Northumbria Police,-1.360245,54.890046,On or near Promenade,E01008741,Sunderland 024B,Vehicle crime,Investigation complete; no suspect identified,
649a1fb3f5ed04af945822d2f0669794cfda4103e6a2d629b20d8d6bd529de69,2024-10,Northumbria Police,Northumbria Police,-1.362275,54.881879,On or near Wetherby Road,E01008741,Sunderland 024B,Vehicle crime,Investigation complete; no suspect identified,
55cae4caada461c13a3264764d3eccbf11cad64fef4139f2a7dce74e1f297ff8,2024-10,Northumbria Police,Northumbria Police,-1.367076,54.886846,On or near Markham Street,E01008741,Sunderland 024B,Violence and sexual offences,Status update unavailable,
e6f26fb0eb38adb4fab721c7ccb0d8c4ecbff034d261b3c5140a18fa4a4a56c7,2024-10,Northumbria Police,Northumbria Police,-1.366075,54.886068,On or near Bideford Street,E01008741,Sunderland 024B,Violence and sexual offences,Status update unavailable,
b5626736a67e2955bf64bb2527e14a4abacbc5a45cce64c89b5537422b782cd9,2024-10,Northumbria Police,Northumbria Police,-1.363260,54.880752,On or near B1522,E01008741,Sunderland 024B,Violence and sexual offences,Court result unavailable,
4cd74794ae2d7c7c5baadce5324b00e7e2851090848a714aa4fa4ea8b6aa6322,2024-10,Northumbria Police,Northumbria Police,-1.363250,54.878397,On or near Shopping Area,E01008779,Sunderland 024C,Criminal damage and arson,Status update unavailable,
cc82f834549af5d582362bacd797919904d757e07a77958aebefc18bb3cd5e8a,2024-10,Northumbria Police,Northumbria Police,-1.372097,54.880744,On or near Claymere Road,E01008779,Sunderland 024C,Other theft,Local resolution,
b00d6c5882a20bfaaab8a13facdf295b369fa278bced328c9feff5c09a9354a1,2024-10,Northumbria Police,Northumbria Police,-1.369268,54.879273,On or near Wellmere Road,E01008779,Sunderland 024C,Other theft,Investigation complete; no suspect identified,
bc98d33e3c6bdf1bed964b87953399c73b357556c0626e9eed878253a00bb64f,2024-10,Northumbria Police,Northumbria Police,-1.367074,54.885022,On or near Carnegie Street,E01008779,Sunderland 024C,Other theft,Investigation complete; no suspect identified,
f9354d97bb7747b587cf94421bc282737efee5be49d6ad0db8099b5fcce94f43,2024-10,Northumbria Police,Northumbria Police,-1.371021,54.885825,On or near Woodstock Avenue,E01008779,Sunderland 024C,Public order,Investigation complete; no suspect identified,
2825734b2284f727aaad27fe9261c189254efb87ef9f4eb7b0530e0e66cc476b,2024-10,Northumbria Police,Northumbria Police,-1.368215,54.885819,On or near Ryhope Road,E01008779,Sunderland 024C,Shoplifting,Investigation complete; no suspect identified,
78acfb365774b793b1d844414b5279cd882c2c06a97a39fa5664d77a02be4686,2024-10,Northumbria Police,Northumbria Police,-1.367318,54.884358,On or near Haddon Road,E01008779,Sunderland 024C,Violence and sexual offences,Status update unavailable,
ee52e91e9f80723ff39b6d3615b86681f8c4cf1a61ecba68f0f7df30f5bb0883,2024-10,Northumbria Police,Northumbria Police,-1.367318,54.884358,On or near Haddon Road,E01008779,Sunderland 024C,Violence and sexual offences,Status update unavailable,
20f29ca87033d438974827ad5c7a88d3247aaa5abcdce3e8932cdf3ea8b31ed8,2024-10,Northumbria Police,Northumbria Police,-1.367318,54.884358,On or near Haddon Road,E01008779,Sunderland 024C,Violence and sexual offences,Investigation complete; no suspect identified,
816000a6c3bfbf84ee39597b68fdb04baa1998c9da159ae9dfa2cf54520bd031,2024-10,Northumbria Police,Northumbria Police,-1.374705,54.885439,On or near Warnham Avenue,E01008779,Sunderland 024C,Violence and sexual offences,Investigation complete; no suspect identified,
3be96a52016cf4039e1cc5c908ec1eef76c247d0af9920a6210772a1774ce9c0,2024-10,Northumbria Police,Northumbria Police,-1.368215,54.885819,On or near Ryhope Road,E01008779,Sunderland 024C,Violence and sexual offences,Investigation complete; no suspect identified,
,2024-10,Northumbria Police,Northumbria Police,-1.381280,54.884682,On or near Helvellyn Road,E01008780,Sunderland 024D,Anti-social behaviour,,
,2024-10,Northumbria Police,Northumbria Police,-1.383625,54.883166,On or near Leechmere Road,E01008780,Sunderland 024D,Anti-social behaviour,,
61a43265260ae74ff59200f7e070e0ac4a8fbd9b522e674e25cf90c253e4eb37,2024-10,Northumbria Police,Northumbria Police,-1.373241,54.881388,On or near Supermarket,E01008780,Sunderland 024D,Burglary,Court result unavailable,
e4b6031b6693f4db2b6fb6c62453bb5d3935742236911a3171236386a75af91c,2024-10,Northumbria Police,Northumbria Police,-1.375772,54.882991,On or near Westheath Avenue,E01008780,Sunderland 024D,Criminal damage and arson,Investigation complete; no suspect identified,
bafed77d0a0100bd0a95bbdc96443b02c08508c8500b184e602822565f52ec97,2024-10,Northumbria Police,Northumbria Police,-1.378241,54.882609,On or near Hardgate Road,E01008780,Sunderland 024D,Criminal damage and arson,Investigation complete; no suspect identified,
e4c218ea9c63918eaaa32eb84abc65f8251135d667252e9f4f3b32eaef886662,2024-10,Northumbria Police,Northumbria Police,-1.379960,54.884316,On or near Hill View Square,E01008780,Sunderland 024D,Criminal damage and arson,Investigation complete; no suspect identified,
06b66d067b175afddbbb2129d074d86ce977eab7eca94bef8b19ebb4a1ea1314,2024-10,Northumbria Police,Northumbria Police,-1.379960,54.884316,On or near Hill View Square,E01008780,Sunderland 024D,Drugs,Status update unavailable,
7c5d9da28ecd23f3c8005c637d38710e1d5fe4eef8824ef3266dc0f15a6f7001,2024-10,Northumbria Police,Northumbria Police,-1.373241,54.881388,On or near Supermarket,E01008780,Sunderland 024D,Public order,Status update unavailable,
aff06d0fc128d7bef2655ebb90e28c7950902bc55e9d92f9f96d6103076a350b,2024-10,Northumbria Police,Northumbria Police,-1.387224,54.884335,On or near Myrella Crescent,E01008780,Sunderland 024D,Public order,Status update unavailable,
fae9e66ab4298ab9007b0ec732ff91f2263372a67459dcd4eaa8379b1ba85011,2024-10,Northumbria Police,Northumbria Police,-1.373241,54.881388,On or near Supermarket,E01008780,Sunderland 024D,Shoplifting,Court result unavailable,
609d7bde4c4428dc362f93a5d8ae70f60a5b000f1c0e41ced1b9b663754d3b95,2024-10,Northumbria Police,Northumbria Police,-1.373241,54.881388,On or near Supermarket,E01008780,Sunderland 024D,Shoplifting,Status update unavailable,
0117cfdfe230d2a3e1044a09dfb1a59e4b3f21df9777f1c78e15f4b7ba07a19e,2024-10,Northumbria Police,Northumbria Police,-1.373241,54.881388,On or near Supermarket,E01008780,Sunderland 024D,Shoplifting,Court result unavailable,
1fba4bf52890a961e53b87d83feb0e0dd0b328f4c6a1d52ab1552a76961eab5a,2024-10,Northumbria Police,Northumbria Police,-1.373241,54.881388,On or near Supermarket,E01008780,Sunderland 024D,Shoplifting,Investigation complete; no suspect identified,
e613f844c1f0249fe94f4568dbcd0f1d0cb244e8287fce47f0b5faec4da44c58,2024-10,Northumbria Police,Northumbria Police,-1.373241,54.881388,On or near Supermarket,E01008780,Sunderland 024D,Shoplifting,Court result unavailable,
b657a180d5782eb0247083ee3293a1a3c105ddb9a5c99cbdb8af8c272533a979,2024-10,Northumbria Police,Northumbria Police,-1.373241,54.881388,On or near Supermarket,E01008780,Sunderland 024D,Shoplifting,Status update unavailable,
c686cdf650569de9fb2ffddcc3393fab4558c94a9fcb1de7b6d6601311acf778,2024-10,Northumbria Police,Northumbria Police,-1.376646,54.884910,On or near Aylesford Mews,E01008780,Sunderland 024D,Vehicle crime,Investigation complete; no suspect identified,
138eb2a9cc8e70fe2bddc0e1f03146312fab1eb16dd36f20be61b7719006f201,2024-10,Northumbria Police,Northumbria Police,-1.378126,54.883974,On or near Hill View Road,E01008780,Sunderland 024D,Violence and sexual offences,Status update unavailable,
444347f778a58029dc716a889e4d60bc991e4516e09e02f895d8405bdbf68333,2024-10,Northumbria Police,Northumbria Police,-1.375772,54.882991,On or near Westheath Avenue,E01008780,Sunderland 024D,Violence and sexual offences,Status update unavailable,
cfd44f4dbc4d03065fc86ab31e6679b6588ef6f538aee8eb79fbf82dd9a5c47a,2024-10,Northumbria Police,Northumbria Police,-1.372930,54.883354,On or near Wayland Square,E01008780,Sunderland 024D,Violence and sexual offences,Status update unavailable,
efb99a74ceee05c19fe566ff8bf618c27253a027c4ffb187b325edb2beb8fd53,2024-10,Northumbria Police,Northumbria Police,-1.378126,54.883974,On or near Hill View Road,E01008780,Sunderland 024D,Violence and sexual offences,Investigation complete; no suspect identified,
7ad4a31236f1db58ab6233a8126d4b6b4de4421688d425d2e38ba893f570bcd9,2024-10,Northumbria Police,Northumbria Police,-1.378126,54.883974,On or near Hill View Road,E01008780,Sunderland 024D,Violence and sexual offences,Status update unavailable,
f551d872871ff72c54c8734e98617535b82714dcdc90936cc1c14c66ca16f1f9,2024-10,Northumbria Police,Northumbria Police,-1.500407,54.874123,On or near Sternboro Park,E01008799,Sunderland 025A,Public order,Investigation complete; no suspect identified,
ec5942d86f3476c7e6712ffadbcf19c90047b23f375e238ddac726361396f27e,2024-10,Northumbria Police,Northumbria Police,-1.501279,54.875483,On or near Supermarket,E01008799,Sunderland 025A,Shoplifting,Investigation complete; no suspect identified,
d6c01dcbbeeaa55db3c9b18d5740e1889e3b51be2e10ba59f42bce07512bd4c6,2024-10,Northumbria Police,Northumbria Police,-1.501279,54.875483,On or near Supermarket,E01008799,Sunderland 025A,Shoplifting,Status update unavailable,
4937dd2854b6db9e6b9d78223d3fc2c0c18ba3955354f6384795e45df84c969f,2024-10,Northumbria Police,Northumbria Police,-1.501279,54.875483,On or near Supermarket,E01008799,Sunderland 025A,Shoplifting,Investigation complete; no suspect identified,
2cf052add09a96a8cc497479ae2dcceb610143b38bcb45ae557851b7eee26330,2024-10,Northumbria Police,Northumbria Police,-1.501279,54.875483,On or near Supermarket,E01008799,Sunderland 025A,Shoplifting,Investigation complete; no suspect identified,
214942e66146679fee63820a3fd3e24462fcb80a7674d454244b4ca61e76119f,2024-10,Northumbria Police,Northumbria Police,-1.504745,54.876216,On or near Station Road,E01008799,Sunderland 025A,Vehicle crime,Investigation complete; no suspect identified,
6df56a518c4aed71627f7a68a1e90d7ce52a9f471490bab9909e298fb21bec63,2024-10,Northumbria Police,Northumbria Police,-1.513853,54.876936,On or near Baysdale,E01008799,Sunderland 025A,Violence and sexual offences,Offender given a caution,
4ddf6e94f116bf7a4a1f38d34182e2a00009ddf8e99d134d166df62e2ce7e1dc,2024-10,Northumbria Police,Northumbria Police,-1.501279,54.875483,On or near Supermarket,E01008799,Sunderland 025A,Violence and sexual offences,Status update unavailable,
,2024-10,Northumbria Police,Northumbria Police,-1.516338,54.882877,On or near Rivermead,E01008861,Sunderland 025B,Anti-social behaviour,,
c333ebe099b32615291b1e5ba6515933aa0b9e441bad850f01c0d341533e232c,2024-10,Northumbria Police,Northumbria Police,-1.516338,54.882877,On or near Rivermead,E01008861,Sunderland 025B,Burglary,Investigation complete; no suspect identified,
994d1130cf1a0e83f8f8acb8447370c5d0134118a5c6ab3e0ffffbcb826b2407,2024-10,Northumbria Police,Northumbria Police,-1.517005,54.884443,On or near Broadmeadows,E01008861,Sunderland 025B,Other theft,Investigation complete; no suspect identified,
5c95e33eedf189e04cf5ac2e09d2429a421521ada0bf9bdc7391d0f4267f20a6,2024-10,Northumbria Police,Northumbria Police,-1.520008,54.886280,On or near Biddick Lane,E01008861,Sunderland 025B,Public order,Status update unavailable,
00958710c8ae629dd21fad67a62fce1d11928da197accbf20c4ffd8fd9d00ccf,2024-10,Northumbria Police,Northumbria Police,-1.520008,54.886280,On or near Biddick Lane,E01008861,Sunderland 025B,Public order,Status update unavailable,
692c74212f8401e14312fba5d6d2acb12f127c6fff8673de6e27a8f96b559b29,2024-10,Northumbria Police,Northumbria Police,-1.517656,54.886099,On or near Birchfleld,E01008861,Sunderland 025B,Public order,Status update unavailable,
545f65ce6ea7e67223ec1cefe54afe3f2d45dfda60048a1ea76150e233eeb5df,2024-10,Northumbria Police,Northumbria Police,-1.522170,54.884005,On or near Fatfield Park,E01008861,Sunderland 025B,Vehicle crime,Investigation complete; no suspect identified,
459677b833ba1be662255681c28bd40ade17e4813a0b8f512b93d664692e4f90,2024-10,Northumbria Police,Northumbria Police,-1.517656,54.886099,On or near Birchfleld,E01008861,Sunderland 025B,Violence and sexual offences,Status update unavailable,
d1f6210fbd93acf2b586010f9bc3d9562b67d3552ef00b2f9f242b03f69255b7,2024-10,Northumbria Police,Northumbria Police,-1.517005,54.884443,On or near Broadmeadows,E01008861,Sunderland 025B,Violence and sexual offences,Status update unavailable,
49a723a46fd9d1ca3af37f1b6a2f49271520f4a78ac493ae22710e187ba678d5,2024-10,Northumbria Police,Northumbria Police,-1.518507,54.886660,On or near The Spinney,E01008861,Sunderland 025B,Violence and sexual offences,Status update unavailable,
0b097a17709dc606f34e9976bc0642b39b059aa65e674dfffceb30bfc6b68088,2024-10,Northumbria Police,Northumbria Police,-1.518507,54.886660,On or near The Spinney,E01008861,Sunderland 025B,Violence and sexual offences,Offender given a caution,
0c9d029b3aca79e7fa6753186aeea87e7781e28e0917d2bb45ff1ee95661beff,2024-10,Northumbria Police,Northumbria Police,-1.510063,54.887516,On or near Falstone,E01008862,Sunderland 025C,Burglary,Status update unavailable,
78817af0be566118fa41e992df677dcc8fec1d2e22b6a0c05008a117ee8d7923,2024-10,Northumbria Police,Northumbria Police,-1.514079,54.886732,On or near Foxhills Close,E01008862,Sunderland 025C,Other theft,Status update unavailable,
63ff9a27716d99bee63d347d91c859a8d3e17f01d186c10b495d8df537dc26c7,2024-10,Northumbria Police,Northumbria Police,-1.535610,54.879600,On or near South Crescent,E01008863,Sunderland 025D,Burglary,Investigation complete; no suspect identified,
2b79db6878af050f671403783c3d72ba887a4a117636e3150858c3c32e8e61f2,2024-10,Northumbria Police,Northumbria Police,-1.542399,54.878772,On or near Ewesley,E01008863,Sunderland 025D,Public order,Status update unavailable,
7feef29be221e4932cedefaf70838a7de2d0a565e6d6017b7fc12af92ef434ac,2024-10,Northumbria Police,Northumbria Police,-1.549715,54.876832,On or near Rookhope,E01008864,Sunderland 025E,Vehicle crime,Investigation complete; no suspect identified,
ad5fadfa40ad9ede0bea3c4d35999d0e230c7d50db0e3391d74f54f7f966fe09,2024-10,Northumbria Police,Northumbria Police,-1.550119,54.881165,On or near Coquet,E01008864,Sunderland 025E,Violence and sexual offences,Investigation complete; no suspect identified,
6a7ee316931f047331a40cacf57da77aa3f921d7ef9eb4902533d621103e928c,2024-10,Northumbria Police,Northumbria Police,-1.550141,54.879143,On or near Vigo Lane,E01008864,Sunderland 025E,Violence and sexual offences,Status update unavailable,
ab61611687b6c81ee184203438b39113f0aba98b9258e61554b21c017341dd89,2024-10,Northumbria Police,Northumbria Police,-1.550119,54.881165,On or near Coquet,E01008864,Sunderland 025E,Other crime,Status update unavailable,
,2024-10,Northumbria Police,Northumbria Police,-1.533920,54.882910,On or near Holly Crescent,E01008865,Sunderland 025F,Anti-social behaviour,,
88314e0125712ada257643e9d1f0c9e2b41ec1e0f6508dbf3c76aca53f622136,2024-10,Northumbria Police,Northumbria Police,-1.533920,54.882910,On or near Holly Crescent,E01008865,Sunderland 025F,Public order,Status update unavailable,
4c11d01184d0a298e10c73c9613a4cfa5b262eec8c4689be61bb217631ce96bf,2024-10,Northumbria Police,Northumbria Police,-1.533920,54.882910,On or near Holly Crescent,E01008865,Sunderland 025F,Public order,Status update unavailable,
270f9275c175435efcacfe624ce297e88b0fc0be57513fbdf5b1fe1f039645ad,2024-10,Northumbria Police,Northumbria Police,-1.533920,54.882910,On or near Holly Crescent,E01008865,Sunderland 025F,Violence and sexual offences,Status update unavailable,
81c1363bc8e3008332378065428217fe363f277aeb1f4eabc63ef867198c63df,2024-10,Northumbria Police,Northumbria Police,-1.533178,54.883725,On or near Firtree Avenue,E01008865,Sunderland 025F,Violence and sexual offences,Investigation complete; no suspect identified,
42f2f82c267827d1db3cffdabe1c724c2ea890f300e5585c4c017efd01d2e2cf,2024-10,Northumbria Police,Northumbria Police,-1.533178,54.883725,On or near Firtree Avenue,E01008865,Sunderland 025F,Violence and sexual offences,Status update unavailable,
ae7568c62fac0857b5631334da68ab5240ed0251bce9c11e7997cf544e779414,2024-10,Northumbria Police,Northumbria Police,-1.548272,54.881850,On or near Alwin,E01008866,Sunderland 025G,Vehicle crime,Investigation complete; no suspect identified,
c4cc900260ea5ebb459ccb7ea825079828de79d1167bafaccb6a39b758dd0efe,2024-10,Northumbria Police,Northumbria Police,-1.541266,54.882515,On or near Laburnum Avenue,E01008866,Sunderland 025G,Vehicle crime,Investigation complete; no suspect identified,
71d17de8fa9de7a01bfd2c93c56f284a0c5fd4d4b6b31d402259ae5a574fa5dc,2024-10,Northumbria Police,Northumbria Police,-1.543865,54.881519,On or near Eddlestone,E01008866,Sunderland 025G,Violence and sexual offences,Investigation complete; no suspect identified,
8e264a6d50768f0473570edecc846c70cda4100a364a60cdc9d0af4e0c18f312,2024-10,Northumbria Police,Northumbria Police,-1.548245,54.888482,On or near Heron Close,E01008866,Sunderland 025G,Violence and sexual offences,Status update unavailable,
,2024-10,Northumbria Police,Northumbria Police,-1.425112,54.872658,On or near Castle Mews,E01008773,Sunderland 026A,Anti-social behaviour,,
,2024-10,Northumbria Police,Northumbria Police,-1.430664,54.873475,On or near Appleby Square,E01008773,Sunderland 026A,Anti-social behaviour,,
,2024-10,Northumbria Police,Northumbria Police,-1.425112,54.872658,On or near Castle Mews,E01008773,Sunderland 026A,Anti-social behaviour,,
,2024-10,Northumbria Police,Northumbria Police,-1.424950,54.873079,On or near Ashwell Road,E01008773,Sunderland 026A,Anti-social behaviour,,
,2024-10,Northumbria Police,Northumbria Police,-1.425112,54.872658,On or near Castle Mews,E01008773,Sunderland 026A,Anti-social behaviour,,
,2024-10,Northumbria Police,Northumbria Police,-1.427234,54.873593,On or near Ashford Road,E01008773,Sunderland 026A,Anti-social behaviour,,
00b25ed27f7a5e87dbd613b7fa1a307f9ae8852df6cf975f7c3932fe37197771,2024-10,Northumbria Police,Northumbria Police,-1.424950,54.873079,On or near Ashwell Road,E01008773,Sunderland 026A,Criminal damage and arson,Investigation complete; no suspect identified,
b51df0ab5ee28ecf4a501411e401e64d77949c592e21b5c76b18b59b59e236b5,2024-10,Northumbria Police,Northumbria Police,-1.427234,54.873593,On or near Ashford Road,E01008773,Sunderland 026A,Criminal damage and arson,Investigation complete; no suspect identified,
4bd41daa521db1f7d0aa8be2b0b0e4407fe3f9caf807423adc28fa7af4088cc9,2024-10,Northumbria Police,Northumbria Police,-1.424950,54.873079,On or near Ashwell Road,E01008773,Sunderland 026A,Violence and sexual offences,Investigation complete; no suspect identified,
ea7aed01a61c87f4d347106652634259c8f450fc0e350c5ba419b23a7f8e2e0d,2024-10,Northumbria Police,Northumbria Police,-1.432020,54.873427,On or near Avonmouth Square,E01008773,Sunderland 026A,Violence and sexual offences,Status update unavailable,
31353f6e0862f2d0281370d6cb7ab8363a313b24829b136c13d4c8ffe0bcb25e,2024-10,Northumbria Police,Northumbria Police,-1.430664,54.873475,On or near Appleby Square,E01008773,Sunderland 026A,Violence and sexual offences,Investigation complete; no suspect identified,
49df01d85b3d51103ef9f085c20c6e1852f30d2c162d9c045c232163ea2811be,2024-10,Northumbria Police,Northumbria Police,-1.431375,54.870548,On or near Aldwych Road,E01008773,Sunderland 026A,Violence and sexual offences,Status update unavailable,
6a91adadf636cd14d3542b42e661ebac49c5e0bbacec5f2e65612e2ebaf28d27,2024-10,Northumbria Police,Northumbria Police,-1.427234,54.873593,On or near Ashford Road,E01008773,Sunderland 026A,Violence and sexual offences,Investigation complete; no suspect identified,
,2024-10,Northumbria Police,Northumbria Police,-1.427086,54.878526,On or near Aintree Road,E01008776,Sunderland 026B,Anti-social behaviour,,
,2024-10,Northumbria Police,Northumbria Police,-1.427630,54.876417,On or near Archer Road,E01008777,Sunderland 026C,Anti-social behaviour,,
,2024-10,Northumbria Police,Northumbria Police,-1.420133,54.875393,On or near Amsterdam Road,E01008777,Sunderland 026C,Anti-social behaviour,,
2f81b44eaa35770cf165da5d283c7abcbef70a17566e4fcfb39afaff4729fc3d,2024-10,Northumbria Police,Northumbria Police,-1.420133,54.875393,On or near Amsterdam Road,E01008777,Sunderland 026C,Burglary,Investigation complete; no suspect identified,
6be95bace128ac05d2ee9b942411cc0bb4e10d3c0da032428d542400073a79e4,2024-10,Northumbria Police,Northumbria Police,-1.424033,54.874000,On or near Aberdare Road,E01008777,Sunderland 026C,Criminal damage and arson,Investigation complete; no suspect identified,
aa7f5574abf61a06c52e8e346d6431a420cb5dae05d12377ff040a97f17f2909,2024-10,Northumbria Police,Northumbria Police,-1.420133,54.875393,On or near Amsterdam Road,E01008777,Sunderland 026C,Other theft,Investigation complete; no suspect identified,
bdfb97991a1004fca2c393a96cc8cf254394768331e17704240099c77583d2e1,2024-10,Northumbria Police,Northumbria Police,-1.419189,54.877141,On or near Aldenham Road,E01008777,Sunderland 026C,Public order,Investigation complete; no suspect identified,
724abd50d605a9cc37300214de81c19c1388db00d04940b0c356e95f78d2fe2f,2024-10,Northumbria Police,Northumbria Police,-1.426105,54.875170,On or near Allendale Road,E01008777,Sunderland 026C,Public order,Investigation complete; no suspect identified,
c1710864c9c2762c99ef8cc97d3cbd0e6d49a3a4219e7e3127496d7c49c27f42,2024-10,Northumbria Police,Northumbria Police,-1.424033,54.874000,On or near Aberdare Road,E01008777,Sunderland 026C,Public order,Investigation complete; no suspect identified,
18c249f04ea62a85a40ecf9144cd3f7bd5d0508953acc2eb1771bfdf7a47264b,2024-10,Northumbria Police,Northumbria Police,-1.426105,54.875170,On or near Allendale Road,E01008777,Sunderland 026C,Shoplifting,Investigation complete; no suspect identified,
33ef70f1c78065cacf622a1646509c756797e1430b7976d9d6e1d83fc106fc2e,2024-10,Northumbria Police,Northumbria Police,-1.426105,54.875170,On or near Allendale Road,E01008777,Sunderland 026C,Shoplifting,Investigation complete; no suspect identified,
f287e070a255f594bbdb7eac076ec634c5df3866767ccb80473a536e3957c623,2024-10,Northumbria Police,Northumbria Police,-1.426105,54.875170,On or near Allendale Road,E01008777,Sunderland 026C,Shoplifting,Investigation complete; no suspect identified,
ee115c8532577f0b92c435b794688288f52278f225531dd6efaf53ab9e8d565e,2024-10,Northumbria Police,Northumbria Police,-1.426105,54.875170,On or near Allendale Road,E01008777,Sunderland 026C,Shoplifting,Investigation complete; no suspect identified,
429b7e2e1d3a919f253d2843b0d16432e8db7266ebe1b6e157d2715f6862ae99,2024-10,Northumbria Police,Northumbria Police,-1.426105,54.875170,On or near Allendale Road,E01008777,Sunderland 026C,Shoplifting,Status update unavailable,
c3634b03fb37a595cf114e6926fedad332b08475c8d137c5e94fe7db133fbbda,2024-10,Northumbria Police,Northumbria Police,-1.426105,54.875170,On or near Allendale Road,E01008777,Sunderland 026C,Shoplifting,Investigation complete; no suspect identified,
c9a5f190633ef0dd3238603d2a498c9f2254e599513ccdfbb157bf597f54a512,2024-10,Northumbria Police,Northumbria Police,-1.420236,54.877963,On or near Buckingham,E01008777,Sunderland 026C,Violence and sexual offences,Awaiting court outcome,
,2024-10,Northumbria Police,Northumbria Police,-1.429040,54.877008,On or near Arundel Road,E01008778,Sunderland 026D,Anti-social behaviour,,
,2024-10,Northumbria Police,Northumbria Police,-1.429040,54.877008,On or near Arundel Road,E01008778,Sunderland 026D,Anti-social behaviour,,
4b2db35412876e31e78abefe1b31abf2c44409eeebcf0045762a4f5fd4198ed7,2024-10,Northumbria Police,Northumbria Police,-1.437646,54.875682,On or near Bridle Path,E01008778,Sunderland 026D,Criminal damage and arson,Investigation complete; no suspect identified,
8b500eb96f9fbbe3a444d5eb5e9c2ebec1a726f2dfe3fe5174a4f39828d69585,2024-10,Northumbria Police,Northumbria Police,-1.429355,54.877908,On or near Arbroath Road,E01008778,Sunderland 026D,Criminal damage and arson,Investigation complete; no suspect identified,
4f764af2f9bf2943938c69059de3bec5c65c1a836dcba433bf6209acd0af304d,2024-10,Northumbria Police,Northumbria Police,-1.429855,54.875592,On or near Archer Square,E01008778,Sunderland 026D,Public order,Status update unavailable,
e35e8826d3d56c0ef7a97694f99a86faead6f68c1ddcac3abe6f4b99700cf7ef,2024-10,Northumbria Police,Northumbria Police,-1.429855,54.875592,On or near Archer Square,E01008778,Sunderland 026D,Public order,Investigation complete; no suspect identified,
cc3da35b71230d8f08ba8a7aeaeccfd86f3436ee91b878a3fbf37e774be6488c,2024-10,Northumbria Police,Northumbria Police,-1.428802,54.876207,On or near Arnold Road,E01008778,Sunderland 026D,Public order,Investigation complete; no suspect identified,
ff35735965153828ce41a27671c9a2a33d3c8893696d8ec21774d31453fa354b,2024-10,Northumbria Police,Northumbria Police,-1.433871,54.877021,On or near Durham Road,E01008778,Sunderland 026D,Vehicle crime,Status update unavailable,
dc21f286cfecc8616cc44e62684d092acb66891693d32ccf79f6c820e1f46534,2024-10,Northumbria Police,Northumbria Police,-1.428802,54.876207,On or near Arnold Road,E01008778,Sunderland 026D,Violence and sexual offences,Status update unavailable,
,2024-10,Northumbria Police,Northumbria Police,-1.413937,54.878167,On or near Parking Area,E01008809,Sunderland 026E,Anti-social behaviour,,
,2024-10,Northumbria Police,Northumbria Police,-1.417115,54.876133,On or near Silksworth Close,E01008809,Sunderland 026E,Anti-social behaviour,,
,2024-10,Northumbria Police,Northumbria Police,-1.413937,54.878167,On or near Parking Area,E01008809,Sunderland 026E,Anti-social behaviour,,
,2024-10,Northumbria Police,Northumbria Police,-1.413937,54.878167,On or near Parking Area,E01008809,Sunderland 026E,Anti-social behaviour,,
,2024-10,Northumbria Police,Northumbria Police,-1.414068,54.875615,On or near Southwold Gardens,E01008809,Sunderland 026E,Anti-social behaviour,,
,2024-10,Northumbria Police,Northumbria Police,-1.413937,54.878167,On or near Parking Area,E01008809,Sunderland 026E,Anti-social behaviour,,
7adb5c8932a48716a217e07f80ee1867cabbb0a3318a9c55182f2fcaa99622b9,2024-10,Northumbria Police,Northumbria Police,-1.406219,54.878426,On or near Warwick Terrace,E01008809,Sunderland 026E,Burglary,Investigation complete; no suspect identified,
baeb2ab488903cfdb314d703d5b8247d9127bdeab6da9e3d7b863c0e2bd8b386,2024-10,Northumbria Police,Northumbria Police,-1.407293,54.879537,On or near Durham Terrace,E01008809,Sunderland 026E,Drugs,Status update unavailable,
7701101ef56f827d48c954f30e4a579ede4c9af41bb5bcec2c3e9a291742d690,2024-10,Northumbria Police,Northumbria Police,-1.405460,54.885495,On or near Petrol Station,E01008809,Sunderland 026E,Other theft,Investigation complete; no suspect identified,
3dbb099e724ff5badfbb032701ed92915e4a1e6f33bc22c619a0c28d3a969820,2024-10,Northumbria Police,Northumbria Police,-1.408560,54.883470,On or near Parking Area,E01008809,Sunderland 026E,Other theft,Investigation complete; no suspect identified,
ca35d318e4991f7f0c80087211790a94c1f15895fa04a3e0133f83c8bf596c69,2024-10,Northumbria Police,Northumbria Police,-1.405460,54.885495,On or near Petrol Station,E01008809,Sunderland 026E,Other theft,Investigation complete; no suspect identified,
2b310c4c5fed3eb27f69c3c94acf476d79d208fa4e50ca296ba2490f47c65f15,2024-10,Northumbria Police,Northumbria Police,-1.405460,54.885495,On or near Petrol Station,E01008809,Sunderland 026E,Other theft,Investigation complete; no suspect identified,
3ac3b2047670ba64c6ebc0ee30a3e6bce816784fca8b4af799ebfbe2f194b617,2024-10,Northumbria Police,Northumbria Police,-1.417115,54.876133,On or near Silksworth Close,E01008809,Sunderland 026E,Public order,Status update unavailable,
7a711cb04ecdb39d11ec91e8df756770b037fae4a92d16850c1b73d71e36eec8,2024-10,Northumbria Police,Northumbria Police,-1.403864,54.880616,On or near The Crescent,E01008809,Sunderland 026E,Public order,Status update unavailable,
88b279666b09161f2ba8bdf804050b763838f70c27d56d1d72fb516bd774a1a0,2024-10,Northumbria Police,Northumbria Police,-1.413937,54.878167,On or near Parking Area,E01008809,Sunderland 026E,Public order,Status update unavailable,
e39dcd5d621cbb6c358d58caeb0f0b41d76078c232add6793a083ee70b80ec72,2024-10,Northumbria Police,Northumbria Police,-1.413937,54.878167,On or near Parking Area,E01008809,Sunderland 026E,Robbery,Investigation complete; no suspect identified,
95c14caf7c7373d3fcac13c8fc21b459cc2384e55cf7fca6d4a1d9578b82e0a5,2024-10,Northumbria Police,Northumbria Police,-1.408560,54.883470,On or near Parking Area,E01008809,Sunderland 026E,Shoplifting,Status update unavailable,
283c72720c6d11153fa19e8c57bad979ad1431ca3162da3f4d95f5fe44961ef1,2024-10,Northumbria Police,Northumbria Police,-1.408560,54.883470,On or near Parking Area,E01008809,Sunderland 026E,Shoplifting,Investigation complete; no suspect identified,
f59935aeaefc565168e4bfc2c4294593adbd8f6c84ccea1e02238b3b9671502f,2024-10,Northumbria Police,Northumbria Police,-1.405460,54.885495,On or near Petrol Station,E01008809,Sunderland 026E,Shoplifting,Status update unavailable,
7d4e0eaa89b1e6f91796b54ddfa1571e08647af138d59f69a7acdc0877c14a4f,2024-10,Northumbria Police,Northumbria Police,-1.405460,54.885495,On or near Petrol Station,E01008809,Sunderland 026E,Shoplifting,Investigation complete; no suspect identified,
81ba8afda1651958fe2df848eebef92b60951674d90a17eec1f338d120dfc342,2024-10,Northumbria Police,Northumbria Police,-1.408560,54.883470,On or near Parking Area,E01008809,Sunderland 026E,Shoplifting,Status update unavailable,
78ec6f98ec025d1794301bb56ae84fb66f91fea095f78ac5c0786007beb5e3fc,2024-10,Northumbria Police,Northumbria Police,-1.405460,54.885495,On or near Petrol Station,E01008809,Sunderland 026E,Shoplifting,Investigation complete; no suspect identified,
f23367c0943f2bd67c800032c67e7e41b76156b088386a7eb5b4890f565f43cf,2024-10,Northumbria Police,Northumbria Police,-1.405460,54.885495,On or near Petrol Station,E01008809,Sunderland 026E,Shoplifting,Investigation complete; no suspect identified,
00591c00811d1241cb4188d53c99c79366dcd6612da30766e4044754e28c8c8e,2024-10,Northumbria Police,Northumbria Police,-1.412750,54.883706,On or near Park/Open Space,E01008809,Sunderland 026E,Vehicle crime,Investigation complete; no suspect identified,
4d2c984b76483baf51b17e335eca7c6d7f8b0536fe4ac0fa10c09e83d7bd6b79,2024-10,Northumbria Police,Northumbria Police,-1.413937,54.878167,On or near Parking Area,E01008809,Sunderland 026E,Vehicle crime,Investigation complete; no suspect identified,
5632d8cd64c60e51fe274ef428c3acfcfc2ab297876ad31b36e4c5e2421bb592,2024-10,Northumbria Police,Northumbria Police,-1.408560,54.883470,On or near Parking Area,E01008809,Sunderland 026E,Violence and sexual offences,Status update unavailable,
c2e902a47c1b7b3a97674d2e2f90ad5c1e8c3e23a71a0e0d2931080f54fe1fe1,2024-10,Northumbria Police,Northumbria Police,-1.408560,54.883470,On or near Parking Area,E01008809,Sunderland 026E,Violence and sexual offences,Status update unavailable,
1a8b4824fb69278d04ca1262d4d04b4de305c32d2f6bd1270185e05712071ca6,2024-10,Northumbria Police,Northumbria Police,-1.403033,54.879920,On or near Dunn Avenue,E01008809,Sunderland 026E,Violence and sexual offences,Status update unavailable,
064c42282559bec97f95597bc9d149b08f6850a53a1c50c4b734ac71e865ceda,2024-10,Northumbria Police,Northumbria Police,-1.406828,54.877243,On or near Margate Street,E01008809,Sunderland 026E,Violence and sexual offences,Investigation complete; no suspect identified,
54b0b638703ba10bd526e9b6b193eda782e0026e65d5b45d930fb728b1782feb,2024-10,Northumbria Police,Northumbria Police,-1.408560,54.883470,On or near Parking Area,E01008809,Sunderland 026E,Violence and sexual offences,Status update unavailable,
307db002cb386c3936d32c9c5878f24022638e2bbf0bbd52002cc4098e3aae2e,2024-10,Northumbria Police,Northumbria Police,-1.412750,54.883706,On or near Park/Open Space,E01008809,Sunderland 026E,Violence and sexual offences,Status update unavailable,
cb982aa17805fa41387dc8b4836b83ef592784f626749e942749c32226557799,2024-10,Northumbria Police,Northumbria Police,-1.417115,54.876133,On or near Silksworth Close,E01008809,Sunderland 026E,Violence and sexual offences,Investigation complete; no suspect identified,
10b7106665efdeffe1d36174c22c6818ef26d30f6074fc6477554beae1fcdb58,2024-10,Northumbria Police,Northumbria Police,-1.414068,54.875615,On or near Southwold Gardens,E01008809,Sunderland 026E,Other crime,Investigation complete; no suspect identified,
,2024-10,Northumbria Police,Northumbria Police,-1.403668,54.878054,On or near Belstone Court,E01008803,Sunderland 027A,Anti-social behaviour,,
,2024-10,Northumbria Police,Northumbria Police,-1.403668,54.878054,On or near Belstone Court,E01008803,Sunderland 027A,Anti-social behaviour,,
0d70912daf135b66f7e65f8c7a0e820b89c47d24a50ff7f097f75825478074fa,2024-10,Northumbria Police,Northumbria Police,-1.403517,54.874576,On or near Seaham Street,E01008803,Sunderland 027A,Criminal damage and arson,Investigation complete; no suspect identified,
4404ac400550f8c99b5657522a5ac7a773ab84669aba4c42f8253d93fb1422e8,2024-10,Northumbria Police,Northumbria Police,-1.406538,54.872568,On or near Edward Street,E01008803,Sunderland 027A,Other theft,Status update unavailable,
9a1b01d0e56425fc8d6e74abe74199eb11e563163e8ce5499026948251720947,2024-10,Northumbria Police,Northumbria Police,-1.403099,54.875427,On or near Minehead Gardens,E01008803,Sunderland 027A,Other theft,Investigation complete; no suspect identified,
514e78643ca9956906e4ec8112f2b60ae770ffea0ef0e3d3a59680ee4fd69fa2,2024-10,Northumbria Police,Northumbria Police,-1.405789,54.873715,On or near Stewart Street,E01008803,Sunderland 027A,Public order,Investigation complete; no suspect identified,
d95394401b5f9e8c0975367677007b12ec0e09580ad70c481881a6d5a5a42cdc,2024-10,Northumbria Police,Northumbria Police,-1.406538,54.872568,On or near Edward Street,E01008803,Sunderland 027A,Violence and sexual offences,Investigation complete; no suspect identified,
3bf16cfd1c6fe7223856943c6ae64ddc47a1c3bf6449dedfb9733a4c38fa1578,2024-10,Northumbria Police,Northumbria Police,-1.403472,54.877586,On or near Tavistock Square,E01008803,Sunderland 027A,Violence and sexual offences,Status update unavailable,
a22c1e1418d42be2fa5ada7b78dc99e6a7905f0c9aa1140499d0bcddaee0ce51,2024-10,Northumbria Police,Northumbria Police,-1.405408,54.877389,On or near Lincoln Avenue,E01008803,Sunderland 027A,Violence and sexual offences,Investigation complete; no suspect identified,
c658a6e35b56b2c2db3b60bcafd4712c29b4595c4c6625ba444960202a2946cc,2024-10,Northumbria Police,Northumbria Police,-1.405244,54.879014,On or near York Street,E01008803,Sunderland 027A,Violence and sexual offences,Status update unavailable,
ff7f575a34198b1e4866cdeccfac83981415dcf2508f651544c0083a7209d6d6,2024-10,Northumbria Police,Northumbria Police,-1.405408,54.877389,On or near Lincoln Avenue,E01008803,Sunderland 027A,Violence and sexual offences,Status update unavailable,
,2024-10,Northumbria Police,Northumbria Police,-1.399575,54.872426,On or near Byrne Terrace West,E01008804,Sunderland 027B,Anti-social behaviour,,
,2024-10,Northumbria Police,Northumbria Police,-1.396134,54.872212,On or near Redwood Grove,E01008804,Sunderland 027B,Anti-social behaviour,,
,2024-10,Northumbria Police,Northumbria Police,-1.390851,54.874279,On or near The Maltings,E01008804,Sunderland 027B,Anti-social behaviour,,
e935d2fb4379d3fbbd17d07aa88d48c807cbe8684cb916c3d8406eb5faba6bd9,2024-10,Northumbria Police,Northumbria Police,-1.396000,54.873864,On or near Tunstall Villas,E01008804,Sunderland 027B,Burglary,Status update unavailable,
752914bcdd54afbf0ef4ade3fc3977d3bc615dd35decd342226ff91a0f73edc2,2024-10,Northumbria Police,Northumbria Police,-1.399575,54.872426,On or near Byrne Terrace West,E01008804,Sunderland 027B,Criminal damage and arson,Investigation complete; no suspect identified,
3d68af9017f8dc7287682f91c018c44241e17cd7c0ed895047f168433fd4382f,2024-10,Northumbria Police,Northumbria Police,-1.399089,54.870501,On or near Davison Avenue,E01008804,Sunderland 027B,Other theft,Investigation complete; no suspect identified,
690ebe9a40774f611d331496f921055ed43065616b2c9fbbf793d83a13f2ba52,2024-10,Northumbria Police,Northumbria Police,-1.396000,54.873864,On or near Tunstall Villas,E01008804,Sunderland 027B,Other theft,Investigation complete; no suspect identified,
d56a7389a147b659f484f6657612889b7081b925a7c0690cc9ceead4dfc564e7,2024-10,Northumbria Police,Northumbria Police,-1.397568,54.873261,On or near Fairways,E01008804,Sunderland 027B,Public order,Investigation complete; no suspect identified,
fabb7ddbb61245e2ca9d88763856525677402d8dc79df8c25440bc7022a6f539,2024-10,Northumbria Police,Northumbria Police,-1.395995,54.871079,On or near Shoreswood Drive,E01008804,Sunderland 027B,Public order,Investigation complete; no suspect identified,
981fdaf2a269552839695ecf2f9f147e9285faa4f9b817bb245d671b9e4d1aad,2024-10,Northumbria Police,Northumbria Police,-1.390851,54.874279,On or near The Maltings,E01008804,Sunderland 027B,Violence and sexual offences,Status update unavailable,
aeded5ff5ebc0d0edc483f0eb9af68f70b54e3bb8bbf17cc74313618e3407380,2024-10,Northumbria Police,Northumbria Police,-1.392263,54.873666,On or near Tunstall Village Green,E01008804,Sunderland 027B,Violence and sexual offences,Investigation complete; no suspect identified,
dc62010a79294d771ee7038693c601ec3cbc906fbc06afcc827bd3907073aadd,2024-10,Northumbria Police,Northumbria Police,-1.390851,54.874279,On or near The Maltings,E01008804,Sunderland 027B,Violence and sexual offences,Status update unavailable,
38c1f2f679067af32e496d9f2e6725833e1fa11b7aac4784546db1b4a19d6c35,2024-10,Northumbria Police,Northumbria Police,-1.390851,54.874279,On or near The Maltings,E01008804,Sunderland 027B,Violence and sexual offences,Status update unavailable,
f4cc3827505984e0eb0f54c90d1171a88b2cfae1872731226044c5ea3003637c,2024-10,Northumbria Police,Northumbria Police,-1.390851,54.874279,On or near The Maltings,E01008804,Sunderland 027B,Violence and sexual offences,Status update unavailable,
1d5582dbf4d021069ade86c3d1467621cdcde1f7c9699315c5af3c7ad4b24d16,2024-10,Northumbria Police,Northumbria Police,-1.397301,54.870276,On or near Orr Avenue,E01008804,Sunderland 027B,Violence and sexual offences,Status update unavailable,
938cc6db6eaf863212d780a8e1071fdbde7341891bbc2a2557a7bc40479ba14f,2024-10,Northumbria Police,Northumbria Police,-1.397738,54.871258,On or near Park Avenue,E01008804,Sunderland 027B,Violence and sexual offences,Status update unavailable,
d7a6700599ea6cce53bb121e970935764f7bf91124acaed959067aaeb0ab1b20,2024-10,Northumbria Police,Northumbria Police,-1.390851,54.874279,On or near The Maltings,E01008804,Sunderland 027B,Violence and sexual offences,Status update unavailable,
,2024-10,Northumbria Police,Northumbria Police,-1.403539,54.870936,On or near Hill Street,E01008805,Sunderland 027C,Anti-social behaviour,,
,2024-10,Northumbria Police,Northumbria Police,-1.402110,54.873796,On or near Castlereagh Street,E01008805,Sunderland 027C,Anti-social behaviour,,
,2024-10,Northumbria Police,Northumbria Police,-1.401345,54.871779,On or near Robert Street,E01008805,Sunderland 027C,Anti-social behaviour,,
,2024-10,Northumbria Police,Northumbria Police,-1.401345,54.871779,On or near Robert Street,E01008805,Sunderland 027C,Anti-social behaviour,,
a0cf0abc9a166370c9639176f508c8b5fad2bf21c05a551f303fda1b71f00e88,2024-10,Northumbria Police,Northumbria Police,-1.402090,54.870929,On or near Maria Street,E01008805,Sunderland 027C,Burglary,Investigation complete; no suspect identified,
4be5c074db37d11746951959f1d899933ae543685a5c48125241e27b98a744db,2024-10,Northumbria Police,Northumbria Police,-1.402110,54.873796,On or near Castlereagh Street,E01008805,Sunderland 027C,Other theft,Status update unavailable,
c97a1b606d42244c199e35838a8411a773efe09d37898f38bf8a9dc7014cab8b,2024-10,Northumbria Police,Northumbria Police,-1.402110,54.873796,On or near Castlereagh Street,E01008805,Sunderland 027C,Public order,Status update unavailable,
66fd9a2686a9a63338d0355b50271139369f780524e6bfab7fb52964814fb785,2024-10,Northumbria Police,Northumbria Police,-1.402781,54.872694,On or near Tempest Street,E01008805,Sunderland 027C,Shoplifting,Investigation complete; no suspect identified,
1f5ceacd1188f96df4cf918ed59f91c52ed3de0c3529323fbfec9e33c4648d96,2024-10,Northumbria Police,Northumbria Police,-1.400198,54.870309,On or near Quarry Road,E01008805,Sunderland 027C,Vehicle crime,Investigation complete; no suspect identified,
c0ea5d09d98d1240a3fec2196d4c36b7a2e86de293d236c35c276f724bd5a303,2024-10,Northumbria Police,Northumbria Police,-1.403078,54.876865,On or near Miller Terrace,E01008805,Sunderland 027C,Vehicle crime,Investigation complete; no suspect identified,
5a7b9b8096fe39fe40379fbe6658d602f7049d9dcbb5aa73b79f9b82a9ddab36,2024-10,Northumbria Police,Northumbria Police,-1.402781,54.872694,On or near Tempest Street,E01008805,Sunderland 027C,Violence and sexual offences,Court result unavailable,
42dc2314095ecec6fcf339696251965150c73debde532806646d0086eb08d3f4,2024-10,Northumbria Police,Northumbria Police,-1.402781,54.872694,On or near Tempest Street,E01008805,Sunderland 027C,Violence and sexual offences,Investigation complete; no suspect identified,
c49232df2f52366adbbe38ddaae6d795ce95c1dd48e7fa911f450686a7c4e7f7,2024-10,Northumbria Police,Northumbria Police,-1.402090,54.870929,On or near Maria Street,E01008805,Sunderland 027C,Violence and sexual offences,Investigation complete; no suspect identified,
028fcb7e614ca3986bca799c1de63f3b536b82963af815d590b035ca69dee129,2024-10,Northumbria Police,Northumbria Police,-1.402480,54.877221,On or near Wilson Terrace,E01008805,Sunderland 027C,Violence and sexual offences,Investigation complete; no suspect identified,
62611722dd20f2bb74e4c90a2c08f2ae05656d0647b3352d9a5931b52eae03a0,2024-10,Northumbria Police,Northumbria Police,-1.401345,54.871779,On or near Robert Street,E01008805,Sunderland 027C,Violence and sexual offences,Status update unavailable,
57ddb146246039b691d86cb493025ed8f86f1b616ea903750fb1320d9f189bd7,2024-10,Northumbria Police,Northumbria Police,-1.401425,54.874790,On or near Blind Lane,E01008805,Sunderland 027C,Violence and sexual offences,Investigation complete; no suspect identified,
,2024-10,Northumbria Police,Northumbria Police,-1.414757,54.865707,On or near Doxford Park Way,E01033077,Sunderland 027F,Anti-social behaviour,,
,2024-10,Northumbria Police,Northumbria Police,-1.406539,54.871463,On or near St Matthews View,E01033077,Sunderland 027F,Anti-social behaviour,,
,2024-10,Northumbria Police,Northumbria Police,-1.409720,54.869169,On or near Menai Court,E01033077,Sunderland 027F,Anti-social behaviour,,
,2024-10,Northumbria Police,Northumbria Police,-1.408295,54.871768,On or near Church View,E01033077,Sunderland 027F,Anti-social behaviour,,
,2024-10,Northumbria Police,Northumbria Police,-1.403211,54.865704,On or near Torphin Hill Drive,E01033077,Sunderland 027F,Anti-social behaviour,,
,2024-10,Northumbria Police,Northumbria Police,-1.408295,54.871768,On or near Church View,E01033077,Sunderland 027F,Anti-social behaviour,,
,2024-10,Northumbria Police,Northumbria Police,-1.414757,54.865707,On or near Doxford Park Way,E01033077,Sunderland 027F,Anti-social behaviour,,
,2024-10,Northumbria Police,Northumbria Police,-1.401658,54.867530,On or near Hinkley Close,E01033077,Sunderland 027F,Anti-social behaviour,,
,2024-10,Northumbria Police,Northumbria Police,-1.403211,54.865704,On or near Torphin Hill Drive,E01033077,Sunderland 027F,Anti-social behaviour,,
,2024-10,Northumbria Police,Northumbria Police,-1.414757,54.865707,On or near Doxford Park Way,E01033077,Sunderland 027F,Anti-social behaviour,,
a0f7d862363b455252544bbde1d61900149bce39b4dc0fb2c57bb5281515516a,2024-10,Northumbria Police,Northumbria Police,-1.403911,54.864782,On or near B1286,E01033077,Sunderland 027F,Burglary,Investigation complete; no suspect identified,
3973c8045c255b2224b89ee2991281a6ceaa4033270d81299ce8be9132113aae,2024-10,Northumbria Police,Northumbria Police,-1.404469,54.873412,On or near Comet Square,E01033077,Sunderland 027F,Burglary,Investigation complete; no suspect identified,
fb53dd2f95ae0d4e35f324f0edcf699b205fc80da04419e28aa985e2f80f84e5,2024-10,Northumbria Police,Northumbria Police,-1.404469,54.873412,On or near Comet Square,E01033077,Sunderland 027F,Burglary,Investigation complete; no suspect identified,
85eb4b6ef531bc288944db86fcc16e7d718128331f9190b30a69a8666331969f,2024-10,Northumbria Police,Northumbria Police,-1.404469,54.873412,On or near Comet Square,E01033077,Sunderland 027F,Criminal damage and arson,Status update unavailable,
6ffcc5ae01a8a249cebf181c6df8bb52309657735010c59870af995338f09276,2024-10,Northumbria Police,Northumbria Police,-1.401848,54.869418,On or near Pembroke Avenue,E01033077,Sunderland 027F,Criminal damage and arson,Investigation complete; no suspect identified,
ae3f2331d707e733004e49c041d300082dee87b00a675efc5c3c9c7d3094ef91,2024-10,Northumbria Police,Northumbria Police,-1.404469,54.873412,On or near Comet Square,E01033077,Sunderland 027F,Criminal damage and arson,Investigation complete; no suspect identified,
ce80b6ac585d14271a07ca49858d7799a39d17b837095c43f8892f7f7d7f2739,2024-10,Northumbria Police,Northumbria Police,-1.404469,54.873412,On or near Comet Square,E01033077,Sunderland 027F,Criminal damage and arson,Investigation complete; no suspect identified,
ecb00be59f14113cc9026b9a1e95413374eebe78d8777b3bb2c31b6a31f57e0e,2024-10,Northumbria Police,Northumbria Police,-1.414757,54.865707,On or near Doxford Park Way,E01033077,Sunderland 027F,Other theft,Investigation complete; no suspect identified,
9e8f8fdeeea74e8a674e6592b5fe431370a362e3bdf5d3f9cccafbc9a89977a2,2024-10,Northumbria Police,Northumbria Police,-1.414757,54.865707,On or near Doxford Park Way,E01033077,Sunderland 027F,Other theft,Investigation complete; no suspect identified,
115062b507759cc1caa733a4304900c159d49685f43786879c583594516dd68e,2024-10,Northumbria Police,Northumbria Police,-1.414757,54.865707,On or near Doxford Park Way,E01033077,Sunderland 027F,Other theft,Investigation complete; no suspect identified,
03588959dd04a424e1c8df12b5ec7597899e0ce41d906b4c4209fbbdbbfc4f5d,2024-10,Northumbria Police,Northumbria Police,-1.414757,54.865707,On or near Doxford Park Way,E01033077,Sunderland 027F,Other theft,Investigation complete; no suspect identified,
c893d33ee718fe2eb611135adc569028c564dc7ffc163bb9057266e11210253d,2024-10,Northumbria Police,Northumbria Police,-1.414757,54.865707,On or near Doxford Park Way,E01033077,Sunderland 027F,Other theft,Investigation complete; no suspect identified,
89923457fb8a7a23f2caab4abb6c4f7e6e2c717745732868722003bf2e267d03,2024-10,Northumbria Police,Northumbria Police,-1.414757,54.865707,On or near Doxford Park Way,E01033077,Sunderland 027F,Other theft,Investigation complete; no suspect identified,
e2cda761025680bdd56b09f8a0c474e45c53712b9f0be8f9ddfc06dd1a70d6d3,2024-10,Northumbria Police,Northumbria Police,-1.414757,54.865707,On or near Doxford Park Way,E01033077,Sunderland 027F,Other theft,Status update unavailable,
e8bc15f87688ab7a6294e9ab33e6dc46e3181208dd17d9ec2b110d7b3513b0c4,2024-10,Northumbria Police,Northumbria Police,-1.414757,54.865707,On or near Doxford Park Way,E01033077,Sunderland 027F,Other theft,Investigation complete; no suspect identified,
8294fb5dd0715f16b64891810accb1ce27195369bd08b1472404f31e62b43f03,2024-10,Northumbria Police,Northumbria Police,-1.414757,54.865707,On or near Doxford Park Way,E01033077,Sunderland 027F,Other theft,Investigation complete; no suspect identified,
e3a27dbc6c9b177bc79f605f40e4ebc5dbc31958294fe043662fd9cd92dcc480,2024-10,Northumbria Police,Northumbria Police,-1.414757,54.865707,On or near Doxford Park Way,E01033077,Sunderland 027F,Shoplifting,Investigation complete; no suspect identified,
69f7983cc2ac5c7c965decec3908622bc4937f969d68ccf553f5cf2a6b11d9ae,2024-10,Northumbria Police,Northumbria Police,-1.414757,54.865707,On or near Doxford Park Way,E01033077,Sunderland 027F,Shoplifting,Investigation complete; no suspect identified,
aa9ed6c2a42fdfa07d0ea20dbfa1da8f776c36f1dd2c1e14c82fe8ca56978745,2024-10,Northumbria Police,Northumbria Police,-1.414757,54.865707,On or near Doxford Park Way,E01033077,Sunderland 027F,Shoplifting,Investigation complete; no suspect identified,
3789ae33ceddce3abe26cddc82eacbcd4099e3a8ffe4da6e0693bfb753aaf73e,2024-10,Northumbria Police,Northumbria Police,-1.414757,54.865707,On or near Doxford Park Way,E01033077,Sunderland 027F,Vehicle crime,Status update unavailable,
2fc7a761eb2ef5e67fe906086db64a4e333abd49ef2015ee904076b23a963664,2024-10,Northumbria Police,Northumbria Police,-1.401107,54.865802,On or near Lawnhead Square,E01033077,Sunderland 027F,Violence and sexual offences,Status update unavailable,
2b543c86f72798b610322f79311c385a1f89ac007c0cfc70e5a06acbcd9a402d,2024-10,Northumbria Police,Northumbria Police,-1.399695,54.866406,On or near Drybeck Square,E01033077,Sunderland 027F,Violence and sexual offences,Status update unavailable,
,2024-10,Northumbria Police,Northumbria Police,-1.372108,54.877068,On or near Edgmond Court,E01008763,Sunderland 028A,Anti-social behaviour,,
,2024-10,Northumbria Police,Northumbria Police,-1.373025,54.875177,On or near Attlee Grove,E01008763,Sunderland 028A,Anti-social behaviour,,
,2024-10,Northumbria Police,Northumbria Police,-1.375899,54.872729,On or near Bankside Close,E01008763,Sunderland 028A,Anti-social behaviour,,
,2024-10,Northumbria Police,Northumbria Police,-1.372751,54.874771,On or near Leechmere Way,E01008763,Sunderland 028A,Anti-social behaviour,,
27ee191ef0d4a2f92b4c0ee085cc8c180b529d96f981609fe0fc490ccef54b3f,2024-10,Northumbria Police,Northumbria Police,-1.373437,54.877767,On or near Cherry Tree Square,E01008763,Sunderland 028A,Burglary,Investigation complete; no suspect identified,
77d869a924c59cad3f94c2309559da00232c0468dbd0a28a4b19ee8f4932388f,2024-10,Northumbria Police,Northumbria Police,-1.372027,54.878263,On or near Toll Bar Road,E01008763,Sunderland 028A,Burglary,Investigation complete; no suspect identified,
3945408ff777cc63e191d8f8ccb621f2a318b166eabb6e0c1bc647dad364bd7e,2024-10,Northumbria Police,Northumbria Police,-1.372027,54.878263,On or near Toll Bar Road,E01008763,Sunderland 028A,Burglary,Investigation complete; no suspect identified,
6fc5a83acaf1de01327bac127b7f633fb92c0d393e2784220e7429d6b52c67de,2024-10,Northumbria Police,Northumbria Police,-1.371456,54.875870,On or near Poplar Grove,E01008763,Sunderland 028A,Criminal damage and arson,Investigation complete; no suspect identified,
c9975b9f096f21a84790506d761fe7dcbcc0cba48a36c1a1a3d22b689778493f,2024-10,Northumbria Police,Northumbria Police,-1.373025,54.875177,On or near Attlee Grove,E01008763,Sunderland 028A,Criminal damage and arson,Investigation complete; no suspect identified,
ca70b00395fe520b349844536135bbb2e849c1692b37d904d0e022e450691c38,2024-10,Northumbria Police,Northumbria Police,-1.371432,54.875384,On or near Lilian Avenue,E01008763,Sunderland 028A,Criminal damage and arson,Investigation complete; no suspect identified,
9030c71d47c1538d2aa2c511e7b5723f6db9d75f72b496b1ee573d4a64598550,2024-10,Northumbria Police,Northumbria Police,-1.371432,54.875384,On or near Lilian Avenue,E01008763,Sunderland 028A,Drugs,Offender given a caution,
dd358a349d19c4545189b56a902640141af88f496a2f43c27706753e557b8d14,2024-10,Northumbria Police,Northumbria Police,-1.371432,54.875384,On or near Lilian Avenue,E01008763,Sunderland 028A,Drugs,Investigation complete; no suspect identified,
177cac61f1c68104b5b709dccfded90d4974839c07012092efd7d847b9a22931,2024-10,Northumbria Police,Northumbria Police,-1.371432,54.875384,On or near Lilian Avenue,E01008763,Sunderland 028A,Public order,Local resolution,
cdce82b873a40c4ca7e3a7b940a82d1667e66b8226f4e0892211075ea3219f05,2024-10,Northumbria Police,Northumbria Police,-1.371456,54.875870,On or near Poplar Grove,E01008763,Sunderland 028A,Public order,Status update unavailable,
c0aa6e26b4a24fc6a66ea8db2cbd47ebf6ab42636c991a4f9875d9ef4279dd7d,2024-10,Northumbria Police,Northumbria Police,-1.373025,54.875177,On or near Attlee Grove,E01008763,Sunderland 028A,Vehicle crime,Investigation complete; no suspect identified,
de9e71a5e82951e1945d3798429fb551256b4baf77f5f7ccb9a79d908255c529,2024-10,Northumbria Police,Northumbria Police,-1.371456,54.875870,On or near Poplar Grove,E01008763,Sunderland 028A,Violence and sexual offences,Status update unavailable,
8d626ab3d2376c2b9c85039434b9830ec479dfc2633a2b8c66f576e581252d0d,2024-10,Northumbria Police,Northumbria Police,-1.372131,54.875568,On or near Ralph Avenue,E01008763,Sunderland 028A,Violence and sexual offences,Investigation complete; no suspect identified,
1fe4b81756348bc5c41e93f0e83c530a1988d08bdfda1a5c04bb1188a1a8e317,2024-10,Northumbria Police,Northumbria Police,-1.372751,54.874771,On or near Leechmere Way,E01008763,Sunderland 028A,Violence and sexual offences,Investigation complete; no suspect identified,
c7a0112600c6b57f44dc1a05ecfce6c0a69c931a64578a4d9bd5c30898938a1d,2024-10,Northumbria Police,Northumbria Police,-1.373437,54.877767,On or near Cherry Tree Square,E01008763,Sunderland 028A,Violence and sexual offences,Status update unavailable,
6d5602c06032e4484a561cafbab5fca560dbcbe3f71bdf48128d595ba8db6d88,2024-10,Northumbria Police,Northumbria Police,-1.371432,54.875384,On or near Lilian Avenue,E01008763,Sunderland 028A,Violence and sexual offences,Investigation complete; no suspect identified,
edc163ac46ae28b98d230f4b7a5c391bd08f0ec1e30c787e85317f66729dc469,2024-10,Northumbria Police,Northumbria Police,-1.373025,54.875177,On or near Attlee Grove,E01008763,Sunderland 028A,Violence and sexual offences,Investigation complete; no suspect identified,
aa4c59bd57594bf58beb41d2bce0606b63250e844e1175ba379c4d65d374e95a,2024-10,Northumbria Police,Northumbria Police,-1.378745,54.878181,On or near Sandsay Close,E01008763,Sunderland 028A,Violence and sexual offences,Investigation complete; no suspect identified,
bafae3b484ef8e51ddc159d41d694c25104b28667af8c8b6e36972b1a72da4f3,2024-10,Northumbria Police,Northumbria Police,-1.373025,54.875177,On or near Attlee Grove,E01008763,Sunderland 028A,Other crime,Status update unavailable,
,2024-10,Northumbria Police,Northumbria Police,-1.361874,54.876674,On or near Marine Drive,E01008764,Sunderland 028B,Anti-social behaviour,,
b4bdf40829bc3ed8b6ac3cda9b528e1761aeeb7713890a7c8515f24d963a0138,2024-10,Northumbria Police,Northumbria Police,-1.362579,54.875455,On or near Padstow Close,E01008764,Sunderland 028B,Burglary,Investigation complete; no suspect identified,
b8ae00bf674fe41ab446687f29b7b10da9e3aa0cce6f0f9597119a4b6979b1ec,2024-10,Northumbria Police,Northumbria Police,-1.361874,54.876674,On or near Marine Drive,E01008764,Sunderland 028B,Vehicle crime,Investigation complete; no suspect identified,
04bbbceadd69d524ca7184461ecb656abac0ded90d35eac7bd1eb85f36bb1b35,2024-10,Northumbria Police,Northumbria Police,-1.361874,54.876674,On or near Marine Drive,E01008764,Sunderland 028B,Vehicle crime,Investigation complete; no suspect identified,
7e0f17051bc8f621546d5c978e4c65ebe9d66b6b444ce3571b15c4f93e80af78,2024-10,Northumbria Police,Northumbria Police,-1.367817,54.875375,On or near Lynden Road,E01008764,Sunderland 028B,Violence and sexual offences,Investigation complete; no suspect identified,
,2024-10,Northumbria Police,Northumbria Police,-1.373364,54.871413,On or near Western Hill,E01008766,Sunderland 028C,Anti-social behaviour,,
,2024-10,Northumbria Police,Northumbria Police,-1.377776,54.872326,On or near Brick Row,E01008766,Sunderland 028C,Anti-social behaviour,,
,2024-10,Northumbria Police,Northumbria Police,-1.365281,54.871129,On or near Rosslyn Avenue,E01008766,Sunderland 028C,Anti-social behaviour,,
,2024-10,Northumbria Police,Northumbria Police,-1.373503,54.861421,On or near Merton Close,E01008766,Sunderland 028C,Anti-social behaviour,,
,2024-10,Northumbria Police,Northumbria Police,-1.369817,54.872840,On or near Sports/Recreation Area,E01008766,Sunderland 028C,Anti-social behaviour,,
,2024-10,Northumbria Police,Northumbria Police,-1.377776,54.872326,On or near Brick Row,E01008766,Sunderland 028C,Anti-social behaviour,,
a6588d471caa6ac75eddcc555bbbbe1efa6f3d21dea26723b76be61c0dd93cda,2024-10,Northumbria Police,Northumbria Police,-1.368263,54.871746,On or near Black Road,E01008766,Sunderland 028C,Criminal damage and arson,Court result unavailable,
a7f7cd5a81cf449c875f4bc2d2f13850cd0379796c17f37438406b8bddc0906c,2024-10,Northumbria Police,Northumbria Police,-1.378602,54.868223,On or near Wilshire Close,E01008766,Sunderland 028C,Other theft,Investigation complete; no suspect identified,
6d535c448c2862fd35dd5cf825b1017bbff8bbde240862f038d16009b1fc82d8,2024-10,Northumbria Police,Northumbria Police,-1.373503,54.861421,On or near Merton Close,E01008766,Sunderland 028C,Public order,Status update unavailable,
0c14cf0726ddd4784456303977c04b489ac05f0a2efb3f5cc2a8e93398b3d968,2024-10,Northumbria Police,Northumbria Police,-1.374804,54.871025,On or near Back Ryhope Street,E01008766,Sunderland 028C,Public order,Investigation complete; no suspect identified,
12e98e284e4996cee815734265af387b642047d871b08e26df99cb7f81867c40,2024-10,Northumbria Police,Northumbria Police,-1.373503,54.861421,On or near Merton Close,E01008766,Sunderland 028C,Public order,Status update unavailable,
44bc506e117b8fdabe55b7a833cafc04e988f38ae2f5b472f2d8d0bdf4ea8eb0,2024-10,Northumbria Police,Northumbria Police,-1.377061,54.867137,On or near Eaglescliffe,E01008766,Sunderland 028C,Violence and sexual offences,Court result unavailable,
30e22c9bf6e6c0a728034355193a25ebfae356e46eabe67dc98b43eb7011a487,2024-10,Northumbria Police,Northumbria Police,-1.365281,54.871129,On or near Rosslyn Avenue,E01008766,Sunderland 028C,Violence and sexual offences,Status update unavailable,
bc2bfc351a4a99a9a10c0c7fab90d680fde90343a96cd9396defff3a680a7da4,2024-10,Northumbria Police,Northumbria Police,-1.372874,54.866873,On or near Esdale,E01008766,Sunderland 028C,Violence and sexual offences,Status update unavailable,
666388d15df49ba394d34e0bce10ee86a773fd8bbdbbf3cc048f49e488ea073d,2024-10,Northumbria Police,Northumbria Police,-1.378602,54.868223,On or near Wilshire Close,E01008766,Sunderland 028C,Violence and sexual offences,Investigation complete; no suspect identified,
4e58d2f718588b999ead9ca11959c2b7658d99f6e25907acb71f5409689b5774,2024-10,Northumbria Police,Northumbria Police,-1.373503,54.861421,On or near Merton Close,E01008766,Sunderland 028C,Violence and sexual offences,Status update unavailable,
f995db3ef89a9fea050abfbf10d6ba9693ab7447782550618851f835a53ee6ed,2024-10,Northumbria Police,Northumbria Police,-1.373503,54.861421,On or near Merton Close,E01008766,Sunderland 028C,Violence and sexual offences,Status update unavailable,
4f099991594e30f692175771762b0168f8972bbf34b3e832b82b7a4fabe8a9ee,2024-10,Northumbria Police,Northumbria Police,-1.372874,54.866873,On or near Esdale,E01008766,Sunderland 028C,Violence and sexual offences,Offender given a caution,
7aa1e0aa0668cff14b101b951a26df15e6d75a9fd4fbf484ee983929a46b53f3,2024-10,Northumbria Police,Northumbria Police,-1.377061,54.867137,On or near Eaglescliffe,E01008766,Sunderland 028C,Violence and sexual offences,Court result unavailable,
2f9612b695d123b034472c9b623ce4d0493cbf43703dfce44dcc1b2432f4d272,2024-10,Northumbria Police,Northumbria Police,-1.373364,54.871413,On or near Western Hill,E01008766,Sunderland 028C,Violence and sexual offences,Status update unavailable,
6f091dec271db21e267de829aed24f3871060c59abe0beddc936081574e52536,2024-10,Northumbria Police,Northumbria Police,-1.373503,54.861421,On or near Merton Close,E01008766,Sunderland 028C,Violence and sexual offences,Status update unavailable,
e6edacac3319a49e50dab470095d8640c7168ebdbbbfeca5f538d1b2509df28b,2024-10,Northumbria Police,Northumbria Police,-1.378602,54.868223,On or near Wilshire Close,E01008766,Sunderland 028C,Other crime,Status update unavailable,
b01682899d4a1dac0f4e607946ae1e84dd1b1cb3589fc5e47e61f3d462223eec,2024-10,Northumbria Police,Northumbria Police,-1.378116,54.866396,On or near Headlam,E01008766,Sunderland 028C,Other crime,Court result unavailable,
,2024-10,Northumbria Police,Northumbria Police,-1.366160,54.863764,On or near Stockton Road,E01008768,Sunderland 028D,Anti-social behaviour,,
,2024-10,Northumbria Police,Northumbria Police,-1.366171,54.862066,On or near Fulbroke Close,E01008768,Sunderland 028D,Anti-social behaviour,,
,2024-10,Northumbria Police,Northumbria Police,-1.364472,54.866083,On or near Aldbrough Close,E01008768,Sunderland 028D,Anti-social behaviour,,
,2024-10,Northumbria Police,Northumbria Police,-1.359748,54.869230,On or near The Village,E01008768,Sunderland 028D,Anti-social behaviour,,
,2024-10,Northumbria Police,Northumbria Police,-1.356372,54.866975,On or near Sea View,E01008768,Sunderland 028D,Anti-social behaviour,,
663cffcadc120353d2c268731e4099a5bfd1030485a7f132449e7e3cb4d5f6f6,2024-10,Northumbria Police,Northumbria Police,-1.366003,54.862874,On or near Kineton Way,E01008768,Sunderland 028D,Burglary,Investigation complete; no suspect identified,
5188f2231f177ae58b80d2455543f4597f96824ed1ad1853b7df06313b582d42,2024-10,Northumbria Police,Northumbria Police,-1.366160,54.863764,On or near Stockton Road,E01008768,Sunderland 028D,Criminal damage and arson,Status update unavailable,
4b775791bb2b188b7ced0f73d607d7ff77294d39d3fd38cfe3ad6546f8139d86,2024-10,Northumbria Police,Northumbria Police,-1.364472,54.866083,On or near Aldbrough Close,E01008768,Sunderland 028D,Criminal damage and arson,Investigation complete; no suspect identified,
e074e776cbe94c74876b1b89029d8f7b42f8315e95365aba3d9a0af9e05216ba,2024-10,Northumbria Police,Northumbria Police,-1.366160,54.863764,On or near Stockton Road,E01008768,Sunderland 028D,Criminal damage and arson,Status update unavailable,
30d1edcf05357a8cc243246546f3aa89024f999f38678e151591f0ac03fe7fd8,2024-10,Northumbria Police,Northumbria Police,-1.366160,54.863764,On or near Stockton Road,E01008768,Sunderland 028D,Criminal damage and arson,Status update unavailable,
f1c629b71f68f2e078291d7027cbd00e8c6e38520045a0e534f0cd24865e7f34,2024-10,Northumbria Police,Northumbria Police,-1.366160,54.863764,On or near Stockton Road,E01008768,Sunderland 028D,Criminal damage and arson,Status update unavailable,
152f228e56a5a82e9533751e515a8afe95f8dc0fb68e0531cb2588e458d42872,2024-10,Northumbria Police,Northumbria Police,-1.366160,54.863764,On or near Stockton Road,E01008768,Sunderland 028D,Criminal damage and arson,Status update unavailable,
3917e4428a59324c28016f2915950ab22024c4b3dd391ae66dafb89153b0271e,2024-10,Northumbria Police,Northumbria Police,-1.366160,54.863764,On or near Stockton Road,E01008768,Sunderland 028D,Other theft,Investigation complete; no suspect identified,
6dfd1789a04e741dd249eec4d73a33ad1b4c72252a8c6303fe9e8ed43fd2823b,2024-10,Northumbria Police,Northumbria Police,-1.361280,54.865958,On or near Mariville East,E01008768,Sunderland 028D,Other theft,Investigation complete; no suspect identified,
a95ac301132e02d7a90dfd2ee879898f2ec5147cf32f32a1a6b6819a96d25350,2024-10,Northumbria Police,Northumbria Police,-1.366160,54.863764,On or near Stockton Road,E01008768,Sunderland 028D,Other theft,Investigation complete; no suspect identified,
f0996f31f8f3f8500651d50c0dba48dc356de767a151fa47609a70a902a977ac,2024-10,Northumbria Police,Northumbria Police,-1.366160,54.863764,On or near Stockton Road,E01008768,Sunderland 028D,Public order,Status update unavailable,
7d1bedec91e6ce8e2a2b8bb8303d6d342e7a4bf7f6e8057d9f825b951693b3b0,2024-10,Northumbria Police,Northumbria Police,-1.366160,54.863764,On or near Stockton Road,E01008768,Sunderland 028D,Public order,Status update unavailable,
09df9d6fefda5156b4b8a5f4f032c102a223e009da18701a4831375e356519c0,2024-10,Northumbria Police,Northumbria Police,-1.366160,54.863764,On or near Stockton Road,E01008768,Sunderland 028D,Public order,Status update unavailable,
68499600ae06379474be7ebbbf9ebe81aa1ed081d464627c425b615411829613,2024-10,Northumbria Police,Northumbria Police,-1.366160,54.863764,On or near Stockton Road,E01008768,Sunderland 028D,Public order,Status update unavailable,
7c65340358e97b90645458549632757e437ab99f307e2faabfab76afb925bb2e,2024-10,Northumbria Police,Northumbria Police,-1.357486,54.865516,On or near Regent Road,E01008768,Sunderland 028D,Theft from the person,Investigation complete; no suspect identified,
0d04d4256f0c6ad80e830d31d4753a9e1d8edf90f09f3b5b9d4794b6a20b9386,2024-10,Northumbria Police,Northumbria Police,-1.366160,54.863764,On or near Stockton Road,E01008768,Sunderland 028D,Violence and sexual offences,Status update unavailable,
cb67f09fb1444a8321d319fea29eab97ef523b3ccf8ba06ccc137363ac031d14,2024-10,Northumbria Police,Northumbria Police,-1.361280,54.865958,On or near Mariville East,E01008768,Sunderland 028D,Violence and sexual offences,Status update unavailable,
06feae6ac6921812f49b3e27f27085ca06425e69647273e16bdf639d33719631,2024-10,Northumbria Police,Northumbria Police,-1.366160,54.863764,On or near Stockton Road,E01008768,Sunderland 028D,Violence and sexual offences,Status update unavailable,
2ab8c4b9819d5103f0731f941dd8ece3ed7b2541c8a6d886a1ce096714534576,2024-10,Northumbria Police,Northumbria Police,-1.366160,54.863764,On or near Stockton Road,E01008768,Sunderland 028D,Violence and sexual offences,Status update unavailable,
108ab1d5dec809c7b3b6c616398477120a9563a156dd1a17c0640e899c80dfb9,2024-10,Northumbria Police,Northumbria Police,-1.366160,54.863764,On or near Stockton Road,E01008768,Sunderland 028D,Violence and sexual offences,Status update unavailable,
11918745e9ba8a55ddab7cbc8ad8988c96cdf8422a62c57a822f431d66d14f6c,2024-10,Northumbria Police,Northumbria Police,-1.366160,54.863764,On or near Stockton Road,E01008768,Sunderland 028D,Violence and sexual offences,Status update unavailable,
2e1f95e6e6af5bf2c0f5231e98f26e3a0bd36e0924a23dbbfe5ae357e6028842,2024-10,Northumbria Police,Northumbria Police,-1.366160,54.863764,On or near Stockton Road,E01008768,Sunderland 028D,Violence and sexual offences,Investigation complete; no suspect identified,
041edee7510c7bedfae5977dab3df85c9d2f5a8a9d98e1eb575ad75d56dc7d87,2024-10,Northumbria Police,Northumbria Police,-1.366160,54.863764,On or near Stockton Road,E01008768,Sunderland 028D,Violence and sexual offences,Status update unavailable,
5c897d0450436f9bcf7abc5d4715478d5178f87d6b3230a06a61bd25b9cf5faa,2024-10,Northumbria Police,Northumbria Police,-1.357486,54.865516,On or near Regent Road,E01008768,Sunderland 028D,Violence and sexual offences,Investigation complete; no suspect identified,
eb7a6585893171bfe9e9a1587f52bdd5349fe873495cedbe58875665e33e5e10,2024-10,Northumbria Police,Northumbria Police,-1.366160,54.863764,On or near Stockton Road,E01008768,Sunderland 028D,Violence and sexual offences,Investigation complete; no suspect identified,
ec944688ea2465c18ba9c9c7a6a0370f3d50d15e7eb952afa9dc8020d79f26e5,2024-10,Northumbria Police,Northumbria Police,-1.366160,54.863764,On or near Stockton Road,E01008768,Sunderland 028D,Violence and sexual offences,Status update unavailable,
4676899a0371038e95ab7cdae47ba4a2a650ebee5544093890399d9fc6709ca1,2024-10,Northumbria Police,Northumbria Police,-1.366160,54.863764,On or near Stockton Road,E01008768,Sunderland 028D,Violence and sexual offences,Status update unavailable,
99e3ed5458c6b4c51096392692993f9f188a2c14f518effc1531f1e7a28062d5,2024-10,Northumbria Police,Northumbria Police,-1.366160,54.863764,On or near Stockton Road,E01008768,Sunderland 028D,Violence and sexual offences,Status update unavailable,
67e454ef36b2a29da5a0fc0a73644804391d39ce621342976188c9dd2e06db76,2024-10,Northumbria Police,Northumbria Police,-1.366160,54.863764,On or near Stockton Road,E01008768,Sunderland 028D,Violence and sexual offences,Status update unavailable,
88694efa13f07cba76c63feb05341baebcf6dc7045a192c5c99a5cc7bdf14e88,2024-10,Northumbria Police,Northumbria Police,-1.366160,54.863764,On or near Stockton Road,E01008768,Sunderland 028D,Violence and sexual offences,Status update unavailable,
0eb23d79775044d9b9046b7936153660e65cd9c718a251e855243340c5a98c90,2024-10,Northumbria Police,Northumbria Police,-1.366160,54.863764,On or near Stockton Road,E01008768,Sunderland 028D,Violence and sexual offences,Status update unavailable,
81535f753952d91333421f65d2c0a8f9c37cce392559abea29077e5b05b1dc33,2024-10,Northumbria Police,Northumbria Police,-1.366160,54.863764,On or near Stockton Road,E01008768,Sunderland 028D,Violence and sexual offences,Status update unavailable,
e1f865f7ce46ec096f83a8c79c74f1c57e406b5e5ccc4f6b4a77c5f8dc2c702e,2024-10,Northumbria Police,Northumbria Police,-1.366160,54.863764,On or near Stockton Road,E01008768,Sunderland 028D,Violence and sexual offences,Status update unavailable,
d988eaad59a3bb225da86a5a86bf8b1172fbcec982c708ee376c32dfd3b7d7d2,2024-10,Northumbria Police,Northumbria Police,-1.366160,54.863764,On or near Stockton Road,E01008768,Sunderland 028D,Violence and sexual offences,Status update unavailable,
a4ac7afdcbcc8cc1867105aa8caef4426c09c2c606214a0959abbf3bfd9053b6,2024-10,Northumbria Police,Northumbria Police,-1.366160,54.863764,On or near Stockton Road,E01008768,Sunderland 028D,Violence and sexual offences,Status update unavailable,
cea172e606057ccdd03a5495baa62793e1ef61702bfadb8aca24fcd47cf05605,2024-10,Northumbria Police,Northumbria Police,-1.366160,54.863764,On or near Stockton Road,E01008768,Sunderland 028D,Violence and sexual offences,Status update unavailable,
42f583a54653639d1eb36a4a901075f2075954701517e91c5ec0b017268372de,2024-10,Northumbria Police,Northumbria Police,-1.366160,54.863764,On or near Stockton Road,E01008768,Sunderland 028D,Violence and sexual offences,Awaiting court outcome,
2dc15a33f1e6c80c12b76688ac1bc222c13e80e972dc27888d9bf792ef0b9ff9,2024-10,Northumbria Police,Northumbria Police,-1.366160,54.863764,On or near Stockton Road,E01008768,Sunderland 028D,Violence and sexual offences,Status update unavailable,
51532f8a0751a5f2c8ecbe0b87360a280e51bab70b9765becbce32ded4347843,2024-10,Northumbria Police,Northumbria Police,-1.366160,54.863764,On or near Stockton Road,E01008768,Sunderland 028D,Violence and sexual offences,Status update unavailable,
e85200c421d5d8707a2e2e57e46b4fa9cf30e0cd334a293b776e461948b51484,2024-10,Northumbria Police,Northumbria Police,-1.366160,54.863764,On or near Stockton Road,E01008768,Sunderland 028D,Violence and sexual offences,Investigation complete; no suspect identified,
2ad870e702543188d55b5623541f72abce2d686d675744f7ec7140b4a95a2c67,2024-10,Northumbria Police,Northumbria Police,-1.366160,54.863764,On or near Stockton Road,E01008768,Sunderland 028D,Violence and sexual offences,Status update unavailable,
939350c967e3f4218e3763edde8eadef2db013829758fc2a9c0186910beecdb7,2024-10,Northumbria Police,Northumbria Police,-1.357981,54.867657,On or near Scotland Street,E01008768,Sunderland 028D,Other crime,Status update unavailable,
5061f41c3e92a02bd7529799be087259c0cc0aba972ac06e180fcd80c31bfbcf,2024-10,Northumbria Police,Northumbria Police,-1.366160,54.863764,On or near Stockton Road,E01008768,Sunderland 028D,Other crime,Status update unavailable,
,2024-10,Northumbria Police,Northumbria Police,-1.367120,54.870114,On or near The Grove,E01008769,Sunderland 028E,Anti-social behaviour,,
85172c1d89ec2c2e095e26764a7f8d06647570fd0d5d816f432c63b89bafdae4,2024-10,Northumbria Police,Northumbria Police,-1.359930,54.870517,On or near Byony Toft,E01008769,Sunderland 028E,Criminal damage and arson,Status update unavailable,
aae8336d71ca50cc15aca2ae60cd45767551bc1310a6d4c1f8c67cf4a4f8f824,2024-10,Northumbria Police,Northumbria Police,-1.359930,54.870517,On or near Byony Toft,E01008769,Sunderland 028E,Drugs,Local resolution,
295c62311628bfe51f3ff81d9c9b8d359c6896fe678287a95a97e75df87192fd,2024-10,Northumbria Police,Northumbria Police,-1.359930,54.870517,On or near Byony Toft,E01008769,Sunderland 028E,Drugs,Local resolution,
acb4ed5c64310d46ef88e8f84c3f2c4dfa342d34493c94abb0524370b9038d7f,2024-10,Northumbria Police,Northumbria Police,-1.370224,54.870903,On or near Supermarket,E01008769,Sunderland 028E,Public order,Investigation complete; no suspect identified,
8111f42237bd1439c6a306459753e286164ad33d4dddc8e90f2ecda7f3e19204,2024-10,Northumbria Police,Northumbria Police,-1.373547,54.869789,On or near Sports/Recreation Area,E01008769,Sunderland 028E,Public order,Investigation complete; no suspect identified,
60ac60015a49f1fc258c6a92a047cdf3784818c720d78fe0cc699c4af3818dbb,2024-10,Northumbria Police,Northumbria Police,-1.368328,54.869590,On or near Trotter Terrace,E01008769,Sunderland 028E,Public order,Investigation complete; no suspect identified,
5a8ca03825a6f60c2c47c1dc8d1c92414a444ba809623bd40e59c94d23a6a6fc,2024-10,Northumbria Police,Northumbria Police,-1.370224,54.870903,On or near Supermarket,E01008769,Sunderland 028E,Shoplifting,Status update unavailable,
c709494b58095bd560cbd537af607df1fd3015510856bde5ffb313c817f4aa55,2024-10,Northumbria Police,Northumbria Police,-1.370224,54.870903,On or near Supermarket,E01008769,Sunderland 028E,Shoplifting,Status update unavailable,
3fb9d96578acbd5cb32098750d1e2391cbeb3718a668a047c32ae225bde187ce,2024-10,Northumbria Police,Northumbria Police,-1.366718,54.866966,On or near Beechbrooke,E01008769,Sunderland 028E,Vehicle crime,Investigation complete; no suspect identified,
d064a1ee371c063d7979ed3e6629ca6baa080b9a8ee47bb20e8ffdca54ee217e,2024-10,Northumbria Police,Northumbria Police,-1.370224,54.870903,On or near Supermarket,E01008769,Sunderland 028E,Violence and sexual offences,Status update unavailable,
bd2dcb6ccadc562d96219ab3b39751289a6bfa5b0fce88dc48973c14f90adb90,2024-10,Northumbria Police,Northumbria Police,-1.370224,54.870903,On or near Supermarket,E01008769,Sunderland 028E,Violence and sexual offences,Status update unavailable,
7544dfca74afcf408d47fd38a37f2129aefd4ac48fb0703a6d5392b96c81f013,2024-10,Northumbria Police,Northumbria Police,-1.373547,54.869789,On or near Sports/Recreation Area,E01008769,Sunderland 028E,Violence and sexual offences,Investigation complete; no suspect identified,
,2024-10,Northumbria Police,Northumbria Police,-1.443870,54.871855,On or near Crow Lane,E01008772,Sunderland 029A,Anti-social behaviour,,
,2024-10,Northumbria Police,Northumbria Police,-1.440201,54.874624,On or near Steep Hill,E01008772,Sunderland 029A,Anti-social behaviour,,
b35cb88496dd77e13727069635ca6993bc5a14d4840837f5837b2daf64dc628b,2024-10,Northumbria Police,Northumbria Police,-1.445561,54.873543,On or near Hillview,E01008772,Sunderland 029A,Burglary,Investigation complete; no suspect identified,
3992e5440e171bb891d68dca130448bc93981a264f6edf7e83a4f0f46aa25aaf,2024-10,Northumbria Police,Northumbria Police,-1.441793,54.872169,On or near Petrol Station,E01008772,Sunderland 029A,Other theft,Investigation complete; no suspect identified,
196bdb778b1c281e67f7a0e195bc8371828edfd624b2dd44036ece3059e7c71e,2024-10,Northumbria Police,Northumbria Police,-1.441793,54.872169,On or near Petrol Station,E01008772,Sunderland 029A,Other theft,Investigation complete; no suspect identified,
48fea6162495f783aa860864ab6f2c9f5c05c3518d4b2c8b7e40d8f70b046159,2024-10,Northumbria Police,Northumbria Police,-1.440918,54.871204,On or near Petrol Station,E01008772,Sunderland 029A,Shoplifting,Investigation complete; no suspect identified,
41adde99506080016d7c54d256c91a09dc3c338dc3600ee5da031b24cc808d99,2024-10,Northumbria Police,Northumbria Police,-1.438572,54.872963,On or near Charter Drive,E01008772,Sunderland 029A,Violence and sexual offences,Status update unavailable,
,2024-10,Northumbria Police,Northumbria Police,-1.435339,54.870090,On or near Braemar Gardens,E01008774,Sunderland 029B,Anti-social behaviour,,
,2024-10,Northumbria Police,Northumbria Police,-1.433880,54.873022,On or near Lumley Court,E01008774,Sunderland 029B,Anti-social behaviour,,
1293d4919ac31d2dcaada3ff1e2ca091ec31d82ee6f0ae703e2deb6b1250cc09,2024-10,Northumbria Police,Northumbria Police,-1.433880,54.873022,On or near Lumley Court,E01008774,Sunderland 029B,Criminal damage and arson,Investigation complete; no suspect identified,
587970a4dc0d72aac5a294b04cd3c8b0d8f1966d4a964989a42f0d9359273d33,2024-10,Northumbria Police,Northumbria Police,-1.433170,54.875913,On or near Atlantis Road,E01008774,Sunderland 029B,Criminal damage and arson,Investigation complete; no suspect identified,
700708208b37680bfbad18dc5363c7fde804757ec19129b9461dd28261caa38c,2024-10,Northumbria Police,Northumbria Police,-1.433660,54.868735,On or near Clinton Place,E01008774,Sunderland 029B,Vehicle crime,Investigation complete; no suspect identified,
c8bc881e86881125222e2c741c0373a7d2f46a9c1d7e3bc325372a559c79a6ed,2024-10,Northumbria Police,Northumbria Police,-1.435339,54.870090,On or near Braemar Gardens,E01008774,Sunderland 029B,Vehicle crime,Investigation complete; no suspect identified,
82df4e0d6450f7bc34f8c2dd39d9dbaf415e36cfb43e0853f71d81be652025b9,2024-10,Northumbria Police,Northumbria Police,-1.434354,54.872584,On or near Raby Drive,E01008774,Sunderland 029B,Vehicle crime,Investigation complete; no suspect identified,
055b48a02e0fbbb855900f6f40b38192b2aa491804c2a482ca95187793c4015d,2024-10,Northumbria Police,Northumbria Police,-1.433660,54.868735,On or near Clinton Place,E01008774,Sunderland 029B,Violence and sexual offences,Investigation complete; no suspect identified,
,2024-10,Northumbria Police,Northumbria Police,-1.443763,54.866040,On or near Meadow Drive,E01008775,Sunderland 029C,Anti-social behaviour,,
,2024-10,Northumbria Police,Northumbria Police,-1.443763,54.866040,On or near Meadow Drive,E01008775,Sunderland 029C,Anti-social behaviour,,
,2024-10,Northumbria Police,Northumbria Police,-1.447660,54.868188,On or near Park Lea,E01008775,Sunderland 029C,Anti-social behaviour,,
efa65956f8cdc633800d2b951f4ceb0e31510d486bcd7d1011e05d62f39ee04c,2024-10,Northumbria Police,Northumbria Police,-1.442181,54.867759,On or near Meadow Lane,E01008775,Sunderland 029C,Other theft,Status update unavailable,
87ea710146017bd7603d25631872cf05559dd5aaa847c730aaf220739eab8baf,2024-10,Northumbria Police,Northumbria Police,-1.443763,54.866040,On or near Meadow Drive,E01008775,Sunderland 029C,Public order,Investigation complete; no suspect identified,
ccba35f78265eee64f98fdba358cbabff02ad81c980124f373b75d2f9e542210,2024-10,Northumbria Police,Northumbria Police,-1.417972,54.867474,On or near Birch Court,E01008802,Sunderland 029D,Shoplifting,Investigation complete; no suspect identified,
bea6ecf323573f4733a7509e5b866d5b26bdac1920ffb307703e03ef5d783680,2024-10,Northumbria Police,Northumbria Police,-1.417972,54.867474,On or near Birch Court,E01008802,Sunderland 029D,Shoplifting,Investigation complete; no suspect identified,
40bbedf7c8efd1a45acd863debe1b93bfc0d18b00e554b27f035bc36918d33ea,2024-10,Northumbria Police,Northumbria Police,-1.417972,54.867474,On or near Birch Court,E01008802,Sunderland 029D,Shoplifting,Investigation complete; no suspect identified,
b2896bc3f85b2ef52758c8ddc0c6d8a03fdec7b2d021edb239592c19275e501e,2024-10,Northumbria Police,Northumbria Police,-1.417972,54.867474,On or near Birch Court,E01008802,Sunderland 029D,Shoplifting,Investigation complete; no suspect identified,
e71bae43887affc847c49b2b2f29f1390a01e05448e0dc888c847da05f542e89,2024-10,Northumbria Police,Northumbria Police,-1.417972,54.867474,On or near Birch Court,E01008802,Sunderland 029D,Shoplifting,Investigation complete; no suspect identified,
46f8fc18abf497ee131a21ff578357ab88d2a848c2a530502d6be47086d18ca8,2024-10,Northumbria Police,Northumbria Police,-1.417972,54.867474,On or near Birch Court,E01008802,Sunderland 029D,Shoplifting,Investigation complete; no suspect identified,
a57bf3709971e1f028d1a85325d47e8df29de36a09643a65d1ac17d560a9578c,2024-10,Northumbria Police,Northumbria Police,-1.417972,54.867474,On or near Birch Court,E01008802,Sunderland 029D,Shoplifting,Investigation complete; no suspect identified,
0ebff56e7a99619128594f7e7b1267d3a0dbc06eac379a6a488daa32fb519246,2024-10,Northumbria Police,Northumbria Police,-1.417972,54.867474,On or near Birch Court,E01008802,Sunderland 029D,Shoplifting,Investigation complete; no suspect identified,
2463bd0f41f609ac1b70ef61cd572e4290c5350974075f47b3361bf2d77220df,2024-10,Northumbria Police,Northumbria Police,-1.417972,54.867474,On or near Birch Court,E01008802,Sunderland 029D,Shoplifting,Investigation complete; no suspect identified,
a569ee44705f42be1b0a230a80d9cce2d84315d84b108b73d81fb6d78d604e78,2024-10,Northumbria Police,Northumbria Police,-1.417972,54.867474,On or near Birch Court,E01008802,Sunderland 029D,Shoplifting,Investigation complete; no suspect identified,
6b6c49e7f8597b44318502c6354777ad4bc0d48720511971b75a77367fd95555,2024-10,Northumbria Police,Northumbria Police,-1.417972,54.867474,On or near Birch Court,E01008802,Sunderland 029D,Shoplifting,Investigation complete; no suspect identified,
d5892e58cd8e79da9afb52683d004c2a1d7388faf7d275e94529936bef3536bf,2024-10,Northumbria Police,Northumbria Police,-1.417972,54.867474,On or near Birch Court,E01008802,Sunderland 029D,Shoplifting,Status update unavailable,
8375cc134716a024c7e7c44f08006cd5445c1d4ee59dd3e640434d66fdea7d30,2024-10,Northumbria Police,Northumbria Police,-1.417972,54.867474,On or near Birch Court,E01008802,Sunderland 029D,Shoplifting,Investigation complete; no suspect identified,
d9f45c0e42c7529e730c3bd298b740242c6f6a502dc1e4a1a3b57d0914af85af,2024-10,Northumbria Police,Northumbria Police,-1.416705,54.868870,On or near Warden Law Lane,E01008802,Sunderland 029D,Shoplifting,Investigation complete; no suspect identified,
2841bbd008c003b242a10f257444f37d189ca5fdb1982936c10467e65796256c,2024-10,Northumbria Police,Northumbria Police,-1.414704,54.869319,On or near Silksworth Hall Drive,E01008802,Sunderland 029D,Violence and sexual offences,Investigation complete; no suspect identified,
,2024-10,Northumbria Police,Northumbria Police,-1.423652,54.869083,On or near Brenlynn Close,E01008808,Sunderland 029E,Anti-social behaviour,,
8629d31c059b597d9447322dd1f60d2417a39520ba3ea0f38f0452f9b2fe67f6,2024-10,Northumbria Police,Northumbria Police,-1.423726,54.862793,On or near Milrig Close,E01008808,Sunderland 029E,Burglary,Investigation complete; no suspect identified,
4435aa9afec824e0baa2a16b664f159748a051997fc6aeacc1a5950c1565699b,2024-10,Northumbria Police,Northumbria Police,-1.423726,54.862793,On or near Milrig Close,E01008808,Sunderland 029E,Other theft,Status update unavailable,
decacb887b6ad74cbf9d1241347cce90a237fa5868ec7dcfecb70d319ef27060,2024-10,Northumbria Police,Northumbria Police,-1.429196,54.865937,On or near Manston Close,E01008808,Sunderland 029E,Vehicle crime,Status update unavailable,
89d1b18ad537eae8d1b448cfda33dab901a7e934f9d5425b01c86cbc55ca6d26,2024-10,Northumbria Police,Northumbria Police,-1.423652,54.869083,On or near Brenlynn Close,E01008808,Sunderland 029E,Vehicle crime,Status update unavailable,
,2024-10,Northumbria Police,Northumbria Police,-1.494542,54.868356,On or near Petrol Station,E01008793,Sunderland 030A,Anti-social behaviour,,
,2024-10,Northumbria Police,Northumbria Police,-1.495729,54.866896,On or near Kelso Grove,E01008793,Sunderland 030A,Anti-social behaviour,,
d7914cafb7ad3d1613cebc1339fedd43d1fd1e80b0179dcc48a743e4d0757cb4,2024-10,Northumbria Police,Northumbria Police,-1.489219,54.869170,On or near Thirlmere Crescent,E01008793,Sunderland 030A,Criminal damage and arson,Investigation complete; no suspect identified,
113c5beeebf1019949883d29a7d7a4f3f748d13be4020481525f44ae3cb01de7,2024-10,Northumbria Police,Northumbria Police,-1.488091,54.868356,On or near Thirlmere Crescent,E01008793,Sunderland 030A,Criminal damage and arson,Investigation complete; no suspect identified,
e272d2bac24b0039175b0a8773812fd86ace6c00cf11a7a3849c4fc035687781,2024-10,Northumbria Police,Northumbria Police,-1.494982,54.868034,On or near Parking Area,E01008793,Sunderland 030A,Other theft,Investigation complete; no suspect identified,
aa641d2cfc99ee65eb42b265ab060b93533b0d102bffed0cb0e54184d13eeec8,2024-10,Northumbria Police,Northumbria Police,-1.493643,54.865495,On or near Galashiels Grove,E01008793,Sunderland 030A,Other theft,Status update unavailable,
efed91edcb1f5bf0375dc2752438025f4b4ed0ea5c4758e9a3c8c7d5b4f39379,2024-10,Northumbria Police,Northumbria Police,-1.493728,54.866160,On or near Coldstream Close,E01008793,Sunderland 030A,Public order,Investigation complete; no suspect identified,
c35e339dd6c142b9d8d5a5376ce250a9d25578204609df611b8e6f4b70427e14,2024-10,Northumbria Police,Northumbria Police,-1.497433,54.867031,On or near Supermarket,E01008793,Sunderland 030A,Shoplifting,Offender given a caution,
e1e472b6b20a9e03a1900c321db508a3286530c0758f4524b9736c79fe898fa5,2024-10,Northumbria Police,Northumbria Police,-1.497433,54.867031,On or near Supermarket,E01008793,Sunderland 030A,Shoplifting,Investigation complete; no suspect identified,
e37f8becd2287082671b3d220a0b1d67254eb0319ab711d5c3b95f764cc133f8,2024-10,Northumbria Police,Northumbria Police,-1.497433,54.867031,On or near Supermarket,E01008793,Sunderland 030A,Shoplifting,Investigation complete; no suspect identified,
babdb4ee467ab96942c8f4af9870fb423276626eec90ee398fa8dad06cd0261f,2024-10,Northumbria Police,Northumbria Police,-1.497433,54.867031,On or near Supermarket,E01008793,Sunderland 030A,Shoplifting,Investigation complete; no suspect identified,
97c14d0f90283aa5639d851a5c60f55bcdc5cc1934c76baebc5e9c7555754ce0,2024-10,Northumbria Police,Northumbria Police,-1.494982,54.868034,On or near Parking Area,E01008793,Sunderland 030A,Shoplifting,Investigation complete; no suspect identified,
cf8f2ce80b3bb6e3cfc33390c1f56b1a22f1e97fd4c730ad7fbe1c472e90830b,2024-10,Northumbria Police,Northumbria Police,-1.497357,54.863740,On or near Hunter Street,E01008793,Sunderland 030A,Vehicle crime,Investigation complete; no suspect identified,
cf6bba185896efc3a2c76debac9fd8d860befa9b20146f13f3767af422cf3efe,2024-10,Northumbria Police,Northumbria Police,-1.490298,54.867593,On or near Mill Pit,E01008793,Sunderland 030A,Vehicle crime,Investigation complete; no suspect identified,
7e18bf7bb5a67815940109c6d048c15ebf00097f7f8c31e4a53f69c215c58195,2024-10,Northumbria Police,Northumbria Police,-1.495729,54.866896,On or near Kelso Grove,E01008793,Sunderland 030A,Vehicle crime,Investigation complete; no suspect identified,
12cf7682421431cf3394f8232d69ac0aa2502ac77a46c1fb46bdc1bfbcbee054,2024-10,Northumbria Police,Northumbria Police,-1.488091,54.868356,On or near Thirlmere Crescent,E01008793,Sunderland 030A,Violence and sexual offences,Investigation complete; no suspect identified,
1c26e0788a5f271039b7bd8a0d21659359a7ae7d14a358306fd5c024da83b3ab,2024-10,Northumbria Police,Northumbria Police,-1.495739,54.864874,On or near Lowerson Avenue,E01008793,Sunderland 030A,Violence and sexual offences,Status update unavailable,
7db83dd7cb2b2f78cc42a5b9cf363a7de350b2ee3e27b62daeb24b9950b5d3e8,2024-10,Northumbria Police,Northumbria Police,-1.497859,54.866006,On or near Princes Street,E01008793,Sunderland 030A,Violence and sexual offences,Status update unavailable,
37adeb4541072a69f6d2328daf88f812beb7bcb9b4ebf57cd01427e9139898c2,2024-10,Northumbria Police,Northumbria Police,-1.489219,54.869170,On or near Thirlmere Crescent,E01008793,Sunderland 030A,Violence and sexual offences,Investigation complete; no suspect identified,
b7f4c7c1ccce80f61e1180c7b1cff8c30e17ff01cb6e23c85becf2a1b79d72f0,2024-10,Northumbria Police,Northumbria Police,-1.497357,54.863740,On or near Hunter Street,E01008793,Sunderland 030A,Violence and sexual offences,Status update unavailable,
e3e218d315cdeab4178db27213ef388580d16895d59cce42a88ecb7afec604cc,2024-10,Northumbria Police,Northumbria Police,-1.494982,54.868034,On or near Parking Area,E01008793,Sunderland 030A,Violence and sexual offences,Investigation complete; no suspect identified,
946bcb44dcd6877832eda6c657a7c6e3be63558d069806806c17d0efe408a0b0,2024-10,Northumbria Police,Northumbria Police,-1.495739,54.864874,On or near Lowerson Avenue,E01008793,Sunderland 030A,Violence and sexual offences,Status update unavailable,
9b6c0f407afb47bb3013eb2156caf857324fa9ef2c74577701ebb4655c1d9097,2024-10,Northumbria Police,Northumbria Police,-1.494982,54.868034,On or near Parking Area,E01008793,Sunderland 030A,Violence and sexual offences,Offender given a caution,
0eeb0b8b2d36e042700a60fd7ef24261d3719f05b2ad39a2bdab8e5b6eaa4e72,2024-10,Northumbria Police,Northumbria Police,-1.497357,54.863740,On or near Hunter Street,E01008793,Sunderland 030A,Violence and sexual offences,Investigation complete; no suspect identified,
c514fcf0d61c1d3074be31c3ec2e2c33162417ded56484f4051c67e94931b0da,2024-10,Northumbria Police,Northumbria Police,-1.495739,54.864874,On or near Lowerson Avenue,E01008793,Sunderland 030A,Violence and sexual offences,Status update unavailable,
918266844af0bba18e9cf2a1294c20d0703d1b4c222d9e475d7a09782ba25217,2024-10,Northumbria Police,Northumbria Police,-1.495526,54.864397,On or near Maple Terrace,E01008793,Sunderland 030A,Other crime,Status update unavailable,
e595defdb15b55d12aa5f6b2e22dfdde68487f253f47fb1c30996dfee18ba7c6,2024-10,Northumbria Police,Northumbria Police,-1.501702,54.866409,On or near Claremont Drive,E01008795,Sunderland 030B,Criminal damage and arson,Investigation complete; no suspect identified,
d2662050822a645e777f91cf6f24301200569e73ea4f3844d8cb77a2677cdfc5,2024-10,Northumbria Police,Northumbria Police,-1.503401,54.866398,On or near Medlar Close,E01008795,Sunderland 030B,Criminal damage and arson,Investigation complete; no suspect identified,
4c8daaafa459dce238ee38c134a5ede138414fb8f91ae032153b2937055e22fb,2024-10,Northumbria Police,Northumbria Police,-1.500309,54.866951,On or near Collingwood Drive,E01008795,Sunderland 030B,Vehicle crime,Status update unavailable,
3b58e9fcfdf4858a0d58c143d1f5c82506136772e862cfd2b28246fa669ffec5,2024-10,Northumbria Police,Northumbria Police,-1.503401,54.866398,On or near Medlar Close,E01008795,Sunderland 030B,Violence and sexual offences,Status update unavailable,
c56695e1730f3d890082f54c8507cdc70da103ece406f0e739bf04c629c359db,2024-10,Northumbria Police,Northumbria Police,-1.501702,54.866409,On or near Claremont Drive,E01008795,Sunderland 030B,Violence and sexual offences,Investigation complete; no suspect identified,
f8d74266bfd9d26a3408ab56ec1ee978960af194aad96985fb692d4f39b69d3b,2024-10,Northumbria Police,Northumbria Police,-1.503401,54.866398,On or near Medlar Close,E01008795,Sunderland 030B,Violence and sexual offences,Status update unavailable,
,2024-10,Northumbria Police,Northumbria Police,-1.494150,54.876011,On or near Allendale Crescent,E01008800,Sunderland 030D,Anti-social behaviour,,
a4a45355923e4f0a3f35aa7b7ccf63efae6382fa901218e0239503ad9ae82cac,2024-10,Northumbria Police,Northumbria Police,-1.496943,54.877038,On or near Langdale Road,E01008800,Sunderland 030D,Burglary,Investigation complete; no suspect identified,
a23898e224e34bdc89a8eae913da77986a5212143aa45f2922687e80ec3cd8c6,2024-10,Northumbria Police,Northumbria Police,-1.491836,54.874150,On or near Weardale Crescent,E01008800,Sunderland 030D,Criminal damage and arson,Investigation complete; no suspect identified,
254a05aa1b82252024abe99981c220022886e79f1845cc52cad5c7d921b85314,2024-10,Northumbria Police,Northumbria Police,-1.494150,54.876011,On or near Allendale Crescent,E01008800,Sunderland 030D,Criminal damage and arson,Investigation complete; no suspect identified,
20d867818d18e4a85ac372f0491d3f8988814dd964cdab65bae44f22dbcd5fee,2024-10,Northumbria Police,Northumbria Police,-1.491836,54.874150,On or near Weardale Crescent,E01008800,Sunderland 030D,Drugs,Status update unavailable,
453a1a0395c368cc2c92cc4e398c91b594e7ac4f61db87491f175b8ef2ed3d5e,2024-10,Northumbria Police,Northumbria Police,-1.494150,54.876011,On or near Allendale Crescent,E01008800,Sunderland 030D,Other theft,Status update unavailable,
d33be3c3a8a0f2b32f3e9ed3591a5f0e56c8f37eaaefa8acb5b88b6ea113fe6c,2024-10,Northumbria Police,Northumbria Police,-1.495968,54.875219,On or near Wharfedale,E01008800,Sunderland 030D,Public order,Investigation complete; no suspect identified,
4264951e8ad8ec2570ad6a94d3eda552edf127c768f57fefed528282a7c90156,2024-10,Northumbria Police,Northumbria Police,-1.491836,54.874150,On or near Weardale Crescent,E01008800,Sunderland 030D,Vehicle crime,Investigation complete; no suspect identified,
251394025de4a1b4b0a83f55b7bd9d4a250a56a923bcabd545f28a0b6a0d9697,2024-10,Northumbria Police,Northumbria Police,-1.490614,54.874666,On or near Tynedale Crescent,E01008800,Sunderland 030D,Vehicle crime,Court result unavailable,
50ef4cde9df47c8954ee84b4e23278085554fc51b51b97be3e43f89969e41e54,2024-10,Northumbria Police,Northumbria Police,-1.491803,54.873045,On or near Avondale Avenue,E01008800,Sunderland 030D,Vehicle crime,Investigation complete; no suspect identified,
154f946dab2e5d8a5065303c8e68fb5b030c888a99270fc6930b38b74dabfbb8,2024-10,Northumbria Police,Northumbria Police,-1.495968,54.875219,On or near Wharfedale,E01008800,Sunderland 030D,Vehicle crime,Status update unavailable,
b49c9597f64797a2b4e5c9a28c419c184e5340b5fc21ee9c7dd86166bf2f874b,2024-10,Northumbria Police,Northumbria Police,-1.491836,54.874150,On or near Weardale Crescent,E01008800,Sunderland 030D,Violence and sexual offences,Status update unavailable,
55e911f10535bcb641553c12aac5554fff91d84b84ff47ffa0fe1ca03cbf08d7,2024-10,Northumbria Police,Northumbria Police,-1.491836,54.874150,On or near Weardale Crescent,E01008800,Sunderland 030D,Violence and sexual offences,Status update unavailable,
ad3b1bf1eebaf4232cd878be978ee6ef8cefb089e1f07867a0ffd86dc623835a,2024-10,Northumbria Police,Northumbria Police,-1.491836,54.874150,On or near Weardale Crescent,E01008800,Sunderland 030D,Other crime,Investigation complete; no suspect identified,
,2024-10,Northumbria Police,Northumbria Police,-1.495415,54.869582,On or near Helmsley Close,E01008801,Sunderland 030E,Anti-social behaviour,,
,2024-10,Northumbria Police,Northumbria Police,-1.479169,54.873962,On or near Parking Area,E01008801,Sunderland 030E,Anti-social behaviour,,
,2024-10,Northumbria Police,Northumbria Police,-1.495415,54.869582,On or near Helmsley Close,E01008801,Sunderland 030E,Anti-social behaviour,,
,2024-10,Northumbria Police,Northumbria Police,-1.479169,54.873962,On or near Parking Area,E01008801,Sunderland 030E,Anti-social behaviour,,
edc82ad7363ca1edeeeea4297fa5d0c7f9e04a3973716e6ed86e83d7c2837036,2024-10,Northumbria Police,Northumbria Police,-1.495823,54.871848,On or near Whitefield Crescent,E01008801,Sunderland 030E,Criminal damage and arson,Investigation complete; no suspect identified,
d941ce9f6899985e8f6d2eed427dbbd73ffd2cf829faf13df445543e18643195,2024-10,Northumbria Police,Northumbria Police,-1.479169,54.873962,On or near Parking Area,E01008801,Sunderland 030E,Public order,Investigation complete; no suspect identified,
979a4b0e2dd608ec146a2b994c2d0a1e1c1d3b76a07092201d0f732a8f5e5f42,2024-10,Northumbria Police,Northumbria Police,-1.483357,54.869387,On or near Barnwell View,E01008801,Sunderland 030E,Vehicle crime,Investigation complete; no suspect identified,
71cc5caeeac17013415f73bb0755b0df92399fb56fda2d07ae42bdfc1a3cec66,2024-10,Northumbria Police,Northumbria Police,-1.479169,54.873962,On or near Parking Area,E01008801,Sunderland 030E,Violence and sexual offences,Investigation complete; no suspect identified,
29eb980c44e9ba9500a5d77a5b2dcb6faae04447e56751f8dbcd1b37cefeb333,2024-10,Northumbria Police,Northumbria Police,-1.479169,54.873962,On or near Parking Area,E01008801,Sunderland 030E,Violence and sexual offences,Status update unavailable,
,2024-10,Northumbria Police,Northumbria Police,-1.498681,54.861310,On or near Ross Lea,E01034518,Sunderland 030F,Anti-social behaviour,,
e69e6b86db682832cf9a5e330afc14e8590079989c830c5a92d69bf2a53091c9,2024-10,Northumbria Police,Northumbria Police,-1.500084,54.863733,On or near Larkfield Crescent,E01034518,Sunderland 030F,Criminal damage and arson,Investigation complete; no suspect identified,
cc26f8f5cf7137c562c077aa99176058e699895c0f1314e7698623a374d53124,2024-10,Northumbria Police,Northumbria Police,-1.500084,54.863733,On or near Larkfield Crescent,E01034518,Sunderland 030F,Public order,Offender given a caution,
118ced2facd9a4ca26b4440eb26d79778c827ded9e12c3000f1182c0afaa340b,2024-10,Northumbria Police,Northumbria Police,-1.501478,54.860620,On or near Golf Course Road,E01034518,Sunderland 030F,Vehicle crime,Investigation complete; no suspect identified,
6499b82a404e8325ceb4b8b2afa0404a8390567aff36b0c1253ec519a5071bbc,2024-10,Northumbria Police,Northumbria Police,-1.483203,54.854649,On or near Coaley Lane,E01034519,Sunderland 030G,Burglary,Investigation complete; no suspect identified,
6a7faab1f4df9148e8cefcf168612c3252dd716c78ef454cbbd16b2754d8665c,2024-10,Northumbria Police,Northumbria Police,-1.503558,54.856109,On or near Burnhope Way,E01034519,Sunderland 030G,Public order,Status update unavailable,
abb6c6d13a82b0990b984df4ab7b9a8bb2f439cfcdde26bafa8723187b4c006e,2024-10,Northumbria Police,Northumbria Police,-1.488141,54.854589,On or near Lulworth Close,E01034519,Sunderland 030G,Violence and sexual offences,Status update unavailable,
c477b52990d7cca5878b159bc2e46ba33d96b7604867876dc211f52122270832,2024-10,Northumbria Police,Northumbria Police,-1.419793,54.852413,On or near Hangmans Lane,E01008765,Sunderland 031A,Criminal damage and arson,Investigation complete; no suspect identified,
,2024-10,Northumbria Police,Northumbria Police,-1.382510,54.872503,On or near Withernsea Grove,E01008767,Sunderland 031B,Anti-social behaviour,,
,2024-10,Northumbria Police,Northumbria Police,-1.390922,54.872698,On or near Hawsker Close,E01008767,Sunderland 031B,Anti-social behaviour,,
d667ac63051191924655211590804a660b879f2b1fdf4d8911d9d46b1a70e111,2024-10,Northumbria Police,Northumbria Police,-1.386223,54.869124,On or near Ridgeway,E01008767,Sunderland 031B,Criminal damage and arson,Investigation complete; no suspect identified,
3d516d108f8ceb292558107ebdef910ab7856d8899f0160f9b1b18d42c1fcf51,2024-10,Northumbria Police,Northumbria Police,-1.382510,54.872503,On or near Withernsea Grove,E01008767,Sunderland 031B,Criminal damage and arson,Investigation complete; no suspect identified,
7c31ad7d3010930bcbd37f377069bcecdb2c0ea122f774ba47531f90149b2c92,2024-10,Northumbria Police,Northumbria Police,-1.384696,54.872253,On or near Tunstall Bank,E01008767,Sunderland 031B,Criminal damage and arson,Investigation complete; no suspect identified,
4cd4d97fa8312101ced04b54f4c6ee1412d3096addf12859ee8dc50d686a8688,2024-10,Northumbria Police,Northumbria Police,-1.385336,54.871115,On or near Richmond,E01008767,Sunderland 031B,Other theft,Status update unavailable,
8e401b9514876d355913f635655876ec5de79c8b47a5feafdae089f228685a76,2024-10,Northumbria Police,Northumbria Police,-1.387505,54.868870,On or near Rodney Close,E01008767,Sunderland 031B,Violence and sexual offences,Investigation complete; no suspect identified,
973333e2aef2114d82e3cbf4e7ed13a2fa13c4f17fed2d330eb98247ddccdca0,2024-10,Northumbria Police,Northumbria Police,-1.382932,54.870887,On or near Shopping Area,E01008767,Sunderland 031B,Violence and sexual offences,Status update unavailable,
41ff7b55ac3042f45a6bd126c185ad91b4c2fa61e92e1f35a151d96261965fe4,2024-10,Northumbria Police,Northumbria Police,-1.384696,54.872253,On or near Tunstall Bank,E01008767,Sunderland 031B,Violence and sexual offences,Investigation complete; no suspect identified,
a6dfd2f2a26f71a7e38acd95913dcd0503d26f691f4c8f8b454ec445a20bf7ef,2024-10,Northumbria Police,Northumbria Police,-1.384696,54.872253,On or near Tunstall Bank,E01008767,Sunderland 031B,Violence and sexual offences,Investigation complete; no suspect identified,
,2024-10,Northumbria Police,Northumbria Police,-1.416215,54.862892,On or near Bishops Way,E01008770,Sunderland 031C,Anti-social behaviour,,
8e88d5defb78f57f4f2cac4581be7c23fa89b9889e0b16b19e6d383289b6e757,2024-10,Northumbria Police,Northumbria Police,-1.419013,54.861162,On or near Whitebark,E01008770,Sunderland 031C,Burglary,Investigation complete; no suspect identified,
6dc5c1ce69127fd9985b4d2e61109a5806eb01464c9afa7bc3d2d22e8d9d6b7f,2024-10,Northumbria Police,Northumbria Police,-1.420078,54.865112,On or near College Burn Road,E01008770,Sunderland 031C,Other theft,Investigation complete; no suspect identified,
81ce94d29118fedcf2aea1f072de858c727fc55ce49f7478efa7edafed3f85b6,2024-10,Northumbria Police,Northumbria Police,-1.413528,54.864906,On or near Supermarket,E01008770,Sunderland 031C,Shoplifting,Investigation complete; no suspect identified,
75b2ffc2db277f4a2839188c4a94b4a94d165d78a668bb4d57869d80e72ccf04,2024-10,Northumbria Police,Northumbria Police,-1.423056,54.860561,On or near Buckthorn Gardens,E01008770,Sunderland 031C,Violence and sexual offences,Status update unavailable,
30fb0972fb6255a2d9f311a897c510053f6614134efe72ef573c5eb52c4f3330,2024-10,Northumbria Police,Northumbria Police,-1.420078,54.865112,On or near College Burn Road,E01008770,Sunderland 031C,Violence and sexual offences,Investigation complete; no suspect identified,
6a757da0c61816d608c58ba31bdc30b3fd229d6c0a3a7f9a7c38993ae82f1e3d,2024-10,Northumbria Police,Northumbria Police,-1.416796,54.863685,On or near Monksfield Close,E01008770,Sunderland 031C,Violence and sexual offences,Status update unavailable,
,2024-10,Northumbria Police,Northumbria Police,-1.407750,54.863246,On or near Cornbank Close,E01008771,Sunderland 031D,Anti-social behaviour,,
,2024-10,Northumbria Police,Northumbria Police,-1.408460,54.860554,On or near Foxlair Close,E01008771,Sunderland 031D,Anti-social behaviour,,
,2024-10,Northumbria Police,Northumbria Police,-1.405824,54.863947,On or near Hallfield Close,E01008771,Sunderland 031D,Anti-social behaviour,,
3f2e41218323af1c804329b418b8ce0f56a4f229ecc50ea0558495b61b04ca9f,2024-10,Northumbria Police,Northumbria Police,-1.407750,54.863246,On or near Cornbank Close,E01008771,Sunderland 031D,Criminal damage and arson,Status update unavailable,
20cd2f98cc2c51624921ba221e22b315341fe96b8a3b0eb7a76f197c705b3dd5,2024-10,Northumbria Police,Northumbria Police,-1.405631,54.862229,On or near Honeysuckle Close,E01008771,Sunderland 031D,Criminal damage and arson,Investigation complete; no suspect identified,
a0a1f23f526673ca081a1740e495e9d210511b7ded765eeb9d8c6c9de45c0f63,2024-10,Northumbria Police,Northumbria Police,-1.412531,54.862299,On or near Honeycomb Close,E01008771,Sunderland 031D,Drugs,Status update unavailable,
a63cc44577925131dfd1e21cdffb0e66d7d4e6db9aac00188ceaa119a4529ab4,2024-10,Northumbria Police,Northumbria Police,-1.407750,54.863246,On or near Cornbank Close,E01008771,Sunderland 031D,Vehicle crime,Investigation complete; no suspect identified,
641700c9b62a890c55ae145be2256600e1e24621d619f5e0e7018370b34294b0,2024-10,Northumbria Police,Northumbria Police,-1.406500,54.859277,On or near Airville Mount,E01008771,Sunderland 031D,Vehicle crime,Investigation complete; no suspect identified,
0cd8f1d171e795a995bd1ae7c5bdf46ea774397ecdfe36801fd294e3ae3fddbd,2024-10,Northumbria Police,Northumbria Police,-1.405243,54.862093,On or near Hall Farm Road,E01008771,Sunderland 031D,Violence and sexual offences,Status update unavailable,
1fc2510d6196dddc4ac7257aecaec64e68e6a81aac20a9d0cbef86d8b8431e8b,2024-10,Northumbria Police,Northumbria Police,-1.406974,54.861975,On or near Treecone Close,E01008771,Sunderland 031D,Violence and sexual offences,Status update unavailable,
25839e00b1d36bd801be08398a6603d5947639ce82952dae065eb2eefe4d90e9,2024-10,Northumbria Police,Northumbria Police,-1.407750,54.863246,On or near Cornbank Close,E01008771,Sunderland 031D,Violence and sexual offences,Status update unavailable,
11fe2c5f72ad11c45346483f1f1b2c4cc5271b5bd22e4cb756f1ecec70cb0166,2024-10,Northumbria Police,Northumbria Police,-1.407750,54.863246,On or near Cornbank Close,E01008771,Sunderland 031D,Violence and sexual offences,Investigation complete; no suspect identified,
af683f2ed517450956a2fe1ad9cdc683a3d0101f6d9a639273d8546e3aaef6d9,2024-10,Northumbria Police,Northumbria Police,-1.406002,54.863480,On or near Lowland Close,E01008771,Sunderland 031D,Violence and sexual offences,Investigation complete; no suspect identified,
eb04dfea33fb8984225fe5d9eee9a67f6dbddcfe108b2d5921a61d2fc437a851,2024-10,Northumbria Police,Northumbria Police,-1.407750,54.863246,On or near Cornbank Close,E01008771,Sunderland 031D,Violence and sexual offences,Investigation complete; no suspect identified,
,2024-10,Northumbria Police,Northumbria Police,-1.470080,54.844555,On or near Hillside Way,E01008720,Sunderland 032A,Anti-social behaviour,,
7a4e62833f21fe978de4f99088d45b0c3fccfa2d756de261da501cbc8089c64d,2024-10,Northumbria Police,Northumbria Police,-1.476527,54.855366,On or near Houghton Road,E01008720,Sunderland 032A,Burglary,Investigation complete; no suspect identified,
7c64c7bec9655f51e3f7e0b40c3cab967902788649b721c96d6e65045de68803,2024-10,Northumbria Police,Northumbria Police,-1.474051,54.856461,On or near South Street,E01008720,Sunderland 032A,Criminal damage and arson,Investigation complete; no suspect identified,
64e5d8dca0dd326b16c948fa61d227342dc821325e51fd0964a3f9c00f26cb1a,2024-10,Northumbria Police,Northumbria Police,-1.470080,54.844555,On or near Hillside Way,E01008720,Sunderland 032A,Criminal damage and arson,Investigation complete; no suspect identified,
b99dd487ba4477bcb0358abbcc7bb3ae1c2b9cedf9f8203c39b81f31e80bea24,2024-10,Northumbria Police,Northumbria Police,-1.465198,54.846286,On or near Baker Street,E01008720,Sunderland 032A,Public order,Status update unavailable,
62586bdfe2484b862f942ac8ea49dc4c8b86263d762238838158e83a5c81bf44,2024-10,Northumbria Police,Northumbria Police,-1.465198,54.846286,On or near Baker Street,E01008720,Sunderland 032A,Public order,Status update unavailable,
59758c91dcd05a58afb0f8fcf8db891f62ec6c121bea8fe2a6c9c2437b1fbc11,2024-10,Northumbria Police,Northumbria Police,-1.465198,54.846286,On or near Baker Street,E01008720,Sunderland 032A,Public order,Offender given a caution,
f90a9ff948b1fafebfb9d47fc3def056bc6753c94b6bf136ec9551f231244ca1,2024-10,Northumbria Police,Northumbria Police,-1.465198,54.846286,On or near Baker Street,E01008720,Sunderland 032A,Violence and sexual offences,Status update unavailable,
5214d876c316a9fbec294c30515a28665f018816a9bbe1d743eed64a6cdf5e00,2024-10,Northumbria Police,Northumbria Police,-1.465198,54.846286,On or near Baker Street,E01008720,Sunderland 032A,Violence and sexual offences,Investigation complete; no suspect identified,
3809966be263506a649df5f872148fe3a9c23d25a468191b8ab0803b00279513,2024-10,Northumbria Police,Northumbria Police,-1.465198,54.846286,On or near Baker Street,E01008720,Sunderland 032A,Violence and sexual offences,Status update unavailable,
c2c11ab2e7cf1c8559055d4b2b176bb590c4813d19294d7831cb1686c8fd3d03,2024-10,Northumbria Police,Northumbria Police,-1.472883,54.855261,On or near The Leas,E01008720,Sunderland 032A,Violence and sexual offences,Investigation complete; no suspect identified,
9204e8c67d5a0b3487d7600f0e90703d072fe4e6e65086fa9cc9728bb0af281b,2024-10,Northumbria Police,Northumbria Police,-1.470080,54.844555,On or near Hillside Way,E01008720,Sunderland 032A,Violence and sexual offences,Status update unavailable,
64d344a4c739661666e3622932af8b82aa8631a88979883485a3d5d311791e95,2024-10,Northumbria Police,Northumbria Police,-1.465198,54.846286,On or near Baker Street,E01008720,Sunderland 032A,Violence and sexual offences,Status update unavailable,
,2024-10,Northumbria Police,Northumbria Police,-1.478214,54.853801,On or near Hillview Crescent,E01008721,Sunderland 032B,Anti-social behaviour,,
763f3bbe05a44da362f7cd98c89e247f740c5e866d4933d42d1e52c5f4c838f0,2024-10,Northumbria Police,Northumbria Police,-1.476300,54.857217,On or near Charles Street,E01008721,Sunderland 032B,Vehicle crime,Investigation complete; no suspect identified,
974f826c9347befc645a7295b8cf1e3e038bfbaef75e41fb1e7e0a5f54e9caaf,2024-10,Northumbria Police,Northumbria Police,-1.476300,54.857217,On or near Charles Street,E01008721,Sunderland 032B,Vehicle crime,Status update unavailable,
89ee3e395e499a280eae421055f747d5c08e31d4d6756476f897664d2f295123,2024-10,Northumbria Police,Northumbria Police,-1.477415,54.860160,On or near Brompton Terrace,E01008721,Sunderland 032B,Vehicle crime,Investigation complete; no suspect identified,
bee0dff612e69b8bff28669d726b4a1471346d80974b0caa5c474654af36b1d6,2024-10,Northumbria Police,Northumbria Police,-1.482542,54.860002,On or near Churston Close,E01008721,Sunderland 032B,Violence and sexual offences,Investigation complete; no suspect identified,
,2024-10,Northumbria Police,Northumbria Police,-1.488813,54.867973,On or near Derwent Street,E01008796,Sunderland 032D,Anti-social behaviour,,
b3b5baa9822b332ec605ca420707e50d68ad6345b15c44b47efb6a1d53d39dd8,2024-10,Northumbria Police,Northumbria Police,-1.490415,54.862030,On or near Trinity Park,E01008796,Sunderland 032D,Criminal damage and arson,Investigation complete; no suspect identified,
347f455f2e3e06c8cf1453fecccb8f3f00020763779ed9fa2c76aa143890c7c0,2024-10,Northumbria Police,Northumbria Police,-1.486350,54.861923,On or near Goodrich Close,E01008796,Sunderland 032D,Criminal damage and arson,Investigation complete; no suspect identified,
08d2911c1ce627965fb261eeba76ecbd5c3ad1706368ffddb1363713a492bad8,2024-10,Northumbria Police,Northumbria Police,-1.487538,54.866512,On or near Henry Street,E01008796,Sunderland 032D,Drugs,Status update unavailable,
bf2eb890e7e22ad8b8260b9a7e16717b1e6a94bf067da53c92d903b0af6257ac,2024-10,Northumbria Police,Northumbria Police,-1.487248,54.863590,On or near Aberford Drive,E01008796,Sunderland 032D,Drugs,Investigation complete; no suspect identified,
caf5d959e21762e1604de2d250f73fcef46ce571f8dfc28b95e1fc680ce9f70f,2024-10,Northumbria Police,Northumbria Police,-1.489647,54.859933,On or near West View,E01008796,Sunderland 032D,Violence and sexual offences,Investigation complete; no suspect identified,
,2024-10,Northumbria Police,Northumbria Police,-1.474600,54.868218,On or near Langley Street,E01032483,Sunderland 032F,Anti-social behaviour,,
,2024-10,Northumbria Police,Northumbria Police,-1.474600,54.868218,On or near Langley Street,E01032483,Sunderland 032F,Anti-social behaviour,,
,2024-10,Northumbria Police,Northumbria Police,-1.482349,54.864117,On or near Philadelphia Lane,E01032483,Sunderland 032F,Anti-social behaviour,,
e464a411ff5d01abfc3289c310fc5ce567f252eab93f8369132ea5c854733c47,2024-10,Northumbria Police,Northumbria Police,-1.478462,54.869591,On or near Lanton Street,E01032483,Sunderland 032F,Burglary,Investigation complete; no suspect identified,
6b219b327534155964e89a93e62ba8aefdc7a75fade7529177835dd9d4911f09,2024-10,Northumbria Police,Northumbria Police,-1.470534,54.869296,On or near Fletcher Crescent,E01032483,Sunderland 032F,Burglary,Investigation complete; no suspect identified,
d09e3b6c6e340d1b1d7c5c327ef6b74f6514d1a3f2587a13d31a59feeaa58811,2024-10,Northumbria Police,Northumbria Police,-1.484180,54.865949,On or near Elm Grove,E01032483,Sunderland 032F,Burglary,Investigation complete; no suspect identified,
d13b678be3070b8c6de0e24bec2b5268d108a37bf1a3904b2be3bbc072128ac1,2024-10,Northumbria Police,Northumbria Police,-1.461000,54.871474,On or near Mcclaren Way,E01032483,Sunderland 032F,Criminal damage and arson,Investigation complete; no suspect identified,
f8c603ae1bfff91a4913d5fc97e79d4580deeed7b856ac5b9e9f8710ac9cd2fe,2024-10,Northumbria Police,Northumbria Police,-1.472124,54.869276,On or near St Aidan'S Terrace,E01032483,Sunderland 032F,Criminal damage and arson,Court result unavailable,
729c17f824fb6c1e8b8eaca528a3e687f4838ac5aa5fdea7245f8034fbeb7d84,2024-10,Northumbria Police,Northumbria Police,-1.478462,54.869591,On or near Lanton Street,E01032483,Sunderland 032F,Criminal damage and arson,Investigation complete; no suspect identified,
edeb281525c7791eb4cedfd663447317541efd7b80993677016bae252c7710a1,2024-10,Northumbria Police,Northumbria Police,-1.459783,54.857612,On or near High Lane,E01032483,Sunderland 032F,Drugs,Status update unavailable,
fbf05fd4640fe8d1d8f8a657090360021144be21a88baf324085ef5984916ee9,2024-10,Northumbria Police,Northumbria Police,-1.484180,54.865949,On or near Elm Grove,E01032483,Sunderland 032F,Other theft,Investigation complete; no suspect identified,
472f15abda2e1be55bc5a312af4e476f6f258e04666acb4afb301254bb68639a,2024-10,Northumbria Police,Northumbria Police,-1.478462,54.869591,On or near Lanton Street,E01032483,Sunderland 032F,Other theft,Investigation complete; no suspect identified,
9f43a36d44018b7e3be1fa01c7a190ccec1a2990a8ca7faf91ef85163235eb28,2024-10,Northumbria Police,Northumbria Police,-1.482349,54.864117,On or near Philadelphia Lane,E01032483,Sunderland 032F,Public order,Status update unavailable,
7cb0d70f9a3c4a7e95b22f2ed3767e7f2648aa56c3babc45b35e5e997b2b2061,2024-10,Northumbria Police,Northumbria Police,-1.482641,54.866859,On or near Surrey Street,E01032483,Sunderland 032F,Public order,Status update unavailable,
6cb3b155055039ca1e15b69329cfd0a3c7c881f0117b11d361456f5a0ae80d77,2024-10,Northumbria Police,Northumbria Police,-1.474600,54.868218,On or near Langley Street,E01032483,Sunderland 032F,Robbery,Investigation complete; no suspect identified,
28793bb1d7ae6dee8db47be44b27d4682c9a4b62043e17157211885d9a316981,2024-10,Northumbria Police,Northumbria Police,-1.459238,54.871628,On or near St Cuthberts Road,E01032483,Sunderland 032F,Vehicle crime,Investigation complete; no suspect identified,
f749904263f5ed4a9571a3e4f54a8ce7e053bb987f33be88f24d19d7fafadc64,2024-10,Northumbria Police,Northumbria Police,-1.483062,54.866879,On or near Surrey Place,E01032483,Sunderland 032F,Vehicle crime,Investigation complete; no suspect identified,
4b2ccaadf27e95365b167f1cbb3edb3dd1114192394d2b0fb36049650a90f80d,2024-10,Northumbria Police,Northumbria Police,-1.467763,54.870318,On or near Vardy Terrace,E01032483,Sunderland 032F,Violence and sexual offences,Status update unavailable,
6ef48f68a29f3ad3c3e8deb04f85c323d0ef1514d4f1d3e7b6647092f7a1b4c1,2024-10,Northumbria Police,Northumbria Police,-1.472124,54.869276,On or near St Aidan'S Terrace,E01032483,Sunderland 032F,Violence and sexual offences,Status update unavailable,
6553af2be4105de1e6ab2c6c2eb102c87ec739b115d80b386ddc97756ab47f47,2024-10,Northumbria Police,Northumbria Police,-1.482349,54.864117,On or near Philadelphia Lane,E01032483,Sunderland 032F,Violence and sexual offences,Offender given a caution,
1ef6a2905126fb8607267a721ce9694348ab4a86d4aa03c2f6a990c090be7449,2024-10,Northumbria Police,Northumbria Police,-1.476935,54.868389,On or near Catherine Road,E01032483,Sunderland 032F,Violence and sexual offences,Status update unavailable,
5e796d82ad213692fae02d08d85c6bef8b8a83b0b92e162f5dfe36714d770827,2024-10,Northumbria Police,Northumbria Police,-1.478462,54.869591,On or near Lanton Street,E01032483,Sunderland 032F,Violence and sexual offences,Court result unavailable,
ba8e16b9dd3046635bad0264dad46c6f9ddd5eac912d72af5e330facb70c1ac4,2024-10,Northumbria Police,Northumbria Police,-1.478462,54.869591,On or near Lanton Street,E01032483,Sunderland 032F,Violence and sexual offences,Court result unavailable,
22cddcff49400d0f73047b6da01cc72c11e8f9810d97f81b8bf0bdf622b2a22d,2024-10,Northumbria Police,Northumbria Police,-1.478462,54.869591,On or near Lanton Street,E01032483,Sunderland 032F,Violence and sexual offences,Investigation complete; no suspect identified,
1bae92316ae75ccad95e3beb713a45f9f6e75103e68f159a98feec2f7e539331,2024-10,Northumbria Police,Northumbria Police,-1.468639,54.868839,On or near Kirkside,E01032483,Sunderland 032F,Violence and sexual offences,Status update unavailable,
8e63a03d9e2fb83bf57f9ff5b7d87633fe35037f282a2810543f7e0b48b696bd,2024-10,Northumbria Police,Northumbria Police,-1.467763,54.870318,On or near Vardy Terrace,E01032483,Sunderland 032F,Violence and sexual offences,Investigation complete; no suspect identified,
6cecc9cf8e33d54721f03b97b411a9c745175a6153c1e55ba6e5664dcd2245e3,2024-10,Northumbria Police,Northumbria Police,-1.459783,54.857612,On or near High Lane,E01032483,Sunderland 032F,Violence and sexual offences,Court result unavailable,
b2f46217bd81ea00a3a02a3e75d7ffbb8216df229ea943addcafc784f2ba27b7,2024-10,Northumbria Police,Northumbria Police,-1.482641,54.866859,On or near Surrey Street,E01032483,Sunderland 032F,Violence and sexual offences,Status update unavailable,
ab5fae82942f8d03e92d70f81fff87251cb964c95835e12dd04f7d4d96337140,2024-10,Northumbria Police,Northumbria Police,-1.478462,54.869591,On or near Lanton Street,E01032483,Sunderland 032F,Violence and sexual offences,Status update unavailable,
7c3a2e6c6133f9c95e1fe5623f742113ec1efdc50b1bd99b2e7594feadc47630,2024-10,Northumbria Police,Northumbria Police,-1.478462,54.869591,On or near Lanton Street,E01032483,Sunderland 032F,Violence and sexual offences,Investigation complete; no suspect identified,
d9bb68dfbf14f9185c371b279b754082f2dac87abf0273f14674ba68fe7abb0f,2024-10,Northumbria Police,Northumbria Police,-1.482641,54.866859,On or near Surrey Street,E01032483,Sunderland 032F,Violence and sexual offences,Status update unavailable,
,2024-10,Northumbria Police,Northumbria Police,-1.463053,54.891739,On or near Offerton Lane,E01032484,Sunderland 032G,Anti-social behaviour,,
9a8885f5aa82fcb6f114e5b1abd8c8077be71b6808334bb268787156dfd750e5,2024-10,Northumbria Police,Northumbria Police,-1.486715,54.876106,On or near Douglas Terrace,E01032484,Sunderland 032G,Bicycle theft,Investigation complete; no suspect identified,
68b6fb681b7e01038df4c8eaec01073dca921851b107bc9db0d436d185f07f54,2024-10,Northumbria Police,Northumbria Police,-1.490668,54.876581,On or near Fenwick Street,E01032484,Sunderland 032G,Burglary,Investigation complete; no suspect identified,
5cf1a14a19f20ec47fce20154944244fc5240b8dad77ac42804c04631d154391,2024-10,Northumbria Police,Northumbria Police,-1.463053,54.891739,On or near Offerton Lane,E01032484,Sunderland 032G,Possession of weapons,Court result unavailable,
bc8b7e132e3a34c55f479b3a6b52127dde01922c9fcb2363605d0a7aacdc5749,2024-10,Northumbria Police,Northumbria Police,-1.493664,54.877474,On or near Monument View,E01032484,Sunderland 032G,Public order,Investigation complete; no suspect identified,
c342386e1f06814e54ac764254dacf50c15c7705dc330426546f94176efe13b7,2024-10,Northumbria Police,Northumbria Police,-1.487214,54.879774,On or near Hill Lane,E01032484,Sunderland 032G,Public order,Status update unavailable,
c35f3f8aa75a04db2f252dd185856f4f293a64bf8f78eaf904e073860c8d1ab8,2024-10,Northumbria Police,Northumbria Police,-1.487214,54.879774,On or near Hill Lane,E01032484,Sunderland 032G,Violence and sexual offences,Investigation complete; no suspect identified,
daf7326b0089f51ea6b38d16691985983d465f74657e2b6941cb3639e1137021,2024-10,Northumbria Police,Northumbria Police,-1.497412,54.881929,On or near Coxgreen Road,E01032484,Sunderland 032G,Violence and sexual offences,Status update unavailable,
,2024-10,Northumbria Police,Northumbria Police,-1.491731,54.841619,On or near Petrol Station,E01008750,Sunderland 033A,Anti-social behaviour,,
ef0a9080deb0e2095fd3320b904c7daabb33d99e14f153a503728e76a1eb6b3c,2024-10,Northumbria Police,Northumbria Police,-1.493635,54.838796,On or near Highfield Grange,E01008750,Sunderland 033A,Burglary,Investigation complete; no suspect identified,
c17a74630086a961508952fdb35f4798f45fab4b6bc15c332a62543afbf0f56a,2024-10,Northumbria Police,Northumbria Police,-1.489855,54.844693,On or near Greenmount,E01008750,Sunderland 033A,Criminal damage and arson,Investigation complete; no suspect identified,
ab75cb613bd370371ca55b4419b3d94bfb99f609cf66635eb35357728aabbe05,2024-10,Northumbria Police,Northumbria Police,-1.491731,54.841619,On or near Petrol Station,E01008750,Sunderland 033A,Drugs,Investigation complete; no suspect identified,
f91030ca90c0f14cd1db80fe48cda33994a2768fb1cb8a3fc7bd2608ffff3277,2024-10,Northumbria Police,Northumbria Police,-1.491731,54.841619,On or near Petrol Station,E01008750,Sunderland 033A,Drugs,Investigation complete; no suspect identified,
cf5c76cd2aab24c278b6a89ab8bb3c84708ecf85d64a3e482131f9462ab2a730,2024-10,Northumbria Police,Northumbria Police,-1.491035,54.841256,On or near South View Terrace,E01008750,Sunderland 033A,Other theft,Investigation complete; no suspect identified,
f38225440e6da1097f9c5cc8e23612c77a0c468e34c50de8ea3d4a7d9d416222,2024-10,Northumbria Police,Northumbria Police,-1.491731,54.841619,On or near Petrol Station,E01008750,Sunderland 033A,Other theft,Investigation complete; no suspect identified,
3d892148250d8d122d05e54ef430ac2ce7f57499f929e0d0127cfac41b59b25c,2024-10,Northumbria Police,Northumbria Police,-1.495372,54.841831,On or near Parking Area,E01008750,Sunderland 033A,Robbery,Investigation complete; no suspect identified,
e81f0e5b66ccb6605b523d066ff2ad46bff7ad47c71fff514dc3279327c6ed16,2024-10,Northumbria Police,Northumbria Police,-1.490426,54.842620,On or near Moors Close,E01008750,Sunderland 033A,Vehicle crime,Status update unavailable,
23c8105630b2002d6391fe126b3c73c8612eb224126cb5f52b2bb6f8726410a7,2024-10,Northumbria Police,Northumbria Police,-1.494198,54.841081,On or near Gladstone Street,E01008750,Sunderland 033A,Vehicle crime,Investigation complete; no suspect identified,
75ff26e4b23d6b335adc6e8766b9b73b29b94a53d00c37e2c190cc1b4e242d95,2024-10,Northumbria Police,Northumbria Police,-1.495372,54.841831,On or near Parking Area,E01008750,Sunderland 033A,Violence and sexual offences,Investigation complete; no suspect identified,
d5b5677759cd5a16093ae9ed8c2822bbfa889666db083bd1409c87c97a3983b9,2024-10,Northumbria Police,Northumbria Police,-1.494535,54.841504,On or near Parnell Street,E01008750,Sunderland 033A,Violence and sexual offences,Investigation complete; no suspect identified,
4e72ccea00a6208fb48a135ef2f15478bd6edc68776ca685e6b9e98704ee0a80,2024-10,Northumbria Police,Northumbria Police,-1.494198,54.841081,On or near Gladstone Street,E01008750,Sunderland 033A,Violence and sexual offences,Status update unavailable,
d35a0577e1f5972ed9daf334f03c778181dbac3cf2c36a7c5d0bb623457728e9,2024-10,Northumbria Police,Northumbria Police,-1.493635,54.838796,On or near Highfield Grange,E01008750,Sunderland 033A,Violence and sexual offences,Investigation complete; no suspect identified,
,2024-10,Northumbria Police,Northumbria Police,-1.484552,54.852678,On or near Primrose Lane,E01008751,Sunderland 033B,Anti-social behaviour,,
,2024-10,Northumbria Police,Northumbria Police,-1.481923,54.851175,On or near Fairbairn Drive,E01008751,Sunderland 033B,Anti-social behaviour,,
dd430fa80e7d65967a84a25dbec788cbc3f08a2428e1231336811659e83aef41,2024-10,Northumbria Police,Northumbria Police,-1.486103,54.850725,On or near Buckland Close,E01008751,Sunderland 033B,Criminal damage and arson,Investigation complete; no suspect identified,
57695728773d1145f4eb30518acb12eceea800ac84a03d44a12b911eb652f4cf,2024-10,Northumbria Police,Northumbria Police,-1.487440,54.850947,On or near Rosedale Crescent,E01008751,Sunderland 033B,Violence and sexual offences,Status update unavailable,
3826a19f3352cfe59592c20f250ea278596ff012c7327e9f42dacd9a21e5ad7a,2024-10,Northumbria Police,Northumbria Police,-1.487440,54.850947,On or near Rosedale Crescent,E01008751,Sunderland 033B,Violence and sexual offences,Status update unavailable,
67d9683f086c18e0b5f0eced0d0fe5db1c48f7bb8f596a530fc3233b8b3d17cc,2024-10,Northumbria Police,Northumbria Police,-1.483205,54.853247,On or near Butterwick Road,E01008751,Sunderland 033B,Violence and sexual offences,Investigation complete; no suspect identified,
,2024-10,Northumbria Police,Northumbria Police,-1.497936,54.848519,On or near Blackthorn Way,E01008752,Sunderland 033C,Anti-social behaviour,,
,2024-10,Northumbria Police,Northumbria Police,-1.502512,54.846210,On or near Raby Close,E01008752,Sunderland 033C,Anti-social behaviour,,
af2b816c16c4465c9cc42e5213d9a1cf58f7f0b6af6ef4bdc16909430553a7cd,2024-10,Northumbria Police,Northumbria Police,-1.494684,54.846996,On or near Cherry Way,E01008752,Sunderland 033C,Drugs,Investigation complete; no suspect identified,
bae09d2393df63cb119686a006ae70c9485eee78c740d96b75c148ff5756b2b3,2024-10,Northumbria Police,Northumbria Police,-1.496721,54.843500,On or near Bankhead Terrace,E01008752,Sunderland 033C,Other theft,Status update unavailable,
f7545f3eaebd76cfae3d727261bcf87ef536fa5ee5b2ed6db47513afe1ea14cf,2024-10,Northumbria Police,Northumbria Police,-1.496721,54.843500,On or near Bankhead Terrace,E01008752,Sunderland 033C,Violence and sexual offences,Status update unavailable,
e62d2e8b4a5b8c8cec5f21b5d74cc76889fc6d9afa37a866a5c6af5456eb9d3a,2024-10,Northumbria Police,Northumbria Police,-1.502272,54.845419,On or near Rose Avenue,E01008752,Sunderland 033C,Violence and sexual offences,Status update unavailable,
8b1ed65d4b89acdc34411a7209236f67938e30d0795cd80f735aa96fd39248ba,2024-10,Northumbria Police,Northumbria Police,-1.498966,54.847050,On or near Auckland Close,E01008752,Sunderland 033C,Violence and sexual offences,Status update unavailable,
1efc3559237f02660f932cc5e11aa3755574bdacd1bcd8fa0ec676ba74930add,2024-10,Northumbria Police,Northumbria Police,-1.496639,54.846366,On or near Sedgeletch Road,E01008752,Sunderland 033C,Violence and sexual offences,Status update unavailable,
045858144824f0236c00fe7ffc4dbdb7e205565fef8c269fe99dcc53c48e1ff0,2024-10,Northumbria Police,Northumbria Police,-1.498966,54.847050,On or near Auckland Close,E01008752,Sunderland 033C,Violence and sexual offences,Status update unavailable,
4f90296a30c564f7268de15b50bd374634cd3a6e62eac47e28854eab9f6fb63b,2024-10,Northumbria Police,Northumbria Police,-1.496721,54.843500,On or near Bankhead Terrace,E01008752,Sunderland 033C,Violence and sexual offences,Status update unavailable,
,2024-10,Northumbria Police,Northumbria Police,-1.478885,54.846426,On or near Brinkburn Crescent,E01008753,Sunderland 033D,Anti-social behaviour,,
,2024-10,Northumbria Police,Northumbria Police,-1.479014,54.847271,On or near Newburn Crescent,E01008753,Sunderland 033D,Anti-social behaviour,,
,2024-10,Northumbria Police,Northumbria Police,-1.477514,54.851273,On or near Grasswell Terrace,E01008753,Sunderland 033D,Anti-social behaviour,,
ae689c3e6387c22e83bb0b26f4abe0ca9c2a08091f4bf0e152a7e1eaca9ce6c5,2024-10,Northumbria Police,Northumbria Police,-1.479167,54.845079,On or near Leyburn Grove,E01008753,Sunderland 033D,Burglary,Investigation complete; no suspect identified,
4d7505d841b4a2e65aa32f45a8bb4a9b68e6e4b804872baf7c148512b3731c50,2024-10,Northumbria Police,Northumbria Police,-1.479167,54.845079,On or near Leyburn Grove,E01008753,Sunderland 033D,Burglary,Investigation complete; no suspect identified,
2df6fcd5230284203cc9d6f8bf734a133b3ec88e205ce293467ac1f02888dd26,2024-10,Northumbria Police,Northumbria Police,-1.477514,54.851273,On or near Grasswell Terrace,E01008753,Sunderland 033D,Burglary,Investigation complete; no suspect identified,
18513198a0283ef80ede4814201e64ca35b578d79897cde306df7687092132c6,2024-10,Northumbria Police,Northumbria Police,-1.480715,54.848240,On or near Littleburn Close,E01008753,Sunderland 033D,Drugs,Investigation complete; no suspect identified,
8164ec60c8f5eeb96c33d903fe0e0ff79b19402a739da9286a1d9c310165db6d,2024-10,Northumbria Police,Northumbria Police,-1.475621,54.848335,On or near Petrol Station,E01008753,Sunderland 033D,Other theft,Investigation complete; no suspect identified,
eaa86bd5f2dc8ff93f7b5f64eb60ff6e80bd9fe1f7e48005db7a5e7976e24df8,2024-10,Northumbria Police,Northumbria Police,-1.478885,54.846426,On or near Brinkburn Crescent,E01008753,Sunderland 033D,Possession of weapons,Status update unavailable,
874edf91fd3eb0b6409f8f716a2c303c0fb3fefc559526431de8ee0b42d0dcbe,2024-10,Northumbria Police,Northumbria Police,-1.479167,54.845079,On or near Leyburn Grove,E01008753,Sunderland 033D,Public order,Status update unavailable,
6b882c1c29a1e5097106547d52cd7b3060e805771629c51bb75fdce8dd9abe39,2024-10,Northumbria Police,Northumbria Police,-1.476754,54.851009,On or near Chester Street,E01008753,Sunderland 033D,Vehicle crime,Investigation complete; no suspect identified,
07d08887b22bad35f9af3cfd653b08bf3296ae705e3a9583a8c676ec3ac8233d,2024-10,Northumbria Police,Northumbria Police,-1.479167,54.845079,On or near Leyburn Grove,E01008753,Sunderland 033D,Vehicle crime,Investigation complete; no suspect identified,
d375d74f310c59505d911d38beef629dd01757954774c091e6424c908a1efa6d,2024-10,Northumbria Police,Northumbria Police,-1.478885,54.846426,On or near Brinkburn Crescent,E01008753,Sunderland 033D,Violence and sexual offences,Status update unavailable,
0157e0e5787b669bc0b64de83b6addb8d9fe5b5426f1eb37956c502d8aa7133d,2024-10,Northumbria Police,Northumbria Police,-1.480715,54.848240,On or near Littleburn Close,E01008753,Sunderland 033D,Violence and sexual offences,Investigation complete; no suspect identified,
34574674b1ea5d9a97943ea58dcc8ce79d8ac813aad34103fd39bbb94e41c816,2024-10,Northumbria Police,Northumbria Police,-1.478885,54.846426,On or near Brinkburn Crescent,E01008753,Sunderland 033D,Violence and sexual offences,Status update unavailable,
7c09c8d619539ab246f38c3ac313715426ea8cc9e2625c79e687aa7555300ebb,2024-10,Northumbria Police,Northumbria Police,-1.478885,54.846426,On or near Brinkburn Crescent,E01008753,Sunderland 033D,Violence and sexual offences,Status update unavailable,
65015ca988912c366a6b549e04b6ec036effb5348f659cd77b9a9953c80d8b60,2024-10,Northumbria Police,Northumbria Police,-1.478885,54.846426,On or near Brinkburn Crescent,E01008753,Sunderland 033D,Violence and sexual offences,Investigation complete; no suspect identified,
2277e25b6865e0253f6afefaad52250d799f2e0ca9e1442a24e1e25ceb195649,2024-10,Northumbria Police,Northumbria Police,-1.479014,54.847271,On or near Newburn Crescent,E01008753,Sunderland 033D,Other crime,Status update unavailable,
,2024-10,Northumbria Police,Northumbria Police,-1.498889,54.843239,On or near Front Street,E01008755,Sunderland 033E,Anti-social behaviour,,
,2024-10,Northumbria Police,Northumbria Police,-1.497165,54.842881,On or near Cross Street,E01008755,Sunderland 033E,Anti-social behaviour,,
,2024-10,Northumbria Police,Northumbria Police,-1.497211,54.839188,On or near Medway Close,E01008755,Sunderland 033E,Anti-social behaviour,,
73069a9dd485591a90dec83dc76808fff383637891c50534d8fcfae1c20599f0,2024-10,Northumbria Police,Northumbria Police,-1.502186,54.842300,On or near Durham Street,E01008755,Sunderland 033E,Possession of weapons,Investigation complete; no suspect identified,
009b759da9b525d18d7527eec03dab7ea23c7d2d329d13b423314a1670448ba4,2024-10,Northumbria Police,Northumbria Police,-1.497951,54.842283,On or near Blumer Street,E01008755,Sunderland 033E,Vehicle crime,Investigation complete; no suspect identified,
2e3c91daa28ca0d8bddb265fa4ecf03568876083d1c2374761c7f9bef033f0dd,2024-10,Northumbria Police,Northumbria Police,-1.498889,54.843239,On or near Front Street,E01008755,Sunderland 033E,Violence and sexual offences,Status update unavailable,
52d6832e0dd8c98b6decf49ba803cedd8c6bbc4a35e16b9d7170d04d8f3860b8,2024-10,Northumbria Police,Northumbria Police,-1.497211,54.839188,On or near Medway Close,E01008755,Sunderland 033E,Violence and sexual offences,Status update unavailable,
c39f1431ecec792d66f11f20d6dbb0b407221eae9344f192a0fddc0c4024c6fc,2024-10,Northumbria Police,Northumbria Police,-1.456135,54.839344,On or near Seaton Avenue,E01008714,Sunderland 034A,Burglary,Investigation complete; no suspect identified,
e869efb952bcad913d1bc4091c882be0445c7ce10a8fe978da60f1ef4011d174,2024-10,Northumbria Police,Northumbria Police,-1.460769,54.836228,On or near Gillas Lane East,E01008714,Sunderland 034A,Burglary,Investigation complete; no suspect identified,
e79974814437a943191bc7685729c4ab054cea2fb6efed99f9d3f5a579d8b7b8,2024-10,Northumbria Police,Northumbria Police,-1.456135,54.839344,On or near Seaton Avenue,E01008714,Sunderland 034A,Criminal damage and arson,Status update unavailable,
94b5101fc3d0f66c121afc0cc316035b08d3fe3793644c5bb2adfbb5b659c4e0,2024-10,Northumbria Police,Northumbria Police,-1.458760,54.840982,On or near Edlingham Court,E01008714,Sunderland 034A,Criminal damage and arson,Status update unavailable,
a2dc11c3a4b715f93133c4b1cf0ce32949611f9675ed4779d39e35b726644fda,2024-10,Northumbria Police,Northumbria Police,-1.464258,54.840845,On or near Orchard Place,E01008714,Sunderland 034A,Criminal damage and arson,Status update unavailable,
131b66996774687886d5e8a09f0fe4082f726fe717db52a9856c9b61c767f417,2024-10,Northumbria Police,Northumbria Police,-1.456135,54.839344,On or near Seaton Avenue,E01008714,Sunderland 034A,Public order,Status update unavailable,
cc0e7e6e332931d287a971c71b1406294d0b417f2cb68739ac5eb5449c7c64b3,2024-10,Northumbria Police,Northumbria Police,-1.454696,54.838618,On or near Dene Avenue,E01008714,Sunderland 034A,Violence and sexual offences,Status update unavailable,
4cbd6780093c76e6e482732d5b7d05cad44a1e7c7ebdd6e816a4ca2887fc5f44,2024-10,Northumbria Police,Northumbria Police,-1.460130,54.839793,On or near Kirkstone Close,E01008714,Sunderland 034A,Violence and sexual offences,Status update unavailable,
a675430e32dc794428b303ef7502c719833a95b22d04dadca70c03a2fe5881ef,2024-10,Northumbria Police,Northumbria Police,-1.459070,54.842196,On or near Ryhope Street,E01008714,Sunderland 034A,Violence and sexual offences,Status update unavailable,
b0c259275bcc38cb41210819b85a6b62631eaa611be7ec4be90fec9d44788169,2024-10,Northumbria Police,Northumbria Police,-1.457750,54.841993,On or near B1404,E01008714,Sunderland 034A,Violence and sexual offences,Investigation complete; no suspect identified,
b55ed6b75a7f84c01e0485edf85b6260b1e91f72bf02159adf671d1f1f18a58b,2024-10,Northumbria Police,Northumbria Police,-1.456135,54.839344,On or near Seaton Avenue,E01008714,Sunderland 034A,Violence and sexual offences,Status update unavailable,
27572876608c788ba6db1555a026e8819ea166bf40a503cc4bc5bea354e5fb3c,2024-10,Northumbria Police,Northumbria Police,-1.455261,54.839475,On or near Burdon Avenue,E01008714,Sunderland 034A,Violence and sexual offences,Investigation complete; no suspect identified,
75f5152d476329d0c3c5ed16985ffd0e1440d9dbccaa666803c7b330d14c426a,2024-10,Northumbria Police,Northumbria Police,-1.458760,54.840982,On or near Edlingham Court,E01008714,Sunderland 034A,Other crime,Status update unavailable,
,2024-10,Northumbria Police,Northumbria Police,-1.464174,54.842462,On or near Nesham Place,E01008715,Sunderland 034B,Anti-social behaviour,,
5eebfc25d32a5bb6ef585baf0fb97fc8e1b91c70ad3f6e85054ed97a5461bbe7,2024-10,Northumbria Police,Northumbria Police,-1.465270,54.844417,On or near Elizabeth Street,E01008715,Sunderland 034B,Bicycle theft,Investigation complete; no suspect identified,
b230c84b4c7e7f41dbbdd7a42b39d2051ba26737e85639b36ab8f65e970d8729,2024-10,Northumbria Police,Northumbria Police,-1.464174,54.842462,On or near Nesham Place,E01008715,Sunderland 034B,Criminal damage and arson,Local resolution,
3692a6289781f0ecd66e96606fd482d22a50e79a723619d0d5fc0b1062c80022,2024-10,Northumbria Police,Northumbria Police,-1.464174,54.842462,On or near Nesham Place,E01008715,Sunderland 034B,Criminal damage and arson,Status update unavailable,
600ff3f285b04d166c4130243b6ec012743cee750e120a4e2e89ad47f8723a29,2024-10,Northumbria Police,Northumbria Police,-1.464822,54.844136,On or near Henry Street,E01008715,Sunderland 034B,Other theft,Status update unavailable,
5e1d9d17125d0b2f799f4861c085578e29e02c7a64cf271bac217ad01e9f1673,2024-10,Northumbria Police,Northumbria Police,-1.464174,54.842462,On or near Nesham Place,E01008715,Sunderland 034B,Vehicle crime,Investigation complete; no suspect identified,
439f55cba013201feaae5755c1f1e8336dfc3ccad4d537d5fc86bf72b9083e59,2024-10,Northumbria Police,Northumbria Police,-1.465270,54.844417,On or near Elizabeth Street,E01008715,Sunderland 034B,Violence and sexual offences,Status update unavailable,
5ce86aef1e96c5a91ccf12b33231c302017d62c3df814c7edd69f712792a61ea,2024-10,Northumbria Police,Northumbria Police,-1.462147,54.839155,On or near Normandy Crescent,E01008715,Sunderland 034B,Violence and sexual offences,Status update unavailable,
186ee2fb32184816f06305bfe9b76c6126db733b0a86e93b130ae0dea26cfa02,2024-10,Northumbria Police,Northumbria Police,-1.464174,54.842462,On or near Nesham Place,E01008715,Sunderland 034B,Violence and sexual offences,Status update unavailable,
9d660ac590665cd97329b6b802c2855541048ad1841d9b0d2943acaf8d83ec6a,2024-10,Northumbria Police,Northumbria Police,-1.466695,54.844935,On or near Shields Place,E01008715,Sunderland 034B,Violence and sexual offences,Status update unavailable,
274218060827a312d6980955ff11b22dbcc14987b7d01555776a3269b66f7db3,2024-10,Northumbria Police,Northumbria Police,-1.464631,54.845609,On or near Outram Street,E01008715,Sunderland 034B,Violence and sexual offences,Status update unavailable,
a52e9971f9ed0ec27d4f739e1bb1fa7f85973ec8d47b03f485b85bafbf0ca980,2024-10,Northumbria Police,Northumbria Police,-1.464174,54.842462,On or near Nesham Place,E01008715,Sunderland 034B,Violence and sexual offences,Local resolution,
9f9222e036a77e392292096df87fca07275dbc03f8804fa1acc5fcbfeac4c75c,2024-10,Northumbria Police,Northumbria Police,-1.464822,54.844136,On or near Henry Street,E01008715,Sunderland 034B,Violence and sexual offences,Status update unavailable,
,2024-10,Northumbria Police,Northumbria Police,-1.459976,54.832675,On or near Hetton Road,E01008716,Sunderland 034C,Anti-social behaviour,,
5c1f65f8b3ea7d2cca7d81455ab5f4daf5ba987d505a6c8d4188a8d22821575a,2024-10,Northumbria Police,Northumbria Police,-1.465868,54.833294,On or near Fairburn Avenue,E01008716,Sunderland 034C,Burglary,Investigation complete; no suspect identified,
f454ea0d4916341fdf1784b4a97b0b15dba814050435117abee88efb04886644,2024-10,Northumbria Police,Northumbria Police,-1.465868,54.833294,On or near Fairburn Avenue,E01008716,Sunderland 034C,Burglary,Investigation complete; no suspect identified,
2cc67eded61f65b24c86ea8265ab359fd2435424b77365ad73f5820be066a57e,2024-10,Northumbria Police,Northumbria Police,-1.456363,54.836271,On or near Wood Lea,E01008716,Sunderland 034C,Burglary,Investigation complete; no suspect identified,
9b6e3ba709ae74733cbc2f7ff319d9348773a7a8314e87f73dd8b452aaa04d32,2024-10,Northumbria Police,Northumbria Police,-1.473087,54.832409,On or near The Grove,E01008716,Sunderland 034C,Public order,Status update unavailable,
6074ad834cc54c2ab47a3372a702c9aaa026afa7d1887a72d24f36a37c1da749,2024-10,Northumbria Police,Northumbria Police,-1.466181,54.835533,On or near Hetton Road,E01008716,Sunderland 034C,Vehicle crime,Investigation complete; no suspect identified,
204438bfe1e64cc34cd82c189d51b928ebe3aa4055d082d5d944629431e4ffe4,2024-10,Northumbria Police,Northumbria Police,-1.472768,54.834259,On or near Dixon Road,E01008716,Sunderland 034C,Violence and sexual offences,Status update unavailable,
66be5d6dd0e16f6dfc88a737c7d25ea19961627f41ed38f879e4361a89fec69d,2024-10,Northumbria Police,Northumbria Police,-1.466181,54.835533,On or near Hetton Road,E01008716,Sunderland 034C,Other crime,Investigation complete; no suspect identified,
,2024-10,Northumbria Police,Northumbria Police,-1.464955,54.837621,On or near Waller Terrace,E01008717,Sunderland 034D,Anti-social behaviour,,
,2024-10,Northumbria Police,Northumbria Police,-1.473612,54.835143,On or near Bridle Way,E01008717,Sunderland 034D,Anti-social behaviour,,
957a6d52c5e29bdc6d1d5ad4ba0381569023126c443656e023b89f5e3a51ccd9,2024-10,Northumbria Police,Northumbria Police,-1.468150,54.836189,On or near Sancroft Drive,E01008717,Sunderland 034D,Burglary,Investigation complete; no suspect identified,
45cfcd842b3b63455ce40fca5540d35ac920e9ad93262cfbaded31ee62128d86,2024-10,Northumbria Police,Northumbria Police,-1.463628,54.835531,On or near Milton Avenue,E01008717,Sunderland 034D,Criminal damage and arson,Investigation complete; no suspect identified,
cad2048c6c369075c33256b822c2ec82cc3afe2185d1d4d9e4a975d04d59ff3f,2024-10,Northumbria Police,Northumbria Police,-1.463628,54.835531,On or near Milton Avenue,E01008717,Sunderland 034D,Criminal damage and arson,Investigation complete; no suspect identified,
242b06dfbcd4f448e8a684b4e6c5e8a3d7b89ecd19d4893f34113a4031c5eac2,2024-10,Northumbria Police,Northumbria Police,-1.466557,54.836532,On or near Shakespeare Street,E01008717,Sunderland 034D,Violence and sexual offences,Status update unavailable,
f58da8821cb0145a92b19f4bcc343de9b594445ddcabecb9db0a1682d5cb53c6,2024-10,Northumbria Police,Northumbria Police,-1.463838,54.834921,On or near Sycamore Close,E01008717,Sunderland 034D,Violence and sexual offences,Status update unavailable,
747c4b3c6e246957e2710b77f23f7aba352cd314912be88414bb4c198c1214bd,2024-10,Northumbria Police,Northumbria Police,-1.473612,54.835143,On or near Bridle Way,E01008717,Sunderland 034D,Violence and sexual offences,Investigation complete; no suspect identified,
,2024-10,Northumbria Police,Northumbria Police,-1.481493,54.838547,On or near Witton Grove,E01008749,Sunderland 034E,Anti-social behaviour,,
4b47488ba80d482cf59c6ec1d51c9486e5f3218551aba8cc9f57729ba44e1858,2024-10,Northumbria Police,Northumbria Police,-1.480837,54.842363,On or near Greenwood Avenue,E01008749,Sunderland 034E,Criminal damage and arson,Investigation complete; no suspect identified,
2b9d676152f5f3cd4815895690e726bc432a981cf06d21e4bc83c67c71e62d4b,2024-10,Northumbria Police,Northumbria Police,-1.480837,54.842363,On or near Greenwood Avenue,E01008749,Sunderland 034E,Vehicle crime,Investigation complete; no suspect identified,
383b91292abd2efb82d0c53bfb2bab7aa4393b455712367c56a47259532bf65a,2024-10,Northumbria Police,Northumbria Police,-1.480837,54.842363,On or near Greenwood Avenue,E01008749,Sunderland 034E,Violence and sexual offences,Status update unavailable,
214f59f7a43496376d9b6f456819e42051a46ae3b27fe57aded018622aa7cd6c,2024-10,Northumbria Police,Northumbria Police,-1.476970,54.839192,On or near Stanhope Close,E01008749,Sunderland 034E,Violence and sexual offences,Status update unavailable,
5e0613fc65b24daa409c3f1620531e702cc70d7481421800348210e5b1fa3aa7,2024-10,Northumbria Police,Northumbria Police,-1.478816,54.839695,On or near Dunelm Drive,E01008749,Sunderland 034E,Other crime,Status update unavailable,
,2024-10,Northumbria Police,Northumbria Police,-1.471905,54.843089,On or near Burn Promenade,E01008754,Sunderland 034F,Anti-social behaviour,,
,2024-10,Northumbria Police,Northumbria Police,-1.468148,54.843441,On or near A182,E01008754,Sunderland 034F,Anti-social behaviour,,
,2024-10,Northumbria Police,Northumbria Police,-1.471905,54.843089,On or near Burn Promenade,E01008754,Sunderland 034F,Anti-social behaviour,,
,2024-10,Northumbria Police,Northumbria Police,-1.472980,54.845412,On or near Cross Street,E01008754,Sunderland 034F,Anti-social behaviour,,
,2024-10,Northumbria Police,Northumbria Police,-1.473129,54.844801,On or near Parking Area,E01008754,Sunderland 034F,Anti-social behaviour,,
,2024-10,Northumbria Police,Northumbria Police,-1.469940,54.842101,On or near The Broadway,E01008754,Sunderland 034F,Anti-social behaviour,,
,2024-10,Northumbria Police,Northumbria Police,-1.469940,54.842101,On or near The Broadway,E01008754,Sunderland 034F,Anti-social behaviour,,
c60238466cdce9ad00a8e2b48eaf512aaee8dec81925660d9b22d7c3fc848dd6,2024-10,Northumbria Police,Northumbria Police,-1.468148,54.843441,On or near A182,E01008754,Sunderland 034F,Burglary,Investigation complete; no suspect identified,
0e96d19f950430d85c561f0de35217da8c449e92cdebca0b843464440c5dfb19,2024-10,Northumbria Police,Northumbria Police,-1.469940,54.842101,On or near The Broadway,E01008754,Sunderland 034F,Burglary,Investigation complete; no suspect identified,
5c8dcdef12def5bd096aaff7b77f2652a6e0dfd1649045ccae938c20d728c9bd,2024-10,Northumbria Police,Northumbria Police,-1.471905,54.843089,On or near Burn Promenade,E01008754,Sunderland 034F,Burglary,Investigation complete; no suspect identified,
eb73f3ee0219dad5908566afc4b0648a8c0a5adaad8e289c794348ad840b20ff,2024-10,Northumbria Police,Northumbria Police,-1.472503,54.843810,On or near Wheler Street,E01008754,Sunderland 034F,Criminal damage and arson,Court result unavailable,
816f4b67a927056ff6ba1f6688fb77b0e42325a36bd0341180d8b767b5d6376d,2024-10,Northumbria Police,Northumbria Police,-1.468148,54.843441,On or near A182,E01008754,Sunderland 034F,Criminal damage and arson,Investigation complete; no suspect identified,
4e0dec77f51e4aa601da92a1b53489315a6383e871f83980fe71197422822832,2024-10,Northumbria Police,Northumbria Police,-1.475648,54.842620,On or near Violet Street,E01008754,Sunderland 034F,Criminal damage and arson,Court result unavailable,
77e72f1450ffa61bb8b00552a85380f84c682cf906e25037087b4a8a718c7d8d,2024-10,Northumbria Police,Northumbria Police,-1.471905,54.843089,On or near Burn Promenade,E01008754,Sunderland 034F,Criminal damage and arson,Status update unavailable,
605081d23d553ef7cde80a831614a8562acafca0d4b6c9e82427d74c02cd9df8,2024-10,Northumbria Police,Northumbria Police,-1.476321,54.842353,On or near Wallace Street,E01008754,Sunderland 034F,Criminal damage and arson,Investigation complete; no suspect identified,
7128ca891b91858c6805b53583d605c7f637fba3e297dacddd2802e5b5c505e6,2024-10,Northumbria Police,Northumbria Police,-1.472378,54.846218,On or near Sunrise Lane,E01008754,Sunderland 034F,Other theft,Investigation complete; no suspect identified,
4b2b4fa0e1b49b01a3c078dba4351346a2b256598e0fee152436850f44cdd6a5,2024-10,Northumbria Police,Northumbria Police,-1.475851,54.843720,On or near Sports/Recreation Area,E01008754,Sunderland 034F,Public order,Status update unavailable,
6da3470348776c3343494819f073cd1b5ac4c224749adc3309acbf5c349dbe62,2024-10,Northumbria Police,Northumbria Police,-1.473129,54.844801,On or near Parking Area,E01008754,Sunderland 034F,Public order,Court result unavailable,
ec40ea679014b5d6bd90b420461d214ec3d1739a07313aea0bf3d842b668fc26,2024-10,Northumbria Police,Northumbria Police,-1.475605,54.842395,On or near Thornhill Street,E01008754,Sunderland 034F,Public order,Investigation complete; no suspect identified,
b3bcb2653b1df1e31ee744027c977d792e3c875a076e29b21b5c4fe1280ed07d,2024-10,Northumbria Police,Northumbria Police,-1.471905,54.843089,On or near Burn Promenade,E01008754,Sunderland 034F,Public order,Investigation complete; no suspect identified,
67166a6f31e6c01761e08b84e3448b8937567200f108acf3fd89f80852d8139c,2024-10,Northumbria Police,Northumbria Police,-1.473129,54.844801,On or near Parking Area,E01008754,Sunderland 034F,Public order,Investigation complete; no suspect identified,
a0397be504a2cb71915caaacab2f0a010943a848f9a83a707085f8800ef3741e,2024-10,Northumbria Police,Northumbria Police,-1.472503,54.843810,On or near Wheler Street,E01008754,Sunderland 034F,Shoplifting,Court result unavailable,
b15891b10978cf7e803d9e4304f67449cf2edcb435a3d4986e9c6a7572af683d,2024-10,Northumbria Police,Northumbria Police,-1.472503,54.843810,On or near Wheler Street,E01008754,Sunderland 034F,Shoplifting,Offender given a caution,
32a2a450f674c6fab6e4a266142d6f86ef8df74893bbb56256f93114b06248c9,2024-10,Northumbria Police,Northumbria Police,-1.473129,54.844801,On or near Parking Area,E01008754,Sunderland 034F,Shoplifting,Investigation complete; no suspect identified,
cefdf05194606bb653c27d0b5fce08a02ad453c62457f1e28ac457d1a1d5ae8a,2024-10,Northumbria Police,Northumbria Police,-1.473129,54.844801,On or near Parking Area,E01008754,Sunderland 034F,Shoplifting,Court result unavailable,
6670f30e6093bab4af296ba893b42821aa1d6b20aa675c7404acdaa009111211,2024-10,Northumbria Police,Northumbria Police,-1.472503,54.843810,On or near Wheler Street,E01008754,Sunderland 034F,Shoplifting,Court result unavailable,
b4f9b884e8c1c3a654b44fff284a5be0d84f842d8f82ca69b5a12992d7437601,2024-10,Northumbria Police,Northumbria Police,-1.473129,54.844801,On or near Parking Area,E01008754,Sunderland 034F,Shoplifting,Court result unavailable,
58e0a70cc7a2c68af13867f014a6baeca3adbf73573c46dee2e261844ec5da53,2024-10,Northumbria Police,Northumbria Police,-1.473129,54.844801,On or near Parking Area,E01008754,Sunderland 034F,Shoplifting,Court result unavailable,
8958043f78fb95ceba1ae1484b9ef66ff381985214ebba9b168956234cca7eb4,2024-10,Northumbria Police,Northumbria Police,-1.471905,54.843089,On or near Burn Promenade,E01008754,Sunderland 034F,Shoplifting,Court result unavailable,
dc95723f330a2bb94ac98cd0afccd8623d68a03b1210ddd7752c9a17ec5f505b,2024-10,Northumbria Police,Northumbria Police,-1.473129,54.844801,On or near Parking Area,E01008754,Sunderland 034F,Shoplifting,Investigation complete; no suspect identified,
dcd3a77242a5d83a4c78fedb0e1315a11771cf854443d0bc05231b4ae2997fa4,2024-10,Northumbria Police,Northumbria Police,-1.467779,54.841875,On or near Church Street,E01008754,Sunderland 034F,Vehicle crime,Investigation complete; no suspect identified,
9975a75a92d33c5a31d9d462dba132fd03b582e594d57e03d84cfd930308a09a,2024-10,Northumbria Police,Northumbria Police,-1.469940,54.842101,On or near The Broadway,E01008754,Sunderland 034F,Vehicle crime,Investigation complete; no suspect identified,
30870c16434ea0039e309c951b719584ce7e0d02f3ac1093673dd9234e321b52,2024-10,Northumbria Police,Northumbria Police,-1.468148,54.843441,On or near A182,E01008754,Sunderland 034F,Vehicle crime,Investigation complete; no suspect identified,
a926ae52394d7484b630f4fea39750b6da35f8eaf66cf8a2cf6a7a55f85114b5,2024-10,Northumbria Police,Northumbria Police,-1.468148,54.843441,On or near A182,E01008754,Sunderland 034F,Violence and sexual offences,Status update unavailable,
bd42716bfb4a60d6ac4f7e2c104732d2e9ff462ea3901942fed7d7470274daa8,2024-10,Northumbria Police,Northumbria Police,-1.479408,54.844496,On or near Leyburn Close,E01008754,Sunderland 034F,Violence and sexual offences,Investigation complete; no suspect identified,
76d46b027c5bbb61121eec267397c8dbc0b43d18278a698f1c82409e6e83c877,2024-10,Northumbria Police,Northumbria Police,-1.472980,54.845412,On or near Cross Street,E01008754,Sunderland 034F,Violence and sexual offences,Status update unavailable,
39b15c3ca9a83c0e9ebcb40ee0b0c691429c290514e30fc4fe642ebba9bbd0b6,2024-10,Northumbria Police,Northumbria Police,-1.472503,54.843810,On or near Wheler Street,E01008754,Sunderland 034F,Violence and sexual offences,Investigation complete; no suspect identified,
5c2184f2bcddf9a38afa4e586f6a305ffcdd03522b9c5f41199bb61f777e5030,2024-10,Northumbria Police,Northumbria Police,-1.472503,54.843810,On or near Wheler Street,E01008754,Sunderland 034F,Violence and sexual offences,Investigation complete; no suspect identified,
dd7ca872fdcc73d243955efe471998ac10a0ad9e498a4c8079aeb253bf401cac,2024-10,Northumbria Police,Northumbria Police,-1.472503,54.843810,On or near Wheler Street,E01008754,Sunderland 034F,Violence and sexual offences,Offender given a caution,
548226305d32b1953df2ee64660bf82c25be3d74541d28e6d3964b143607a40d,2024-10,Northumbria Police,Northumbria Police,-1.484040,54.846376,On or near Sherburn Grove,E01008754,Sunderland 034F,Violence and sexual offences,Status update unavailable,
6e9fa0c9192f1499b5879e355545d5b952d966611818e83d2e479b59122921eb,2024-10,Northumbria Police,Northumbria Police,-1.469940,54.842101,On or near The Broadway,E01008754,Sunderland 034F,Violence and sexual offences,Status update unavailable,
bdf52d6c0caa866a6ba17737ec38cb0dd65e0f71ab2f25c8959df3b5e9942a53,2024-10,Northumbria Police,Northumbria Police,-1.472378,54.846218,On or near Sunrise Lane,E01008754,Sunderland 034F,Violence and sexual offences,Investigation complete; no suspect identified,
1c369ad8f870420c3584e279aeff9223f302885efaa955fb95e7549896a26d8f,2024-10,Northumbria Police,Northumbria Police,-1.468148,54.843441,On or near A182,E01008754,Sunderland 034F,Violence and sexual offences,Status update unavailable,
a679a76d15328c9767964fde61d22e06e41fb3488a3002194152f024aea689e2,2024-10,Northumbria Police,Northumbria Police,-1.471905,54.843089,On or near Burn Promenade,E01008754,Sunderland 034F,Violence and sexual offences,Status update unavailable,
ff8537fd9b217cd5f851d739af5824eea8e0d1ebc365940215bd351c0129d672,2024-10,Northumbria Police,Northumbria Police,-1.479408,54.844496,On or near Leyburn Close,E01008754,Sunderland 034F,Violence and sexual offences,Investigation complete; no suspect identified,
cda6cc1a896ead73285e1bce7adab9fa33c21b3c57a6fb9505401e73b51d663f,2024-10,Northumbria Police,Northumbria Police,-1.479408,54.844496,On or near Leyburn Close,E01008754,Sunderland 034F,Other crime,Status update unavailable,
66423c99748ae53a5e8ad96a52c4db3cf3ef1d334fc999741c507bfe59d12fb8,2024-10,Northumbria Police,Northumbria Police,-1.457118,54.831035,On or near Doxford Avenue,E01008718,Sunderland 035A,Violence and sexual offences,Status update unavailable,
,2024-10,Northumbria Police,Northumbria Police,-1.452051,54.822368,On or near Parking Area,E01008719,Sunderland 035B,Anti-social behaviour,,
,2024-10,Northumbria Police,Northumbria Police,-1.451225,54.825941,On or near Regent Street,E01008719,Sunderland 035B,Anti-social behaviour,,
,2024-10,Northumbria Police,Northumbria Police,-1.451686,54.826356,On or near Willis Street,E01008719,Sunderland 035B,Anti-social behaviour,,
7ec33901daa6c39ff72e1e8fa9b507b749b4d11324c85daa02de9245979d6ee0,2024-10,Northumbria Police,Northumbria Police,-1.448996,54.823873,On or near Fairy Street,E01008719,Sunderland 035B,Burglary,Investigation complete; no suspect identified,
06b31591cd0fbb69ac17121506367c4e877e0229d5eebaa31ccaf411cda65d6c,2024-10,Northumbria Police,Northumbria Police,-1.451844,54.822726,On or near Parking Area,E01008719,Sunderland 035B,Burglary,Investigation complete; no suspect identified,
5e51958cbb24e0557da0735db754bbba9e7dd4a24cec0f3f58d8a6b2485cac34,2024-10,Northumbria Police,Northumbria Police,-1.450899,54.823558,On or near Edward Street,E01008719,Sunderland 035B,Criminal damage and arson,Investigation complete; no suspect identified,
0ba39bd56ac367cf9b5a35ae05d5e2a61cd0fea565a2926ff4ab4cef858fbd86,2024-10,Northumbria Police,Northumbria Police,-1.451844,54.822726,On or near Parking Area,E01008719,Sunderland 035B,Criminal damage and arson,Status update unavailable,
19ab7bf9e1ecc6c19a1043907ab2c959b2ea83da3b80c269b817972d8af65cb1,2024-10,Northumbria Police,Northumbria Police,-1.448136,54.827616,On or near Nicholas Street,E01008719,Sunderland 035B,Criminal damage and arson,Investigation complete; no suspect identified,
ad28344085e23765879f80ced5b0ebdd5ba3c87d273c579a2e8b32eab31ddd89,2024-10,Northumbria Police,Northumbria Police,-1.450899,54.823558,On or near Edward Street,E01008719,Sunderland 035B,Drugs,Investigation complete; no suspect identified,
5d7bc82cecdf69a633c6175225743daed18d3482d547b808913e0cdf9ad86dce,2024-10,Northumbria Police,Northumbria Police,-1.452482,54.825039,On or near St Cuthbert'S Close,E01008719,Sunderland 035B,Other theft,Status update unavailable,
465ca5f19259437ffb5a9dda10adf49b0c449a99eb76991949147819eca8bac4,2024-10,Northumbria Police,Northumbria Police,-1.448553,54.825515,On or near Chapel Street,E01008719,Sunderland 035B,Violence and sexual offences,Status update unavailable,
e9adffa78e70b92b074e2cf0f30c4d236e2b45cdd4ce379ac596c6c3d5988f6c,2024-10,Northumbria Police,Northumbria Police,-1.450991,54.825949,On or near Barrington Terrace,E01008719,Sunderland 035B,Violence and sexual offences,Status update unavailable,
08a1e94cc0a5b4b2587bc298dbc141ffb26263286f1e1a3184060b0d2b3aa305,2024-10,Northumbria Police,Northumbria Police,-1.450562,54.824302,On or near Eaglesdene,E01008719,Sunderland 035B,Violence and sexual offences,Investigation complete; no suspect identified,
404bddd0a31444b0203641f71d6bd8fca5bb2cad863ff31ab8782874bef75739,2024-10,Northumbria Police,Northumbria Police,-1.450562,54.824302,On or near Eaglesdene,E01008719,Sunderland 035B,Violence and sexual offences,Status update unavailable,
4ae7631fbd3ac6330d4ef46a9d77d78891bba718b649dc284459d089e84e73a0,2024-10,Northumbria Police,Northumbria Police,-1.448136,54.827616,On or near Nicholas Street,E01008719,Sunderland 035B,Violence and sexual offences,Investigation complete; no suspect identified,
a39f1bd24257f14bf64576954af6b7e3c467c29c1e28828bdafa4ad0bf7beb15,2024-10,Northumbria Police,Northumbria Police,-1.447871,54.825368,On or near Parking Area,E01008719,Sunderland 035B,Violence and sexual offences,Investigation complete; no suspect identified,
c990e3e136572f83641ffcbe5a0b9ec2d89b678590d80ce2cc770783565dfac7,2024-10,Northumbria Police,Northumbria Police,-1.450562,54.824302,On or near Eaglesdene,E01008719,Sunderland 035B,Violence and sexual offences,Status update unavailable,
,2024-10,Northumbria Police,Northumbria Police,-1.452245,54.820742,On or near Front Street,E01008742,Sunderland 035C,Anti-social behaviour,,
,2024-10,Northumbria Police,Northumbria Police,-1.452245,54.820742,On or near Front Street,E01008742,Sunderland 035C,Anti-social behaviour,,
,2024-10,Northumbria Police,Northumbria Police,-1.450741,54.818021,On or near Station Avenue,E01008742,Sunderland 035C,Anti-social behaviour,,
36b439ba891db0cd5971471117d2af0bcefeeb4499e5c197136d8e591d8b0674,2024-10,Northumbria Police,Northumbria Police,-1.453556,54.820433,On or near Park View,E01008742,Sunderland 035C,Burglary,Status update unavailable,
3a848fe71849c7e35db46b8165a1c66e49861ccb19ff0571fe20e0f31366b92e,2024-10,Northumbria Police,Northumbria Police,-1.452245,54.820742,On or near Front Street,E01008742,Sunderland 035C,Burglary,Investigation complete; no suspect identified,
d45886a9b7c39f60d6cabe7dde746d11dfcb51f42015d579a91b5440ccb0c511,2024-10,Northumbria Police,Northumbria Police,-1.449302,54.823119,On or near Victoria Street,E01008742,Sunderland 035C,Criminal damage and arson,Investigation complete; no suspect identified,
7fd664f4717d56d2ff8517010c084c4700b9a58ac69871b988343836c24b740b,2024-10,Northumbria Police,Northumbria Police,-1.453497,54.817899,On or near Hollowdene,E01008742,Sunderland 035C,Criminal damage and arson,Investigation complete; no suspect identified,
98d38061d0fd347dc4f76301e5a820e0ea4a195425db71efb91817a17388ad39,2024-10,Northumbria Police,Northumbria Police,-1.449302,54.823119,On or near Victoria Street,E01008742,Sunderland 035C,Criminal damage and arson,Investigation complete; no suspect identified,
a84787c95fbef639f4becbb526804cc3dab4807bcb7fcfdd310b59ea5fcd6f1d,2024-10,Northumbria Police,Northumbria Police,-1.452245,54.820742,On or near Front Street,E01008742,Sunderland 035C,Criminal damage and arson,Investigation complete; no suspect identified,
91bebafc4bbc8c7f623351e78f6e002930d2f04b1bc1f9357e4b6557d0f14c99,2024-10,Northumbria Police,Northumbria Police,-1.449028,54.821518,On or near Stephenson Close,E01008742,Sunderland 035C,Other theft,Investigation complete; no suspect identified,
3efb2122abb41647b1a2f2b61a8e61a699ca63b64b472007aeb030abcef90bb2,2024-10,Northumbria Police,Northumbria Police,-1.450312,54.817489,On or near Claude Street,E01008742,Sunderland 035C,Possession of weapons,Investigation complete; no suspect identified,
08b8abd86f33129c635f58dd95489d82fbf61fc8b3da834ad57fc46aa550a21f,2024-10,Northumbria Police,Northumbria Police,-1.453556,54.820433,On or near Park View,E01008742,Sunderland 035C,Public order,Investigation complete; no suspect identified,
33dfa1bbcf2b9de4321bc4277b02ee4004c59cc9d0d97595c610d32adb32efd0,2024-10,Northumbria Police,Northumbria Police,-1.452245,54.820742,On or near Front Street,E01008742,Sunderland 035C,Shoplifting,Offender given a caution,
1c0ce18b4dc752470c8890a9a6f7df805d056b89b7433837ece16c3e60cc7ee2,2024-10,Northumbria Police,Northumbria Police,-1.451926,54.817838,On or near Station View,E01008742,Sunderland 035C,Violence and sexual offences,Status update unavailable,
3a5bc915fbca35eba32f23882a6134996918200a1cf678fb404b0c34204a372f,2024-10,Northumbria Police,Northumbria Police,-1.449302,54.823119,On or near Victoria Street,E01008742,Sunderland 035C,Violence and sexual offences,Status update unavailable,
719e124dd81162b35104d58cb4e1008c618db2da6a8f9acb6573637c0691d309,2024-10,Northumbria Police,Northumbria Police,-1.447218,54.824125,On or near Eppleton Row,E01008742,Sunderland 035C,Violence and sexual offences,Status update unavailable,
126a4fcf442488f9160da8633c9ac19e30ad4338b853ad6d34045b738ae2caa3,2024-10,Northumbria Police,Northumbria Police,-1.448247,54.821721,On or near The Avenue,E01008742,Sunderland 035C,Violence and sexual offences,Investigation complete; no suspect identified,
9ceea7709022e2de4168b338deaa38371fef086cfbf4780e6d1ef1a4cc742098,2024-10,Northumbria Police,Northumbria Police,-1.447453,54.820612,On or near Urwin Street,E01008742,Sunderland 035C,Violence and sexual offences,Status update unavailable,
01c62fa1fe80e1a89c0203139950b921ba5bb5a4f3923be1dcfc765cec958282,2024-10,Northumbria Police,Northumbria Police,-1.447594,54.822806,On or near South Market Street,E01008742,Sunderland 035C,Violence and sexual offences,Investigation complete; no suspect identified,
97101b1bf8e00f0a447f4a729ff64f99004e7e1d7c9aa913d7a08735f2f7543f,2024-10,Northumbria Police,Northumbria Police,-1.452245,54.820742,On or near Front Street,E01008742,Sunderland 035C,Other crime,Investigation complete; no suspect identified,
,2024-10,Northumbria Police,Northumbria Police,-1.478936,54.824310,On or near Farm Lane,E01008747,Sunderland 035D,Anti-social behaviour,,
,2024-10,Northumbria Police,Northumbria Police,-1.480951,54.824975,On or near Durham Road,E01008747,Sunderland 035D,Anti-social behaviour,,
2efdbd9355305954d7ee299a892c322a1d169a76a206ef8c9734124967eb7c80,2024-10,Northumbria Police,Northumbria Police,-1.480667,54.820427,On or near Robin Court,E01008747,Sunderland 035D,Burglary,Investigation complete; no suspect identified,
24f67f2278b348f5c423b6ed33bed69a5e3a234c852fb976f621f8e179818f3b,2024-10,Northumbria Police,Northumbria Police,-1.482358,54.822078,On or near Lloyd Avenue,E01008747,Sunderland 035D,Other theft,Status update unavailable,
46735b329e663420b3cf77d10ee0931cba3f412ef40f3bc793cbdb317cd3544b,2024-10,Northumbria Police,Northumbria Police,-1.474525,54.831984,On or near Brookside,E01008747,Sunderland 035D,Vehicle crime,Investigation complete; no suspect identified,
f9497ee3374793a5c5d3f7705b665206ebcb2d2626e5ae19d4e1adab3c808688,2024-10,Northumbria Police,Northumbria Police,-1.474525,54.831984,On or near Brookside,E01008747,Sunderland 035D,Vehicle crime,Court result unavailable,
62230416263ab89ee083053789d7a1f745d0fa3d4492758d33ddfe102493a470,2024-10,Northumbria Police,Northumbria Police,-1.479226,54.833271,On or near Conference/Exhibition Centre,E01008747,Sunderland 035D,Violence and sexual offences,Investigation complete; no suspect identified,
d79f3b2bbda2f21b428940282b8babe409fee45ec4f91ccf457cf83dd6585532,2024-10,Northumbria Police,Northumbria Police,-1.482358,54.822078,On or near Lloyd Avenue,E01008747,Sunderland 035D,Violence and sexual offences,Status update unavailable,
b38db4c4b205d57e1c10699e2a7524c1a8dcee60a14483783b5fa6bfd00be395,2024-10,Northumbria Police,Northumbria Police,-1.485303,54.821794,On or near Corrighan Terrace,E01008747,Sunderland 035D,Other crime,Status update unavailable,
561fefd7e6986b5b773c999c9a31e86ad614e7d5a0273203cab441a6c80371c3,2024-10,Northumbria Police,Northumbria Police,-1.463560,54.823021,On or near North Road,E01008748,Sunderland 035E,Criminal damage and arson,Investigation complete; no suspect identified,
40647e4514568d3f50dabbdff58d309fa922652e33c3e6c5232b58b81a353015,2024-10,Northumbria Police,Northumbria Police,-1.463560,54.823021,On or near North Road,E01008748,Sunderland 035E,Criminal damage and arson,Investigation complete; no suspect identified,
820adfbd4187467ce64b115519b704d7842db285de04ecd225e58283390f5e40,2024-10,Northumbria Police,Northumbria Police,-1.459774,54.822142,On or near Dunelm Road,E01008748,Sunderland 035E,Drugs,Investigation complete; no suspect identified,
b8534b8e6bee77be120dc5ca89e65cdf261c1b00ee65abc89d8a5c5434e6f438,2024-10,Northumbria Police,Northumbria Police,-1.460337,54.824247,On or near Lincoln Crescent,E01008748,Sunderland 035E,Public order,Investigation complete; no suspect identified,
94323cd6fde90d196463184934d8c407ee62fb43cb02e82a72e29f7ca7ca6b83,2024-10,Northumbria Police,Northumbria Police,-1.463560,54.823021,On or near North Road,E01008748,Sunderland 035E,Violence and sexual offences,Status update unavailable,
66458f98d3c3322f3685577e30d6e4f6a575b90faf3d21f48bfc31d354c0a6c8,2024-10,Northumbria Police,Northumbria Police,-1.462234,54.826799,On or near Columbine Court,E01008748,Sunderland 035E,Violence and sexual offences,Status update unavailable,
4cd6cd24aae413e95ab18dcedd5418f3001141abb433e2e1fa7e39a017a73625,2024-10,Northumbria Police,Northumbria Police,-1.460337,54.824247,On or near Lincoln Crescent,E01008748,Sunderland 035E,Other crime,Status update unavailable,
f42a19666b7bb9fb52b0a7a852f66d30deba7245390045fd70d2796c19d99d5c,2024-10,Northumbria Police,Northumbria Police,-1.463560,54.823021,On or near North Road,E01008748,Sunderland 035E,Other crime,Investigation complete; no suspect identified,
,2024-10,Northumbria Police,Northumbria Police,-1.458395,54.815899,On or near Eskdale Street,E01008743,Sunderland 036A,Anti-social behaviour,,
,2024-10,Northumbria Police,Northumbria Police,-1.457666,54.814494,On or near Nidderdale Avenue,E01008743,Sunderland 036A,Anti-social behaviour,,
93602b18d1faba1ef4dba3049dc550c3a4389bf102b0287b5a9a07c250c6d293,2024-10,Northumbria Police,Northumbria Police,-1.455210,54.816630,On or near Patterdale Street,E01008743,Sunderland 036A,Burglary,Status update unavailable,
332daad8f853a8092f09c4bec14641947aea55f60e6f4228cc13b84b6abecc0a,2024-10,Northumbria Police,Northumbria Police,-1.457666,54.814494,On or near Nidderdale Avenue,E01008743,Sunderland 036A,Criminal damage and arson,Investigation complete; no suspect identified,
21b943a9d808f1cd00b6b8f5c14ae367bacc8d9eaee4648043ea03f384ab1656,2024-10,Northumbria Police,Northumbria Police,-1.455561,54.816003,On or near Langdale Street,E01008743,Sunderland 036A,Criminal damage and arson,Investigation complete; no suspect identified,
ec4a337191c5250d4c6cbdfe4349d770748e685e18099e8f9be0f7e269d7f323,2024-10,Northumbria Police,Northumbria Police,-1.460267,54.814353,On or near Greendale Gardens,E01008743,Sunderland 036A,Other theft,Status update unavailable,
a587f74b8609d91823eb07afeda9957802637a3a9cb8205108d89cea938210bb,2024-10,Northumbria Police,Northumbria Police,-1.455561,54.816003,On or near Langdale Street,E01008743,Sunderland 036A,Possession of weapons,Investigation complete; no suspect identified,
42337d12c8312dedc0baa5117e924d74c35d3b39a276649cb52c79eb676afafd,2024-10,Northumbria Police,Northumbria Police,-1.455210,54.816630,On or near Patterdale Street,E01008743,Sunderland 036A,Public order,Investigation complete; no suspect identified,
f2cd7f04c9d83d79a5db18ad3285e401c6935b381a3ab16ad6f5899f57f04845,2024-10,Northumbria Police,Northumbria Police,-1.455561,54.816003,On or near Langdale Street,E01008743,Sunderland 036A,Violence and sexual offences,Status update unavailable,
6e01d964a071d5e8c50e72db832ed3aad422a8739174d187c47018dd6c5d5f58,2024-10,Northumbria Police,Northumbria Police,-1.455210,54.816630,On or near Patterdale Street,E01008743,Sunderland 036A,Violence and sexual offences,Status update unavailable,
1c1b1dd287baafc3f572dba2cca953df337d83e1dcaba06ae3056869f1033d44,2024-10,Northumbria Police,Northumbria Police,-1.468647,54.810157,On or near York Street,E01008743,Sunderland 036A,Violence and sexual offences,Investigation complete; no suspect identified,
,2024-10,Northumbria Police,Northumbria Police,-1.437474,54.809621,On or near Hartside Gardens,E01008744,Sunderland 036B,Anti-social behaviour,,
0c50265556c25af8e85e2723fcd4d6eaa6cd59e40232e407c25f6214b23be6b2,2024-10,Northumbria Police,Northumbria Police,-1.437474,54.809621,On or near Hartside Gardens,E01008744,Sunderland 036B,Criminal damage and arson,Investigation complete; no suspect identified,
5f69c3e9b4244e123a3bd99362be51b549ca691656940b26da12eb85f9a653ab,2024-10,Northumbria Police,Northumbria Police,-1.440436,54.809221,On or near Blindy Lane,E01008744,Sunderland 036B,Criminal damage and arson,Investigation complete; no suspect identified,
d56fdcc218e9c1509fe30db2fc980e0c66901d31ee0c1cf9181e3dccba0587d2,2024-10,Northumbria Police,Northumbria Police,-1.444987,54.804066,On or near James Terrace,E01008744,Sunderland 036B,Drugs,Investigation complete; no suspect identified,
3e6a83f9bc770bb76d3193fb615942dc0650fb5d4b20a857993e321c924ca736,2024-10,Northumbria Police,Northumbria Police,-1.439911,54.811133,On or near Kestrel Close,E01008744,Sunderland 036B,Drugs,Status update unavailable,
ca1d37ad54516d4b879de732d48023f2f01edd25e6b950d3fe04bf5dbaabd31f,2024-10,Northumbria Police,Northumbria Police,-1.474824,54.807730,On or near Moorsley Road,E01008744,Sunderland 036B,Drugs,Court result unavailable,
7963ac6f303f70578ceb1daf53798cbadea076669dce6ea248358f7b0e8ef52e,2024-10,Northumbria Police,Northumbria Police,-1.437474,54.809621,On or near Hartside Gardens,E01008744,Sunderland 036B,Public order,Status update unavailable,
a41ee66d7e19125d907190ec3fd00b93cc73e97bf8cf7cabb10daa593f1a1f80,2024-10,Northumbria Police,Northumbria Police,-1.437474,54.809621,On or near Hartside Gardens,E01008744,Sunderland 036B,Public order,Status update unavailable,
15943651e0e816a68974b3b65c198491c1059fd295be1134fc85da3ea8963b1e,2024-10,Northumbria Police,Northumbria Police,-1.437474,54.809621,On or near Hartside Gardens,E01008744,Sunderland 036B,Public order,Status update unavailable,
011e2491133243113faeb29bc6aebf4a0ba63c9a6c6f3fd210f69988512bb316,2024-10,Northumbria Police,Northumbria Police,-1.440887,54.808109,On or near Brick Garth,E01008744,Sunderland 036B,Violence and sexual offences,Status update unavailable,
39c77e35fd32fd1af2114f619f48d8f632e841b32f4d3ef7552775a81452b717,2024-10,Northumbria Police,Northumbria Police,-1.439911,54.811133,On or near Kestrel Close,E01008744,Sunderland 036B,Violence and sexual offences,Status update unavailable,
48ea1403cbeba5812260dbb0a090e014ab2161a32581fa0e467e90dba5f81b74,2024-10,Northumbria Police,Northumbria Police,-1.474824,54.807730,On or near Moorsley Road,E01008744,Sunderland 036B,Violence and sexual offences,Investigation complete; no suspect identified,
67182d29f0157b9ebfacb01802c167ed641a58371a8b49b44b221a33cb5eaa8b,2024-10,Northumbria Police,Northumbria Police,-1.440887,54.808109,On or near Brick Garth,E01008744,Sunderland 036B,Violence and sexual offences,Status update unavailable,
7d177abe99f38a6ca4a18bb343f24e34a33bf8377ff6a9219951c525a33e5d80,2024-10,Northumbria Police,Northumbria Police,-1.444987,54.804066,On or near James Terrace,E01008744,Sunderland 036B,Violence and sexual offences,Investigation complete; no suspect identified,
625c0bb08617a9294f498d5d61a25b94de348c38908640107d98178c10251421,2024-10,Northumbria Police,Northumbria Police,-1.446197,54.813417,On or near Lilywhite Terrace,E01008745,Sunderland 036C,Burglary,Investigation complete; no suspect identified,
ce52df079fb7e08a10a68cd30f2672ee5e81ca8c122e6f4defe6f4a646cee7f6,2024-10,Northumbria Police,Northumbria Police,-1.443752,54.811339,On or near Lawson Terrace,E01008745,Sunderland 036C,Other theft,Investigation complete; no suspect identified,
e6af8146316eaa162f718679dafa380118849267c25bab207afb6d8888d88feb,2024-10,Northumbria Police,Northumbria Police,-1.446197,54.813417,On or near Lilywhite Terrace,E01008745,Sunderland 036C,Public order,Investigation complete; no suspect identified,
cb724fbbc9ad0928d826209fbccb2a40b36d82d5ad8ed87e7b4cfd994ef84e89,2024-10,Northumbria Police,Northumbria Police,-1.447330,54.815939,On or near Shaftsbury Park,E01008745,Sunderland 036C,Vehicle crime,Investigation complete; no suspect identified,
0817ade45710b1909379827b43770c8b6fd2fa07a55c3f5551719f0f49da730b,2024-10,Northumbria Police,Northumbria Police,-1.445090,54.812487,On or near Lilywhite Terrace,E01008745,Sunderland 036C,Violence and sexual offences,Investigation complete; no suspect identified,
f331e1076c368945370d1a2dcfe61f89624438b6243b60ee0513bb5619ec026e,2024-10,Northumbria Police,Northumbria Police,-1.450212,54.811081,On or near Lambton Drive,E01008745,Sunderland 036C,Violence and sexual offences,Investigation complete; no suspect identified,
e657e338553a5964fde25dffe7b6ede607dce3becc8776c43d4c98dc689b8113,2024-10,Northumbria Police,Northumbria Police,-1.440554,54.815279,On or near Lyons Gardens,E01008745,Sunderland 036C,Violence and sexual offences,Status update unavailable,
b9b7266335ace1c83ccd8b3ca376d4bd60d804475a1c3d5ea51f416f72eb9e66,2024-10,Northumbria Police,Northumbria Police,-1.445090,54.812487,On or near Lilywhite Terrace,E01008745,Sunderland 036C,Violence and sexual offences,Status update unavailable,
,2024-10,Northumbria Police,Northumbria Police,-1.437899,54.804797,On or near Buttermere Avenue,E01008746,Sunderland 036D,Anti-social behaviour,,
,2024-10,Northumbria Police,Northumbria Police,-1.435264,54.804066,On or near White Hill Road,E01008746,Sunderland 036D,Anti-social behaviour,,
,2024-10,Northumbria Police,Northumbria Police,-1.437899,54.804797,On or near Buttermere Avenue,E01008746,Sunderland 036D,Anti-social behaviour,,
,2024-10,Northumbria Police,Northumbria Police,-1.437690,54.806360,On or near Coniston Avenue,E01008746,Sunderland 036D,Anti-social behaviour,,
,2024-10,Northumbria Police,Northumbria Police,-1.437690,54.806360,On or near Coniston Avenue,E01008746,Sunderland 036D,Anti-social behaviour,,
,2024-10,Northumbria Police,Northumbria Police,-1.433271,54.809763,On or near Murton Lane,E01008746,Sunderland 036D,Anti-social behaviour,,
,2024-10,Northumbria Police,Northumbria Police,-1.437899,54.804797,On or near Buttermere Avenue,E01008746,Sunderland 036D,Anti-social behaviour,,
8123a45518da4d6744ced6c2054d7acc681765c4ab392f32c4a8ca846c59e09b,2024-10,Northumbria Police,Northumbria Police,-1.426736,54.804296,On or near South Hetton Road,E01008746,Sunderland 036D,Burglary,Investigation complete; no suspect identified,
78e1320d790a80b3f55cea3fe00431b36f9aab80b005f0c516df6a8c2c259d8e,2024-10,Northumbria Police,Northumbria Police,-1.433722,54.803115,On or near Ruskin Avenue,E01008746,Sunderland 036D,Burglary,Status update unavailable,
0fbabc461e16d07ec38df49e1fd54f5c71fcaafcd75859db46c3d844905a3650,2024-10,Northumbria Police,Northumbria Police,-1.437309,54.823043,On or near Park/Open Space,E01008746,Sunderland 036D,Criminal damage and arson,Investigation complete; no suspect identified,
a4f5a40417c8eb52dc7804aec5db73fb5c43b83d2d6b71bb6fad3cff017654d2,2024-10,Northumbria Police,Northumbria Police,-1.433158,54.806743,On or near Tees Street,E01008746,Sunderland 036D,Criminal damage and arson,Investigation complete; no suspect identified,
7a25ac9ccff1a0e1e569b2203902dbb3615a7129a67c15b4d27685488e0b3eda,2024-10,Northumbria Police,Northumbria Police,-1.433271,54.809763,On or near Murton Lane,E01008746,Sunderland 036D,Criminal damage and arson,Status update unavailable,
1b75656921bd253d776e1c293ed4fde3e903c516c1a96feb72c2abd6e4211c92,2024-10,Northumbria Police,Northumbria Police,-1.437309,54.823043,On or near Park/Open Space,E01008746,Sunderland 036D,Criminal damage and arson,Investigation complete; no suspect identified,
4786e7a56f30498fb03f958fef124e5672fe96e4a22527ed6dad0f41536a4cbf,2024-10,Northumbria Police,Northumbria Police,-1.440551,54.805385,On or near Ullswater Avenue,E01008746,Sunderland 036D,Other theft,Investigation complete; no suspect identified,
512280fbbe2edb7ec4661da85b0c515caf5b31427439a19cb8e64a49b40c6e94,2024-10,Northumbria Police,Northumbria Police,-1.423622,54.803364,On or near South Hetton Road,E01008746,Sunderland 036D,Other theft,Investigation complete; no suspect identified,
5722cde2a2dc1f2aadb515d4508069363af27f2a4b162aac22bd1d7eda375c08,2024-10,Northumbria Police,Northumbria Police,-1.432522,54.814713,On or near Parking Area,E01008746,Sunderland 036D,Public order,Investigation complete; no suspect identified,
ec386b1969e7ef31c3687fa1be820545d46285453f9d0332d8b382bf4a35e95f,2024-10,Northumbria Police,Northumbria Police,-1.435072,54.807839,On or near High Street,E01008746,Sunderland 036D,Shoplifting,Investigation complete; no suspect identified,
57f17cf81020066f151961a71f7d70a21102bad5ea8f31281495f3fcce5ab3d9,2024-10,Northumbria Police,Northumbria Police,-1.437309,54.823043,On or near Park/Open Space,E01008746,Sunderland 036D,Vehicle crime,Investigation complete; no suspect identified,
bfc2cb61d6efc5768c29fd3d620cacf4be22b9cd07e63bbc9856567dcba70a68,2024-10,Northumbria Police,Northumbria Police,-1.430629,54.805132,On or near Coronation Green,E01008746,Sunderland 036D,Vehicle crime,Investigation complete; no suspect identified,
2419280a62457c50df58a320c53ea6135cfe1d186b20194b11691b52b72670fc,2024-10,Northumbria Police,Northumbria Police,-1.426736,54.804296,On or near South Hetton Road,E01008746,Sunderland 036D,Vehicle crime,Investigation complete; no suspect identified,
d8e5860b28657de2de8558790a3be22af37ac4e4f4bf55d60a8bc46f7b7f299c,2024-10,Northumbria Police,Northumbria Police,-1.434140,54.804348,On or near Teviot Street,E01008746,Sunderland 036D,Violence and sexual offences,Status update unavailable,
5e9f37d5045b13e13098b9caf248c5994967f8172d9e802028384c2e7b78d092,2024-10,Northumbria Police,Northumbria Police,-1.433158,54.806743,On or near Tees Street,E01008746,Sunderland 036D,Violence and sexual offences,Status update unavailable,
e599bf694ac3f7af6c2a1085f79eac7463bda7d37e269df54dc4b3382eb80430,2024-10,Northumbria Police,Northumbria Police,-1.434224,54.810630,On or near Bullfinch Road,E01008746,Sunderland 036D,Violence and sexual offences,Investigation complete; no suspect identified,
25115715869fb4f50adae1c0773f1578a9bb32c2f68a26e0247816dd6fca6d65,2024-10,Northumbria Police,Northumbria Police,-1.440516,54.825973,On or near Downs Pit Lane,E01008746,Sunderland 036D,Violence and sexual offences,Status update unavailable,
21b9d552a74dcbc9558c6fe0e1fca3d7cccf7f062a3ce38da989598a03eaafed,2024-10,Northumbria Police,Northumbria Police,-1.426736,54.804296,On or near South Hetton Road,E01008746,Sunderland 036D,Violence and sexual offences,Offender given a caution,
7180b55b011002b2cfe1c4ec18fae28199d86f4b62bfae396dc45df67068a049,2024-10,Northumbria Police,Northumbria Police,-1.433158,54.806743,On or near Tees Street,E01008746,Sunderland 036D,Violence and sexual offences,Status update unavailable,
e1bf1ea1bf57afdbf70e93e6592e222f0a90862eb1268d533cd03686d822062e,2024-10,Northumbria Police,Northumbria Police,-1.430840,54.805645,On or near Cotherstone Court,E01008746,Sunderland 036D,Violence and sexual offences,Status update unavailable,
45c732c4187f206309a9829850e944197493f0c9a8279c52497f9a31663ba35b,2024-10,Northumbria Police,Northumbria Police,-1.429283,54.804622,On or near Wordsworth Avenue,E01008746,Sunderland 036D,Violence and sexual offences,Status update unavailable,
8cd0cf7d871c871094f1a1fe02784dca7a19509bd03f948ec4513c7c90f47bf9,2024-10,Northumbria Police,Northumbria Police,-1.433195,54.804101,On or near School View,E01008746,Sunderland 036D,Violence and sexual offences,Court result unavailable,
2e5d863905aab2738333d4a9fe60fc4efe23578f619feb0a2e7cc634996a5246,2024-10,Northumbria Police,Northumbria Police,-1.423622,54.803364,On or near South Hetton Road,E01008746,Sunderland 036D,Violence and sexual offences,Investigation complete; no suspect identified,
4da6780f353eab748d2e43941e412d5017a3243ff5532f07633df9500e3a9a58,2024-10,Northumbria Police,Northumbria Police,-1.433158,54.806743,On or near Tees Street,E01008746,Sunderland 036D,Other crime,Status update unavailable,
