Crime ID,Month,Reported by,Falls within,Longitude,Latitude,Location,LSOA code,LSOA name,Crime type,Last outcome category,Context
7441354abfc6c1e3610dc631c6d0db895d40860e72a6cb5c706d9f818fd3f315,2023-12,Wiltshire Police,Wiltshire Police,-2.375368,51.383238,On or near Percy Terrace,E01035207,Bath and North East Somerset 013E,Violence and sexual offences,Status update unavailable,
bd583a851d178f2a3581aeef4ae58a11d6680a4d70ecb03402546e1f12eb28c5,2023-12,Wiltshire Police,Wiltshire Police,-1.918825,50.750766,On or near Downey Close,E01015359,"Bournemouth, Christchurch and Poole 010E",Public order,Status update unavailable,
,2023-12,Wiltshire Police,Wiltshire Police,-1.717893,51.930816,On or near Shepherds Way,E01022177,Cotswold 002A,Anti-social behaviour,,
81449542b3398d06274724a9052a95d686feac378d2a805a0532f2480cce2d24,2023-12,Wiltshire Police,Wiltshire Police,-1.382761,50.971997,On or near Supermarket,E01022680,Eastleigh 006D,Violence and sexual offences,Investigation complete; no suspect identified,
01af86f85c33208169a8be4e650ac6175d80eb81b9e9b1f39a4e236ac585afe4,2023-12,Wiltshire Police,Wiltshire Police,-2.214747,51.854247,On or near Hartley Gardens,E01022286,Gloucester 007F,Violence and sexual offences,Status update unavailable,
1bbfd15dd51889e7547abcf5f02ac0d0a9631e049f5dadab168035f2f2edd836,2023-12,Wiltshire Police,Wiltshire Police,-1.155544,52.642494,On or near Swannington Road,E01013725,Leicester 012C,Violence and sexual offences,Status update unavailable,
,2023-12,Wiltshire Police,Wiltshire Police,-2.252135,51.252540,On or near Marsh Road,E01029023,Mendip 001B,Anti-social behaviour,,
c8608bb97519c425c6a188d5f08bac66ee6429f9d3d5bc0d8dd9d080d9f39820,2023-12,Wiltshire Police,Wiltshire Police,-1.708419,50.947923,On or near Parking Area,E01023025,New Forest 001G,Burglary,Investigation complete; no suspect identified,
0ce18b25f1d5b5c62317c4a18da82b8f429d0326a7583e0c0dd13527afd3f984,2023-12,Wiltshire Police,Wiltshire Police,-1.640110,50.954702,On or near Parking Area,E01022993,New Forest 007B,Vehicle crime,Investigation complete; no suspect identified,
bf207de0837afabd015ade35453164603950f06ef2107029b994604d1680d8ce,2023-12,Wiltshire Police,Wiltshire Police,-1.640110,50.954702,On or near Parking Area,E01022993,New Forest 007B,Vehicle crime,Investigation complete; no suspect identified,
,2023-12,Wiltshire Police,Wiltshire Police,-2.527460,51.618131,On or near Maize Close,E01014987,South Gloucestershire 001C,Anti-social behaviour,,
,2023-12,Wiltshire Police,Wiltshire Police,-2.608296,50.948054,On or near Shopping Area,E01029238,South Somerset 011A,Anti-social behaviour,,
5b55bdfb7a8a82e340fb165b69dbccf1a82c191ef98b7fa0805ed7313f9b57be,2023-12,Wiltshire Police,Wiltshire Police,-2.203231,52.513724,On or near The Close,E01029645,South Staffordshire 013A,Public order,Investigation complete; no suspect identified,
74770eafa067ec01c554cfe6f921cfd5e911e23a8b700f3400434a82d5c7962e,2023-12,Wiltshire Police,Wiltshire Police,-2.203231,52.513724,On or near The Close,E01029645,South Staffordshire 013A,Violence and sexual offences,Investigation complete; no suspect identified,
cc89e239c6b694705579fa565bf23e67bcf08e85b32f93bddaa677fd4ea1ce6d,2023-12,Wiltshire Police,Wiltshire Police,-2.203231,52.513724,On or near The Close,E01029645,South Staffordshire 013A,Other crime,Status update unavailable,
1210bb5421098a7c9ce1ebae02fe866d95a154ff01289e4d7be3abcdefcb52cc,2023-12,Wiltshire Police,Wiltshire Police,-2.354597,51.690118,On or near Alexandra Close,E01022360,Stroud 011B,Violence and sexual offences,Status update unavailable,
c04b9d2be00bd3fcb838d1fefc664e06bd84ea344dbde47fce93ad61317d6a04,2023-12,Wiltshire Police,Wiltshire Police,-1.718278,51.631505,On or near Windrush,E01015519,Swindon 001A,Violence and sexual offences,Court result unavailable,
,2023-12,Wiltshire Police,Wiltshire Police,-1.711995,51.633504,On or near Coffin Close,E01015519,Swindon 001A,Anti-social behaviour,,
e6d38f8bdf23473fad3e6e9be0011cadc64d34304e11d9326669a4cf735bb1f9,2023-12,Wiltshire Police,Wiltshire Police,-1.711044,51.633025,On or near Westrop,E01015519,Swindon 001A,Criminal damage and arson,Unable to prosecute suspect,
b98d9597667026a4d65d1cce150dd100570165313d95842ce40799876bbe4c58,2023-12,Wiltshire Police,Wiltshire Police,-1.713360,51.632365,On or near Station Road,E01015519,Swindon 001A,Criminal damage and arson,Investigation complete; no suspect identified,
236a662037ea1113e6f93841f9a70d9ee1710a63b3919b92497ab659e811191c,2023-12,Wiltshire Police,Wiltshire Police,-1.709601,51.630585,On or near High Street,E01015520,Swindon 001B,Other crime,Unable to prosecute suspect,
,2023-12,Wiltshire Police,Wiltshire Police,-1.711704,51.626903,On or near Petrol Station,E01015520,Swindon 001B,Anti-social behaviour,,
,2023-12,Wiltshire Police,Wiltshire Police,-1.711832,51.629538,On or near Swindon Street,E01015520,Swindon 001B,Anti-social behaviour,,
8c77a279ae2d331bde3e68210ae80a205380f5c0cf32ae733e484143ae7c9bd5,2023-12,Wiltshire Police,Wiltshire Police,-1.710234,51.628626,On or near Hammond Close,E01015520,Swindon 001B,Bicycle theft,Investigation complete; no suspect identified,
0c1c9b6e83268a98d455cf24e85366ed2da064e7bbe5ded9e0b6949089799890,2023-12,Wiltshire Police,Wiltshire Police,-1.714645,51.630273,On or near Copper Beeches,E01015520,Swindon 001B,Burglary,Investigation complete; no suspect identified,
64e7444a040e9607de5c2ee4647afbe6ab40a0241d70b507b0797705212abec7,2023-12,Wiltshire Police,Wiltshire Police,-1.710699,51.625966,On or near Stonefield Drive,E01015520,Swindon 001B,Public order,Action to be taken by another organisation,
cde31eb2b29004b96f50d638ce84af9ac5c1c860a4fa517ae9f6b48d4379912a,2023-12,Wiltshire Police,Wiltshire Police,-1.709601,51.630585,On or near High Street,E01015520,Swindon 001B,Shoplifting,Investigation complete; no suspect identified,
130463a499f683a5f6f29f63b3e0d1b3b8f44b0bf2b61d789abd531748638470,2023-12,Wiltshire Police,Wiltshire Police,-1.713271,51.637328,On or near Pentylands Close,E01015521,Swindon 001C,Criminal damage and arson,Investigation complete; no suspect identified,
89d8275dfca576e4ad69d19672bfc61ceeb9e2e2286438486b7b55e6d711c5ca,2023-12,Wiltshire Police,Wiltshire Police,-1.717455,51.636008,On or near Bute Close,E01015521,Swindon 001C,Violence and sexual offences,Unable to prosecute suspect,
d7882eb303d660a478010519592669bf9507a1d3aceb956acb5ac410c2318ddc,2023-12,Wiltshire Police,Wiltshire Police,-1.704152,51.639715,On or near Edencroft,E01015522,Swindon 001D,Violence and sexual offences,Unable to prosecute suspect,
84352c887ada6a2c6f6aca6c9345ab74b76404796ee5e883c4d787366f10e87d,2023-12,Wiltshire Police,Wiltshire Police,-1.706186,51.638147,On or near Knowlands,E01015522,Swindon 001D,Violence and sexual offences,Unable to prosecute suspect,
ee13c2737c1017761e83f1e63cf15ad564a9bfca79c21ce270613a5c97c2f854,2023-12,Wiltshire Police,Wiltshire Police,-1.704152,51.639715,On or near Edencroft,E01015522,Swindon 001D,Public order,Unable to prosecute suspect,
ceda525bd3e1e7945f19bbeb487d07b2a8f10e3f78ca4273796fdd350a2a25ed,2023-12,Wiltshire Police,Wiltshire Police,-1.708186,51.632640,On or near Orange Close,E01015523,Swindon 001E,Violence and sexual offences,Unable to prosecute suspect,
,2023-12,Wiltshire Police,Wiltshire Police,-1.708771,51.631482,On or near The Mews,E01015523,Swindon 001E,Anti-social behaviour,,
78b437917a174d42c5dfab76ddbb03550a445b56f9c71dd1697dcc89b713bbd8,2023-12,Wiltshire Police,Wiltshire Police,-1.697447,51.609343,On or near Park/Open Space,E01015523,Swindon 001E,Burglary,Investigation complete; no suspect identified,
0d59bd4f5cf1435608fe76e2dbbe985fbcad34cf34c129ac1f791820b172cd00,2023-12,Wiltshire Police,Wiltshire Police,-1.702762,51.635711,On or near Roundhills Mead,E01015523,Swindon 001E,Other theft,Status update unavailable,
ac95a1e74bd078b883ca54507e10bc8eaa7a9a70b054c2eac05467c3e973ca32,2023-12,Wiltshire Police,Wiltshire Police,-1.708771,51.631482,On or near The Mews,E01015523,Swindon 001E,Public order,Unable to prosecute suspect,
ed97962bc952e8050752d408cbf1cefdbfc18b0c420b1e622caf3b8453de92cc,2023-12,Wiltshire Police,Wiltshire Police,-1.702926,51.621739,On or near Shrivenham Road,E01015523,Swindon 001E,Violence and sexual offences,Unable to prosecute suspect,
02d6b1668d9b88d8990b938f3c75c1573671a05cbebdfff38a1952e31b7a0995,2023-12,Wiltshire Police,Wiltshire Police,-1.780904,51.590476,On or near Penhill Drive,E01015543,Swindon 003A,Public order,Unable to prosecute suspect,
139ee19b73d402c78c50c21da057993169ce5ca24dcc6de99cabc58e27df05af,2023-12,Wiltshire Police,Wiltshire Police,-1.784138,51.590428,On or near Westbury Road,E01015543,Swindon 003A,Violence and sexual offences,Unable to prosecute suspect,
,2023-12,Wiltshire Police,Wiltshire Police,-1.777657,51.590272,On or near Lacock Road,E01015543,Swindon 003A,Anti-social behaviour,,
,2023-12,Wiltshire Police,Wiltshire Police,-1.777657,51.590272,On or near Lacock Road,E01015543,Swindon 003A,Anti-social behaviour,,
,2023-12,Wiltshire Police,Wiltshire Police,-1.775796,51.587239,On or near Penhill Drive,E01015543,Swindon 003A,Anti-social behaviour,,
,2023-12,Wiltshire Police,Wiltshire Police,-1.783795,51.589645,On or near Leigh Road,E01015543,Swindon 003A,Anti-social behaviour,,
,2023-12,Wiltshire Police,Wiltshire Police,-1.784138,51.590428,On or near Westbury Road,E01015543,Swindon 003A,Anti-social behaviour,,
,2023-12,Wiltshire Police,Wiltshire Police,-1.777657,51.590272,On or near Lacock Road,E01015543,Swindon 003A,Anti-social behaviour,,
,2023-12,Wiltshire Police,Wiltshire Police,-1.784138,51.590428,On or near Westbury Road,E01015543,Swindon 003A,Anti-social behaviour,,
5b1a9e7f4b47d0cea5641c88115bae01ff0c1a80213252b19e84663c6b3b451b,2023-12,Wiltshire Police,Wiltshire Police,-1.785215,51.591635,On or near Winterslow Road,E01015543,Swindon 003A,Burglary,Investigation complete; no suspect identified,
08360796b6f6500c86ca9a05c40fe1acea4612348aff1f827f6f1ef56a03fe07,2023-12,Wiltshire Police,Wiltshire Police,-1.784138,51.590428,On or near Westbury Road,E01015543,Swindon 003A,Public order,Unable to prosecute suspect,
145244a446aeac0ce3c0d9809e5a9ba98db1b301c619644eab591d7e01ce0211,2023-12,Wiltshire Police,Wiltshire Police,-1.775386,51.585458,On or near Cricklade Road,E01015543,Swindon 003A,Public order,Investigation complete; no suspect identified,
cccda5b219df2357fc4f6beb5d1222a8bb5b2853bef2a8a806d15f8817f0bebc,2023-12,Wiltshire Police,Wiltshire Police,-1.777657,51.590272,On or near Lacock Road,E01015543,Swindon 003A,Robbery,Unable to prosecute suspect,
e15bc16f10a387d5976f8965ca13f382b1091edabf746910741e1f038d002e42,2023-12,Wiltshire Police,Wiltshire Police,-1.775386,51.585458,On or near Cricklade Road,E01015543,Swindon 003A,Violence and sexual offences,Investigation complete; no suspect identified,
6ad2105555785e81ab7567a45df0d0e93d774ed036bdff34aa37cbe74e2cde81,2023-12,Wiltshire Police,Wiltshire Police,-1.775180,51.589189,On or near Trowbridge Close,E01015543,Swindon 003A,Violence and sexual offences,Unable to prosecute suspect,
5e6921739ced0d1add8e4fc1979d436be47d5fa71dab284997c00cd28ad99665,2023-12,Wiltshire Police,Wiltshire Police,-1.784138,51.590428,On or near Westbury Road,E01015543,Swindon 003A,Violence and sexual offences,Unable to prosecute suspect,
55da5b5bc0bb5fbab6c03bb8baed82490ea4469db4a763440538383b9408d2f8,2023-12,Wiltshire Police,Wiltshire Police,-1.780334,51.588911,On or near Stockton Road,E01015544,Swindon 003B,Criminal damage and arson,Unable to prosecute suspect,
6f7b801622c34d315f24e2d1ec089973725beaeaf0012546a09464b4599bff28,2023-12,Wiltshire Police,Wiltshire Police,-1.779689,51.588010,On or near Newton Way,E01015544,Swindon 003B,Violence and sexual offences,Investigation complete; no suspect identified,
7ab2ce1398fed6bf01f107a7f74403210f91126faf459acc1bad2ef5bbe87f5e,2023-12,Wiltshire Police,Wiltshire Police,-1.779689,51.588010,On or near Newton Way,E01015544,Swindon 003B,Violence and sexual offences,Unable to prosecute suspect,
,2023-12,Wiltshire Police,Wiltshire Police,-1.776210,51.591133,On or near Charlton Close,E01015544,Swindon 003B,Anti-social behaviour,,
,2023-12,Wiltshire Police,Wiltshire Police,-1.781653,51.590792,On or near Penhill Drive,E01015544,Swindon 003B,Anti-social behaviour,,
,2023-12,Wiltshire Police,Wiltshire Police,-1.776210,51.591133,On or near Charlton Close,E01015544,Swindon 003B,Anti-social behaviour,,
ebb3e61539b35c2f9ea3df45bee12fff7204c69a770d52961387bcf8f719bce2,2023-12,Wiltshire Police,Wiltshire Police,-1.776210,51.591133,On or near Charlton Close,E01015544,Swindon 003B,Drugs,Unable to prosecute suspect,
643e646a611ca6a9d7ca6d79a07ff37cda8e5d4cb107974aa03e8351e5a95d2b,2023-12,Wiltshire Police,Wiltshire Police,-1.781653,51.590792,On or near Penhill Drive,E01015544,Swindon 003B,Public order,Unable to prosecute suspect,
6ef22c7d5c39eae8ba9c43baa95d05afdb7792f0f17108b3b9163064e1daa26e,2023-12,Wiltshire Police,Wiltshire Police,-1.779689,51.588010,On or near Newton Way,E01015544,Swindon 003B,Violence and sexual offences,Investigation complete; no suspect identified,
0e79f57739ae5c1d95a6961da413660b164dacef45ae1ddff70f8d2d7d0ffbbf,2023-12,Wiltshire Police,Wiltshire Police,-1.780893,51.589757,On or near Oaksey Road,E01015544,Swindon 003B,Violence and sexual offences,Unable to prosecute suspect,
e410246b0a3232cb49428073d87cc0a17be174805bcfbd347dba25355800b597,2023-12,Wiltshire Police,Wiltshire Police,-1.780794,51.592337,On or near Fyfield Avenue,E01015544,Swindon 003B,Violence and sexual offences,Unable to prosecute suspect,
51f5997a5ffc8122e4b005dd14d8e358265bfc5d06878dabc7801f7f4315280b,2023-12,Wiltshire Police,Wiltshire Police,-1.780794,51.592337,On or near Fyfield Avenue,E01015544,Swindon 003B,Violence and sexual offences,Investigation complete; no suspect identified,
269af1f28cd6d41eed1b57ad6e514b0091562109d4f04a22d907c44dfe8be9de,2023-12,Wiltshire Police,Wiltshire Police,-1.779352,51.595140,On or near Warminster Avenue,E01015545,Swindon 003C,Public order,Court result unavailable,
5660c0056d16e48bbaecb8c87bddb7d9a37e2155e855ea82ba1144bee0179805,2023-12,Wiltshire Police,Wiltshire Police,-1.779352,51.595140,On or near Warminster Avenue,E01015545,Swindon 003C,Violence and sexual offences,Unable to prosecute suspect,
,2023-12,Wiltshire Police,Wiltshire Police,-1.779392,51.595742,On or near Woodford Close,E01015545,Swindon 003C,Anti-social behaviour,,
8f852ba0fe78efb713de3fbd9c841c43152d156e7b256a6212b127ddb2d5f07f,2023-12,Wiltshire Police,Wiltshire Police,-1.783492,51.595777,On or near Odstock Road,E01015545,Swindon 003C,Criminal damage and arson,Unable to prosecute suspect,
ba0c7e17ae0071b61b074fe01f0ce9db8fc5f28a9de6f286af2690049507e30f,2023-12,Wiltshire Police,Wiltshire Police,-1.781938,51.594776,On or near Hilmarton Avenue,E01015545,Swindon 003C,Other theft,Investigation complete; no suspect identified,
3714a61b28e6f0c01bcbf993a32a08785340987f109d778e35a340e6841e68ac,2023-12,Wiltshire Police,Wiltshire Police,-1.779352,51.595140,On or near Warminster Avenue,E01015545,Swindon 003C,Violence and sexual offences,Investigation complete; no suspect identified,
65e22162f159a86e10d8f505e49587d0a26f84a7d1212592357839317fa8cee3,2023-12,Wiltshire Police,Wiltshire Police,-1.780023,51.596571,On or near Kencot Court,E01015545,Swindon 003C,Violence and sexual offences,Unable to prosecute suspect,
779e8d19a9ad33dd9b686b6312c2461f0db9bd59a5a0559c23d1d4fc5491ec5e,2023-12,Wiltshire Police,Wiltshire Police,-1.785975,51.592742,On or near Downton Road,E01015546,Swindon 003D,Possession of weapons,Further investigation is not in the public interest,
fc2cddbfe80933f6999b5de6dc5a6b65d9b9e757605f330d343d9d3a70297c9b,2023-12,Wiltshire Police,Wiltshire Police,-1.780179,51.594161,On or near Alton Close,E01015546,Swindon 003D,Violence and sexual offences,Unable to prosecute suspect,
,2023-12,Wiltshire Police,Wiltshire Police,-1.785975,51.592742,On or near Downton Road,E01015546,Swindon 003D,Anti-social behaviour,,
9c4a5f285f62651313395593ae3eb570678865355ce0f48530078e8c76f4c173,2023-12,Wiltshire Police,Wiltshire Police,-1.791577,51.595639,On or near Latton Close,E01015546,Swindon 003D,Other theft,Status update unavailable,
42cd739556f146250c6975c30b8afb5d39a68ec2b1210d42037a30f17768d372,2023-12,Wiltshire Police,Wiltshire Police,-1.782903,51.592044,On or near Durrington Walk,E01015546,Swindon 003D,Shoplifting,Court result unavailable,
93a5ca7391780d01ead1e7c267ad50dbb20f87bd3336202f1a35e6b1c36a5430,2023-12,Wiltshire Police,Wiltshire Police,-1.782903,51.592044,On or near Durrington Walk,E01015546,Swindon 003D,Violence and sexual offences,Status update unavailable,
8df4967aa1379ca86d165d55f27d9fbb23cf66fd66243db0e0fddd2b6024c7b4,2023-12,Wiltshire Police,Wiltshire Police,-1.780179,51.594161,On or near Alton Close,E01015546,Swindon 003D,Violence and sexual offences,Unable to prosecute suspect,
d4fee2b15c6edbcd0cb24a985d2dabeb749c525b90ad6da8a9952ac48dc8b71d,2023-12,Wiltshire Police,Wiltshire Police,-1.786578,51.593373,On or near Bratton Close,E01015546,Swindon 003D,Violence and sexual offences,Unable to prosecute suspect,
44154505f9dc43be697005c4f9037fa178ee9cccc772595139be2f07df646f5a,2023-12,Wiltshire Police,Wiltshire Police,-1.789672,51.595572,On or near Melksham Close,E01015546,Swindon 003D,Violence and sexual offences,Unable to prosecute suspect,
ca9593bb9403e76b416bfdfa67b6f9deab7b46d7d71315541ee3de0a10a2c4a7,2023-12,Wiltshire Police,Wiltshire Police,-1.786578,51.593373,On or near Bratton Close,E01015546,Swindon 003D,Violence and sexual offences,Status update unavailable,
d90f94706696b1cec9be4ec7eead7460f669b8c1da29fa9daad8f0c17892b457,2023-12,Wiltshire Police,Wiltshire Police,-1.789672,51.595572,On or near Melksham Close,E01015546,Swindon 003D,Violence and sexual offences,Unable to prosecute suspect,
e746ce94693edf541d1948f8a2c4cd887c72d05a2102b1ed1c9fa1b03fc1ba8b,2023-12,Wiltshire Police,Wiltshire Police,-1.786578,51.593373,On or near Bratton Close,E01015546,Swindon 003D,Violence and sexual offences,Unable to prosecute suspect,
,2023-12,Wiltshire Police,Wiltshire Police,-1.803600,51.596280,On or near Shipley Drive,E01015513,Swindon 004A,Anti-social behaviour,,
e15766ba918f5a28e550c992cf73834729790f10c9f7033f06229c8d74a26760,2023-12,Wiltshire Police,Wiltshire Police,-1.807234,51.593678,On or near Furlong Close,E01015513,Swindon 004A,Burglary,Investigation complete; no suspect identified,
da923e35fd44e742895bf9d6397f7df6d79ba0dfedff3a4d8e9c691929ac01af,2023-12,Wiltshire Police,Wiltshire Police,-1.809375,51.592657,On or near Supermarket,E01015513,Swindon 004A,Criminal damage and arson,Court result unavailable,
7721ad78b84ce5e08bde266075d95757cd8b3c1c52ced15e78f3e6c0cd123b3f,2023-12,Wiltshire Police,Wiltshire Police,-1.803600,51.596280,On or near Shipley Drive,E01015513,Swindon 004A,Criminal damage and arson,Investigation complete; no suspect identified,
b6e6acda9508daa596df64be8d7ce0850a2c85d630780c806227bcb46b7aba19,2023-12,Wiltshire Police,Wiltshire Police,-1.802663,51.595990,On or near Aden Court,E01015513,Swindon 004A,Drugs,Court result unavailable,
2c4bcf81d8e7ed38ff388d0f2ae6a14432a1ac236228a46c1004bf78e2e3a2fc,2023-12,Wiltshire Police,Wiltshire Police,-1.803600,51.596280,On or near Shipley Drive,E01015513,Swindon 004A,Shoplifting,Court result unavailable,
dc01336c655cb62db75b00e9a6a23b54592faa81aa60843f0339710790ac0c4a,2023-12,Wiltshire Police,Wiltshire Police,-1.802663,51.595990,On or near Aden Court,E01015513,Swindon 004A,Shoplifting,Offender given a caution,
5d4504504dc4221e7494b8cc596cdaf5e16f151f5fee06721ed13d4e4fa297d5,2023-12,Wiltshire Police,Wiltshire Police,-1.807234,51.593678,On or near Furlong Close,E01015513,Swindon 004A,Vehicle crime,Investigation complete; no suspect identified,
755f6680cd1bdad39326dba6396ab067aec591c6544299e4b366636cc20956fd,2023-12,Wiltshire Police,Wiltshire Police,-1.811708,51.594027,On or near Willowherb Close,E01015513,Swindon 004A,Violence and sexual offences,Unable to prosecute suspect,
ab8c9781aa8969d848da218808e7f9c6abc1e7f9162de45b3a22c3eb600d5197,2023-12,Wiltshire Police,Wiltshire Police,-1.801368,51.591564,On or near Deben Crescent,E01015514,Swindon 004B,Criminal damage and arson,Court result unavailable,
a9f51df6f68edf95adcd81358284d044fab350a80fdb5088c577d28ec862b7c9,2023-12,Wiltshire Police,Wiltshire Police,-1.803298,51.592539,On or near Pond Street,E01015514,Swindon 004B,Drugs,Further investigation is not in the public interest,
234176bc4e540ad119bdc95c985df749f5c440e213fc92d1bec1488102e9c232,2023-12,Wiltshire Police,Wiltshire Police,-1.804269,51.591785,On or near Rother Close,E01015514,Swindon 004B,Criminal damage and arson,Investigation complete; no suspect identified,
7bc90f87a27966d31207dc3521db3fcb7793eb387e356c0f58ef349330d99655,2023-12,Wiltshire Police,Wiltshire Police,-1.810946,51.589818,On or near Brookdene,E01015515,Swindon 004C,Violence and sexual offences,Unable to prosecute suspect,
c379d5e833b9e3f04b39c287ecf99a13d47c91f4e9fb216e123cc2d731014ec4,2023-12,Wiltshire Police,Wiltshire Police,-1.816381,51.591553,On or near Westfield Way,E01015515,Swindon 004C,Violence and sexual offences,Status update unavailable,
f450016a3f78bcffe4133cb640dc0a5743c846a454157105b7dc5fb5ef6ababa,2023-12,Wiltshire Police,Wiltshire Police,-1.810946,51.589818,On or near Brookdene,E01015515,Swindon 004C,Violence and sexual offences,Unable to prosecute suspect,
a8b4de1ccc9381427cb417abedda54f28a9525ecb48e01bfbf079263aa19c086,2023-12,Wiltshire Police,Wiltshire Police,-1.810946,51.589818,On or near Brookdene,E01015515,Swindon 004C,Violence and sexual offences,Unable to prosecute suspect,
,2023-12,Wiltshire Police,Wiltshire Police,-1.809596,51.591605,On or near Haydon Court,E01015516,Swindon 004D,Anti-social behaviour,,
,2023-12,Wiltshire Police,Wiltshire Police,-1.803392,51.587477,On or near Wylye Close,E01015516,Swindon 004D,Anti-social behaviour,,
,2023-12,Wiltshire Police,Wiltshire Police,-1.803392,51.587477,On or near Wylye Close,E01015516,Swindon 004D,Anti-social behaviour,,
619ca206b50ebc1917b2e52f72748b5342aadc904e79f3972fd654ca5360f4b3,2023-12,Wiltshire Police,Wiltshire Police,-1.806043,51.588632,On or near Churchfield,E01015516,Swindon 004D,Criminal damage and arson,Investigation complete; no suspect identified,
,2023-12,Wiltshire Police,Wiltshire Police,-1.792298,51.586361,On or near Tamar Close,E01015517,Swindon 004E,Anti-social behaviour,,
7d58c2eae6477e6abf7b49e52a99ea78a85eacc87137a10c6142ecd4454c3fd5,2023-12,Wiltshire Police,Wiltshire Police,-1.792058,51.588302,On or near Stour Walk,E01015517,Swindon 004E,Other theft,Investigation complete; no suspect identified,
f4a3a4173ee7154816a76ad1ce8e326de5295bc513afd86c9214d0617e11846e,2023-12,Wiltshire Police,Wiltshire Police,-1.768068,51.588455,On or near Beechcroft Road,E01015555,Swindon 005A,Public order,Local resolution,
3a35b5ac477694bdd50cd8331c2dae47dbb828e99373adba5762aa94e7c0eba7,2023-12,Wiltshire Police,Wiltshire Police,-1.768342,51.591342,On or near Hathaway Road,E01015555,Swindon 005A,Violence and sexual offences,Court result unavailable,
4c7ed4069f64328d95900d6e3d6c449930e52bbc35867aee940477f59f6a4e6a,2023-12,Wiltshire Police,Wiltshire Police,-1.768015,51.590299,On or near Hackett Close,E01015555,Swindon 005A,Violence and sexual offences,Unable to prosecute suspect,
f675d29986d483d5326382332fed94749edce1506abcc8abf4c6fde3c7900446,2023-12,Wiltshire Police,Wiltshire Police,-1.768342,51.591342,On or near Hathaway Road,E01015555,Swindon 005A,Violence and sexual offences,Unable to prosecute suspect,
cc8a5adeacbef9edfb9689b9de54c8ff2c92d1b304771a0ac833939089feda14,2023-12,Wiltshire Police,Wiltshire Police,-1.768015,51.590299,On or near Hackett Close,E01015555,Swindon 005A,Violence and sexual offences,Unable to prosecute suspect,
112bd49155b0665135eb0810917790a4a3eb44cf0ca9f61a95274a299497b4a7,2023-12,Wiltshire Police,Wiltshire Police,-1.773228,51.586892,On or near Merton Avenue,E01015555,Swindon 005A,Violence and sexual offences,Investigation complete; no suspect identified,
77e256456e2643470ae040cb2b6328f5670a69ac34969064877be5a61fc2fad8,2023-12,Wiltshire Police,Wiltshire Police,-1.770206,51.587974,On or near Parking Area,E01015555,Swindon 005A,Criminal damage and arson,Status update unavailable,
c9e4b8a717ada6a8933d4a6d74afa36bac0ee2840eb375a74d05b6c9968aac32,2023-12,Wiltshire Police,Wiltshire Police,-1.768342,51.591342,On or near Hathaway Road,E01015555,Swindon 005A,Theft from the person,Unable to prosecute suspect,
7f2007c5ca5bd858f0c0c998a54dbdb917d9549495442558d7978db9c34d0e10,2023-12,Wiltshire Police,Wiltshire Police,-1.768342,51.591342,On or near Hathaway Road,E01015555,Swindon 005A,Violence and sexual offences,Status update unavailable,
c1bda9c35655cfd86f1f8c6965f41ca10fe6884b38cd81ea297bb4faca9a64c5,2023-12,Wiltshire Police,Wiltshire Police,-1.771151,51.592517,On or near Kingsley Way,E01015555,Swindon 005A,Violence and sexual offences,Unable to prosecute suspect,
81786b442a016329e48a2b6ad452803ac7c3c0c4fe1167d2147d20094a3266c4,2023-12,Wiltshire Police,Wiltshire Police,-1.768342,51.591342,On or near Hathaway Road,E01015555,Swindon 005A,Violence and sexual offences,Unable to prosecute suspect,
29791488ab5937815bf05d006db9ac37c24cc7474da2bea031556e89f5b0b909,2023-12,Wiltshire Police,Wiltshire Police,-1.763705,51.594696,On or near Jole Close,E01015556,Swindon 005B,Violence and sexual offences,Unable to prosecute suspect,
57cb56977e78b9b69856ae789fddd2aebe878c6779fb587513c03ebfc6b2411e,2023-12,Wiltshire Police,Wiltshire Police,-1.767447,51.594146,On or near Elmswood Close,E01015556,Swindon 005B,Violence and sexual offences,Unable to prosecute suspect,
ddab60bc14d0cece167fb5dbc3dde90256a388134bd0f0192ac63da38f863924,2023-12,Wiltshire Police,Wiltshire Police,-1.760489,51.594141,On or near Archer Close,E01015557,Swindon 005C,Other theft,Investigation complete; no suspect identified,
be0aa8078441bd24f3f771ba49934b698e3f43f1fb21e3d513df0e63eeedeb58,2023-12,Wiltshire Police,Wiltshire Police,-1.755642,51.588542,On or near Supermarket,E01015557,Swindon 005C,Shoplifting,Investigation complete; no suspect identified,
00123cdeec8966d18fa537e7280e04d0f6e902b40270619277c844a68430ab2c,2023-12,Wiltshire Police,Wiltshire Police,-1.754078,51.589029,On or near Windbrook Meadow,E01015557,Swindon 005C,Violence and sexual offences,Unable to prosecute suspect,
e1da2a5066676643643d22c7ee81456dd88c27aabc298ae4e4afeac2ec726c82,2023-12,Wiltshire Police,Wiltshire Police,-1.757462,51.590484,On or near Sanders Close,E01015557,Swindon 005C,Violence and sexual offences,Status update unavailable,
77cc265522accaeb1643ffd102a906e226d5ee8c70bcf491eebd6fe1a2744042,2023-12,Wiltshire Police,Wiltshire Police,-1.757462,51.590484,On or near Sanders Close,E01015557,Swindon 005C,Violence and sexual offences,Status update unavailable,
372fceb6e412be443bf0528f78d8917a94aff83bb42246fde1cdbd94ac1c0004,2023-12,Wiltshire Police,Wiltshire Police,-1.753640,51.589973,On or near Ross Gardens,E01015557,Swindon 005C,Violence and sexual offences,Investigation complete; no suspect identified,
d0d2801d050762d354f771d2bfada3ef6e23dc4a89bcad4e41652384c075ab5e,2023-12,Wiltshire Police,Wiltshire Police,-1.758565,51.586701,On or near Pinnock'S Place,E01015558,Swindon 005D,Violence and sexual offences,Unable to prosecute suspect,
524eef5e537775c1e7b939c961f83e43b4f4a740bf181f0878ff225ba6c1749a,2023-12,Wiltshire Police,Wiltshire Police,-1.760800,51.587065,On or near Fairholm Way,E01015558,Swindon 005D,Violence and sexual offences,Unable to prosecute suspect,
bd0b2c1408cefc5a238032420118652a8de70ddda97aea49e7727caa44757a69,2023-12,Wiltshire Police,Wiltshire Police,-1.763123,51.584408,On or near Attlee Crescent,E01015558,Swindon 005D,Criminal damage and arson,Investigation complete; no suspect identified,
9a07165dca3b4e44a3abf284d01ca3a9cb33b6b3dd8566a2cea2b88513521fea,2023-12,Wiltshire Police,Wiltshire Police,-1.767085,51.585792,On or near Clays Close,E01015558,Swindon 005D,Vehicle crime,Unable to prosecute suspect,
c583f2a2e308694e020052f0a93859957f86759b3dcb092cf4f4b71306928a52,2023-12,Wiltshire Police,Wiltshire Police,-1.763178,51.582260,On or near Dave Watkins Court,E01015558,Swindon 005D,Violence and sexual offences,Investigation complete; no suspect identified,
b242643622020dc08065fc6c6e2452041c4d925afb850b51f11466497625388b,2023-12,Wiltshire Police,Wiltshire Police,-1.760800,51.587065,On or near Fairholm Way,E01015558,Swindon 005D,Violence and sexual offences,Unable to prosecute suspect,
6957ff61c5dffbb98ab532b5af643ff279a32d1ce37e44a4d274649dc020061a,2023-12,Wiltshire Police,Wiltshire Police,-1.769188,51.586704,On or near Haig Close,E01015559,Swindon 005E,Violence and sexual offences,Unable to prosecute suspect,
,2023-12,Wiltshire Police,Wiltshire Police,-1.762026,51.590062,On or near Davenwood,E01015559,Swindon 005E,Anti-social behaviour,,
934d799517ca57c8daa9f797d2bcd51b4cb9783b04f325e7240a1a40dce98201,2023-12,Wiltshire Police,Wiltshire Police,-1.762727,51.588553,On or near Dockle Way,E01015559,Swindon 005E,Vehicle crime,Investigation complete; no suspect identified,
f7a93c2f4267fdbf8712a13b5127867ac613029f99ec860b7d238c298f2a545a,2023-12,Wiltshire Police,Wiltshire Police,-1.773894,51.583647,On or near Jutland Avenue,E01015560,Swindon 005F,Drugs,Court result unavailable,
,2023-12,Wiltshire Police,Wiltshire Police,-1.771667,51.584605,On or near Argus Green,E01015560,Swindon 005F,Anti-social behaviour,,
37a4b654dae62404ac8273369b381cac446deca9fa47bcd02d8caa344961f4ee,2023-12,Wiltshire Police,Wiltshire Police,-1.765962,51.582535,On or near Greenlands Road,E01015560,Swindon 005F,Other theft,Status update unavailable,
c6ccf4213386507fd98177a9d6b92e1c93908579a66cbed8e30044bb76f24bf6,2023-12,Wiltshire Police,Wiltshire Police,-1.770485,51.581456,On or near Wheeler Avenue,E01015560,Swindon 005F,Other theft,Investigation complete; no suspect identified,
fc441092de1c616c8de5b28aec695a07f76da6d3088078f3f62d5950ad91f1e7,2023-12,Wiltshire Police,Wiltshire Police,-1.771774,51.583338,On or near Calliope Crescent,E01015560,Swindon 005F,Public order,Unable to prosecute suspect,
14389ca8d345255affadca69fa8e329ff7f276ce76827cfe7ab9aebb557ad049,2023-12,Wiltshire Police,Wiltshire Police,-1.770614,51.584342,On or near Collingwood Crescent,E01015560,Swindon 005F,Violence and sexual offences,Unable to prosecute suspect,
,2023-12,Wiltshire Police,Wiltshire Police,-1.814439,51.586209,On or near Jasmine Close,E01015526,Swindon 006A,Anti-social behaviour,,
fa9a5de3cb9ddf755d21a4328eb114312fb57f73769577dadfbb4d714f219700,2023-12,Wiltshire Police,Wiltshire Police,-1.813761,51.586100,On or near Saffron Close,E01015526,Swindon 006A,Criminal damage and arson,Court result unavailable,
58d5069609ab95b66110c0e4a4989bdfe51044157650e87ffd5fc35985b68ffb,2023-12,Wiltshire Police,Wiltshire Police,-1.812388,51.583086,On or near Edith New Close,E01015528,Swindon 006B,Violence and sexual offences,Unable to prosecute suspect,
9fdeabe7e0ee25ffec054a2dcd8b4e23c92fd56748ae57bcd8b5acf507f77cea,2023-12,Wiltshire Police,Wiltshire Police,-1.814559,51.585238,On or near Moredon Park,E01015528,Swindon 006B,Violence and sexual offences,Unable to prosecute suspect,
a32f3f184ad36d2c949104241a0bb6510685fa315229afd83098b3b93ad38ee4,2023-12,Wiltshire Police,Wiltshire Police,-1.807322,51.583275,On or near Pembroke Gardens,E01015528,Swindon 006B,Violence and sexual offences,Court result unavailable,
25eb98c17afdfa94cd38994b4dbfa05fe8ceb7e4374d87ba0b5cb4a35b731291,2023-12,Wiltshire Police,Wiltshire Police,-1.814559,51.585238,On or near Moredon Park,E01015528,Swindon 006B,Violence and sexual offences,Unable to prosecute suspect,
,2023-12,Wiltshire Police,Wiltshire Police,-1.812357,51.587087,On or near Shanklin Road,E01015528,Swindon 006B,Anti-social behaviour,,
,2023-12,Wiltshire Police,Wiltshire Police,-1.811890,51.581413,On or near Walkinshaw Road,E01015528,Swindon 006B,Anti-social behaviour,,
,2023-12,Wiltshire Police,Wiltshire Police,-1.811890,51.581413,On or near Walkinshaw Road,E01015528,Swindon 006B,Anti-social behaviour,,
,2023-12,Wiltshire Police,Wiltshire Police,-1.813426,51.583474,On or near Jubilee Road,E01015528,Swindon 006B,Anti-social behaviour,,
e9fd796de0b2f8c680fe256a82d2cc35ab3636898ae33d4b58575e1d4c88c981,2023-12,Wiltshire Police,Wiltshire Police,-1.811452,51.586195,On or near The Street,E01015528,Swindon 006B,Criminal damage and arson,Investigation complete; no suspect identified,
f76aa69aa2526aae3b689a5ef145f350ffc65095a1f59abac56f284f3d297df2,2023-12,Wiltshire Police,Wiltshire Police,-1.812756,51.584921,On or near Silbury Mews,E01015528,Swindon 006B,Criminal damage and arson,Investigation complete; no suspect identified,
d750c2076d70c2c4af6bbb2a83a7efc0e98bc45dac09634152a21a6f47437cc3,2023-12,Wiltshire Police,Wiltshire Police,-1.811452,51.586195,On or near The Street,E01015528,Swindon 006B,Theft from the person,Unable to prosecute suspect,
c83f4326978a52c8b7f1071113b7242ea8028b86237a4e7cb4026fd3b71dffb3,2023-12,Wiltshire Police,Wiltshire Police,-1.807097,51.584407,On or near Sports/Recreation Area,E01015528,Swindon 006B,Violence and sexual offences,Unable to prosecute suspect,
123fabb8228b67d15c3dfb4c89b218469200a3d8442001de1db3f4a1fce69150,2023-12,Wiltshire Police,Wiltshire Police,-1.814559,51.585238,On or near Moredon Park,E01015528,Swindon 006B,Violence and sexual offences,Status update unavailable,
b97651b5a54fc404fdf85ef99b050f0a82f1342fb69a8b1d9241a6154c40d7fa,2023-12,Wiltshire Police,Wiltshire Police,-1.809720,51.586201,On or near Poole Road,E01015528,Swindon 006B,Violence and sexual offences,Unable to prosecute suspect,
6e540b649d889b0c334d7c815b22ecbaf9359e2ac1d6d25cd75810ee46583557,2023-12,Wiltshire Police,Wiltshire Police,-1.805611,51.584936,On or near Abbey View Road,E01015528,Swindon 006B,Violence and sexual offences,Investigation complete; no suspect identified,
8ac15d64fd49bd3895078ee0dcef67acf42f3904727225bad75b13848199a1b3,2023-12,Wiltshire Police,Wiltshire Police,-1.807097,51.584407,On or near Sports/Recreation Area,E01015528,Swindon 006B,Violence and sexual offences,Unable to prosecute suspect,
c64b64c6d26971ba73132b16430cceef6fc6fe4fdaf35dc8bffba55f59bfc5da,2023-12,Wiltshire Police,Wiltshire Police,-1.811452,51.586195,On or near The Street,E01015528,Swindon 006B,Violence and sexual offences,Unable to prosecute suspect,
,2023-12,Wiltshire Police,Wiltshire Police,-1.802801,51.583996,On or near Coombe Road,E01015529,Swindon 006C,Anti-social behaviour,,
,2023-12,Wiltshire Police,Wiltshire Police,-1.796896,51.581118,On or near Fir Tree Close,E01015529,Swindon 006C,Anti-social behaviour,,
,2023-12,Wiltshire Police,Wiltshire Police,-1.801156,51.583814,On or near Church Walk North,E01015529,Swindon 006C,Anti-social behaviour,,
bab3767ea1acb797a0033deb136f42c810f5fe1d099bc19f4e3b8eaf3b26adef,2023-12,Wiltshire Police,Wiltshire Police,-1.801156,51.583814,On or near Church Walk North,E01015529,Swindon 006C,Violence and sexual offences,Status update unavailable,
a04fdfd28b0d3145923607e0cd2ddf791508109a1826d41d22b73c7d87e8cfdb,2023-12,Wiltshire Police,Wiltshire Police,-1.801156,51.583814,On or near Church Walk North,E01015529,Swindon 006C,Violence and sexual offences,Unable to prosecute suspect,
961d32d00dcaa5facdad763a117f013d6e7828bfd66274efa8170bc464693b62,2023-12,Wiltshire Police,Wiltshire Police,-1.803961,51.582829,On or near Lewisham Close,E01015530,Swindon 006D,Violence and sexual offences,Local resolution,
,2023-12,Wiltshire Police,Wiltshire Police,-1.805389,51.583020,On or near Fernham Road,E01015530,Swindon 006D,Anti-social behaviour,,
8e4be34e5b329af737a3626883ff05a69da8440570bd8c8cc81f24145c3af019,2023-12,Wiltshire Police,Wiltshire Police,-1.805140,51.583793,On or near Charlbury Close,E01015530,Swindon 006D,Burglary,Status update unavailable,
3e175d04d16a43f097ebd15e045c9094da466cfc040a8bfce983b8099e0418de,2023-12,Wiltshire Police,Wiltshire Police,-1.807548,51.580992,On or near Greenhill Road,E01015530,Swindon 006D,Public order,Unable to prosecute suspect,
bf7f206afb87dd19c802317ca129c5f791c8df02c93f40f79a2165ee51d73e8f,2023-12,Wiltshire Police,Wiltshire Police,-1.810028,51.581356,On or near Clapham Close,E01015530,Swindon 006D,Public order,Court result unavailable,
d8c7d024a4040f669f7a916f32ff36024c6591c23beea54991e15884a2f80375,2023-12,Wiltshire Police,Wiltshire Police,-1.809414,51.579970,On or near Beaney View,E01015530,Swindon 006D,Vehicle crime,Investigation complete; no suspect identified,
fa2cec5942b1ef564a8e25ecc63acfcb2684a823505dc0376bdd624fa3545f5e,2023-12,Wiltshire Police,Wiltshire Police,-1.803961,51.582829,On or near Lewisham Close,E01015530,Swindon 006D,Violence and sexual offences,Unable to prosecute suspect,
eaba8fa3e062267384158367d441534595ff8a6010322b69db413f8b11555f29,2023-12,Wiltshire Police,Wiltshire Police,-1.803961,51.582829,On or near Lewisham Close,E01015530,Swindon 006D,Violence and sexual offences,Unable to prosecute suspect,
39e687fa0843aef0d420a9b4df49ab5b2690f3d07db8b42805edc67896f2c1f9,2023-12,Wiltshire Police,Wiltshire Police,-1.781399,51.583743,On or near Hazel Grove,E01015506,Swindon 007A,Violence and sexual offences,Unable to prosecute suspect,
3ba693afa7bdcd1a491a1d57c2bcedbf4489b0c2a2041f77540789a0caee6378,2023-12,Wiltshire Police,Wiltshire Police,-1.783685,51.582443,On or near Hurst Crescent,E01015506,Swindon 007A,Violence and sexual offences,Court result unavailable,
46c8cede6b4f04b7dc65b46ab25cc82a8cf40fc6622ece0a76d87c332ebba70f,2023-12,Wiltshire Police,Wiltshire Police,-1.781399,51.583743,On or near Hazel Grove,E01015506,Swindon 007A,Violence and sexual offences,Unable to prosecute suspect,
,2023-12,Wiltshire Police,Wiltshire Police,-1.775317,51.584864,On or near A4311,E01015506,Swindon 007A,Anti-social behaviour,,
,2023-12,Wiltshire Police,Wiltshire Police,-1.779675,51.582076,On or near The Circle,E01015506,Swindon 007A,Anti-social behaviour,,
,2023-12,Wiltshire Police,Wiltshire Police,-1.775839,51.584281,On or near Clive Parade,E01015506,Swindon 007A,Anti-social behaviour,,
01518dd25b18928dd60a14e0a722d5bea7aef2100676367a060f5b003b86567f,2023-12,Wiltshire Police,Wiltshire Police,-1.776913,51.583078,On or near Oak Tree Avenue,E01015506,Swindon 007A,Burglary,Investigation complete; no suspect identified,
c8f1d20a4e367f7f1ab71e6be76b146523c5012b8ea0fdf829c6beab2ca96e08,2023-12,Wiltshire Police,Wiltshire Police,-1.783685,51.582443,On or near Hurst Crescent,E01015506,Swindon 007A,Criminal damage and arson,Unable to prosecute suspect,
179f0c1b9a3cfc10ee63c8aec1ffcfc96db3f10fb5dc90991fb19118b6d9db60,2023-12,Wiltshire Police,Wiltshire Police,-1.780223,51.585161,On or near Orchid Close,E01015506,Swindon 007A,Drugs,Local resolution,
ec108a4a5dc378ab0bf4bdc300088b19e8b53fec918c47a2ee8775908699bf00,2023-12,Wiltshire Police,Wiltshire Police,-1.783685,51.582443,On or near Hurst Crescent,E01015506,Swindon 007A,Drugs,Court result unavailable,
2cf5f040a3ebfce2faa8f8ce21cde4fb38e29649d7b2a0cb46eba1796c6038c7,2023-12,Wiltshire Police,Wiltshire Police,-1.781399,51.583743,On or near Hazel Grove,E01015506,Swindon 007A,Other theft,Status update unavailable,
ed9f7923fa658d79abc385574fcb5d1ae3f6e6a5030b0efa706f271f1f3ac2a5,2023-12,Wiltshire Police,Wiltshire Police,-1.775317,51.584864,On or near A4311,E01015506,Swindon 007A,Possession of weapons,Court result unavailable,
1af456d268d9b65635396e25b63425e08fb0ccd01529116aea4238e8624fb4de,2023-12,Wiltshire Police,Wiltshire Police,-1.783685,51.582443,On or near Hurst Crescent,E01015506,Swindon 007A,Public order,Unable to prosecute suspect,
bbcfee0b012c637614d04d0de80c30d89e83a19ede626e9a450890a2b12cd966,2023-12,Wiltshire Police,Wiltshire Police,-1.783685,51.582443,On or near Hurst Crescent,E01015506,Swindon 007A,Public order,Investigation complete; no suspect identified,
ef475ada1f8cdb13d37834871e6323feec5dcdb51e9f18740eacd7afcca67465,2023-12,Wiltshire Police,Wiltshire Police,-1.783685,51.582443,On or near Hurst Crescent,E01015506,Swindon 007A,Violence and sexual offences,Unable to prosecute suspect,
3119e33f7ea4d3f0592677feb71e727f3e7bb1b2d71e26a515d826ff293e9cc8,2023-12,Wiltshire Police,Wiltshire Police,-1.780223,51.585161,On or near Orchid Close,E01015506,Swindon 007A,Violence and sexual offences,Action to be taken by another organisation,
cba63f9fc58b5bb05dd75e85bc1271e28fbdf8dc13a3973cbe05b04f4bc76d19,2023-12,Wiltshire Police,Wiltshire Police,-1.779675,51.582076,On or near The Circle,E01015506,Swindon 007A,Violence and sexual offences,Local resolution,
1eaaf4ccae8c3e5938577682ae7241bed9689993f98e4ab7424cf841753d6764,2023-12,Wiltshire Police,Wiltshire Police,-1.775317,51.584864,On or near A4311,E01015506,Swindon 007A,Violence and sexual offences,Unable to prosecute suspect,
9b427afdd53a1e008ed998de3817ac55a1db4d5f67daded5a7d27bc9370b819d,2023-12,Wiltshire Police,Wiltshire Police,-1.779675,51.582076,On or near The Circle,E01015506,Swindon 007A,Violence and sexual offences,Status update unavailable,
861ec114877a0a78ab2704c406cd10983bdc37e4fd24804e4a44c8b292fb668a,2023-12,Wiltshire Police,Wiltshire Police,-1.779675,51.582076,On or near The Circle,E01015506,Swindon 007A,Violence and sexual offences,Unable to prosecute suspect,
,2023-12,Wiltshire Police,Wiltshire Police,-1.786438,51.580164,On or near Doris Archer Court,E01015507,Swindon 007B,Anti-social behaviour,,
,2023-12,Wiltshire Police,Wiltshire Police,-1.784121,51.581859,On or near Linden Avenue,E01015507,Swindon 007B,Anti-social behaviour,,
f2707f1b39a33943e3972b7d482a8eab7b41a8e8aea483dc15db0d775dcb5b26,2023-12,Wiltshire Police,Wiltshire Police,-1.786438,51.580164,On or near Doris Archer Court,E01015507,Swindon 007B,Other theft,Investigation complete; no suspect identified,
881ca2e64209219cc161c2c2b8aaa20d3ca9a6c526d136efb09b30877032c948,2023-12,Wiltshire Police,Wiltshire Police,-1.786438,51.580164,On or near Doris Archer Court,E01015507,Swindon 007B,Public order,Unable to prosecute suspect,
31e5ffec67620858a9912c0ea384c18df439213a3b058ad8a97949b624a17dec,2023-12,Wiltshire Police,Wiltshire Police,-1.783686,51.579287,On or near Pinehurst Road,E01015507,Swindon 007B,Violence and sexual offences,Unable to prosecute suspect,
a66aef732cc5f4e445c9a82cb86cd4bc5c84c106b179585da9bdb0caff0da2e0,2023-12,Wiltshire Police,Wiltshire Police,-1.786438,51.580164,On or near Doris Archer Court,E01015507,Swindon 007B,Violence and sexual offences,Action to be taken by another organisation,
0e75ac5945307dbba0edbea03e70d2b8570fe9526f7a723d9817d12cc751f4f4,2023-12,Wiltshire Police,Wiltshire Police,-1.788282,51.583863,On or near Blackthorn Lane,E01015527,Swindon 007C,Violence and sexual offences,Unable to prosecute suspect,
2d13268cac0900e4a7933f11319ace24cf00418c345c9f1f8aa3c7ab0a8eb53c,2023-12,Wiltshire Police,Wiltshire Police,-1.796845,51.579661,On or near Holly Close,E01015527,Swindon 007C,Violence and sexual offences,Unable to prosecute suspect,
e35b54854735dacb11548a1841d5fd4e53153ae71118d0853e8d7025ec754b8a,2023-12,Wiltshire Police,Wiltshire Police,-1.796845,51.579661,On or near Holly Close,E01015527,Swindon 007C,Public order,Investigation complete; no suspect identified,
0707ed47889e437e656ae48b00d3688e43abc41a77444aed49b6f85f841b202e,2023-12,Wiltshire Police,Wiltshire Police,-1.796845,51.579661,On or near Holly Close,E01015527,Swindon 007C,Violence and sexual offences,Local resolution,
1b4f83e00ef842c442643898300131cabbf9c3cdd35bf83f22d03229f6147d1d,2023-12,Wiltshire Police,Wiltshire Police,-1.794682,51.579433,On or near Elm Road,E01015527,Swindon 007C,Violence and sexual offences,Unable to prosecute suspect,
515a6db4dce9fc10aec123444b9214fab7c957710aa58a038ad89ad126fee846,2023-12,Wiltshire Police,Wiltshire Police,-1.788272,51.582955,On or near Pinetree Rise,E01015527,Swindon 007C,Violence and sexual offences,Investigation complete; no suspect identified,
b1f213aac27b4d23407eee5dd6085958b250fead55e77b30437df2c460a0763e,2023-12,Wiltshire Police,Wiltshire Police,-1.788272,51.582955,On or near Pinetree Rise,E01015527,Swindon 007C,Violence and sexual offences,Action to be taken by another organisation,
f8b9ca3cd505dd95ce55a4ae3e96cb109a932c8e9314801d0a2b23ed0c090b06,2023-12,Wiltshire Police,Wiltshire Police,-1.796845,51.579661,On or near Holly Close,E01015527,Swindon 007C,Violence and sexual offences,Unable to prosecute suspect,
4352abb7e0ebdf5371f4d19050945b6c0a42a6870477ab2279e044b37dd7a71f,2023-12,Wiltshire Police,Wiltshire Police,-1.796845,51.579661,On or near Holly Close,E01015527,Swindon 007C,Violence and sexual offences,Unable to prosecute suspect,
ce1cf5c19e5f8781be878046b57540ed6dc66b2e24b7266c07070647564f5a28,2023-12,Wiltshire Police,Wiltshire Police,-1.788272,51.582955,On or near Pinetree Rise,E01015527,Swindon 007C,Other crime,Status update unavailable,
da8fd9c0ea94ea31a1a0750fa434cb6aca1f61c6a6e282caee19aeedc522f0fe,2023-12,Wiltshire Police,Wiltshire Police,-1.788520,51.579233,On or near Wavell Road,E01015580,Swindon 007D,Criminal damage and arson,Status update unavailable,
ada4030072d5726dbaa136b73f7d42f7ce1d7ca521699d5e8968b1b60a4f7623,2023-12,Wiltshire Police,Wiltshire Police,-1.789786,51.573966,On or near Southbrook Street,E01015580,Swindon 007D,Criminal damage and arson,Investigation complete; no suspect identified,
7ed9ee649ead79513123edbe70e7a5f866643affdf436634cd3a3da45e2d9d05,2023-12,Wiltshire Police,Wiltshire Police,-1.792320,51.578179,On or near Portal Road,E01015580,Swindon 007D,Criminal damage and arson,Investigation complete; no suspect identified,
809409d821be65a734f442e3a4f8e14e88e6d086f5d4efb88111ba841b5dd270,2023-12,Wiltshire Police,Wiltshire Police,-1.789755,51.577419,On or near Tedder Close,E01015580,Swindon 007D,Violence and sexual offences,Status update unavailable,
e72ee50e3f17f627230f094ebbd72cb0270eb1b97cc9afca33f1774fcc113b99,2023-12,Wiltshire Police,Wiltshire Police,-1.795943,51.577996,On or near Harris Road,E01015580,Swindon 007D,Violence and sexual offences,Investigation complete; no suspect identified,
1d0f0c11873c91b66d7d2e3609767d6023345ee2813eb6a97115215dba83ec29,2023-12,Wiltshire Police,Wiltshire Police,-1.787856,51.613543,On or near The Ridge,E01015473,Swindon 008A,Violence and sexual offences,Unable to prosecute suspect,
1eec0aef63400d9f5cdd8276d68a7bfdacf2c41c171dd2b22d2105dab1859223,2023-12,Wiltshire Police,Wiltshire Police,-1.787856,51.613543,On or near The Ridge,E01015473,Swindon 008A,Violence and sexual offences,Unable to prosecute suspect,
,2023-12,Wiltshire Police,Wiltshire Police,-1.735736,51.600822,On or near Woodside Road,E01015473,Swindon 008A,Anti-social behaviour,,
,2023-12,Wiltshire Police,Wiltshire Police,-1.777622,51.597501,On or near Crompton Road,E01015473,Swindon 008A,Anti-social behaviour,,
a9ef36fbcb4e62158979fbd6fe90de5756e746e36d72a622f869079d86c18025,2023-12,Wiltshire Police,Wiltshire Police,-1.731428,51.604166,On or near Supermarine Road,E01015473,Swindon 008A,Criminal damage and arson,Investigation complete; no suspect identified,
7d70805bfa1a8ce93c07ce659a679644c49833a0695724233c180004fd056f85,2023-12,Wiltshire Police,Wiltshire Police,-1.719055,51.580463,On or near Petrol Station,E01015473,Swindon 008A,Criminal damage and arson,Court result unavailable,
f6d91a937e43f496736426b190dd7445f1e70ea9b0f39b3036e542f1971b19bd,2023-12,Wiltshire Police,Wiltshire Police,-1.719055,51.580463,On or near Petrol Station,E01015473,Swindon 008A,Criminal damage and arson,Court result unavailable,
690ca966951f7a3de13bc6dcba543bc2d7cf826a0431e581a2034532183a4c64,2023-12,Wiltshire Police,Wiltshire Police,-1.719055,51.580463,On or near Petrol Station,E01015473,Swindon 008A,Criminal damage and arson,Court result unavailable,
04f5d67c144a7f23e0a6b1f1890f38ea810e36e98c96ae3db22cad8e30a05652,2023-12,Wiltshire Police,Wiltshire Police,-1.703798,51.583213,On or near Park/Open Space,E01015473,Swindon 008A,Criminal damage and arson,Investigation complete; no suspect identified,
525a1fbf83f18e7a55859e14c4f1e46ca0e1304209b2921fdcf8ca90f71de287,2023-12,Wiltshire Police,Wiltshire Police,-1.719055,51.580463,On or near Petrol Station,E01015473,Swindon 008A,Criminal damage and arson,Court result unavailable,
b2b47ea5c67ac3387bde89574e1088e3a96746d647ccf49e9bd658189d582d58,2023-12,Wiltshire Police,Wiltshire Police,-1.719055,51.580463,On or near Petrol Station,E01015473,Swindon 008A,Criminal damage and arson,Unable to prosecute suspect,
1397fd079663fbd8581816c19ba417e560c8228b964095886b54e2b67770e123,2023-12,Wiltshire Police,Wiltshire Police,-1.719055,51.580463,On or near Petrol Station,E01015473,Swindon 008A,Criminal damage and arson,Court result unavailable,
fe932aa3d3ec670d079e18d0e9061cfd1804cee1ed31411476b444894a175586,2023-12,Wiltshire Police,Wiltshire Police,-1.719055,51.580463,On or near Petrol Station,E01015473,Swindon 008A,Criminal damage and arson,Court result unavailable,
e87828b715c189e3b89b0e776e5fb1c505c2f3d068bfffc6483785ce86a01e48,2023-12,Wiltshire Police,Wiltshire Police,-1.719055,51.580463,On or near Petrol Station,E01015473,Swindon 008A,Criminal damage and arson,Court result unavailable,
7ddabea4e37678a5b366ed21829d7f7d319f600ea319f3dce06660c5a898d0c4,2023-12,Wiltshire Police,Wiltshire Police,-1.719055,51.580463,On or near Petrol Station,E01015473,Swindon 008A,Drugs,Court result unavailable,
2318de65de555b317ee17b8deef3cfaeb7f3daf399aad1591807d5213328e57a,2023-12,Wiltshire Police,Wiltshire Police,-1.719055,51.580463,On or near Petrol Station,E01015473,Swindon 008A,Drugs,Status update unavailable,
225bb74cc52151a5259080d67ca672e4509d734e24ecda0e4a7d524590d3dbbe,2023-12,Wiltshire Police,Wiltshire Police,-1.719055,51.580463,On or near Petrol Station,E01015473,Swindon 008A,Violence and sexual offences,Unable to prosecute suspect,
d0aa55972c325567be8e9558b53f5b4bfbf561c4f3bbbfc7bcca085f88681833,2023-12,Wiltshire Police,Wiltshire Police,-1.787856,51.613543,On or near The Ridge,E01015473,Swindon 008A,Violence and sexual offences,Investigation complete; no suspect identified,
4dfdd01de259f5a6b7990fc83588b0a7e077c046437b79b9cf9798325c300f7f,2023-12,Wiltshire Police,Wiltshire Police,-1.738740,51.595569,On or near Supermarket,E01015473,Swindon 008A,Violence and sexual offences,Unable to prosecute suspect,
5d7593f749b79d418af5c946f283c02074dcb20163b22ed611fb45a492935c15,2023-12,Wiltshire Police,Wiltshire Police,-1.787856,51.613543,On or near The Ridge,E01015473,Swindon 008A,Violence and sexual offences,Court result unavailable,
4f151f831aaa1c5bdf6a8b17647ec37941d9880d1022eaa692827bb520e2a405,2023-12,Wiltshire Police,Wiltshire Police,-1.719055,51.580463,On or near Petrol Station,E01015473,Swindon 008A,Violence and sexual offences,Court result unavailable,
795ab37f60f1940e25a5d254a439de6f0d59f274e9753e8359ca81b5d7ff5366,2023-12,Wiltshire Police,Wiltshire Police,-1.787856,51.613543,On or near The Ridge,E01015473,Swindon 008A,Violence and sexual offences,Court result unavailable,
795d0ad1e4fdf38052449c4d961af30efa7310353180ddd2195622ea63102b16,2023-12,Wiltshire Police,Wiltshire Police,-1.719055,51.580463,On or near Petrol Station,E01015473,Swindon 008A,Violence and sexual offences,Unable to prosecute suspect,
91e379e7fb62da7da5e3d457335613488a158ebfe96cbd12585a7e17d0afdade,2023-12,Wiltshire Police,Wiltshire Police,-1.724011,51.591507,On or near Quarrybrook Close,E01015473,Swindon 008A,Violence and sexual offences,Status update unavailable,
5fb30cf8c02c49427e7c984093fa6690b8b1665e888ca3d00aeb59f34e8c163d,2023-12,Wiltshire Police,Wiltshire Police,-1.719055,51.580463,On or near Petrol Station,E01015473,Swindon 008A,Violence and sexual offences,Court result unavailable,
0ca1bb7a9d646bfc7d69199e309bffd1d6f8be1165a9f088b0996d3d4fed8454,2023-12,Wiltshire Police,Wiltshire Police,-1.719055,51.580463,On or near Petrol Station,E01015473,Swindon 008A,Violence and sexual offences,Court result unavailable,
d29d2658080b136ffa0f4ae83e47aea3cd8db14ee91c0c6464324c94b699f74c,2023-12,Wiltshire Police,Wiltshire Police,-1.719055,51.580463,On or near Petrol Station,E01015473,Swindon 008A,Violence and sexual offences,Court result unavailable,
cbd6b10cf8ecc8014dd404ca0fbfa8aac4aea01efae5ff1df88e126f256a58c7,2023-12,Wiltshire Police,Wiltshire Police,-1.719055,51.580463,On or near Petrol Station,E01015473,Swindon 008A,Violence and sexual offences,Court result unavailable,
f2525d05da40196ad8480609720b9fdff918b44908f60b11bccafb9c37ce1663,2023-12,Wiltshire Police,Wiltshire Police,-1.719055,51.580463,On or near Petrol Station,E01015473,Swindon 008A,Violence and sexual offences,Action to be taken by another organisation,
93f14593c85aa78fd96b6fff130dcd21dea65f69ccdb79b0bbad2f412b24ee59,2023-12,Wiltshire Police,Wiltshire Police,-1.727200,51.538528,On or near Hospital,E01015547,Swindon 008C,Violence and sexual offences,Further action is not in the public interest,
,2023-12,Wiltshire Police,Wiltshire Police,-1.727390,51.538052,On or near Hospital,E01015547,Swindon 008C,Anti-social behaviour,,
,2023-12,Wiltshire Police,Wiltshire Police,-1.727390,51.538052,On or near Hospital,E01015547,Swindon 008C,Anti-social behaviour,,
c764780aa3f272bbbdf5c4fe1515f32182a7432986cb8c4c0c00ecb3772e46fb,2023-12,Wiltshire Police,Wiltshire Police,-1.664912,51.528836,On or near The Gallops,E01015547,Swindon 008C,Burglary,Investigation complete; no suspect identified,
c233412056c823c1f349a6b3cb85c1ab6cea071b89b74ceed320854cad85fe2d,2023-12,Wiltshire Police,Wiltshire Police,-1.699565,51.531133,On or near Park/Open Space,E01015547,Swindon 008C,Burglary,Investigation complete; no suspect identified,
ee866acaefb911aafb2f727aeaec0efa5864fb85e95d3162a037168436978479,2023-12,Wiltshire Police,Wiltshire Police,-1.727200,51.538528,On or near Hospital,E01015547,Swindon 008C,Violence and sexual offences,Unable to prosecute suspect,
837d53215828b96cb5ece76d2b9279c803a996833e1221c78bd29b6c37ce4b71,2023-12,Wiltshire Police,Wiltshire Police,-1.727200,51.538528,On or near Hospital,E01015547,Swindon 008C,Violence and sexual offences,Court result unavailable,
e02fd50288708f4e99dbb1baa87d055f754a5b12230954656b84b6399b9186b6,2023-12,Wiltshire Police,Wiltshire Police,-1.727200,51.538528,On or near Hospital,E01015547,Swindon 008C,Violence and sexual offences,Court result unavailable,
986f82f9508ae7781dda5d29a73e43f237b6e822d9a212b8e8732bcd9d02eb66,2023-12,Wiltshire Police,Wiltshire Police,-1.727200,51.538528,On or near Hospital,E01015547,Swindon 008C,Violence and sexual offences,Court result unavailable,
f9c0edf1264d5f0423d1f2cbb7b7d92b162aff51c050eb0a0f5424ac0fe68834,2023-12,Wiltshire Police,Wiltshire Police,-1.727200,51.538528,On or near Hospital,E01015547,Swindon 008C,Violence and sexual offences,Unable to prosecute suspect,
c87c6a97557f439fde0993fad5c62e5c8167a9a54f0f218b366c268193404e6b,2023-12,Wiltshire Police,Wiltshire Police,-1.724388,51.519433,On or near Butts Road,E01015547,Swindon 008C,Violence and sexual offences,Unable to prosecute suspect,
e8fc18f0bbc883eb72306bb235a0903c1613744eaed728c3f422d49b1ccebd8f,2023-12,Wiltshire Police,Wiltshire Police,-1.724256,51.529368,On or near Day House Lane,E01015547,Swindon 008C,Violence and sexual offences,Court result unavailable,
0e9e8a13184746ac63ce7a82de22734b422b8f50302d5073007b8cab4c9a0d1e,2023-12,Wiltshire Police,Wiltshire Police,-1.727200,51.538528,On or near Hospital,E01015547,Swindon 008C,Violence and sexual offences,Court result unavailable,
056d18862c4ac92dc13ddb7985acae946116765bd9c6e71a5094b7695e36cadf,2023-12,Wiltshire Police,Wiltshire Police,-1.727200,51.538528,On or near Hospital,E01015547,Swindon 008C,Violence and sexual offences,Unable to prosecute suspect,
13d4c37087f63064ad2ebcd6b07e5058a3fc9c82dc041856c14d1727a8d4b7b0,2023-12,Wiltshire Police,Wiltshire Police,-1.727200,51.538528,On or near Hospital,E01015547,Swindon 008C,Violence and sexual offences,Court result unavailable,
47ce48d3631a53bb2e3b385240305e499a77fb07d214e5adc616cf8f95801d11,2023-12,Wiltshire Police,Wiltshire Police,-1.727200,51.538528,On or near Hospital,E01015547,Swindon 008C,Violence and sexual offences,Investigation complete; no suspect identified,
f3d123d61e0be220c2174b2fb03971a6a042ffc76999fd032f65c4a17b5b0c7f,2023-12,Wiltshire Police,Wiltshire Police,-1.720852,51.525035,On or near Berricot Lane,E01015547,Swindon 008C,Violence and sexual offences,Court result unavailable,
c3b1cf7ddb8397e11ad8e8f12a68d773aab1173437929f11179e76eb5e5d7128,2023-12,Wiltshire Police,Wiltshire Police,-1.699565,51.531133,On or near Park/Open Space,E01015547,Swindon 008C,Violence and sexual offences,Unable to prosecute suspect,
134251103c00cdbada948e26af779157b1980a6fc7c02b30569bb58b0032d397,2023-12,Wiltshire Police,Wiltshire Police,-1.724388,51.519433,On or near Butts Road,E01015547,Swindon 008C,Violence and sexual offences,Unable to prosecute suspect,
56a8044405d7920ccc2985cb618dbfb711129449bfcbc6e413189167ab96a147,2023-12,Wiltshire Police,Wiltshire Police,-1.724388,51.519433,On or near Butts Road,E01015547,Swindon 008C,Violence and sexual offences,Court result unavailable,
fab9704d8776ab9d75171e0d6ff65af9900486eef7bfa50d914265e3d8f724dc,2023-12,Wiltshire Police,Wiltshire Police,-1.727200,51.538528,On or near Hospital,E01015547,Swindon 008C,Violence and sexual offences,Investigation complete; no suspect identified,
2a8e030c29314b9ca5e7f3f1373ac3aca1db7107bd699f3ec8f21be826474b47,2023-12,Wiltshire Police,Wiltshire Police,-1.702350,51.548448,On or near College Green,E01015548,Swindon 008D,Violence and sexual offences,Unable to prosecute suspect,
76b96336520e9533a361aa6d2add67da00d5b10fc8655c60cf52bb35f6a3aee3,2023-12,Wiltshire Police,Wiltshire Police,-1.822143,51.609248,On or near Brantwood Close,E01033840,Swindon 008E,Public order,Unable to prosecute suspect,
d06c1110991e544435743e72884c78acbf9d21e9e891c44b3a7fc01f02e7c857,2023-12,Wiltshire Police,Wiltshire Police,-1.824033,51.609763,On or near Millais Close,E01033840,Swindon 008E,Criminal damage and arson,Investigation complete; no suspect identified,
125507d4a4a118a5675eed1814e7631dd12f35e1537a59fab5bff71ae30ceec2,2023-12,Wiltshire Police,Wiltshire Police,-1.817929,51.608612,On or near Siddal Street,E01033840,Swindon 008E,Violence and sexual offences,Unable to prosecute suspect,
2fbd33a65ddda90e6887cacf2207a66cffaa88f9dc358aae55e94b7cb18acaf1,2023-12,Wiltshire Police,Wiltshire Police,-1.792138,51.611797,On or near Ermin Street,E01033841,Swindon 008F,Violence and sexual offences,Unable to prosecute suspect,
7ddff47c25ba3448856313c727c71bb19dac6d85875a84848e36405175d93f42,2023-12,Wiltshire Police,Wiltshire Police,-1.826685,51.611170,On or near Jekyll Close,E01033842,Swindon 008G,Criminal damage and arson,Unable to prosecute suspect,
a729196cd474e942400e8998e33598467bc6fe6b659ff3c847b793be39551a6f,2023-12,Wiltshire Police,Wiltshire Police,-1.830288,51.609170,On or near Blackwell Close,E01033842,Swindon 008G,Violence and sexual offences,Status update unavailable,
df2c639e1c8dfb3417a7b9ae844de5e9176dd31a56361660ed5b6ed9fad91055,2023-12,Wiltshire Police,Wiltshire Police,-1.826685,51.611170,On or near Jekyll Close,E01033842,Swindon 008G,Violence and sexual offences,Action to be taken by another organisation,
bfa04fe11ffe2d75eea53f4d7da56624504ec48aa187da49ab82bd1ae7456307,2023-12,Wiltshire Police,Wiltshire Police,-1.824084,51.611651,On or near Heygate,E01033842,Swindon 008G,Violence and sexual offences,Unable to prosecute suspect,
4202d5d60011d4adc3ec3a916f92c94414a716eee903db93aa2f37a3e4b395a7,2023-12,Wiltshire Police,Wiltshire Police,-1.824084,51.611651,On or near Heygate,E01033842,Swindon 008G,Violence and sexual offences,Unable to prosecute suspect,
5fd1bc506908bfbd0dd49639e766c1466689834256a1bd26eb97ddd85c16e91a,2023-12,Wiltshire Police,Wiltshire Police,-1.825743,51.611959,On or near Bayes Close,E01033842,Swindon 008G,Other crime,Unable to prosecute suspect,
5bae422847060613a6aa4dd958e49229e95868fed61e0479fc6d1027c4120f86,2023-12,Wiltshire Police,Wiltshire Police,-1.778498,51.613283,On or near Sams Lane,E01033843,Swindon 008H,Bicycle theft,Unable to prosecute suspect,
91c14ba9799b880acefe22e353c43b4bde7046544fe702f27afc88b6f1be8325,2023-12,Wiltshire Police,Wiltshire Police,-1.779625,51.613222,On or near Lonsdale Close,E01033843,Swindon 008H,Public order,Unable to prosecute suspect,
0e1d10715ef438106204a3aac3ad542683d0d3b90f24658633be44c4d2a722bb,2023-12,Wiltshire Police,Wiltshire Police,-1.780259,51.613475,On or near Churchill Avenue,E01033843,Swindon 008H,Violence and sexual offences,Unable to prosecute suspect,
0d7ab664e25b2ba4a6bac936523d88e54e85d6fb72c8f86459cf85e62a6888ef,2023-12,Wiltshire Police,Wiltshire Police,-1.780838,51.613242,On or near Linley Road,E01033843,Swindon 008H,Violence and sexual offences,Investigation complete; no suspect identified,
16f16809b23df98be2af9d7d0b39d4748417ce9440e04821807e9faf4d5b20e6,2023-12,Wiltshire Police,Wiltshire Police,-1.799819,51.609086,On or near Diamond Crescent,E01033844,Swindon 008I,Public order,Unable to prosecute suspect,
,2023-12,Wiltshire Police,Wiltshire Police,-1.803056,51.608417,On or near Coral Close,E01033844,Swindon 008I,Anti-social behaviour,,
,2023-12,Wiltshire Police,Wiltshire Police,-1.799819,51.609086,On or near Diamond Crescent,E01033844,Swindon 008I,Anti-social behaviour,,
,2023-12,Wiltshire Police,Wiltshire Police,-1.799819,51.609086,On or near Diamond Crescent,E01033844,Swindon 008I,Anti-social behaviour,,
f3560392360b6e72e26bbfb260f983e184a6e697ea13d716e452c7e9b805bf8a,2023-12,Wiltshire Police,Wiltshire Police,-1.799351,51.610425,On or near Ruby Close,E01033844,Swindon 008I,Drugs,Local resolution,
7ce4ecb7a4dbd2ae662be308c1cdc88d8656671249da9a0a7cd9632cc74d2e0a,2023-12,Wiltshire Police,Wiltshire Police,-1.799351,51.610425,On or near Ruby Close,E01033844,Swindon 008I,Drugs,Court result unavailable,
447d74377818e6f3ffdfb46ad8ee2940dc9d86b90dbb81d7e3d1e1974e94f6af,2023-12,Wiltshire Police,Wiltshire Police,-1.799819,51.609086,On or near Diamond Crescent,E01033844,Swindon 008I,Shoplifting,Unable to prosecute suspect,
,2023-12,Wiltshire Police,Wiltshire Police,-1.753467,51.571252,On or near Parking Area,E01015549,Swindon 009A,Anti-social behaviour,,
,2023-12,Wiltshire Police,Wiltshire Police,-1.755805,51.571050,On or near Parking Area,E01015549,Swindon 009A,Anti-social behaviour,,
,2023-12,Wiltshire Police,Wiltshire Police,-1.746752,51.574861,On or near Winchester Close,E01015549,Swindon 009A,Anti-social behaviour,,
fb9043915872525c3443ddcb4a5f687bb6bc45e8e8d66ce8b2d8c6cfe71adb60,2023-12,Wiltshire Police,Wiltshire Police,-1.757282,51.572735,On or near Stratton Road,E01015549,Swindon 009A,Criminal damage and arson,Investigation complete; no suspect identified,
675d1946538875e8cf571da493acdf0153f05663944a4cf3c16924fbd5e75bc9,2023-12,Wiltshire Police,Wiltshire Police,-1.745196,51.576899,On or near Crawley Avenue,E01015549,Swindon 009A,Other theft,Investigation complete; no suspect identified,
56e55f186d6c31232777907138f115e3dae749ef73a2c32f303d182f14011da5,2023-12,Wiltshire Police,Wiltshire Police,-1.755805,51.571050,On or near Parking Area,E01015549,Swindon 009A,Shoplifting,Investigation complete; no suspect identified,
fd1f331dee1ab209dc18437cb6e84c2b1c3c137618ca14a24c31f3a929cb5683,2023-12,Wiltshire Police,Wiltshire Police,-1.749222,51.576935,On or near Frilford Drive,E01015549,Swindon 009A,Vehicle crime,Investigation complete; no suspect identified,
ca2ed5ba254f99bed245c75ace6039119ff4c04865363d4758856b1cc6a69884,2023-12,Wiltshire Police,Wiltshire Police,-1.749067,51.576305,On or near Highnam Close,E01015549,Swindon 009A,Vehicle crime,Investigation complete; no suspect identified,
20d60542ac02cee42a9e8d806e38fc108ccdaa32fd1aca1a10f352ae4d3b7d14,2023-12,Wiltshire Police,Wiltshire Police,-1.754454,51.575435,On or near Cameron Close,E01015549,Swindon 009A,Vehicle crime,Court result unavailable,
8d81c34c23c5b42a164adc253eedb6ee3b19fba5ede1f67177f7dea123ce5321,2023-12,Wiltshire Police,Wiltshire Police,-1.760786,51.570431,On or near Shrivenham Road,E01015549,Swindon 009A,Vehicle crime,Investigation complete; no suspect identified,
4ea4f198b3977f1755b276edbd0b93676bdb08e6bfe4c5285f1b418285f015f3,2023-12,Wiltshire Police,Wiltshire Police,-1.752698,51.577365,On or near Swindon Road,E01015549,Swindon 009A,Violence and sexual offences,Unable to prosecute suspect,
36716cf18b9b4e9b95499c047c9e328768d931cf926004455080d933dbe77f59,2023-12,Wiltshire Police,Wiltshire Police,-1.752698,51.577365,On or near Swindon Road,E01015549,Swindon 009A,Violence and sexual offences,Unable to prosecute suspect,
c03a08abc1f97264ce36644e17e99aa9ae8aaae7358b47810f9ee70e5fa0652b,2023-12,Wiltshire Police,Wiltshire Police,-1.749067,51.576305,On or near Highnam Close,E01015549,Swindon 009A,Violence and sexual offences,Unable to prosecute suspect,
eb46f53902f98d31b9e477080ce8bc6a707e812421fb79566a9794b923f0c291,2023-12,Wiltshire Police,Wiltshire Police,-1.751465,51.573271,On or near Whitelands Road,E01015549,Swindon 009A,Violence and sexual offences,Unable to prosecute suspect,
c2552850365a4c82296780ce65b96344eb1104da94528e0f980590013ccd1e6b,2023-12,Wiltshire Police,Wiltshire Police,-1.748369,51.572105,On or near Heath Way,E01015550,Swindon 009B,Drugs,Investigation complete; no suspect identified,
54300988c6afb12bac919739cb19ed63e22a890c942d587eac7c9fd0d4b3af75,2023-12,Wiltshire Police,Wiltshire Police,-1.753580,51.569005,On or near Drake'S Way,E01015550,Swindon 009B,Vehicle crime,Investigation complete; no suspect identified,
9420410ef2be8a4cbb6ff6dcaf1c902e5d764b48e650a62c896abdde1317d260,2023-12,Wiltshire Police,Wiltshire Police,-1.753580,51.569005,On or near Drake'S Way,E01015550,Swindon 009B,Violence and sexual offences,Local resolution,
0a836c02452e298d6c179ca34a279d0bd88db9e0b5c61e642f980c2064783392,2023-12,Wiltshire Police,Wiltshire Police,-1.746809,51.572272,On or near Haven Close,E01015550,Swindon 009B,Violence and sexual offences,Unable to prosecute suspect,
1c892db4c7b5e25691fc5306c74e613e0ea764591da09d84917e9f2d95a0df51,2023-12,Wiltshire Police,Wiltshire Police,-1.751207,51.567660,On or near Crampton Road,E01015550,Swindon 009B,Violence and sexual offences,Unable to prosecute suspect,
,2023-12,Wiltshire Police,Wiltshire Police,-1.744239,51.575279,On or near Sandgate,E01015550,Swindon 009B,Anti-social behaviour,,
,2023-12,Wiltshire Police,Wiltshire Police,-1.746712,51.568972,On or near Twickenham Close,E01015550,Swindon 009B,Anti-social behaviour,,
,2023-12,Wiltshire Police,Wiltshire Police,-1.752320,51.569928,On or near A4312,E01015550,Swindon 009B,Anti-social behaviour,,
,2023-12,Wiltshire Police,Wiltshire Police,-1.753580,51.569005,On or near Drake'S Way,E01015550,Swindon 009B,Anti-social behaviour,,
08e4025ab356ce5d56eb661eb4b9791f636d438c9bda6e444b1c79936ce049a2,2023-12,Wiltshire Police,Wiltshire Police,-1.753580,51.569005,On or near Drake'S Way,E01015550,Swindon 009B,Public order,Investigation complete; no suspect identified,
515affe95512401760a419756ac5b7c52165bac2c9d09857e7a77e326855c62e,2023-12,Wiltshire Police,Wiltshire Police,-1.752320,51.569928,On or near A4312,E01015550,Swindon 009B,Shoplifting,Investigation complete; no suspect identified,
19ac24aedcefe6c49810c466034956a17c08064853ec247327f0de886ffd59f8,2023-12,Wiltshire Police,Wiltshire Police,-1.752320,51.569928,On or near A4312,E01015550,Swindon 009B,Shoplifting,Investigation complete; no suspect identified,
0d504a6bef323df5f13c5d7ca60125d4aaf5ba98f5bd191c6fa04ac26e5f1173,2023-12,Wiltshire Police,Wiltshire Police,-1.746712,51.568972,On or near Twickenham Close,E01015550,Swindon 009B,Theft from the person,Unable to prosecute suspect,
baea987e87be608728ea1c14b97582031cc05d1056e30d720d03e21905919dbe,2023-12,Wiltshire Police,Wiltshire Police,-1.753580,51.569005,On or near Drake'S Way,E01015550,Swindon 009B,Vehicle crime,Investigation complete; no suspect identified,
121ce08c5ddbe1588a9ba8c145fafefe84e555b1a003ff84b96e24af61dc870e,2023-12,Wiltshire Police,Wiltshire Police,-1.753580,51.569005,On or near Drake'S Way,E01015550,Swindon 009B,Vehicle crime,Investigation complete; no suspect identified,
4c02e4f7371be8c25d999bd25a1906af1b393b33c9c1f87f91d05e51c83c3493,2023-12,Wiltshire Police,Wiltshire Police,-1.752320,51.569928,On or near A4312,E01015550,Swindon 009B,Vehicle crime,Investigation complete; no suspect identified,
319e5b4311ca9b9bdef71d45e2a6d74bba5622335953e3d4eb2508cad5e93b62,2023-12,Wiltshire Police,Wiltshire Police,-1.751207,51.567660,On or near Crampton Road,E01015550,Swindon 009B,Violence and sexual offences,Unable to prosecute suspect,
c52c5ac3fdca90e517f52df747c176f29b6aeb4930a911fc70e65d055df3386b,2023-12,Wiltshire Police,Wiltshire Police,-1.740299,51.577832,On or near Carver Close,E01015551,Swindon 009C,Burglary,Investigation complete; no suspect identified,
0def078d27e85a8955fd1006982572d85f231d8f5ae982b19690ee7a7be43f58,2023-12,Wiltshire Police,Wiltshire Police,-1.734967,51.576580,On or near A420,E01015551,Swindon 009C,Public order,Unable to prosecute suspect,
054b0c75c4a760954b07890a060ea676349b0be464c920312296440955b28c5f,2023-12,Wiltshire Police,Wiltshire Police,-1.734967,51.576580,On or near A420,E01015551,Swindon 009C,Criminal damage and arson,Investigation complete; no suspect identified,
2ba13e881bf97ee273616baffa6d4902d1f5e9da91a223550b8f74ec721843ea,2023-12,Wiltshire Police,Wiltshire Police,-1.734967,51.576580,On or near A420,E01015551,Swindon 009C,Criminal damage and arson,Investigation complete; no suspect identified,
51aa3c9f56377761b1edaf50f9bbf6877776c75e9a88c289f5da2a0b4f2c5c1e,2023-12,Wiltshire Police,Wiltshire Police,-1.734967,51.576580,On or near A420,E01015551,Swindon 009C,Criminal damage and arson,Investigation complete; no suspect identified,
8771fce9a30871fdca2ea223cacb92983db6f65d153f30b9ad0e7d7aed4dbcc6,2023-12,Wiltshire Police,Wiltshire Police,-1.734967,51.576580,On or near A420,E01015551,Swindon 009C,Criminal damage and arson,Investigation complete; no suspect identified,
cff998d4fcffcf89a5209d6edcbadd0f83cc6ac35ce04998757a3bc60f6ae35b,2023-12,Wiltshire Police,Wiltshire Police,-1.734967,51.576580,On or near A420,E01015551,Swindon 009C,Criminal damage and arson,Investigation complete; no suspect identified,
ab1b224318a723501df28ae1fe1504d104426f19d2447ff2674635dc006f2578,2023-12,Wiltshire Police,Wiltshire Police,-1.734967,51.576580,On or near A420,E01015551,Swindon 009C,Criminal damage and arson,Investigation complete; no suspect identified,
2936ba0feff6074036dac05a6753cd839b29397c1fa53a5f60b8baf223ea59e7,2023-12,Wiltshire Police,Wiltshire Police,-1.738118,51.578205,On or near Hatherall Close,E01015551,Swindon 009C,Drugs,Local resolution,
d5ba59a6a21672f0347eb959a6b2750b3f9adf1a5441549e8616ea5e31554195,2023-12,Wiltshire Police,Wiltshire Police,-1.734967,51.576580,On or near A420,E01015551,Swindon 009C,Public order,Status update unavailable,
30651399ecc66ea3287c141c9af3b33fa8798400e53a864748029dda0a0562d5,2023-12,Wiltshire Police,Wiltshire Police,-1.734967,51.576580,On or near A420,E01015551,Swindon 009C,Vehicle crime,Investigation complete; no suspect identified,
80bba8ec9922f2f10b3804d06405623e68cd3ec4c49dd35f755aa85891618f0b,2023-12,Wiltshire Police,Wiltshire Police,-1.738118,51.578205,On or near Hatherall Close,E01015551,Swindon 009C,Violence and sexual offences,Action to be taken by another organisation,
c5a4e4f15e9590f7c8fb64b080199cdfab6faba847f8489cf4b5c2857737e0d3,2023-12,Wiltshire Police,Wiltshire Police,-1.739977,51.576177,On or near Burden Close,E01015551,Swindon 009C,Violence and sexual offences,Investigation complete; no suspect identified,
2b7e395103157166b956743bb40c3a63fdf3d67f375fb619b2c9642ac1dcb12b,2023-12,Wiltshire Police,Wiltshire Police,-1.738118,51.578205,On or near Hatherall Close,E01015551,Swindon 009C,Violence and sexual offences,Action to be taken by another organisation,
672afa76fcd77f08667972ec88dad49a71bcedec4406701a0d3631cf2675e707,2023-12,Wiltshire Police,Wiltshire Police,-1.734967,51.576580,On or near A420,E01015551,Swindon 009C,Violence and sexual offences,Offender given a caution,
91558805d1a5fb5f6e9a0289ed82c3e933aff6209ecb272437142f9d21cdab41,2023-12,Wiltshire Police,Wiltshire Police,-1.738118,51.578205,On or near Hatherall Close,E01015551,Swindon 009C,Violence and sexual offences,Action to be taken by another organisation,
9a37fada353704f5b0a7d805568a26e40fae49925bedbafe795f50f2299d7283,2023-12,Wiltshire Police,Wiltshire Police,-1.734967,51.576580,On or near A420,E01015551,Swindon 009C,Violence and sexual offences,Investigation complete; no suspect identified,
97b5202683d1f68a6c225b98e06ca0a72dbc20bb3adc69a83b097d5535f92768,2023-12,Wiltshire Police,Wiltshire Police,-1.738118,51.578205,On or near Hatherall Close,E01015551,Swindon 009C,Violence and sexual offences,Action to be taken by another organisation,
d1c49175b67424a8022434da92ed8ef1763bcbe628b2305c59757721d09f22e5,2023-12,Wiltshire Police,Wiltshire Police,-1.739977,51.576177,On or near Burden Close,E01015551,Swindon 009C,Violence and sexual offences,Unable to prosecute suspect,
c79cbabe8cfd52b423c80350a3dc8b71c1009d763c5eba59f36c50db452fd7a5,2023-12,Wiltshire Police,Wiltshire Police,-1.738118,51.578205,On or near Hatherall Close,E01015551,Swindon 009C,Violence and sexual offences,Action to be taken by another organisation,
ae2ab14f25d232dd405c27eca988446440d37211275513dd1e739239d46a0037,2023-12,Wiltshire Police,Wiltshire Police,-1.749090,51.579992,On or near Goulding Close,E01015552,Swindon 009D,Burglary,Unable to prosecute suspect,
33cde525283efd592d3bee59205a83823c4c3a55584d31ab262278f5ee31590d,2023-12,Wiltshire Police,Wiltshire Police,-1.746546,51.588573,On or near St Quentin Close,E01015552,Swindon 009D,Other theft,Investigation complete; no suspect identified,
,2023-12,Wiltshire Police,Wiltshire Police,-1.747280,51.586300,On or near Hatch Road,E01015552,Swindon 009D,Anti-social behaviour,,
5ca01cd82e07abb5e25435aa20b0c9ec7437be2fde5908a3e2d9ffd876308157,2023-12,Wiltshire Police,Wiltshire Police,-1.751496,51.581995,On or near Shopping Area,E01015552,Swindon 009D,Bicycle theft,Investigation complete; no suspect identified,
55beaafbc45502dfebbc7769bfe65b55bce2e38463a9e2e22d613483eb9596c9,2023-12,Wiltshire Police,Wiltshire Police,-1.746836,51.601323,On or near Kingsdown Lane,E01015552,Swindon 009D,Possession of weapons,Status update unavailable,
5687e369e3eeef7b97009b0838b43a269e85a6313b0fcb6c8804aacb62940f73,2023-12,Wiltshire Police,Wiltshire Police,-1.748870,51.580584,On or near Callaghan Close,E01015552,Swindon 009D,Public order,Unable to prosecute suspect,
8a210cb6b260dccce35808da2fc8c811f727a52a2e493938acb469194239d065,2023-12,Wiltshire Police,Wiltshire Police,-1.753104,51.584891,On or near Parsonage Road,E01015552,Swindon 009D,Shoplifting,Investigation complete; no suspect identified,
85e0443839342cab5ec7dfcc6823b1aa6a629a39cf7341badaab6932420e4bcd,2023-12,Wiltshire Police,Wiltshire Police,-1.753104,51.584891,On or near Parsonage Road,E01015552,Swindon 009D,Shoplifting,Court result unavailable,
a4348cb92fd0b7c336c9058f5b2cccda6d472f0dc20e3801feb62e3e7082bb70,2023-12,Wiltshire Police,Wiltshire Police,-1.746546,51.588573,On or near St Quentin Close,E01015552,Swindon 009D,Vehicle crime,Unable to prosecute suspect,
ce6f707e065205382d870e2a1f3678f09f325618a272f5cc36b772245e0f2c0d,2023-12,Wiltshire Police,Wiltshire Police,-1.746546,51.588573,On or near St Quentin Close,E01015552,Swindon 009D,Vehicle crime,Investigation complete; no suspect identified,
c1cb4cde858268a882779fe7db77249c24a8d6be27f06a44795fdf92d01e7f8a,2023-12,Wiltshire Police,Wiltshire Police,-1.749180,51.582069,On or near Parkside,E01015552,Swindon 009D,Violence and sexual offences,Status update unavailable,
9edc98c0e04d24b7fb3024d599f21b52678abef0513dc74ce641663d9a5e57ee,2023-12,Wiltshire Police,Wiltshire Police,-1.746546,51.588573,On or near St Quentin Close,E01015552,Swindon 009D,Violence and sexual offences,Status update unavailable,
52a86e50d1103872c8ee9742f314e260eed26aefda0bf093c8b41bcbd1a2c6b9,2023-12,Wiltshire Police,Wiltshire Police,-1.746546,51.588573,On or near St Quentin Close,E01015552,Swindon 009D,Violence and sexual offences,Unable to prosecute suspect,
9271f5a5e8cfcda6e3f3d15d10dce0321e3debc540c99bdf374c715af87b91d2,2023-12,Wiltshire Police,Wiltshire Police,-1.746546,51.588573,On or near St Quentin Close,E01015552,Swindon 009D,Violence and sexual offences,Unable to prosecute suspect,
d686052388e74ca33d3613271dc81c0d88496cf45d420780243111d43f1f5129,2023-12,Wiltshire Police,Wiltshire Police,-1.747930,51.583666,On or near Frank Warman Court,E01015553,Swindon 009E,Drugs,Unable to prosecute suspect,
06c55a35e307bec27d49feee02d9516167d06a9029b6e02a8794a9b0cbf32b48,2023-12,Wiltshire Police,Wiltshire Police,-1.747930,51.583666,On or near Frank Warman Court,E01015553,Swindon 009E,Public order,Unable to prosecute suspect,
4c9c271d40cb0169baddf50d00a73759930c489126851e7a5322f06ddc178ec7,2023-12,Wiltshire Police,Wiltshire Police,-1.747930,51.583666,On or near Frank Warman Court,E01015553,Swindon 009E,Violence and sexual offences,Unable to prosecute suspect,
,2023-12,Wiltshire Police,Wiltshire Police,-1.747930,51.583666,On or near Frank Warman Court,E01015553,Swindon 009E,Anti-social behaviour,,
f2a22774939085b3141856e40b465296873abd96ad5ef43d0fb4152425647aad,2023-12,Wiltshire Police,Wiltshire Police,-1.747930,51.583666,On or near Frank Warman Court,E01015553,Swindon 009E,Burglary,Investigation complete; no suspect identified,
81b4aafc92aceae28d1f93febdb09912d02d2764c8e4b1166b69325e80bc022b,2023-12,Wiltshire Police,Wiltshire Police,-1.745440,51.582447,On or near Walnut Tree Close,E01015553,Swindon 009E,Possession of weapons,Offender given a caution,
70a24dfa4ee49387a78e5311945718dc0adb3ef22607a4d915878f421da914e1,2023-12,Wiltshire Police,Wiltshire Police,-1.747930,51.583666,On or near Frank Warman Court,E01015553,Swindon 009E,Vehicle crime,Investigation complete; no suspect identified,
91aba95809e71ee55c8d7270839d50e9de1a648a6fbe8f4ae1d59a54e7563d14,2023-12,Wiltshire Police,Wiltshire Police,-1.747930,51.583666,On or near Frank Warman Court,E01015553,Swindon 009E,Violence and sexual offences,Unable to prosecute suspect,
e9dc3ff7fda8f4077cd61fad6d44c3ab3e3f018a79ecafe2bbc4713218779cdd,2023-12,Wiltshire Police,Wiltshire Police,-1.744960,51.583022,On or near Bowman Close,E01015553,Swindon 009E,Violence and sexual offences,Unable to prosecute suspect,
0e09e9ca85ed2f949d058d0bfd42f1ce25742ccce686f92710256ff5962bad9a,2023-12,Wiltshire Police,Wiltshire Police,-1.746425,51.581748,On or near Church Way,E01015554,Swindon 009F,Theft from the person,Investigation complete; no suspect identified,
6b38e50c54b45c9566974586faf42f33dbc1e458d6bf352d6e36a34def0737ba,2023-12,Wiltshire Police,Wiltshire Police,-1.748326,51.577292,On or near Birchwood Road,E01015554,Swindon 009F,Violence and sexual offences,Unable to prosecute suspect,
fec58b0e05a139b7a10c86429237e0c69b5a7f7f8771854fa142c07ef512d20f,2023-12,Wiltshire Police,Wiltshire Police,-1.781657,51.577890,On or near Hawthorn Avenue,E01015508,Swindon 010A,Public order,Unable to prosecute suspect,
,2023-12,Wiltshire Police,Wiltshire Police,-1.782215,51.579078,On or near Tulip Tree Close,E01015508,Swindon 010A,Anti-social behaviour,,
,2023-12,Wiltshire Police,Wiltshire Police,-1.777961,51.578431,On or near Wilcox Close,E01015508,Swindon 010A,Anti-social behaviour,,
1206788eb9dec018ecddb815c3400e53679c00da2e8420d0352daa1d8065d6be,2023-12,Wiltshire Police,Wiltshire Police,-1.779047,51.577552,On or near Firethorn Close,E01015508,Swindon 010A,Criminal damage and arson,Unable to prosecute suspect,
0d62c9480879f595b0033e0dd57916d0bcca0fc23442a6d69f109025f278a1b2,2023-12,Wiltshire Police,Wiltshire Police,-1.781657,51.577890,On or near Hawthorn Avenue,E01015508,Swindon 010A,Other theft,Unable to prosecute suspect,
228df9e7c6919988ca0e45e7c7a2c64bb86fabb8fdc53c8aa77964801dc75f2f,2023-12,Wiltshire Police,Wiltshire Police,-1.781657,51.577890,On or near Hawthorn Avenue,E01015508,Swindon 010A,Vehicle crime,Investigation complete; no suspect identified,
33f3737e12b05ded7b0bdd509eced8b19bc623b4cd5b37e8d9e512cfbdc5efd6,2023-12,Wiltshire Police,Wiltshire Police,-1.782215,51.579078,On or near Tulip Tree Close,E01015508,Swindon 010A,Violence and sexual offences,Status update unavailable,
14ac2b1c3cac1e0529a6557bd2d339f23523ca6b32b29bf551257e39ab033ccf,2023-12,Wiltshire Police,Wiltshire Police,-1.782215,51.579078,On or near Tulip Tree Close,E01015508,Swindon 010A,Violence and sexual offences,Local resolution,
d0024831d5c0dc4556d5501b4285bf3ffdcac6226ab1f36d18dd00dba545f688,2023-12,Wiltshire Police,Wiltshire Police,-1.785142,51.573355,On or near David Stoddart Gardens,E01015508,Swindon 010A,Violence and sexual offences,Status update unavailable,
4892df1852ee7cf775ecb9dec6bf48f9d342e90a410e0201606158f35bcaa8d6,2023-12,Wiltshire Police,Wiltshire Police,-1.785142,51.573355,On or near David Stoddart Gardens,E01015508,Swindon 010A,Violence and sexual offences,Unable to prosecute suspect,
09836eaddf0b36d179c3a2168e675460e76fcec2dddf9695c415bccabc49bdf8,2023-12,Wiltshire Police,Wiltshire Police,-1.770509,51.576502,On or near Athena Avenue,E01015509,Swindon 010B,Other theft,Unable to prosecute suspect,
,2023-12,Wiltshire Police,Wiltshire Police,-1.774599,51.575341,On or near Tydeman Street,E01015509,Swindon 010B,Anti-social behaviour,,
,2023-12,Wiltshire Police,Wiltshire Police,-1.766245,51.572258,On or near Gipsy Lane,E01015509,Swindon 010B,Anti-social behaviour,,
,2023-12,Wiltshire Police,Wiltshire Police,-1.766245,51.572258,On or near Gipsy Lane,E01015509,Swindon 010B,Anti-social behaviour,,
,2023-12,Wiltshire Police,Wiltshire Police,-1.774290,51.573704,On or near Edinburgh Street,E01015509,Swindon 010B,Anti-social behaviour,,
,2023-12,Wiltshire Police,Wiltshire Police,-1.779281,51.576995,On or near May Close,E01015509,Swindon 010B,Anti-social behaviour,,
,2023-12,Wiltshire Police,Wiltshire Police,-1.766916,51.576495,On or near Moray Road,E01015509,Swindon 010B,Anti-social behaviour,,
,2023-12,Wiltshire Police,Wiltshire Police,-1.774531,51.574558,On or near Argyle Street,E01015509,Swindon 010B,Anti-social behaviour,,
28cef8f5808528de8548f04332b28f299d0d2b6c9e2b1e27733dc77a00cefc0f,2023-12,Wiltshire Police,Wiltshire Police,-1.779281,51.576995,On or near May Close,E01015509,Swindon 010B,Possession of weapons,Unable to prosecute suspect,
4b59ef499daa3f716c2404af054cab2748b3aa59d89ecbe92bdf3aaa5523ab97,2023-12,Wiltshire Police,Wiltshire Police,-1.779281,51.576995,On or near May Close,E01015509,Swindon 010B,Violence and sexual offences,Unable to prosecute suspect,
ea90b753a9f74e741543c5b8c4822ae4867ed84b118292f70aed47adc4b36d51,2023-12,Wiltshire Police,Wiltshire Police,-1.762321,51.577771,On or near Bramble Road,E01015509,Swindon 010B,Violence and sexual offences,Investigation complete; no suspect identified,
4307ac2e116bbc6f036f439afb0901e2446a469920cec2bd6b4a36c27067af4c,2023-12,Wiltshire Police,Wiltshire Police,-1.775344,51.570514,On or near Mervyn Webb Place,E01015510,Swindon 010C,Theft from the person,Investigation complete; no suspect identified,
22a4debe74d80f91808d4ff2504137a5825ddc3416d0615ff2cd64d38a0066ad,2023-12,Wiltshire Police,Wiltshire Police,-1.772764,51.569951,On or near Cirencester Way,E01015510,Swindon 010C,Violence and sexual offences,Unable to prosecute suspect,
,2023-12,Wiltshire Police,Wiltshire Police,-1.776396,51.570804,On or near Bright Street,E01015510,Swindon 010C,Anti-social behaviour,,
,2023-12,Wiltshire Police,Wiltshire Police,-1.780342,51.569399,On or near Beatrice Street,E01015510,Swindon 010C,Anti-social behaviour,,
,2023-12,Wiltshire Police,Wiltshire Police,-1.776396,51.570804,On or near Bright Street,E01015510,Swindon 010C,Anti-social behaviour,,
,2023-12,Wiltshire Police,Wiltshire Police,-1.780342,51.569399,On or near Beatrice Street,E01015510,Swindon 010C,Anti-social behaviour,,
,2023-12,Wiltshire Police,Wiltshire Police,-1.776451,51.571361,On or near Carpenters Lane,E01015510,Swindon 010C,Anti-social behaviour,,
,2023-12,Wiltshire Police,Wiltshire Police,-1.776451,51.571361,On or near Carpenters Lane,E01015510,Swindon 010C,Anti-social behaviour,,
15ff93e1bef53afcbe97a9e46799ae485b9a48c036a998e2a77c6e3c2e5e4de3,2023-12,Wiltshire Police,Wiltshire Police,-1.780342,51.569399,On or near Beatrice Street,E01015510,Swindon 010C,Criminal damage and arson,Investigation complete; no suspect identified,
a5e37b4b3891d719622bf3593b78f67bbc0612002dad74c5fb0689d71a3de7b3,2023-12,Wiltshire Police,Wiltshire Police,-1.776814,51.572292,On or near Supermarket,E01015510,Swindon 010C,Criminal damage and arson,Investigation complete; no suspect identified,
d7aecbe743c5b57a5b9a23753a57ff1b35eeba95f3999cec43df77125f6353f6,2023-12,Wiltshire Police,Wiltshire Police,-1.780342,51.569399,On or near Beatrice Street,E01015510,Swindon 010C,Drugs,Court result unavailable,
e17e5000d261c3d1ae0b521a18010af55b23161f84131e4e46ea023e9bda49f6,2023-12,Wiltshire Police,Wiltshire Police,-1.777728,51.569799,On or near Handel Street,E01015510,Swindon 010C,Drugs,Unable to prosecute suspect,
b45d75d7c6a206d5a4871e31f20e61d9767698521c4d344bc81d2b46a8a4a305,2023-12,Wiltshire Police,Wiltshire Police,-1.772252,51.571434,On or near Supermarket,E01015510,Swindon 010C,Drugs,Local resolution,
1399e3a9234a8e43bd2efc353fc99ba62ed78a389aa8b906059117cbab3989df,2023-12,Wiltshire Police,Wiltshire Police,-1.776396,51.570804,On or near Bright Street,E01015510,Swindon 010C,Other theft,Court result unavailable,
c20e46101312f665e26ee16e80076d944810774faf75647d9ac294c53ea606cf,2023-12,Wiltshire Police,Wiltshire Police,-1.776083,51.572781,On or near Avening Street,E01015510,Swindon 010C,Possession of weapons,Status update unavailable,
1d073788823190d6e7b4671004768a6ddfdc265b8eb1d3f5337f469812c5b37e,2023-12,Wiltshire Police,Wiltshire Police,-1.777767,51.570698,On or near Parking Area,E01015510,Swindon 010C,Shoplifting,Court result unavailable,
ce3c7893abaa294766ef36b63dde72d156f5bbc07d5ce16c2f737b3279c1afea,2023-12,Wiltshire Police,Wiltshire Police,-1.777767,51.570698,On or near Parking Area,E01015510,Swindon 010C,Shoplifting,Investigation complete; no suspect identified,
a1ad3cefa43bb0dbba6bb54494842bba6a9aeeec9733dd8793b218a4ec3aa7b1,2023-12,Wiltshire Police,Wiltshire Police,-1.775344,51.570514,On or near Mervyn Webb Place,E01015510,Swindon 010C,Theft from the person,Investigation complete; no suspect identified,
9a3a4e6939ecc66d2b8c7fa724045021acaad628bc6c138d376dcf5c89d2d8e8,2023-12,Wiltshire Police,Wiltshire Police,-1.776131,51.571864,On or near Parking Area,E01015510,Swindon 010C,Vehicle crime,Investigation complete; no suspect identified,
c0483198dae5698bb5c419a670a8f06823c6db235e1cff80d7a728402499cea7,2023-12,Wiltshire Police,Wiltshire Police,-1.780342,51.569399,On or near Beatrice Street,E01015510,Swindon 010C,Vehicle crime,Investigation complete; no suspect identified,
a0c28452642c0c69ee83e24da1a1f5f40483174e8f48a3302a8c504c0b8b2b77,2023-12,Wiltshire Police,Wiltshire Police,-1.776131,51.571864,On or near Parking Area,E01015510,Swindon 010C,Vehicle crime,Investigation complete; no suspect identified,
78ad52d82a9836260c1544cc13e25c6ba8d8cd52f86c0829bb08b40396cb853b,2023-12,Wiltshire Police,Wiltshire Police,-1.773178,51.570905,On or near Bright Street,E01015510,Swindon 010C,Vehicle crime,Investigation complete; no suspect identified,
e0491ac1e22d400e5418029e8cc57ac7ad410350c515e9b432d2a4bad4f74d30,2023-12,Wiltshire Police,Wiltshire Police,-1.777728,51.569799,On or near Handel Street,E01015510,Swindon 010C,Vehicle crime,Investigation complete; no suspect identified,
fea5aba8a00cec3eb6b2bf6ab57fd4499ea7245438a777347adf47e3d1b93f6a,2023-12,Wiltshire Police,Wiltshire Police,-1.775344,51.570514,On or near Mervyn Webb Place,E01015510,Swindon 010C,Vehicle crime,Investigation complete; no suspect identified,
f29ff5d809d477972520286afc9d84788a1232b8d8d01abb0996abb2f3e9af10,2023-12,Wiltshire Police,Wiltshire Police,-1.777728,51.569799,On or near Handel Street,E01015510,Swindon 010C,Vehicle crime,Investigation complete; no suspect identified,
477de6df70b261b3c9dab3abef2c7c9497b0a5847dfec043851843872fb998c3,2023-12,Wiltshire Police,Wiltshire Police,-1.777728,51.569799,On or near Handel Street,E01015510,Swindon 010C,Violence and sexual offences,Unable to prosecute suspect,
c161aaa56e821a88c851a6d68c79d2a31cd162272001139959a8f29e1956f4d6,2023-12,Wiltshire Police,Wiltshire Police,-1.777767,51.570698,On or near Parking Area,E01015510,Swindon 010C,Violence and sexual offences,Investigation complete; no suspect identified,
9afa9386200041b3bff2477f4e8749b0894f7c2e556ef49fc7fcbb66ea559f75,2023-12,Wiltshire Police,Wiltshire Police,-1.780342,51.569399,On or near Beatrice Street,E01015510,Swindon 010C,Other crime,Investigation complete; no suspect identified,
cc5e3480d4fa1f20197bdfdb9daf1ce4ff108e8c8fb4c0bdec4f7b3a733cdbf8,2023-12,Wiltshire Police,Wiltshire Police,-1.785627,51.571459,On or near St Marys Grove,E01015511,Swindon 010D,Burglary,Unable to prosecute suspect,
1d3c9d93d4962634ab861a58d0024f23057beeac59d8a39cc11ca937579e874d,2023-12,Wiltshire Police,Wiltshire Police,-1.777742,51.572874,On or near St Paul'S Street,E01015511,Swindon 010D,Criminal damage and arson,Investigation complete; no suspect identified,
c914496abe994532163e3c8382eb237d583099cdabe92c29b7d2a733853f0736,2023-12,Wiltshire Police,Wiltshire Police,-1.781019,51.572664,On or near Norman Road,E01015511,Swindon 010D,Criminal damage and arson,Status update unavailable,
d064f08a80460aa0ceca4b998af477c84a800866b0b1b4bc804c8a23dc7b1621,2023-12,Wiltshire Police,Wiltshire Police,-1.784000,51.570827,On or near Newmarket Street,E01015511,Swindon 010D,Criminal damage and arson,Investigation complete; no suspect identified,
4cf949c1923387626300de6896029ab01082807315c9ef46b7150c1295183ce9,2023-12,Wiltshire Police,Wiltshire Police,-1.784000,51.570827,On or near Newmarket Street,E01015511,Swindon 010D,Public order,Investigation complete; no suspect identified,
f890b4766ba1d42ee8da31aa7b464124815c00d10b583a0378c1e9a3fcec2fb2,2023-12,Wiltshire Police,Wiltshire Police,-1.784089,51.570215,On or near Sports/Recreation Area,E01015511,Swindon 010D,Robbery,Investigation complete; no suspect identified,
1b3e47eff793ec4bb1cd0692d2210784f51f0250cfafb69d592755dbf9488d2b,2023-12,Wiltshire Police,Wiltshire Police,-1.777742,51.572874,On or near St Paul'S Street,E01015511,Swindon 010D,Vehicle crime,Investigation complete; no suspect identified,
6046e458dc92734e85607db6b9657fd2e921c31f046a654f0b6377a6016630b2,2023-12,Wiltshire Police,Wiltshire Police,-1.783775,51.572670,On or near Kitchener Street,E01015511,Swindon 010D,Vehicle crime,Investigation complete; no suspect identified,
af70a2539faf73f361649b503b239103b0c15090bde216bf9bab56fc0c79a5c5,2023-12,Wiltshire Police,Wiltshire Police,-1.784000,51.570827,On or near Newmarket Street,E01015511,Swindon 010D,Violence and sexual offences,Investigation complete; no suspect identified,
608adedd647236063ee3a362b70fa24191363a4471cfb62b088b893c5758df44,2023-12,Wiltshire Police,Wiltshire Police,-1.779460,51.569748,On or near Suffolk Street,E01015511,Swindon 010D,Violence and sexual offences,Unable to prosecute suspect,
1258541e269392629077117914013967301cb9c048c1d57d19991a657840bc19,2023-12,Wiltshire Police,Wiltshire Police,-1.831630,51.578269,On or near Melfort Close,E01015562,Swindon 011A,Other theft,Investigation complete; no suspect identified,
67112b8e3561031e0b8c2918a0b11848b7161a265d5a1f89bb71eed55cac126c,2023-12,Wiltshire Police,Wiltshire Police,-1.836282,51.576854,On or near Shearwood Road,E01015562,Swindon 011A,Public order,Action to be taken by another organisation,
7667141ce1ee4b5e1b7bbb042abc2e92df659c1c35b2156d60568bdd27ce574e,2023-12,Wiltshire Police,Wiltshire Police,-1.834604,51.577760,On or near Midwinter Close,E01015562,Swindon 011A,Public order,Investigation complete; no suspect identified,
31d2bbe9e9a827afa9dba01bf1739e59223b77b4216fcf26c6f1b59c00b30310,2023-12,Wiltshire Police,Wiltshire Police,-1.841650,51.576673,On or near Horseshoe Crescent,E01015563,Swindon 011B,Vehicle crime,Investigation complete; no suspect identified,
160a0907cf681348f11b38a44f88f6a82b93ceb7603110af5496aea7411bea6e,2023-12,Wiltshire Police,Wiltshire Police,-1.842493,51.575020,On or near Roughmoor Farm Close,E01015563,Swindon 011B,Vehicle crime,Investigation complete; no suspect identified,
35b9dce381523ac84d9d5ca8f94ad41ef98cd705b03807acb5d799505e77c183,2023-12,Wiltshire Police,Wiltshire Police,-1.841403,51.577167,On or near Chase Wood,E01015563,Swindon 011B,Vehicle crime,Investigation complete; no suspect identified,
353b9c4f68ebfbc4e1a52ee421bcd1b45285a712be02f076deca112dfc1ef7f0,2023-12,Wiltshire Police,Wiltshire Police,-1.841667,51.576196,On or near Highmoor Copse,E01015563,Swindon 011B,Vehicle crime,Investigation complete; no suspect identified,
42f756d5d4f93f1ea7f778c75bb9b8da34d5e2f439f54f3de0e913cf8823dc28,2023-12,Wiltshire Police,Wiltshire Police,-1.843541,51.572477,On or near Kingscote Close,E01015563,Swindon 011B,Vehicle crime,Investigation complete; no suspect identified,
b559e6877461b1df915da80818d6af4592ac459051254403c1dd47f1dedef339,2023-12,Wiltshire Police,Wiltshire Police,-1.841650,51.576673,On or near Horseshoe Crescent,E01015563,Swindon 011B,Vehicle crime,Investigation complete; no suspect identified,
1dd6f2062f2719c3285f8785049626ad5c1e16cf827d746b79d7ddad1900845b,2023-12,Wiltshire Police,Wiltshire Police,-1.844646,51.574043,On or near The Elms,E01015563,Swindon 011B,Vehicle crime,Investigation complete; no suspect identified,
995ebb2f2ec05c2f743eb00f372b19cab90d1ce6e5a45a3645adc746ad351a0c,2023-12,Wiltshire Police,Wiltshire Police,-1.840579,51.577786,On or near Eaton Wood,E01015563,Swindon 011B,Vehicle crime,Investigation complete; no suspect identified,
04cd6a01bf9b733823705fca57fa66aa0c6ccd87146e5a4cb6ed26cafe6f75bd,2023-12,Wiltshire Police,Wiltshire Police,-1.844331,51.569106,On or near Harvester Close,E01015565,Swindon 011C,Violence and sexual offences,Unable to prosecute suspect,
487c9ef1cf3f3cd5219d04207fc9efae2be10997e8860089cd0c9c68e86350f6,2023-12,Wiltshire Police,Wiltshire Police,-1.845085,51.568217,On or near Maldwyn Close,E01015565,Swindon 011C,Violence and sexual offences,Unable to prosecute suspect,
81a5361aade437658cd2a4aa40f29c9b8b028d49038b2a7234b354e4401f66da,2023-12,Wiltshire Police,Wiltshire Police,-1.836962,51.568062,On or near Pilgrim Close,E01015565,Swindon 011C,Criminal damage and arson,Investigation complete; no suspect identified,
0eda6def0eac28f51918b7f55f8b001ec8d72f829967667f9d37e81154423544,2023-12,Wiltshire Police,Wiltshire Police,-1.836962,51.568062,On or near Pilgrim Close,E01015565,Swindon 011C,Public order,Investigation complete; no suspect identified,
fa6a16ab7e7b7aaab4c1b53c75baef325bf1ac6486a76b42596fa3c32c844dac,2023-12,Wiltshire Police,Wiltshire Police,-1.836962,51.568062,On or near Pilgrim Close,E01015565,Swindon 011C,Shoplifting,Investigation complete; no suspect identified,
875c7b9826fbf698d8917a8b34f68f07c0e2059c3f7150a291263bbf2147590e,2023-12,Wiltshire Police,Wiltshire Police,-1.836962,51.568062,On or near Pilgrim Close,E01015565,Swindon 011C,Shoplifting,Investigation complete; no suspect identified,
763516091caf9037196ce691dd835224759797e4cc208156d5caff8a3bb50697,2023-12,Wiltshire Police,Wiltshire Police,-1.843575,51.570939,On or near Granary Close,E01015565,Swindon 011C,Vehicle crime,Investigation complete; no suspect identified,
6ea1b0116bd9a62f812b260e789af30bdd5147ad909b5f671669649a984ce608,2023-12,Wiltshire Police,Wiltshire Police,-1.842330,51.572223,On or near Harptree Close,E01015565,Swindon 011C,Vehicle crime,Investigation complete; no suspect identified,
570ee2dd1ebecea24c210a9753d7b277c1dc6cbba7a24985bbda9c58d79dc16f,2023-12,Wiltshire Police,Wiltshire Police,-1.842330,51.572223,On or near Harptree Close,E01015565,Swindon 011C,Vehicle crime,Investigation complete; no suspect identified,
ee16edafde67f1d7615a679e864311f90ec15f9fb16f9ac32cc03945acc10a27,2023-12,Wiltshire Police,Wiltshire Police,-1.845085,51.568217,On or near Maldwyn Close,E01015565,Swindon 011C,Violence and sexual offences,Unable to prosecute suspect,
10f1d729cfecd492822dd0c679184285a629406a7ad67d5772946b3f76ef6e4e,2023-12,Wiltshire Police,Wiltshire Police,-1.846267,51.568425,On or near Lucerne Close,E01015565,Swindon 011C,Violence and sexual offences,Investigation complete; no suspect identified,
9c51dd496d8c7816a8adf2a0a6032dd401789030353bbf5fe0ef297e8d48b83a,2023-12,Wiltshire Police,Wiltshire Police,-1.842927,51.570534,On or near Askerton Close,E01015565,Swindon 011C,Violence and sexual offences,Investigation complete; no suspect identified,
,2023-12,Wiltshire Police,Wiltshire Police,-1.841629,51.566306,On or near Pearl Road,E01015566,Swindon 011D,Anti-social behaviour,,
,2023-12,Wiltshire Police,Wiltshire Police,-1.841629,51.566306,On or near Pearl Road,E01015566,Swindon 011D,Anti-social behaviour,,
249af3e33cd78e22762237479ed335caf27d165f70bee5716ee483da6c2279a2,2023-12,Wiltshire Police,Wiltshire Police,-1.835489,51.564697,On or near Ancona Close,E01015566,Swindon 011D,Other theft,Investigation complete; no suspect identified,
5b8881579f3bc05309ef7438999c7b2db53f90fa5be84161f28a8045b41d8523,2023-12,Wiltshire Police,Wiltshire Police,-1.842311,51.565102,On or near Pioneer Close,E01015566,Swindon 011D,Violence and sexual offences,Unable to prosecute suspect,
34eb5e1ce7f224827ab9e998d78900eec676602898bb6b69438274cb1471ec58,2023-12,Wiltshire Police,Wiltshire Police,-1.800756,51.570510,On or near Petrol Station,E01015578,Swindon 012B,Other theft,Unable to prosecute suspect,
0dd83a14fc2f729aa406ebac8175fc6814935cc7a825781fe9b830d723d0bd9a,2023-12,Wiltshire Police,Wiltshire Police,-1.801762,51.567333,On or near Romsey Street,E01015578,Swindon 012B,Violence and sexual offences,Unable to prosecute suspect,
,2023-12,Wiltshire Police,Wiltshire Police,-1.806611,51.570488,On or near Galton Way,E01015578,Swindon 012B,Anti-social behaviour,,
,2023-12,Wiltshire Police,Wiltshire Police,-1.793456,51.566366,On or near James Watt Close,E01015578,Swindon 012B,Anti-social behaviour,,
,2023-12,Wiltshire Police,Wiltshire Police,-1.798242,51.570654,On or near Cobden Road,E01015578,Swindon 012B,Anti-social behaviour,,
9ba7daf2f7f623dbd6409f35e8be72e12fca2b4c1f37fbd854739cf403d50884,2023-12,Wiltshire Police,Wiltshire Police,-1.798360,51.566626,On or near Barnum Court,E01015578,Swindon 012B,Criminal damage and arson,Court result unavailable,
383e7baf191369e5d754dfbeda277ecf41e0f17b1a059638c07119acbfbf9b14,2023-12,Wiltshire Police,Wiltshire Police,-1.800756,51.570510,On or near Petrol Station,E01015578,Swindon 012B,Criminal damage and arson,Investigation complete; no suspect identified,
3978b049650eb2613876b3e5ce4436e3ed49bd43151d761bac1c76c518065730,2023-12,Wiltshire Police,Wiltshire Police,-1.800557,51.565821,On or near Thomas Street,E01015578,Swindon 012B,Criminal damage and arson,Investigation complete; no suspect identified,
b600cce841457ea21f528da0d5cf54e29f5e896c6e4128383c07dfc6084acdd6,2023-12,Wiltshire Police,Wiltshire Police,-1.792066,51.567443,On or near Parking Area,E01015578,Swindon 012B,Drugs,Local resolution,
6bcb2487775ab3e4393cac28e5f37d02aee23b0c7da0ad29a913336ac9e0c339,2023-12,Wiltshire Police,Wiltshire Police,-1.797525,51.566364,On or near Kemble Drive,E01015578,Swindon 012B,Public order,Investigation complete; no suspect identified,
3c6fc5b250bdbb40ec13706ad2345bab0e909525a3ceeb448459d6b9c4e7cdbd,2023-12,Wiltshire Police,Wiltshire Police,-1.800126,51.565317,On or near Supermarket,E01015578,Swindon 012B,Public order,Investigation complete; no suspect identified,
7f692120e9fb00aa47c42e251939e3646b139f58c044e93cba96586fa7227482,2023-12,Wiltshire Police,Wiltshire Police,-1.800126,51.565317,On or near Supermarket,E01015578,Swindon 012B,Shoplifting,Investigation complete; no suspect identified,
ba23418969a0cbe0e9775c2072394bc8def1e461e0ff356cf156248f01286fe0,2023-12,Wiltshire Police,Wiltshire Police,-1.800126,51.565317,On or near Supermarket,E01015578,Swindon 012B,Shoplifting,Investigation complete; no suspect identified,
5d99e76378bdb4d944e6d116321bbe00c5f411b7e8cb60e198d221c5be450e17,2023-12,Wiltshire Police,Wiltshire Police,-1.802323,51.567166,On or near Supermarket,E01015578,Swindon 012B,Shoplifting,Investigation complete; no suspect identified,
1c3968c040729e476e2c5233d3e57048c3a47dad06b678d236e51f5ee15fb76e,2023-12,Wiltshire Police,Wiltshire Police,-1.797697,51.569898,On or near Harcourt Road,E01015578,Swindon 012B,Vehicle crime,Investigation complete; no suspect identified,
b648f9a28aa4bf4bf32bff9b5a2383a04c9d63963ef19ec4c663d51419496ba6,2023-12,Wiltshire Police,Wiltshire Police,-1.798016,51.572686,On or near Surrey Road,E01015578,Swindon 012B,Violence and sexual offences,Investigation complete; no suspect identified,
dccac8664dba0073b0ee6c5d64eccdd96e92f28f26e64718a543921417a3b38c,2023-12,Wiltshire Police,Wiltshire Police,-1.808079,51.564359,On or near St Albans Close,E01015579,Swindon 012C,Other theft,Unable to prosecute suspect,
,2023-12,Wiltshire Police,Wiltshire Police,-1.803993,51.565152,On or near Morrison Street,E01015579,Swindon 012C,Anti-social behaviour,,
,2023-12,Wiltshire Police,Wiltshire Police,-1.805500,51.563734,On or near Montagu Street,E01015579,Swindon 012C,Anti-social behaviour,,
4fdffcb51450b32c2d71384154ef1417eeb15e4cf91744f1e176b4d529a78fef,2023-12,Wiltshire Police,Wiltshire Police,-1.808079,51.564359,On or near St Albans Close,E01015579,Swindon 012C,Burglary,Investigation complete; no suspect identified,
adebef0f47bd5520c704f31eb90fab130fe8ee0a06d3df88a6d463129e4710e9,2023-12,Wiltshire Police,Wiltshire Police,-1.805500,51.563734,On or near Montagu Street,E01015579,Swindon 012C,Criminal damage and arson,Status update unavailable,
f2f73a5ce7d668c5e56b48c1611f1dcebfbfce30cd77e0d6ee63352d0e876cb0,2023-12,Wiltshire Police,Wiltshire Police,-1.807260,51.563719,On or near Raybrook Crescent,E01015579,Swindon 012C,Criminal damage and arson,Unable to prosecute suspect,
36f1c802823648365016e26c57466538d36c1feb2f488f9dd56ddfa8e845a2e6,2023-12,Wiltshire Police,Wiltshire Police,-1.806169,51.562422,On or near Watling Close,E01015579,Swindon 012C,Drugs,Court result unavailable,
44e2f844c495a11867cb97eb7171e89001b698051b17c311213af3a5a8082c40,2023-12,Wiltshire Police,Wiltshire Police,-1.805500,51.563734,On or near Montagu Street,E01015579,Swindon 012C,Possession of weapons,Status update unavailable,
8c01292fb9ba765cafc4efcfebb5113a62d8093a0413836c061619abe275d397,2023-12,Wiltshire Police,Wiltshire Police,-1.805500,51.563734,On or near Montagu Street,E01015579,Swindon 012C,Violence and sexual offences,Unable to prosecute suspect,
43487e62e9140bbe08b48790049ddf12a5360baafed0c82e344fa9d8c75addd3,2023-12,Wiltshire Police,Wiltshire Police,-1.807260,51.563719,On or near Raybrook Crescent,E01015579,Swindon 012C,Violence and sexual offences,Unable to prosecute suspect,
139b7692f2d444ea9ee53c0c106c4965abdf0737629065f2b3524db1fa7001c8,2023-12,Wiltshire Police,Wiltshire Police,-1.804459,51.564182,On or near Rose Street,E01015579,Swindon 012C,Violence and sexual offences,Unable to prosecute suspect,
5a10ae992fa3fd65714b1bb76bbba0d2fd1090e88cd95989ecfeecb39d2046fe,2023-12,Wiltshire Police,Wiltshire Police,-1.802992,51.573189,On or near Kiln Lane,E01015581,Swindon 012D,Criminal damage and arson,Local resolution,
565b637601d532ae942043de5e070b705216ed64b51ea8585443a2f216940ab0,2023-12,Wiltshire Police,Wiltshire Police,-1.802450,51.571794,On or near Telford Pool,E01015581,Swindon 012D,Vehicle crime,Investigation complete; no suspect identified,
c2ad6495e98d7a18ae0122c0b592f7bf9b96f68a7065358a7f6c09eeb07962b1,2023-12,Wiltshire Police,Wiltshire Police,-1.814140,51.581650,On or near Parking Area,E01015581,Swindon 012D,Vehicle crime,Investigation complete; no suspect identified,
ef9187504c1fa10aa04b96ed3d8c47aaa6085166f4aee51d106948f09d4ac627,2023-12,Wiltshire Police,Wiltshire Police,-1.802244,51.575876,On or near Aubrey Gardens,E01015581,Swindon 012D,Violence and sexual offences,Court result unavailable,
a36d61cf2960d2be89c956c909db75e6104d910304e62c75dc2e82cc7433e712,2023-12,Wiltshire Police,Wiltshire Police,-1.814140,51.581650,On or near Parking Area,E01015581,Swindon 012D,Criminal damage and arson,Unable to prosecute suspect,
93cf7ea61b842de641c14c85ac15933fe3064f91821d961a84c9e480b89f3a8a,2023-12,Wiltshire Police,Wiltshire Police,-1.802327,51.576919,On or near Manor Gardens,E01015581,Swindon 012D,Other theft,Investigation complete; no suspect identified,
deff3d108ad6d8e816baa44467e3e355a1cef628716fc182179c0a003aa7d1cf,2023-12,Wiltshire Police,Wiltshire Police,-1.810460,51.567815,On or near Barnfield Road,E01015581,Swindon 012D,Public order,Investigation complete; no suspect identified,
ee13bfd8603bfe7b5e30775408eb1a0301fd80549c22fc29b4d02e3c9e08445d,2023-12,Wiltshire Police,Wiltshire Police,-1.810460,51.567815,On or near Barnfield Road,E01015581,Swindon 012D,Shoplifting,Investigation complete; no suspect identified,
82a5e38e3c6c534e9eed59e6f56601e49dbef0f95583d256f4c0c824b216122d,2023-12,Wiltshire Police,Wiltshire Police,-1.811219,51.567084,On or near Bus/Coach Station,E01015581,Swindon 012D,Vehicle crime,Investigation complete; no suspect identified,
f0a9552baeb1e45b425d6eadad8037da5d6fa828630526db1bde2c2fc2086fc7,2023-12,Wiltshire Police,Wiltshire Police,-1.802450,51.571794,On or near Telford Pool,E01015581,Swindon 012D,Vehicle crime,Investigation complete; no suspect identified,
2812766e3e85464f0495a691b95a6a4df2514d911f89420bd4c1bfdf6888ae42,2023-12,Wiltshire Police,Wiltshire Police,-1.814140,51.581650,On or near Parking Area,E01015581,Swindon 012D,Violence and sexual offences,Action to be taken by another organisation,
13fcde7c710888d3dfbdc660f35bf889d73f19b956b7c3c7c495a5b8fe656ed4,2023-12,Wiltshire Police,Wiltshire Police,-1.799869,51.574721,On or near Somerset Road,E01015581,Swindon 012D,Violence and sexual offences,Status update unavailable,
6902930b351fe6fd42415f207997378f3d7fb8dfeaab96224a6d958020d9d4aa,2023-12,Wiltshire Police,Wiltshire Police,-1.814140,51.581650,On or near Parking Area,E01015581,Swindon 012D,Violence and sexual offences,Action to be taken by another organisation,
1812e66ed7a9595ad712f760b3a0281aa38c1e64661b979ebb85059fb3b1ad3a,2023-12,Wiltshire Police,Wiltshire Police,-1.814140,51.581650,On or near Parking Area,E01015581,Swindon 012D,Violence and sexual offences,Action to be taken by another organisation,
00e317221b899f1861b9926c34c90bf43468f07c20aa4fb48ddfbca79dd42860,2023-12,Wiltshire Police,Wiltshire Police,-1.814140,51.581650,On or near Parking Area,E01015581,Swindon 012D,Other crime,Investigation complete; no suspect identified,
d3c7baa5e3d2869e9de13034896820e2e1c28d31fed10757d8bc8b4b2370a8c2,2023-12,Wiltshire Police,Wiltshire Police,-1.795255,51.573814,On or near Bessemer Road East,E01015582,Swindon 012E,Violence and sexual offences,Unable to prosecute suspect,
,2023-12,Wiltshire Police,Wiltshire Police,-1.784690,51.568895,On or near Petrol Station,E01015582,Swindon 012E,Anti-social behaviour,,
30da3ebbb0f56b715fae070dbe527f1ed3897cbf2c96fa892e531eda35962515,2023-12,Wiltshire Police,Wiltshire Police,-1.793893,51.574990,On or near Northern Road,E01015582,Swindon 012E,Violence and sexual offences,Unable to prosecute suspect,
,2023-12,Wiltshire Police,Wiltshire Police,-1.805855,51.558205,On or near Saltash Road,E01032708,Swindon 012F,Anti-social behaviour,,
,2023-12,Wiltshire Police,Wiltshire Police,-1.805855,51.558205,On or near Saltash Road,E01032708,Swindon 012F,Anti-social behaviour,,
a79783f55d6ebd73d30900264f488541ed4eb420b1833671a6829bc994b773b2,2023-12,Wiltshire Police,Wiltshire Police,-1.805855,51.558205,On or near Saltash Road,E01032708,Swindon 012F,Bicycle theft,Investigation complete; no suspect identified,
750ff21e8a9364484d12da07b596c533e6aba3e847b269cf17cab098f57de5ff,2023-12,Wiltshire Police,Wiltshire Police,-1.805855,51.558205,On or near Saltash Road,E01032708,Swindon 012F,Bicycle theft,Investigation complete; no suspect identified,
14a1206de3019e206e7104c00ca2859f3d9782d935c0c6dabc10687dc7890f65,2023-12,Wiltshire Police,Wiltshire Police,-1.805855,51.558205,On or near Saltash Road,E01032708,Swindon 012F,Bicycle theft,Investigation complete; no suspect identified,
6e360943499a257c28f8effefb993724c5d10dacf8c649d6fbeb17f3d0793f31,2023-12,Wiltshire Police,Wiltshire Police,-1.805855,51.558205,On or near Saltash Road,E01032708,Swindon 012F,Public order,Local resolution,
59130c30974f32400d6c94fc3c96cb4f39f51a655ebd7e872a261d4625171d48,2023-12,Wiltshire Police,Wiltshire Police,-1.805855,51.558205,On or near Saltash Road,E01032708,Swindon 012F,Shoplifting,Investigation complete; no suspect identified,
c7b16fa593c9d688b8e090478030d4971b6937e61fb0ee77f98ce47d88e6e441,2023-12,Wiltshire Police,Wiltshire Police,-1.805855,51.558205,On or near Saltash Road,E01032708,Swindon 012F,Shoplifting,Investigation complete; no suspect identified,
46092f565f9a6d1527284bfd1de40b39013dd754dcdb7327db52173d49e8b8c8,2023-12,Wiltshire Police,Wiltshire Police,-1.805855,51.558205,On or near Saltash Road,E01032708,Swindon 012F,Shoplifting,Investigation complete; no suspect identified,
ca44737e9432aec96d739d7e12c37eee2c557280cc4645554b63032c89700577,2023-12,Wiltshire Police,Wiltshire Police,-1.801143,51.560463,On or near Lynmouth Road,E01032708,Swindon 012F,Violence and sexual offences,Unable to prosecute suspect,
a2376fe67c952d70257e7c10ab95596a0058ea736654bfd8ff29afcb68323496,2023-12,Wiltshire Police,Wiltshire Police,-1.803991,51.558894,On or near Padstow Road,E01032708,Swindon 012F,Violence and sexual offences,Unable to prosecute suspect,
3f2e603fe92cab8160b92fb355f731c3cb3110c8824be0f4a2380e99a6e4d4fe,2023-12,Wiltshire Police,Wiltshire Police,-1.802746,51.563226,On or near Horace Street,E01032716,Swindon 012G,Violence and sexual offences,Unable to prosecute suspect,
af2395d48a45d7505dc69ca39b38a4cad94c89dc18d721fecd486d7fed1c0fe4,2023-12,Wiltshire Police,Wiltshire Police,-1.797541,51.562706,On or near Shopping Area,E01032716,Swindon 012G,Other crime,Unable to prosecute suspect,
,2023-12,Wiltshire Police,Wiltshire Police,-1.801710,51.562748,On or near Linslade Street,E01032716,Swindon 012G,Anti-social behaviour,,
d9be3df5944768766d9ea0bf2ae5a2c097928154fa431038d2e40904eedb627c,2023-12,Wiltshire Police,Wiltshire Police,-1.801384,51.564698,On or near Percy Street,E01032716,Swindon 012G,Criminal damage and arson,Court result unavailable,
06f9c92f1865bd7cf9f86514a115b452cd4c7ef4ef64b3949585dc6a7ffa7aba,2023-12,Wiltshire Police,Wiltshire Police,-1.802736,51.565672,On or near Summers Street,E01032716,Swindon 012G,Criminal damage and arson,Investigation complete; no suspect identified,
a2d701c052e61e557aa8e9eee0a0ff4cdc8667f37f98c5fe47e86671bc8561bc,2023-12,Wiltshire Police,Wiltshire Police,-1.802746,51.563226,On or near Horace Street,E01032716,Swindon 012G,Public order,Unable to prosecute suspect,
ba7c184f2682764127a4668ab32ff0bee4194f20fee1ea7182e9dd7814dd1691,2023-12,Wiltshire Police,Wiltshire Police,-1.797541,51.562706,On or near Shopping Area,E01032716,Swindon 012G,Shoplifting,Status update unavailable,
ff7f43375e181d3036abb337dce4510811f9e8a6e6dbb83d8592371c95e7d384,2023-12,Wiltshire Police,Wiltshire Police,-1.797541,51.562706,On or near Shopping Area,E01032716,Swindon 012G,Shoplifting,Investigation complete; no suspect identified,
f525610014e7b9c35ca1e8474aabdc7e35aae6c9c29b420ac4d60d5a0c369d5c,2023-12,Wiltshire Police,Wiltshire Police,-1.797541,51.562706,On or near Shopping Area,E01032716,Swindon 012G,Shoplifting,Investigation complete; no suspect identified,
3a23ae8fca062000135987b9c8de328b9ca28a8170cf9eee9cc6550f34eb38c2,2023-12,Wiltshire Police,Wiltshire Police,-1.795474,51.563564,On or near Fire Fly Avenue,E01032716,Swindon 012G,Shoplifting,Investigation complete; no suspect identified,
d524986592c359aec0dfb9a2bca00f7a0cf2d480de03e15f15b3302d7ee3b6d3,2023-12,Wiltshire Police,Wiltshire Police,-1.797541,51.562706,On or near Shopping Area,E01032716,Swindon 012G,Shoplifting,Court result unavailable,
18ed972777d99ad6153e5fb5e228363f30014e45d2b699e29f41f47d3ece4452,2023-12,Wiltshire Police,Wiltshire Police,-1.797541,51.562706,On or near Shopping Area,E01032716,Swindon 012G,Shoplifting,Offender given a caution,
b00b8e8b2640e6c369763eaea5cdfc6bc9323858b67fe22053b33ffaf104fbcc,2023-12,Wiltshire Police,Wiltshire Police,-1.797541,51.562706,On or near Shopping Area,E01032716,Swindon 012G,Shoplifting,Court result unavailable,
07809c056a640bc9af47d1665f3271efcecfcbce14c7131974540b1ab07c0e00,2023-12,Wiltshire Police,Wiltshire Police,-1.797541,51.562706,On or near Shopping Area,E01032716,Swindon 012G,Theft from the person,Investigation complete; no suspect identified,
ff52fc04cceceebd07ae8adc29ae633bcbaf6c1f0b229d8dbc83fadd339e31d3,2023-12,Wiltshire Police,Wiltshire Police,-1.797541,51.562706,On or near Shopping Area,E01032716,Swindon 012G,Theft from the person,Investigation complete; no suspect identified,
4ec3683f48d88cce84b74a3e4dd391f423db8a33032e4e544ae5471e9f89b55f,2023-12,Wiltshire Police,Wiltshire Police,-1.797541,51.562706,On or near Shopping Area,E01032716,Swindon 012G,Vehicle crime,Investigation complete; no suspect identified,
0a95c9abaaef9b0c9ae9831cc4ee133e618479e012f493a6aecf187b721d6d1f,2023-12,Wiltshire Police,Wiltshire Police,-1.801158,51.563709,On or near Guppy Street,E01032716,Swindon 012G,Violence and sexual offences,Investigation complete; no suspect identified,
67a0aa4fa2ff6f6bb7cde66e291e76d5a0f0166e7c58fee6d3714a996fb6a96f,2023-12,Wiltshire Police,Wiltshire Police,-1.802746,51.563226,On or near Horace Street,E01032716,Swindon 012G,Violence and sexual offences,Unable to prosecute suspect,
37b56bd88faae266eaa2217b0bdc29ba4a0e919f33eb4a2ed5eae16ccf52f282,2023-12,Wiltshire Police,Wiltshire Police,-1.739101,51.567885,On or near Parking Area,E01015481,Swindon 013A,Public order,Investigation complete; no suspect identified,
476c148e9c5cbf50c32be8aae6e89c4285860a2655e1b310780fb60c55442b53,2023-12,Wiltshire Police,Wiltshire Police,-1.739101,51.567885,On or near Parking Area,E01015481,Swindon 013A,Shoplifting,Further investigation is not in the public interest,
5f78b547124890d20fda65eb5da5908725bfb0f656fcfcb78b7f7e05ad5761fb,2023-12,Wiltshire Police,Wiltshire Police,-1.739101,51.567885,On or near Parking Area,E01015481,Swindon 013A,Shoplifting,Court result unavailable,
661961d30edc0f8b013753a6b1ef10b122c326a2f75c078d4874e465311d8b94,2023-12,Wiltshire Police,Wiltshire Police,-1.739101,51.567885,On or near Parking Area,E01015481,Swindon 013A,Shoplifting,Court result unavailable,
f7eb1ab782c10dea4319a1a8d9c35a4664572160bc0ea3dff0ef6e9b5671c88c,2023-12,Wiltshire Police,Wiltshire Police,-1.739101,51.567885,On or near Parking Area,E01015481,Swindon 013A,Shoplifting,Court result unavailable,
8ece60e4346f45d8467beb7cabbce4b4b54bc7c15f0cbae744d00f54da757f5e,2023-12,Wiltshire Police,Wiltshire Police,-1.739101,51.567885,On or near Parking Area,E01015481,Swindon 013A,Shoplifting,Investigation complete; no suspect identified,
cb8bb14be3f632e7108da191c0c13ff71602519c507919b6ca7d03359488cdc1,2023-12,Wiltshire Police,Wiltshire Police,-1.742587,51.571256,On or near Harlestone Road,E01015481,Swindon 013A,Vehicle crime,Investigation complete; no suspect identified,
9a83899719b093ea84a650d73bb8f60b2ba19968e7cd1d4bb2e95d809a3da61d,2023-12,Wiltshire Police,Wiltshire Police,-1.742095,51.569034,On or near Dragonfly Road,E01015481,Swindon 013A,Violence and sexual offences,Unable to prosecute suspect,
fc943b840827da915dcf81627b4d1305bb064785e37fd420d63112dbceed6bb9,2023-12,Wiltshire Police,Wiltshire Police,-1.741482,51.570228,On or near Swan Close,E01015481,Swindon 013A,Violence and sexual offences,Unable to prosecute suspect,
652a450033da370b213781288dcbfc49f01ed6d5a469da796864cd377bf20076,2023-12,Wiltshire Police,Wiltshire Police,-1.739101,51.567885,On or near Parking Area,E01015481,Swindon 013A,Violence and sexual offences,Unable to prosecute suspect,
,2023-12,Wiltshire Police,Wiltshire Police,-1.729498,51.561893,On or near Verney Close,E01015482,Swindon 013B,Anti-social behaviour,,
,2023-12,Wiltshire Police,Wiltshire Police,-1.724440,51.565775,On or near Totterdown Close,E01015482,Swindon 013B,Anti-social behaviour,,
ccaef0def930f204b6045d457892eae67859c34b652b9e1c8c437382ade5cc73,2023-12,Wiltshire Police,Wiltshire Police,-1.733018,51.571855,On or near Verulam Close,E01015483,Swindon 013C,Violence and sexual offences,Local resolution,
c29989be826288716155cfd647709d944d4600df857a0af4913a6214a144b467,2023-12,Wiltshire Police,Wiltshire Police,-1.745788,51.563890,On or near Arlington Close,E01015484,Swindon 013D,Other theft,Status update unavailable,
,2023-12,Wiltshire Police,Wiltshire Police,-1.721333,51.561928,On or near Lapwing Close,E01015485,Swindon 013E,Anti-social behaviour,,
,2023-12,Wiltshire Police,Wiltshire Police,-1.720138,51.561512,On or near Partridge Close,E01015485,Swindon 013E,Anti-social behaviour,,
,2023-12,Wiltshire Police,Wiltshire Police,-1.726436,51.562615,On or near Pinnegar Way,E01015485,Swindon 013E,Anti-social behaviour,,
cfcec1e59df9c06aaac9c1009d9921db1e6d185d8fba5a15891618bb3c0a2eae,2023-12,Wiltshire Police,Wiltshire Police,-1.739261,51.562491,On or near Bryanston Way,E01015486,Swindon 013F,Criminal damage and arson,Unable to prosecute suspect,
2b6cd8bb0d5e6f12de29e61acab4e7e4fa624fea2ae11887ea185cda33756c3a,2023-12,Wiltshire Police,Wiltshire Police,-1.830767,51.561786,On or near Carronbridge Road,E01015561,Swindon 014A,Drugs,Unable to prosecute suspect,
024d7284de5897080e3de193caf0fcf9240cd0ae4a1f2786c4fa18c153fccf98,2023-12,Wiltshire Police,Wiltshire Police,-1.829602,51.564868,On or near Ridge Green,E01015561,Swindon 014A,Drugs,Offender given a caution,
f5d72d1869dbef0849445ef806502d13220972a18585a1149cdb383bc824d7b2,2023-12,Wiltshire Police,Wiltshire Police,-1.829614,51.561524,On or near Goldsborough Close,E01015561,Swindon 014A,Violence and sexual offences,Unable to prosecute suspect,
bcc842960ed50234a81f820955f8b9699bbccedebc5227a318e6472a69373544,2023-12,Wiltshire Police,Wiltshire Police,-1.830767,51.561786,On or near Carronbridge Road,E01015561,Swindon 014A,Criminal damage and arson,Investigation complete; no suspect identified,
,2023-12,Wiltshire Police,Wiltshire Police,-1.835971,51.566874,On or near Hampshire Close,E01015564,Swindon 014B,Anti-social behaviour,,
0a1258ba9c18054ae581d1e0e68b7accf30c91051644821e512f61e60d38ab82,2023-12,Wiltshire Police,Wiltshire Police,-1.833117,51.570035,On or near Cartwright Drive,E01015564,Swindon 014B,Criminal damage and arson,Unable to prosecute suspect,
2eb281ce7c286ce12ec3d08338778118867bab79795f89bd18d0ca40cecabca0,2023-12,Wiltshire Police,Wiltshire Police,-1.829728,51.569697,On or near Plattes Close,E01015564,Swindon 014B,Criminal damage and arson,Investigation complete; no suspect identified,
abedcc950bb944289a87e65e6303cace3e44e42d3c7f58dfa7c1afefb5c7e353,2023-12,Wiltshire Police,Wiltshire Police,-1.833117,51.570035,On or near Cartwright Drive,E01015564,Swindon 014B,Violence and sexual offences,Unable to prosecute suspect,
44b9df34f510afaa766c18c311c8ef7e01a890919e50ca327dd244acec9e2ba9,2023-12,Wiltshire Police,Wiltshire Police,-1.824663,51.558576,On or near Birdcombe Road,E01015567,Swindon 014C,Vehicle crime,Investigation complete; no suspect identified,
c07f3fbcc46ccebdef64af4e0acb9de9ecb84497f117c806374144e97c4ebab4,2023-12,Wiltshire Police,Wiltshire Police,-1.825692,51.561221,On or near Somerdale Close,E01015567,Swindon 014C,Violence and sexual offences,Unable to prosecute suspect,
8cb6aea57293741d12460e6771151de5dacd90ceaace099e6ae98970567f9333,2023-12,Wiltshire Police,Wiltshire Police,-1.822623,51.556487,On or near Park Springs,E01015567,Swindon 014C,Criminal damage and arson,Investigation complete; no suspect identified,
4f0276c1119b6913c0699245137b9e36fb7d8ee148ce709a471728ea73c2689f,2023-12,Wiltshire Police,Wiltshire Police,-1.824625,51.561076,On or near Langstone Way,E01015567,Swindon 014C,Criminal damage and arson,Investigation complete; no suspect identified,
b5fc13e63ca7a272890aea10c2f2cd8108ac3b7b952f9c0da89f589e49e2d135,2023-12,Wiltshire Police,Wiltshire Police,-1.822623,51.556487,On or near Park Springs,E01015567,Swindon 014C,Criminal damage and arson,Investigation complete; no suspect identified,
8003bb595b3359efab4a8006451acccad8750aab7d226cf244723a80f5b986b1,2023-12,Wiltshire Police,Wiltshire Police,-1.825071,51.557651,On or near Rivenhall Road,E01015567,Swindon 014C,Vehicle crime,Investigation complete; no suspect identified,
c4b467173f0ba83a433ff2900f7ad3841d4ce22521843864b20f252e38376496,2023-12,Wiltshire Police,Wiltshire Police,-1.825692,51.561221,On or near Somerdale Close,E01015567,Swindon 014C,Vehicle crime,Investigation complete; no suspect identified,
19a14b10093a478a396032b8c2cae4629ddbbd1c316fe5bb225ad407f9f06d56,2023-12,Wiltshire Police,Wiltshire Police,-1.824625,51.561076,On or near Langstone Way,E01015567,Swindon 014C,Vehicle crime,Investigation complete; no suspect identified,
f450f8d8129d3d1d109e12fbcb9eee68c5586ad43ac6db2ca993f65209774ef5,2023-12,Wiltshire Police,Wiltshire Police,-1.816891,51.554276,On or near Markenfield,E01015568,Swindon 014D,Shoplifting,Court result unavailable,
07534a9d4668561608ff999bdc74a9126e325bbb12c926c218f11152f6d5e5b9,2023-12,Wiltshire Police,Wiltshire Police,-1.816891,51.554276,On or near Markenfield,E01015568,Swindon 014D,Shoplifting,Unable to prosecute suspect,
,2023-12,Wiltshire Police,Wiltshire Police,-1.816668,51.559472,On or near Welton Road,E01015568,Swindon 014D,Anti-social behaviour,,
a90974c6848a45d5c5592af88efae50009a6035622d0aa9d774d9f33dead588c,2023-12,Wiltshire Police,Wiltshire Police,-1.816891,51.554276,On or near Markenfield,E01015568,Swindon 014D,Bicycle theft,Investigation complete; no suspect identified,
cd6d55f9b089257c0d409dddcb4c2cb29f742e414a2c682db9c6b8afe49d7a04,2023-12,Wiltshire Police,Wiltshire Police,-1.816891,51.554276,On or near Markenfield,E01015568,Swindon 014D,Bicycle theft,Investigation complete; no suspect identified,
8f3983db2b531cf992be26ee90c28ee708d33c3e5b86c0a9f41563eb46dd9795,2023-12,Wiltshire Police,Wiltshire Police,-1.816668,51.559472,On or near Welton Road,E01015568,Swindon 014D,Bicycle theft,Investigation complete; no suspect identified,
c9593d1e2c4521cdb617348d871bbc0f53c09f5e826f1ef65eefc4887d4d6cb1,2023-12,Wiltshire Police,Wiltshire Police,-1.823104,51.558898,On or near Thornford Drive,E01015568,Swindon 014D,Burglary,Investigation complete; no suspect identified,
9125c89a512a56fdb64d52792b31f85c13a202d7c38c16889d41ea6565c2d2fd,2023-12,Wiltshire Police,Wiltshire Police,-1.823104,51.558898,On or near Thornford Drive,E01015568,Swindon 014D,Burglary,Investigation complete; no suspect identified,
aa0243304bf153779d7c3a5fb5dbaa387d6082d1fdc338d64f0de5f9146f26e9,2023-12,Wiltshire Police,Wiltshire Police,-1.818881,51.554324,On or near Longthorpe Close,E01015568,Swindon 014D,Criminal damage and arson,Investigation complete; no suspect identified,
feb6df6a3b078e48c60dbc5e13f3c85433054469cefafa35d9b8141a4cb67f52,2023-12,Wiltshire Police,Wiltshire Police,-1.823104,51.558898,On or near Thornford Drive,E01015568,Swindon 014D,Possession of weapons,Unable to prosecute suspect,
29a46ba2f349050d1e8c6aebef9fa09e9de867125534228638f343edd8bb7f3a,2023-12,Wiltshire Police,Wiltshire Police,-1.816891,51.554276,On or near Markenfield,E01015568,Swindon 014D,Shoplifting,Court result unavailable,
6f0a95d6ad7180ad15961e2e4e535dc170c35cc170cbf4ac495eb457c9662c57,2023-12,Wiltshire Police,Wiltshire Police,-1.816891,51.554276,On or near Markenfield,E01015568,Swindon 014D,Shoplifting,Investigation complete; no suspect identified,
dc7a34f8f268747a19708cd9110bf40e759c676cb9de50f1126d79e63a5356e9,2023-12,Wiltshire Police,Wiltshire Police,-1.816891,51.554276,On or near Markenfield,E01015568,Swindon 014D,Shoplifting,Court result unavailable,
d5fd25416e62dda12952dfa7f862fbdf7d5469546edcbbc1462625a80aa0860d,2023-12,Wiltshire Police,Wiltshire Police,-1.817789,51.557055,On or near Fox Wood,E01015568,Swindon 014D,Shoplifting,Investigation complete; no suspect identified,
9648803b4fc4aa9ea2d240923e3ea01a0a1db73b41d154f762e9af28ca08da07,2023-12,Wiltshire Police,Wiltshire Police,-1.816891,51.554276,On or near Markenfield,E01015568,Swindon 014D,Shoplifting,Unable to prosecute suspect,
ad421e3a6d0676e22c3aea719b3adfad4ce429b4bf0f06c515e3385ff54cb487,2023-12,Wiltshire Police,Wiltshire Police,-1.816891,51.554276,On or near Markenfield,E01015568,Swindon 014D,Shoplifting,Investigation complete; no suspect identified,
51e050ba20df983323229af4014229807b170ea5d5e8b160944dfa6a52346b9a,2023-12,Wiltshire Police,Wiltshire Police,-1.816891,51.554276,On or near Markenfield,E01015568,Swindon 014D,Shoplifting,Investigation complete; no suspect identified,
5dfcc940040dc405a19bcc847e24e43c3c0fd74de854761ceac92b1fd157aadf,2023-12,Wiltshire Police,Wiltshire Police,-1.816891,51.554276,On or near Markenfield,E01015568,Swindon 014D,Shoplifting,Investigation complete; no suspect identified,
1279141b22936d390b4d081bfbda7955318d7879023e131e3e1a7b2f1c409414,2023-12,Wiltshire Police,Wiltshire Police,-1.816891,51.554276,On or near Markenfield,E01015568,Swindon 014D,Vehicle crime,Investigation complete; no suspect identified,
c346c133097a345846ae78e6099762e94818a8cfd24a46f36bbe85f2b3a54650,2023-12,Wiltshire Police,Wiltshire Police,-1.772736,51.562679,On or near Petrol Station,E01015475,Swindon 015A,Robbery,Court result unavailable,
64331441d943eb4173e0cf5e986520a462e2314e134979cc5cdaf925e3238485,2023-12,Wiltshire Police,Wiltshire Police,-1.777119,51.564520,On or near Broad Street,E01015475,Swindon 015A,Theft from the person,Investigation complete; no suspect identified,
030bfef08aca47b23af596c25ba7892bbe61af4c06fe94eaee0013224b292d93,2023-12,Wiltshire Police,Wiltshire Police,-1.774559,51.565837,On or near County Road,E01015475,Swindon 015A,Violence and sexual offences,Unable to prosecute suspect,
1ebbb664e309b416181c36148d7ce35cc3440efc7a6835af5c8d89de018a0a14,2023-12,Wiltshire Police,Wiltshire Police,-1.772736,51.562679,On or near Petrol Station,E01015475,Swindon 015A,Violence and sexual offences,Investigation complete; no suspect identified,
,2023-12,Wiltshire Police,Wiltshire Police,-1.773405,51.562966,On or near Gambia Street,E01015475,Swindon 015A,Anti-social behaviour,,
,2023-12,Wiltshire Police,Wiltshire Police,-1.772736,51.562679,On or near Petrol Station,E01015475,Swindon 015A,Anti-social behaviour,,
,2023-12,Wiltshire Police,Wiltshire Police,-1.783255,51.563641,On or near Bus/Coach Station,E01015475,Swindon 015A,Anti-social behaviour,,
,2023-12,Wiltshire Police,Wiltshire Police,-1.775335,51.563662,On or near Bathurst Road,E01015475,Swindon 015A,Anti-social behaviour,,
,2023-12,Wiltshire Police,Wiltshire Police,-1.774559,51.565837,On or near County Road,E01015475,Swindon 015A,Anti-social behaviour,,
,2023-12,Wiltshire Police,Wiltshire Police,-1.781570,51.562901,On or near Parking Area,E01015475,Swindon 015A,Anti-social behaviour,,
,2023-12,Wiltshire Police,Wiltshire Police,-1.772736,51.562679,On or near Petrol Station,E01015475,Swindon 015A,Anti-social behaviour,,
50692edfc0362b49750d4852e91407d37d0af8b87f8ad67156bb1f138a3a711f,2023-12,Wiltshire Police,Wiltshire Police,-1.777083,51.563126,On or near Medgbury Place,E01015475,Swindon 015A,Criminal damage and arson,Investigation complete; no suspect identified,
abf24d30ed2b0ef6829e1874510f101039151775af66ab0193a28b69b346fbc7,2023-12,Wiltshire Police,Wiltshire Police,-1.783255,51.563641,On or near Bus/Coach Station,E01015475,Swindon 015A,Criminal damage and arson,Investigation complete; no suspect identified,
8308df9a688fe14d4d6b97c1c79796f7448c5f32a65bc12258d9c9ff8bcec88f,2023-12,Wiltshire Police,Wiltshire Police,-1.777083,51.563126,On or near Medgbury Place,E01015475,Swindon 015A,Criminal damage and arson,Investigation complete; no suspect identified,
804a61a40ca9c591cfd77d60e52df44e05229393bbc2a8db21da74a29db73f5e,2023-12,Wiltshire Police,Wiltshire Police,-1.772736,51.562679,On or near Petrol Station,E01015475,Swindon 015A,Criminal damage and arson,Unable to prosecute suspect,
51e345d6ed5597909e95d10ddb316dbe1d813f7a44bc236d5feaca2015a0b71e,2023-12,Wiltshire Police,Wiltshire Police,-1.777083,51.563126,On or near Medgbury Place,E01015475,Swindon 015A,Drugs,Local resolution,
9e455afb1585c0cc1588b634a1f2acaaf6560df3d81add6a7e069aa9fa054992,2023-12,Wiltshire Police,Wiltshire Police,-1.783255,51.563641,On or near Bus/Coach Station,E01015475,Swindon 015A,Other theft,Investigation complete; no suspect identified,
e2190f3fbd0be9d7bf745c414a089b4dff2f4da6d184700590cfde9fa5422919,2023-12,Wiltshire Police,Wiltshire Police,-1.783255,51.563641,On or near Bus/Coach Station,E01015475,Swindon 015A,Public order,Unable to prosecute suspect,
0668858d464f11d81c7078290ad32fc14dc4c45b9ba9ff45e2134c73a6e53e72,2023-12,Wiltshire Police,Wiltshire Police,-1.774559,51.565837,On or near County Road,E01015475,Swindon 015A,Public order,Status update unavailable,
933d31d1a83063653e08b20dc7c6cf7a15403d93acf76885d0cdf592118341cc,2023-12,Wiltshire Police,Wiltshire Police,-1.778888,51.562680,On or near Fleming Way,E01015475,Swindon 015A,Robbery,Investigation complete; no suspect identified,
846bac44c3bf1558d9ee4ed66b950b1fabd78584f5753566cb9af646fa20c64b,2023-12,Wiltshire Police,Wiltshire Police,-1.780357,51.563312,On or near Volta Road,E01015475,Swindon 015A,Theft from the person,Investigation complete; no suspect identified,
98952f832a33faed4a70aee1278c0fc6a79e58e5f09be76bd404147ee4370830,2023-12,Wiltshire Police,Wiltshire Police,-1.777083,51.563126,On or near Medgbury Place,E01015475,Swindon 015A,Vehicle crime,Investigation complete; no suspect identified,
aef1782178a3bfb89badcd0827be74b70acfec2b3d348a237ea16678166d979d,2023-12,Wiltshire Police,Wiltshire Police,-1.780357,51.563312,On or near Volta Road,E01015475,Swindon 015A,Violence and sexual offences,Unable to prosecute suspect,
3ddf9a32106dcdd5f53a2b20395a733784f1ae4cc421623abdbdce04d381c2d3,2023-12,Wiltshire Police,Wiltshire Police,-1.774559,51.565837,On or near County Road,E01015475,Swindon 015A,Violence and sexual offences,Unable to prosecute suspect,
5731b4159897b609845233eb10d047426fdf76e9f0f558589b669989a07fc632,2023-12,Wiltshire Police,Wiltshire Police,-1.774559,51.565837,On or near County Road,E01015475,Swindon 015A,Violence and sexual offences,Unable to prosecute suspect,
9c4a5ca9b64f7d5cec197c943d3d6911fb33118e6f002411f3e19c5e76e14589,2023-12,Wiltshire Police,Wiltshire Police,-1.780357,51.563312,On or near Volta Road,E01015475,Swindon 015A,Violence and sexual offences,Unable to prosecute suspect,
c5d55c78138fdaf32520264ecb6a3b9cbb49b362abd032db9af206574b46c7de,2023-12,Wiltshire Police,Wiltshire Police,-1.777083,51.563126,On or near Medgbury Place,E01015475,Swindon 015A,Violence and sexual offences,Status update unavailable,
5319f1fb0008480e2851740ab3b154ebee1d5e176e875baa90ec3c1bca678b90,2023-12,Wiltshire Police,Wiltshire Police,-1.774559,51.565837,On or near County Road,E01015475,Swindon 015A,Other crime,Status update unavailable,
00e455dbe04a9e5e838af28ff2885ba8fa56684ab5e359e30853840c04d5f7c0,2023-12,Wiltshire Police,Wiltshire Police,-1.788592,51.563705,On or near Parking Area,E01015477,Swindon 015C,Violence and sexual offences,Unable to prosecute suspect,
f2a7b074658514f3a5cf47458166cc210971ce65a36404a2bb624958643ef273,2023-12,Wiltshire Police,Wiltshire Police,-1.795100,51.557045,On or near Joseph Street,E01015477,Swindon 015C,Violence and sexual offences,Unable to prosecute suspect,
84de5a78675b4bdfad81a941de0fa1f6612f3e7e9bf0245fbb98209698431145,2023-12,Wiltshire Police,Wiltshire Police,-1.788592,51.563705,On or near Parking Area,E01015477,Swindon 015C,Violence and sexual offences,Unable to prosecute suspect,
,2023-12,Wiltshire Police,Wiltshire Police,-1.789114,51.563220,On or near Sheppard Street,E01015477,Swindon 015C,Anti-social behaviour,,
,2023-12,Wiltshire Police,Wiltshire Police,-1.796722,51.555546,On or near The Moorings,E01015477,Swindon 015C,Anti-social behaviour,,
,2023-12,Wiltshire Police,Wiltshire Police,-1.789114,51.563220,On or near Sheppard Street,E01015477,Swindon 015C,Anti-social behaviour,,
,2023-12,Wiltshire Police,Wiltshire Police,-1.788592,51.563705,On or near Parking Area,E01015477,Swindon 015C,Anti-social behaviour,,
,2023-12,Wiltshire Police,Wiltshire Police,-1.796099,51.559366,On or near Park Lane,E01015477,Swindon 015C,Anti-social behaviour,,
2a63bccbb97476be4679a9b8543bb6eca1b267e4e264d51d7a77199ddc3e21b8,2023-12,Wiltshire Police,Wiltshire Police,-1.795948,51.557613,On or near Marlborough Street,E01015477,Swindon 015C,Criminal damage and arson,Status update unavailable,
4b4e1fb1ac3ca1fc5915115a82faa433719fa777275ab8727073f4f9405ef7ba,2023-12,Wiltshire Police,Wiltshire Police,-1.789114,51.563220,On or near Sheppard Street,E01015477,Swindon 015C,Criminal damage and arson,Court result unavailable,
7cde88ecb874a7ddc2b1858f411e9fb445f9a81c94737912f23bd18f7517f47b,2023-12,Wiltshire Police,Wiltshire Police,-1.788850,51.564083,On or near Parking Area,E01015477,Swindon 015C,Other theft,Unable to prosecute suspect,
9f4f6418a5c3905b56ed395a1acb85fd188f5af8bc386fe83e2368fbe2e0dd21,2023-12,Wiltshire Police,Wiltshire Police,-1.795948,51.557613,On or near Marlborough Street,E01015477,Swindon 015C,Other theft,Status update unavailable,
0a308955ffe2e5356cc4109905911b14c0b6c4e1a73558bf2c57d29e583d1c10,2023-12,Wiltshire Police,Wiltshire Police,-1.796099,51.559366,On or near Park Lane,E01015477,Swindon 015C,Theft from the person,Investigation complete; no suspect identified,
20e6c9659bc9c919fe9f527d4400f68f0f8e10d95f3a022ce254f9802c043d6c,2023-12,Wiltshire Police,Wiltshire Police,-1.794509,51.556918,On or near Albion Street,E01015477,Swindon 015C,Vehicle crime,Investigation complete; no suspect identified,
1097caea7f23d7dd51d012b2d017c0b75dcf2271022e10ae240635e07e36e6f2,2023-12,Wiltshire Police,Wiltshire Police,-1.788592,51.563705,On or near Parking Area,E01015477,Swindon 015C,Violence and sexual offences,Investigation complete; no suspect identified,
a2b77690d9b68f629d787979c8c3cba007c17c0e139f4eac3deff670b3e559c3,2023-12,Wiltshire Police,Wiltshire Police,-1.795948,51.557613,On or near Marlborough Street,E01015477,Swindon 015C,Violence and sexual offences,Unable to prosecute suspect,
0f1f7907d0b8d8fa3c6010de60442c1e200bf41a8e32077e46faa0b47324a13a,2023-12,Wiltshire Police,Wiltshire Police,-1.794509,51.556918,On or near Albion Street,E01015477,Swindon 015C,Violence and sexual offences,Unable to prosecute suspect,
1ea7382686ab0d3ac6b6a9cc3984ac892dd3a6f6e8f942d284ed747b6714092a,2023-12,Wiltshire Police,Wiltshire Police,-1.795948,51.557613,On or near Marlborough Street,E01015477,Swindon 015C,Violence and sexual offences,Unable to prosecute suspect,
1b6ba4f1898728b80546fdca22e9b71ce2a6aeb559fc0f145358e7f62dfb9010,2023-12,Wiltshire Police,Wiltshire Police,-1.795948,51.557613,On or near Marlborough Street,E01015477,Swindon 015C,Violence and sexual offences,Unable to prosecute suspect,
43c12ac1a126e9e6e57586c75b1d04bf2ead19be6ee216f0b9844b8c2630f051,2023-12,Wiltshire Police,Wiltshire Police,-1.796099,51.559366,On or near Park Lane,E01015477,Swindon 015C,Violence and sexual offences,Investigation complete; no suspect identified,
57d12efd8470c88879980b7dda0733c6be6ac39b7661770b80cb9fdfe0f4efd6,2023-12,Wiltshire Police,Wiltshire Police,-1.789114,51.563220,On or near Sheppard Street,E01015477,Swindon 015C,Violence and sexual offences,Unable to prosecute suspect,
,2023-12,Wiltshire Police,Wiltshire Police,-1.779351,51.565360,On or near Manchester Road,E01015480,Swindon 015D,Anti-social behaviour,,
7d5fe0970535256e6d88540b385c1525417626b21dcc9b962ac0ea20c0b79efc,2023-12,Wiltshire Police,Wiltshire Police,-1.778371,51.565215,On or near Gladstone Street,E01015480,Swindon 015D,Criminal damage and arson,Investigation complete; no suspect identified,
46accf988cd6c57022039a49bf384c1a92ddcc092270a39c5a7e15a6b0d643ca,2023-12,Wiltshire Police,Wiltshire Police,-1.778371,51.565215,On or near Gladstone Street,E01015480,Swindon 015D,Criminal damage and arson,Unable to prosecute suspect,
aa909fe3ad0e39001c4fba9d14b62bab429ea264892cff2380a0d91408df76c3,2023-12,Wiltshire Police,Wiltshire Police,-1.778371,51.565215,On or near Gladstone Street,E01015480,Swindon 015D,Criminal damage and arson,Court result unavailable,
7b00eaa5676c25c0d0c093e18b9571e554c47db8a7ac0174d10da40e313c417a,2023-12,Wiltshire Police,Wiltshire Police,-1.777324,51.566858,On or near Elmina Road,E01015480,Swindon 015D,Vehicle crime,Investigation complete; no suspect identified,
e1f549538fe00014337a02003d152a6ff8e1601d6886ead80a1a13ba912d37f5,2023-12,Wiltshire Police,Wiltshire Police,-1.777324,51.566858,On or near Elmina Road,E01015480,Swindon 015D,Violence and sexual offences,Court result unavailable,
d223e948e36a3a81f059cfe07108cffc6c6348d90a84870322804d9812af5754,2023-12,Wiltshire Police,Wiltshire Police,-1.779932,51.564624,On or near Alfred Street,E01015480,Swindon 015D,Violence and sexual offences,Investigation complete; no suspect identified,
9460f68786b929cdf1b4c56f53528c820b89e46f7b6e12fb587f773549618ee6,2023-12,Wiltshire Police,Wiltshire Police,-1.777324,51.566858,On or near Elmina Road,E01015480,Swindon 015D,Violence and sexual offences,Investigation complete; no suspect identified,
86e55d4febcdc8d90c22d4a76c89d8d221841a42c12b56b7f885db943d1bb1e9,2023-12,Wiltshire Police,Wiltshire Police,-1.778371,51.565215,On or near Gladstone Street,E01015480,Swindon 015D,Violence and sexual offences,Investigation complete; no suspect identified,
11c18e162a44e3b7c6eacab94ecaef0eb462a17da3057cf698b144997698eab6,2023-12,Wiltshire Police,Wiltshire Police,-1.777324,51.566858,On or near Elmina Road,E01015480,Swindon 015D,Violence and sexual offences,Investigation complete; no suspect identified,
8dac097097f7470a628a2af82a7f86b9af7693f721eb0da6729091833a0a8918,2023-12,Wiltshire Police,Wiltshire Police,-1.786886,51.561517,On or near Queen Street,E01033845,Swindon 015E,Drugs,Court result unavailable,
9b1599b9a5105ddec78fecf85eb2770da394867ad3bc66f625cbcad21ff915e2,2023-12,Wiltshire Police,Wiltshire Police,-1.786886,51.561517,On or near Queen Street,E01033845,Swindon 015E,Possession of weapons,Unable to prosecute suspect,
f6a8c38f6c3cff181358875cbcd46ef5f4c64860a4da50f6de7b7b099bff5e67,2023-12,Wiltshire Police,Wiltshire Police,-1.784788,51.562772,On or near Parking Area,E01033845,Swindon 015E,Violence and sexual offences,Unable to prosecute suspect,
cb566e3efc0709bc8da93a4f57e86f119e0ab16f0439565bd9c2670445be28bb,2023-12,Wiltshire Police,Wiltshire Police,-1.786886,51.561517,On or near Queen Street,E01033845,Swindon 015E,Violence and sexual offences,Court result unavailable,
cad67b1d87d21af8f36706d6277681875bc336e513b29d7967102df3dd82d988,2023-12,Wiltshire Police,Wiltshire Police,-1.786886,51.561517,On or near Queen Street,E01033845,Swindon 015E,Violence and sexual offences,Court result unavailable,
48243faf70bdf1cccde49a161d0b43c0e3ff64bae3c143b4b454ee1131439028,2023-12,Wiltshire Police,Wiltshire Police,-1.786886,51.561517,On or near Queen Street,E01033845,Swindon 015E,Violence and sexual offences,Court result unavailable,
41ece850e284aba95157ca594699b27dcc03618d9ccf65b9182e2a7299c51ddb,2023-12,Wiltshire Police,Wiltshire Police,-1.785350,51.563016,On or near Nightclub,E01033845,Swindon 015E,Violence and sexual offences,Court result unavailable,
46bd0016e37c3d76855163baaf2948a0112a022f2011478fc44fc21be2a9efae,2023-12,Wiltshire Police,Wiltshire Police,-1.784331,51.564767,On or near Wellington Street,E01033845,Swindon 015E,Violence and sexual offences,Unable to prosecute suspect,
948a8a5634a049ac17f1fa84996d5de7430bf52cb604986c46b4a07197c1838d,2023-12,Wiltshire Police,Wiltshire Police,-1.784788,51.562772,On or near Parking Area,E01033845,Swindon 015E,Violence and sexual offences,Unable to prosecute suspect,
8f3407e3d09e72dc35a0a45938cac1de3ed1280d990e7b43224cd0315667bad1,2023-12,Wiltshire Police,Wiltshire Police,-1.786621,51.562631,On or near Fleet Street,E01033845,Swindon 015E,Violence and sexual offences,Unable to prosecute suspect,
7587c43a9856783118c1e054979a2f311943ee07ac2d32146d2a1a0de3f5242b,2023-12,Wiltshire Police,Wiltshire Police,-1.785350,51.563016,On or near Nightclub,E01033845,Swindon 015E,Violence and sexual offences,Court result unavailable,
,2023-12,Wiltshire Police,Wiltshire Police,-1.786621,51.562631,On or near Fleet Street,E01033845,Swindon 015E,Anti-social behaviour,,
,2023-12,Wiltshire Police,Wiltshire Police,-1.786621,51.562631,On or near Fleet Street,E01033845,Swindon 015E,Anti-social behaviour,,
,2023-12,Wiltshire Police,Wiltshire Police,-1.786621,51.562631,On or near Fleet Street,E01033845,Swindon 015E,Anti-social behaviour,,
,2023-12,Wiltshire Police,Wiltshire Police,-1.786621,51.562631,On or near Fleet Street,E01033845,Swindon 015E,Anti-social behaviour,,
,2023-12,Wiltshire Police,Wiltshire Police,-1.786886,51.561517,On or near Queen Street,E01033845,Swindon 015E,Anti-social behaviour,,
,2023-12,Wiltshire Police,Wiltshire Police,-1.784788,51.562772,On or near Parking Area,E01033845,Swindon 015E,Anti-social behaviour,,
,2023-12,Wiltshire Police,Wiltshire Police,-1.787454,51.563379,On or near Holbrook Way,E01033845,Swindon 015E,Anti-social behaviour,,
,2023-12,Wiltshire Police,Wiltshire Police,-1.789094,51.561251,On or near Villett Street,E01033845,Swindon 015E,Anti-social behaviour,,
,2023-12,Wiltshire Police,Wiltshire Police,-1.784732,51.565577,On or near Swindon,E01033845,Swindon 015E,Anti-social behaviour,,
,2023-12,Wiltshire Police,Wiltshire Police,-1.786886,51.561517,On or near Queen Street,E01033845,Swindon 015E,Anti-social behaviour,,
,2023-12,Wiltshire Police,Wiltshire Police,-1.785350,51.563016,On or near Nightclub,E01033845,Swindon 015E,Anti-social behaviour,,
,2023-12,Wiltshire Police,Wiltshire Police,-1.788806,51.561080,On or near Parking Area,E01033845,Swindon 015E,Anti-social behaviour,,
,2023-12,Wiltshire Police,Wiltshire Police,-1.783320,51.565044,On or near Aylesbury Street,E01033845,Swindon 015E,Anti-social behaviour,,
,2023-12,Wiltshire Police,Wiltshire Police,-1.784331,51.564767,On or near Wellington Street,E01033845,Swindon 015E,Anti-social behaviour,,
,2023-12,Wiltshire Police,Wiltshire Police,-1.784732,51.565577,On or near Swindon,E01033845,Swindon 015E,Anti-social behaviour,,
,2023-12,Wiltshire Police,Wiltshire Police,-1.786621,51.562631,On or near Fleet Street,E01033845,Swindon 015E,Anti-social behaviour,,
d76c71f3f84ae8ad9213ea0add8eb57f59e279401f19096cc7b144172e105073,2023-12,Wiltshire Police,Wiltshire Police,-1.787279,51.560707,On or near Shopping Area,E01033845,Swindon 015E,Bicycle theft,Investigation complete; no suspect identified,
0299402a42a8038c6699ee1842380a63304b65a9d538d3ea205a6e0d67a486e9,2023-12,Wiltshire Police,Wiltshire Police,-1.786621,51.562631,On or near Fleet Street,E01033845,Swindon 015E,Burglary,Investigation complete; no suspect identified,
270a95856b87ca95594819023d0eaba802312def8243d5d86c6cb28718e9189d,2023-12,Wiltshire Police,Wiltshire Police,-1.786886,51.561517,On or near Queen Street,E01033845,Swindon 015E,Criminal damage and arson,Local resolution,
716eed7f23a51f159bfb74bbeffb0045940966738bfa1db20407fe18fbdc0b2c,2023-12,Wiltshire Police,Wiltshire Police,-1.789002,51.562492,On or near East Street,E01033845,Swindon 015E,Criminal damage and arson,Unable to prosecute suspect,
aee7ad8c5cf1b39e6103c17d3f3960c9705c09909f35ae152db70f4aacea9c9c,2023-12,Wiltshire Police,Wiltshire Police,-1.782189,51.566247,On or near Station Road,E01033845,Swindon 015E,Criminal damage and arson,Investigation complete; no suspect identified,
8c4e6e4215389aa92651d32edb8754f56a0c87d3737e72fbd0578c16d9e1c9ce,2023-12,Wiltshire Police,Wiltshire Police,-1.782189,51.566247,On or near Station Road,E01033845,Swindon 015E,Criminal damage and arson,Investigation complete; no suspect identified,
bbb5d597f960c7823225ca1ce46de0da7873c1ac6e02ca40709e1f55d6ef4902,2023-12,Wiltshire Police,Wiltshire Police,-1.784331,51.564767,On or near Wellington Street,E01033845,Swindon 015E,Criminal damage and arson,Unable to prosecute suspect,
7441fc85cb39c620e1376bae9939b3b462f1290ff8a7ed2651035a6bf1e2cc29,2023-12,Wiltshire Police,Wiltshire Police,-1.784788,51.562772,On or near Parking Area,E01033845,Swindon 015E,Drugs,Court result unavailable,
f1499ef871ff7e204bf85c18243f9f63609267ba4bb7407ce141a1ca32560894,2023-12,Wiltshire Police,Wiltshire Police,-1.787454,51.563379,On or near Holbrook Way,E01033845,Swindon 015E,Drugs,Local resolution,
9866b1cf1049ca8d3e26a4a581efc706bddbc2e9c0a7d9eed0822ba04284f572,2023-12,Wiltshire Police,Wiltshire Police,-1.781687,51.565661,On or near Armstrong Street,E01033845,Swindon 015E,Other theft,Investigation complete; no suspect identified,
530e871b062b4a0f3035aff754963bdfbb19ab6f82ff736f76829f8dae82f193,2023-12,Wiltshire Police,Wiltshire Police,-1.786621,51.562631,On or near Fleet Street,E01033845,Swindon 015E,Other theft,Investigation complete; no suspect identified,
5fd6299794c99e13a5526e94f39991e466a2a028804154222f8bac74a0405db3,2023-12,Wiltshire Police,Wiltshire Police,-1.784788,51.562772,On or near Parking Area,E01033845,Swindon 015E,Possession of weapons,Court result unavailable,
1bf1cdcbec1f3cfca3958a8408b430c1e5a73040251637c7b74dde25b646d56c,2023-12,Wiltshire Police,Wiltshire Police,-1.786886,51.561517,On or near Queen Street,E01033845,Swindon 015E,Possession of weapons,Court result unavailable,
d85afbbac886d08c39bb6b6cb6ca730417b306f70b26c83dc363d8b7b263ef76,2023-12,Wiltshire Police,Wiltshire Police,-1.786886,51.561517,On or near Queen Street,E01033845,Swindon 015E,Public order,Unable to prosecute suspect,
a9a1b0dea435e5c0f7074e409d5574a4a5cbd33ba6af915055e156aede21d204,2023-12,Wiltshire Police,Wiltshire Police,-1.787880,51.561770,On or near Parking Area,E01033845,Swindon 015E,Public order,Unable to prosecute suspect,
2894e1e6e3758f83bb60ddc13f89164206d976de7d9eb4fa5e475e1f7cb7ab72,2023-12,Wiltshire Police,Wiltshire Police,-1.786886,51.561517,On or near Queen Street,E01033845,Swindon 015E,Shoplifting,Unable to prosecute suspect,
10b787fc25fd8f102aea8212d4b0f408c245ff52eb6abf400fa590e403f33c2b,2023-12,Wiltshire Police,Wiltshire Police,-1.784788,51.562772,On or near Parking Area,E01033845,Swindon 015E,Shoplifting,Court result unavailable,
76a6675f326dfe344d8b43213c43c3948722ce535e40d5d41dc08acff0b890a9,2023-12,Wiltshire Police,Wiltshire Police,-1.789094,51.561251,On or near Villett Street,E01033845,Swindon 015E,Shoplifting,Offender given a caution,
2e10aaa34d5de1b80eaf29ddaaf89dd788e4ccd32a9677ee9497e939bbcf9459,2023-12,Wiltshire Police,Wiltshire Police,-1.784788,51.562772,On or near Parking Area,E01033845,Swindon 015E,Shoplifting,Unable to prosecute suspect,
b6ab1ac781c0d781b85ad3754d0c0992ef366fe987ee13a096399401e7748d9b,2023-12,Wiltshire Police,Wiltshire Police,-1.786886,51.561517,On or near Queen Street,E01033845,Swindon 015E,Shoplifting,Court result unavailable,
0c9d41beccfe0358093fe2eb190dcf03e5fd273bb846a18f4432950c07b51441,2023-12,Wiltshire Police,Wiltshire Police,-1.784788,51.562772,On or near Parking Area,E01033845,Swindon 015E,Shoplifting,Investigation complete; no suspect identified,
6abd329aed8712fb9cc280f103e20d760caf6a851a3308e5bf4255059ef3de05,2023-12,Wiltshire Police,Wiltshire Police,-1.786886,51.561517,On or near Queen Street,E01033845,Swindon 015E,Shoplifting,Investigation complete; no suspect identified,
dc28ba096aeafd3d3d41e0dd5a388af3512d3192404ba4182833ef189d50ac14,2023-12,Wiltshire Police,Wiltshire Police,-1.786886,51.561517,On or near Queen Street,E01033845,Swindon 015E,Shoplifting,Investigation complete; no suspect identified,
a978a10d87d5f3a8914be6f4a0577d2c94bf6eec8ecaf21ad2fbc0e2cf587069,2023-12,Wiltshire Police,Wiltshire Police,-1.784788,51.562772,On or near Parking Area,E01033845,Swindon 015E,Shoplifting,Investigation complete; no suspect identified,
56b2627feeba0ab6ce06cc10c92f829e3b3ce605db43c4756bb4e95a0a40ec0f,2023-12,Wiltshire Police,Wiltshire Police,-1.786886,51.561517,On or near Queen Street,E01033845,Swindon 015E,Shoplifting,Court result unavailable,
feb9dd8c7f5bfc310f746ed4bcf91d6392b46ad1da516297bce3e57613df9879,2023-12,Wiltshire Police,Wiltshire Police,-1.789094,51.561251,On or near Villett Street,E01033845,Swindon 015E,Shoplifting,Offender given a caution,
696c96ae035dca4c0fb42d6007efeaf157611a3a0da90a2f09c3071df2ddcdac,2023-12,Wiltshire Police,Wiltshire Police,-1.784788,51.562772,On or near Parking Area,E01033845,Swindon 015E,Theft from the person,Investigation complete; no suspect identified,
f4b634c34d3b4f24f7f67df219a661cff4a3cd6df3060240f3bc51d5dbe9ac3e,2023-12,Wiltshire Police,Wiltshire Police,-1.787279,51.560707,On or near Shopping Area,E01033845,Swindon 015E,Theft from the person,Investigation complete; no suspect identified,
fd88c21b53bbdc115a0c77bc660b9afcdd5a9274787ab108297afdde95d0a844,2023-12,Wiltshire Police,Wiltshire Police,-1.784331,51.564767,On or near Wellington Street,E01033845,Swindon 015E,Theft from the person,Unable to prosecute suspect,
76cc4c47b005ed8ce3316ce5fca56a42e30cf999dac94d4e9f7eab4b7a69733d,2023-12,Wiltshire Police,Wiltshire Police,-1.786886,51.561517,On or near Queen Street,E01033845,Swindon 015E,Violence and sexual offences,Investigation complete; no suspect identified,
34cc060f9d5884b8a5992cf9a23cfaa2e7890cfb57a7115951b086448e37e30d,2023-12,Wiltshire Police,Wiltshire Police,-1.785350,51.563016,On or near Nightclub,E01033845,Swindon 015E,Violence and sexual offences,Investigation complete; no suspect identified,
5f6558decf8bb15d664b92c4250e9e50e318b9b9b33e9bad683a1aab348c4014,2023-12,Wiltshire Police,Wiltshire Police,-1.781687,51.565661,On or near Armstrong Street,E01033845,Swindon 015E,Violence and sexual offences,Unable to prosecute suspect,
286e37b14a99e9241ac7d94e85b2a64fbb916b4bcd3d06630e44998cdd3ee67c,2023-12,Wiltshire Police,Wiltshire Police,-1.786886,51.561517,On or near Queen Street,E01033845,Swindon 015E,Violence and sexual offences,Investigation complete; no suspect identified,
933d9758ce53bf40702501b6c5433b51528f3b93e8f9330d789cab6d6365c3d6,2023-12,Wiltshire Police,Wiltshire Police,-1.785350,51.563016,On or near Nightclub,E01033845,Swindon 015E,Violence and sexual offences,Status update unavailable,
be135bc08a66d4d8929dddd5bf06a3e76ca1808b5e149b721ec2f89de13dce0e,2023-12,Wiltshire Police,Wiltshire Police,-1.786621,51.562631,On or near Fleet Street,E01033845,Swindon 015E,Violence and sexual offences,Court result unavailable,
7ec12344b19b1c943c01af443a80f8bebccdd489419c958cf7440e26aac06a7e,2023-12,Wiltshire Police,Wiltshire Police,-1.786886,51.561517,On or near Queen Street,E01033845,Swindon 015E,Violence and sexual offences,Investigation complete; no suspect identified,
0c27f88220989d537a06610c504b174d65e0144063aec2ccac816452ecaf65b0,2023-12,Wiltshire Police,Wiltshire Police,-1.786621,51.562631,On or near Fleet Street,E01033845,Swindon 015E,Violence and sexual offences,Unable to prosecute suspect,
3c6f48eeaacae540c0a03a7732df6dbded3fef342968ccdf9b248c50402e1d75,2023-12,Wiltshire Police,Wiltshire Police,-1.786886,51.561517,On or near Queen Street,E01033845,Swindon 015E,Violence and sexual offences,Unable to prosecute suspect,
bd09faed62a043eddb8629fb41356ebfa5b23544b017d9cd605f2530fc267048,2023-12,Wiltshire Police,Wiltshire Police,-1.785350,51.563016,On or near Nightclub,E01033845,Swindon 015E,Violence and sexual offences,Court result unavailable,
71a600c3c8caf984a64b9f5f4ef80b1abdf2538d22fc8c8c85e0deaf6a5a6879,2023-12,Wiltshire Police,Wiltshire Police,-1.789002,51.562492,On or near East Street,E01033845,Swindon 015E,Violence and sexual offences,Unable to prosecute suspect,
91a016967bc4da0084efe30c89f0b2fbec78810ac21ecb8642d5878c7a4bd412,2023-12,Wiltshire Police,Wiltshire Police,-1.787454,51.563379,On or near Holbrook Way,E01033845,Swindon 015E,Violence and sexual offences,Unable to prosecute suspect,
42f540210bb11f4bf08176f4fffd3ca85ecefb0d440aa62508fa778bee745172,2023-12,Wiltshire Police,Wiltshire Police,-1.786621,51.562631,On or near Fleet Street,E01033845,Swindon 015E,Violence and sexual offences,Status update unavailable,
7b248f6852474cbeb9ef94f1e3c298429d05e152d1dc969f39c6fb3601b7ebea,2023-12,Wiltshire Police,Wiltshire Police,-1.784788,51.562772,On or near Parking Area,E01033845,Swindon 015E,Violence and sexual offences,Status update unavailable,
52fe3cf0104b9f9c7b0af47a628d98b754cbfb0986edb7a72f93131f61368209,2023-12,Wiltshire Police,Wiltshire Police,-1.786886,51.561517,On or near Queen Street,E01033845,Swindon 015E,Violence and sexual offences,Status update unavailable,
a2d622edcdd022b5fdf23d06fa4ab7ef32e8c70d12382e90816b87f245935383,2023-12,Wiltshire Police,Wiltshire Police,-1.784331,51.564767,On or near Wellington Street,E01033845,Swindon 015E,Violence and sexual offences,Unable to prosecute suspect,
fcb040d1e9fedd445fab322e70b91ad99dbc8e3f64b9506adf4ff14c60374204,2023-12,Wiltshire Police,Wiltshire Police,-1.790258,51.562233,On or near Oxford Street,E01033846,Swindon 015F,Violence and sexual offences,Unable to prosecute suspect,
,2023-12,Wiltshire Police,Wiltshire Police,-1.788483,51.562464,On or near Henry Street,E01033846,Swindon 015F,Anti-social behaviour,,
,2023-12,Wiltshire Police,Wiltshire Police,-1.787628,51.563209,On or near Bridge Street,E01033846,Swindon 015F,Anti-social behaviour,,
,2023-12,Wiltshire Police,Wiltshire Police,-1.788483,51.562464,On or near Henry Street,E01033846,Swindon 015F,Anti-social behaviour,,
,2023-12,Wiltshire Police,Wiltshire Police,-1.788483,51.562464,On or near Henry Street,E01033846,Swindon 015F,Anti-social behaviour,,
,2023-12,Wiltshire Police,Wiltshire Police,-1.790708,51.561596,On or near Emlyn Square,E01033846,Swindon 015F,Anti-social behaviour,,
,2023-12,Wiltshire Police,Wiltshire Police,-1.788483,51.562464,On or near Henry Street,E01033846,Swindon 015F,Anti-social behaviour,,
,2023-12,Wiltshire Police,Wiltshire Police,-1.792239,51.558038,On or near Cambria Bridge Road,E01033846,Swindon 015F,Anti-social behaviour,,
,2023-12,Wiltshire Police,Wiltshire Police,-1.792067,51.560996,On or near Exeter Street,E01033846,Swindon 015F,Anti-social behaviour,,
,2023-12,Wiltshire Police,Wiltshire Police,-1.790708,51.561596,On or near Emlyn Square,E01033846,Swindon 015F,Anti-social behaviour,,
,2023-12,Wiltshire Police,Wiltshire Police,-1.788483,51.562464,On or near Henry Street,E01033846,Swindon 015F,Anti-social behaviour,,
cb1adafd4474b7bc5876e231f50cc104480cf16f895912392697ec2b1a084404,2023-12,Wiltshire Police,Wiltshire Police,-1.790050,51.560354,On or near Milton Road,E01033846,Swindon 015F,Bicycle theft,Investigation complete; no suspect identified,
cf8046de6a7ba99580da149321380a2666054ae3cce7b13a0948891063ce695a,2023-12,Wiltshire Police,Wiltshire Police,-1.788755,51.562860,On or near Harding Street,E01033846,Swindon 015F,Burglary,Unable to prosecute suspect,
48dd91ca17387d60439792c39d8ad3a6c52ac7c5670ca8b01f60412f6a7e2584,2023-12,Wiltshire Police,Wiltshire Police,-1.792610,51.558848,On or near Lorne Street,E01033846,Swindon 015F,Criminal damage and arson,Unable to prosecute suspect,
fb5236a4d60342b7a3f07854dee2905b9601945bb4b1bb9f075536aada110ae0,2023-12,Wiltshire Police,Wiltshire Police,-1.787628,51.563209,On or near Bridge Street,E01033846,Swindon 015F,Criminal damage and arson,Court result unavailable,
99aa767af04f2490875df35480b7549c39a3822b4262597a92a25cf92d314baf,2023-12,Wiltshire Police,Wiltshire Police,-1.787628,51.563209,On or near Bridge Street,E01033846,Swindon 015F,Criminal damage and arson,Unable to prosecute suspect,
f299cfc2152cd1a58d9f922f95b39d94b7f9e51fb0bfdd18b08672fe43be3de3,2023-12,Wiltshire Police,Wiltshire Police,-1.790708,51.561596,On or near Emlyn Square,E01033846,Swindon 015F,Criminal damage and arson,Investigation complete; no suspect identified,
73aac0055dba1e3da76db44b1ce162113c45dc48951620bbbde87fcd290c4702,2023-12,Wiltshire Police,Wiltshire Police,-1.792239,51.558038,On or near Cambria Bridge Road,E01033846,Swindon 015F,Drugs,Investigation complete; no suspect identified,
e74121f4a958fa2b880f53930f807b9777cb4db811a2ae3c8c75f8c2461afbbf,2023-12,Wiltshire Police,Wiltshire Police,-1.788483,51.562464,On or near Henry Street,E01033846,Swindon 015F,Other theft,Investigation complete; no suspect identified,
893dae3315bafcfc605d696c65fdd770d74e9b2408d4796f9d1b82579a05e103,2023-12,Wiltshire Police,Wiltshire Police,-1.790258,51.562233,On or near Oxford Street,E01033846,Swindon 015F,Vehicle crime,Investigation complete; no suspect identified,
7ad7f97cea3c5168c769d388fc2cebfb6dd5ef8a105f14dd8f0ad6e4b0529818,2023-12,Wiltshire Police,Wiltshire Police,-1.792239,51.558038,On or near Cambria Bridge Road,E01033846,Swindon 015F,Vehicle crime,Investigation complete; no suspect identified,
b89ea777d91a857f90df32b68c06d898b31cae8bbcb3fc2769e1e4fd944b9851,2023-12,Wiltshire Police,Wiltshire Police,-1.788483,51.562464,On or near Henry Street,E01033846,Swindon 015F,Violence and sexual offences,Unable to prosecute suspect,
88db28f45b5c663ee8dd56709066a29aead112a6c06aa6408a220652ff1ea157,2023-12,Wiltshire Police,Wiltshire Police,-1.792239,51.558038,On or near Cambria Bridge Road,E01033846,Swindon 015F,Violence and sexual offences,Status update unavailable,
653097a542dbd1af883189c3359991733b31ae821414fb6026b33f80750a530e,2023-12,Wiltshire Police,Wiltshire Police,-1.788483,51.562464,On or near Henry Street,E01033846,Swindon 015F,Violence and sexual offences,Investigation complete; no suspect identified,
2aa1b622f2ce6176970ddf6893721eef3a722fbab0f43b8146332a8ae11557c5,2023-12,Wiltshire Police,Wiltshire Police,-1.792067,51.560996,On or near Exeter Street,E01033846,Swindon 015F,Violence and sexual offences,Unable to prosecute suspect,
328e3c25e4f9eafd9d98e5603ffb67038f9ec24dccc402b0ba04d842782d54b8,2023-12,Wiltshire Police,Wiltshire Police,-1.792067,51.560996,On or near Exeter Street,E01033846,Swindon 015F,Violence and sexual offences,Unable to prosecute suspect,
7ee8e24e584d6f5586e7ab61db0ed7e627e43cbdd75cc928083ae97bf26f257a,2023-12,Wiltshire Police,Wiltshire Police,-1.792067,51.560996,On or near Exeter Street,E01033846,Swindon 015F,Violence and sexual offences,Unable to prosecute suspect,
93815aca29098bcc82635be72e0760ff1fe3dfa75b116022007fad38f83b7766,2023-12,Wiltshire Police,Wiltshire Police,-1.787628,51.563209,On or near Bridge Street,E01033846,Swindon 015F,Violence and sexual offences,Investigation complete; no suspect identified,
b888079f5f6e345cc6979b642c702d9c14c93cbec9a028ec07f3f820f4e36461,2023-12,Wiltshire Police,Wiltshire Police,-1.788483,51.562464,On or near Henry Street,E01033846,Swindon 015F,Violence and sexual offences,Status update unavailable,
63fc1354ab1610e949be90e86abae106637cbc27a4e23295418ddc87339911da,2023-12,Wiltshire Police,Wiltshire Police,-1.747221,51.563084,On or near Ringwood Close,E01015538,Swindon 016A,Public order,Unable to prosecute suspect,
03b00dcdad39fa6ff6b63d0ef7d86ca343b3bd6e2216b5d897b950a517cd6d18,2023-12,Wiltshire Police,Wiltshire Police,-1.748971,51.557054,On or near Dulverton Avenue,E01015538,Swindon 016A,Vehicle crime,Investigation complete; no suspect identified,
93ff9d747a75701b1838bf0f2ae875b652ab4bd8d992684962cf912689c47b92,2023-12,Wiltshire Police,Wiltshire Police,-1.740573,51.560048,On or near Tyndale Gardens,E01015538,Swindon 016A,Violence and sexual offences,Unable to prosecute suspect,
67d55756f16de336769a6779cade25903860cd03fcef9c754daec117dbfb38e0,2023-12,Wiltshire Police,Wiltshire Police,-1.751376,51.557716,On or near Malmesbury Gardens,E01015538,Swindon 016A,Violence and sexual offences,Unable to prosecute suspect,
b6280abd41ea2d1ab94dac132a58d8c5ea0ce92e699fa023ed96b1e08d4c8168,2023-12,Wiltshire Police,Wiltshire Police,-1.751384,51.558939,On or near Kingswood Avenue,E01015538,Swindon 016A,Violence and sexual offences,Unable to prosecute suspect,
b67eabbdc20dc6baa45bd9dc3635d80ca21cde40be5c4fc26f99b72a37f51b21,2023-12,Wiltshire Police,Wiltshire Police,-1.746783,51.561428,On or near Kenton Close,E01015538,Swindon 016A,Violence and sexual offences,Court result unavailable,
,2023-12,Wiltshire Police,Wiltshire Police,-1.740573,51.560048,On or near Tyndale Gardens,E01015538,Swindon 016A,Anti-social behaviour,,
,2023-12,Wiltshire Police,Wiltshire Police,-1.746783,51.561428,On or near Kenton Close,E01015538,Swindon 016A,Anti-social behaviour,,
,2023-12,Wiltshire Police,Wiltshire Police,-1.751376,51.557716,On or near Malmesbury Gardens,E01015538,Swindon 016A,Anti-social behaviour,,
ad2829e8e03ce1ae0af5c37cdb9842c5c5e6ba42eaa4a166d941ce75b27ab60d,2023-12,Wiltshire Police,Wiltshire Police,-1.746783,51.561428,On or near Kenton Close,E01015538,Swindon 016A,Bicycle theft,Investigation complete; no suspect identified,
365176e97291bd9de7d519a41aa49bdeaa9ab234f0cf645f9d1aa2e863352fe9,2023-12,Wiltshire Police,Wiltshire Police,-1.751376,51.557716,On or near Malmesbury Gardens,E01015538,Swindon 016A,Burglary,Investigation complete; no suspect identified,
3b0baefba32dc74d95172a930e3aa99dad33d7db1930a0f04ac2bdc906cd948f,2023-12,Wiltshire Police,Wiltshire Police,-1.749654,51.561354,On or near Bentley Close,E01015538,Swindon 016A,Criminal damage and arson,Unable to prosecute suspect,
aa4c79771fa01ba943c6f9e5340f64a45e669748405db546211a7ad6e1b44318,2023-12,Wiltshire Police,Wiltshire Police,-1.744356,51.559391,On or near Tavistock Road,E01015538,Swindon 016A,Criminal damage and arson,Investigation complete; no suspect identified,
783c7bc74d7150f84b3e2a7bed09a538c34ec33b6b4f225393249fbba55a1460,2023-12,Wiltshire Police,Wiltshire Police,-1.746783,51.561428,On or near Kenton Close,E01015538,Swindon 016A,Criminal damage and arson,Unable to prosecute suspect,
49a28e020ab36606c6b7a837dd01cb1c675c4f5fa2fff150b06eb2e363d16990,2023-12,Wiltshire Police,Wiltshire Police,-1.751376,51.557716,On or near Malmesbury Gardens,E01015538,Swindon 016A,Other theft,Status update unavailable,
ce35da18da96fc9a9c19a4d80a1581ba2dade102783c357e66280b73a79dc12e,2023-12,Wiltshire Police,Wiltshire Police,-1.743332,51.562014,On or near Old School Court,E01015538,Swindon 016A,Public order,Investigation complete; no suspect identified,
ff83dba31b9707b7c0d142d736d23c385fc9b95a0e257f78a92755e69dead1f9,2023-12,Wiltshire Police,Wiltshire Police,-1.747221,51.563084,On or near Ringwood Close,E01015538,Swindon 016A,Public order,Status update unavailable,
d426f6ed0e54d2739eb5662a0e214f91102b12a2127e735cc44622ee9c7f811d,2023-12,Wiltshire Police,Wiltshire Police,-1.746783,51.561428,On or near Kenton Close,E01015538,Swindon 016A,Vehicle crime,Investigation complete; no suspect identified,
6cd44adc412a1a6b4033018aa2415c057be9b52f88a67f606527dc8e70d85063,2023-12,Wiltshire Police,Wiltshire Police,-1.751376,51.557716,On or near Malmesbury Gardens,E01015538,Swindon 016A,Violence and sexual offences,Unable to prosecute suspect,
0bb867fe00996241b02f36b10de4d37de40fb3dfd112b880ee5aa6c2a862d3bb,2023-12,Wiltshire Police,Wiltshire Police,-1.749654,51.561354,On or near Bentley Close,E01015538,Swindon 016A,Violence and sexual offences,Court result unavailable,
25f540297e651ac561fac376d25fa0e883a2dbecc9d297040dba79ab06acfd5f,2023-12,Wiltshire Police,Wiltshire Police,-1.747221,51.563084,On or near Ringwood Close,E01015538,Swindon 016A,Violence and sexual offences,Unable to prosecute suspect,
471929e551c2619d306b5fdb0872ba9abfb4ed09426733472c1b33cb11c96052,2023-12,Wiltshire Police,Wiltshire Police,-1.749654,51.561354,On or near Bentley Close,E01015538,Swindon 016A,Violence and sexual offences,Court result unavailable,
e6d0a9edd2e464c08ba04b067b353b6b2ee892dd120a609d77f173918a46a882,2023-12,Wiltshire Police,Wiltshire Police,-1.747221,51.563084,On or near Ringwood Close,E01015538,Swindon 016A,Violence and sexual offences,Court result unavailable,
bf43f483beb6f06a505949d17b0562d06ce4cba63864e1cb7c1bf8464ee1abda,2023-12,Wiltshire Police,Wiltshire Police,-1.750155,51.559395,On or near Bodmin Close,E01015538,Swindon 016A,Violence and sexual offences,Status update unavailable,
c25f8361056df6848528962b86890df50c7bd62efa02406db2f4eb6b07e9c32a,2023-12,Wiltshire Police,Wiltshire Police,-1.740573,51.560048,On or near Tyndale Gardens,E01015538,Swindon 016A,Other crime,Further action is not in the public interest,
cb630c4507f69c7908057df587716aa7c53da28f860c105884c28c6149966be9,2023-12,Wiltshire Police,Wiltshire Police,-1.747221,51.563084,On or near Ringwood Close,E01015538,Swindon 016A,Other crime,Status update unavailable,
9f6687db229db30a697a26ce82c3666175103ceea5b6fd353550a217de02bb18,2023-12,Wiltshire Police,Wiltshire Police,-1.754872,51.562129,On or near Ken Savage Close,E01015572,Swindon 016B,Violence and sexual offences,Further action is not in the public interest,
,2023-12,Wiltshire Police,Wiltshire Police,-1.756233,51.561152,On or near Frobisher Drive,E01015572,Swindon 016B,Anti-social behaviour,,
775c5747195fb31bdd706610dfe09c555b3191692da4530af21147f71ffca008,2023-12,Wiltshire Police,Wiltshire Police,-1.754204,51.562937,On or near Cecil Road,E01015572,Swindon 016B,Burglary,Investigation complete; no suspect identified,
fed4c4f1a88606f19a810890c768972cb5ff2aa872646168aa71a22cfb8becb7,2023-12,Wiltshire Police,Wiltshire Police,-1.754426,51.564547,On or near Spenser Close,E01015572,Swindon 016B,Burglary,Investigation complete; no suspect identified,
1f555694fecbdfe4358168f084ef1d64f6f1fffbc4f8af46733779b446a98c3f,2023-12,Wiltshire Police,Wiltshire Police,-1.756022,51.560279,On or near Burghley Close,E01015572,Swindon 016B,Criminal damage and arson,Investigation complete; no suspect identified,
de9fe69f534de7709a32ddf9e67393dc18b55b1884c2b0ee2c295a4e0d465a02,2023-12,Wiltshire Police,Wiltshire Police,-1.754872,51.562129,On or near Ken Savage Close,E01015572,Swindon 016B,Criminal damage and arson,Investigation complete; no suspect identified,
f9deef02d93ec65fa6f1793c0fc1f90e54f3bf87e7b13c186442c93bc2324b50,2023-12,Wiltshire Police,Wiltshire Police,-1.754426,51.564547,On or near Spenser Close,E01015572,Swindon 016B,Shoplifting,Court result unavailable,
4ac2815a49f335f92f232af91daee1517d756729bc2177c092caf4b533bc058a,2023-12,Wiltshire Police,Wiltshire Police,-1.756022,51.560279,On or near Burghley Close,E01015572,Swindon 016B,Violence and sexual offences,Unable to prosecute suspect,
73bb05b55e7f3874148f7cf9263effea5f47d5c380bc378ebbdd25cd295c6750,2023-12,Wiltshire Police,Wiltshire Police,-1.756022,51.560279,On or near Burghley Close,E01015572,Swindon 016B,Violence and sexual offences,Unable to prosecute suspect,
6905087f6f0c0fed03745235ad71f8e536c52190b0e2bcf3257f6656ed8351c9,2023-12,Wiltshire Police,Wiltshire Police,-1.756022,51.560279,On or near Burghley Close,E01015572,Swindon 016B,Violence and sexual offences,Action to be taken by another organisation,
e3dad11d73b122682eb32b2bd2b9b28ff91e0abb5b884ea84ae79ac46d309c6e,2023-12,Wiltshire Police,Wiltshire Police,-1.757950,51.555625,On or near Woodhouse Road,E01015573,Swindon 016C,Criminal damage and arson,Unable to prosecute suspect,
2d76a96c03765c7fafd82dfbc9be914beb2472aaaa91062b99a4f68ee66b9906,2023-12,Wiltshire Police,Wiltshire Police,-1.757593,51.555094,On or near Welbeck Close,E01015573,Swindon 016C,Violence and sexual offences,Unable to prosecute suspect,
3214636ac22d0cfe348dee2eeb75e1f675aea12035a436c4abca51c71b78d703,2023-12,Wiltshire Police,Wiltshire Police,-1.757950,51.555625,On or near Woodhouse Road,E01015573,Swindon 016C,Violence and sexual offences,Unable to prosecute suspect,
cb8cd68e9b3e02d581ced538ec4dd975e10c2c0fbad554e035481c14a132d794,2023-12,Wiltshire Police,Wiltshire Police,-1.758161,51.556777,On or near New College Drive,E01015573,Swindon 016C,Violence and sexual offences,Unable to prosecute suspect,
e88559aec2598c0c961aceff543f0732f955bc8fb4a7c6ca09f524c138b3c530,2023-12,Wiltshire Police,Wiltshire Police,-1.757950,51.555625,On or near Woodhouse Road,E01015573,Swindon 016C,Violence and sexual offences,Unable to prosecute suspect,
16ac48e3bb0f15b76b21de902eb5a6d8c36c4d832d6bb2b1b4ba9417c39d73a3,2023-12,Wiltshire Police,Wiltshire Police,-1.759309,51.560538,On or near Darnley Close,E01015573,Swindon 016C,Violence and sexual offences,Unable to prosecute suspect,
d9e616c97fce22cb9fc9fb56a4df8ff6825659ef983694e385c9b7fd0702d683,2023-12,Wiltshire Police,Wiltshire Police,-1.757950,51.555625,On or near Woodhouse Road,E01015573,Swindon 016C,Violence and sexual offences,Unable to prosecute suspect,
,2023-12,Wiltshire Police,Wiltshire Police,-1.762534,51.561839,On or near Lennox Drive,E01015573,Swindon 016C,Anti-social behaviour,,
,2023-12,Wiltshire Police,Wiltshire Police,-1.762005,51.560795,On or near Radclyffe Close,E01015573,Swindon 016C,Anti-social behaviour,,
,2023-12,Wiltshire Police,Wiltshire Police,-1.759761,51.562409,On or near Raleigh Avenue,E01015573,Swindon 016C,Anti-social behaviour,,
,2023-12,Wiltshire Police,Wiltshire Police,-1.763002,51.560581,On or near Seymour Road,E01015573,Swindon 016C,Anti-social behaviour,,
,2023-12,Wiltshire Police,Wiltshire Police,-1.764313,51.560817,On or near Knollys Close,E01015573,Swindon 016C,Anti-social behaviour,,
,2023-12,Wiltshire Police,Wiltshire Police,-1.757950,51.555625,On or near Woodhouse Road,E01015573,Swindon 016C,Anti-social behaviour,,
,2023-12,Wiltshire Police,Wiltshire Police,-1.764698,51.561681,On or near Seldon Close,E01015573,Swindon 016C,Anti-social behaviour,,
,2023-12,Wiltshire Police,Wiltshire Police,-1.762534,51.561839,On or near Lennox Drive,E01015573,Swindon 016C,Anti-social behaviour,,
8d85f1c2b8b6bf0ea34646726f92adb495f0878d03a7b3c37a77ac1b14b41294,2023-12,Wiltshire Police,Wiltshire Police,-1.763734,51.560054,On or near Petrol Station,E01015573,Swindon 016C,Other theft,Unable to prosecute suspect,
d5d3158464f780b9b40dacf2818abb67c0fba687fba2448bc6b07a23b5090579,2023-12,Wiltshire Police,Wiltshire Police,-1.758756,51.558657,On or near Randolph Close,E01015573,Swindon 016C,Public order,Unable to prosecute suspect,
78f7c7af96980cd211a4c7ebe11f2371679730f2bf3f5584372e6d3cb95b03ec,2023-12,Wiltshire Police,Wiltshire Police,-1.761600,51.560992,On or near Somerville Road,E01015573,Swindon 016C,Public order,Court result unavailable,
b0bbfa9a1f221c43634abd1564570299005fb42d0f91a3f924b16683d913c605,2023-12,Wiltshire Police,Wiltshire Police,-1.758756,51.558657,On or near Randolph Close,E01015573,Swindon 016C,Public order,Court result unavailable,
ade20fee8a8744e0516c42d5fbaaa0a599088957d9836eccc0b3f6255f5522d1,2023-12,Wiltshire Police,Wiltshire Police,-1.763468,51.559894,On or near Supermarket,E01015573,Swindon 016C,Public order,Unable to prosecute suspect,
130ae44f07d0218507de078db38900e2d10ac529c3a61fbc1140467fca232e50,2023-12,Wiltshire Police,Wiltshire Police,-1.755597,51.556106,On or near Albany Close,E01015573,Swindon 016C,Public order,Investigation complete; no suspect identified,
7839cc5d5b393becb4f67d76e07e2a2ecb848500d41feb376eacd72e2b43396e,2023-12,Wiltshire Police,Wiltshire Police,-1.763002,51.560581,On or near Seymour Road,E01015573,Swindon 016C,Robbery,Unable to prosecute suspect,
84b85c44bd086d99535ef08dc7eaf2575256f729d9096d4f58702e90bca9f629,2023-12,Wiltshire Police,Wiltshire Police,-1.763468,51.559894,On or near Supermarket,E01015573,Swindon 016C,Shoplifting,Unable to prosecute suspect,
df58eb7125a25db60f485b0dfcc663c1006346354b97ea5b85180cb5e6a450c9,2023-12,Wiltshire Police,Wiltshire Police,-1.763468,51.559894,On or near Supermarket,E01015573,Swindon 016C,Shoplifting,Court result unavailable,
168be83c167615605290b29dce7ec31d5ae147cc90b57a90a962d429349014fd,2023-12,Wiltshire Police,Wiltshire Police,-1.763468,51.559894,On or near Supermarket,E01015573,Swindon 016C,Shoplifting,Court result unavailable,
cc2beb8e7a49318475ecf7d0023fc9af2051c0de07524d7c99a0724932726312,2023-12,Wiltshire Police,Wiltshire Police,-1.763468,51.559894,On or near Supermarket,E01015573,Swindon 016C,Shoplifting,Court result unavailable,
5a37bfde865939104add6600a1ef2c65ab70b2d5718156aefad6f198e39b74b5,2023-12,Wiltshire Police,Wiltshire Police,-1.760860,51.559138,On or near Dudley Road,E01015573,Swindon 016C,Vehicle crime,Investigation complete; no suspect identified,
83b83fa2faa3da858d89def49dedd59964a285dfc4eeaee5e710b77faea41dac,2023-12,Wiltshire Police,Wiltshire Police,-1.757593,51.555094,On or near Welbeck Close,E01015573,Swindon 016C,Vehicle crime,Investigation complete; no suspect identified,
8592c5c7cdc387ed8b71b4050de096ea369bdc5d2a79546090209444fcf0a953,2023-12,Wiltshire Police,Wiltshire Police,-1.757593,51.555094,On or near Welbeck Close,E01015573,Swindon 016C,Vehicle crime,Investigation complete; no suspect identified,
1113ebf1a189aa180ca6f4bb5b265e30ba00576286784d0cba89e515fb2e1405,2023-12,Wiltshire Police,Wiltshire Police,-1.757340,51.559131,On or near Shrewsbury Road,E01015573,Swindon 016C,Violence and sexual offences,Status update unavailable,
a162805dd5d10cca97b67158e0c5199e689c080b6d4f863fa7c484c61884a496,2023-12,Wiltshire Police,Wiltshire Police,-1.760860,51.559138,On or near Dudley Road,E01015573,Swindon 016C,Violence and sexual offences,Unable to prosecute suspect,
f1550f0141cc52a04d5de51732492758cc84cffb906680ebfdd63d7a400558f1,2023-12,Wiltshire Police,Wiltshire Police,-1.757593,51.555094,On or near Welbeck Close,E01015573,Swindon 016C,Violence and sexual offences,Unable to prosecute suspect,
26eb170b2d434f193a033fb184cb860522176f3a867ae9e40ae7f217d1d54177,2023-12,Wiltshire Police,Wiltshire Police,-1.763468,51.559894,On or near Supermarket,E01015573,Swindon 016C,Violence and sexual offences,Unable to prosecute suspect,
63a84a74d409e07ab9c247f39f5ab4d7182f9a5f7945f427e67ac0a19ef11e87,2023-12,Wiltshire Police,Wiltshire Police,-1.760860,51.559138,On or near Dudley Road,E01015573,Swindon 016C,Violence and sexual offences,Investigation complete; no suspect identified,
8be96114089a804be7fccd99a58024478325ff770c7d95f1fd5fbf9f2b160620,2023-12,Wiltshire Police,Wiltshire Police,-1.761600,51.560992,On or near Somerville Road,E01015573,Swindon 016C,Violence and sexual offences,Court result unavailable,
b22fd94b317768570f38bda18a677b79ca150ebf0d3e5e4abc86ab77b6cb900f,2023-12,Wiltshire Police,Wiltshire Police,-1.758301,51.557469,On or near Further/Higher Educational Building,E01015573,Swindon 016C,Violence and sexual offences,Investigation complete; no suspect identified,
c04470c10bd74abf71300e5ae8af48cf2f069a67dfdff5f4881250fa94300294,2023-12,Wiltshire Police,Wiltshire Police,-1.761600,51.560992,On or near Somerville Road,E01015573,Swindon 016C,Violence and sexual offences,Court result unavailable,
6caa351d71c992edb23fdede61a077ed3fc113d467d34e9566ab53f5a90ad5a4,2023-12,Wiltshire Police,Wiltshire Police,-1.760403,51.563759,On or near Shirley Close,E01015575,Swindon 016D,Violence and sexual offences,Formal action is not in the public interest,
e68713de8b5ea961b87b0dcde5005ea613766030938c8fb14dbe389c49f8d8ec,2023-12,Wiltshire Police,Wiltshire Police,-1.760443,51.564451,On or near Fairfax Close,E01015575,Swindon 016D,Violence and sexual offences,Unable to prosecute suspect,
17be711e0a01d4170730dfb8257ed0fd5bd54fde1527d79dc863df15a1c813a5,2023-12,Wiltshire Police,Wiltshire Police,-1.760403,51.563759,On or near Shirley Close,E01015575,Swindon 016D,Violence and sexual offences,Local resolution,
,2023-12,Wiltshire Police,Wiltshire Police,-1.759746,51.565268,On or near Sackville Close,E01015575,Swindon 016D,Anti-social behaviour,,
,2023-12,Wiltshire Police,Wiltshire Police,-1.761002,51.562249,On or near Hertford Close,E01015575,Swindon 016D,Anti-social behaviour,,
faa317b834b5dd3a0d9fe975268a80d115084507409072a4227b14726d3918ee,2023-12,Wiltshire Police,Wiltshire Police,-1.760443,51.564451,On or near Fairfax Close,E01015575,Swindon 016D,Burglary,Unable to prosecute suspect,
d347f42587a79cbb5e66ec85ad2f4f17fb6721adfb627a681dd86ce31322e6aa,2023-12,Wiltshire Police,Wiltshire Police,-1.756150,51.563228,On or near Norfolk Close,E01015575,Swindon 016D,Burglary,Investigation complete; no suspect identified,
69f30d5656701202b28ba5d1a5cd067cdc2f91f32832ac68fd71cb103da03738,2023-12,Wiltshire Police,Wiltshire Police,-1.755347,51.564953,On or near Maitland Road,E01015575,Swindon 016D,Shoplifting,Court result unavailable,
3c9821cba7f9ee8f67977a7f88a725ae51266b2a8588f2fb6174d93ac23a69b0,2023-12,Wiltshire Police,Wiltshire Police,-1.755347,51.564953,On or near Maitland Road,E01015575,Swindon 016D,Vehicle crime,Investigation complete; no suspect identified,
56c1e0747a735d9c651a35372e92aeeba0cb44c6617d2e09e4ece5f80f1cea3b,2023-12,Wiltshire Police,Wiltshire Police,-1.763365,51.562911,On or near Bedford Road,E01015575,Swindon 016D,Violence and sexual offences,Local resolution,
626cd521a8d68581a2055b6bcbabb4d0e7e0ce643ac24b5415372d5a42b28ec7,2023-12,Wiltshire Police,Wiltshire Police,-1.761879,51.562845,On or near Douglas Road,E01015575,Swindon 016D,Violence and sexual offences,Unable to prosecute suspect,
5186887200439e585d5677b5216e65571da765d98ac869c3fcb720e75b70c9cb,2023-12,Wiltshire Police,Wiltshire Police,-1.761879,51.562845,On or near Douglas Road,E01015575,Swindon 016D,Violence and sexual offences,Unable to prosecute suspect,
cb622f37c1f07b62241cc94f60fc40800a7f6b6b06bb722c6842c13045be9846,2023-12,Wiltshire Police,Wiltshire Police,-1.761879,51.562845,On or near Douglas Road,E01015575,Swindon 016D,Violence and sexual offences,Unable to prosecute suspect,
5fed2618557ca2a988266d62b8043d73d4100162154c0c552c6dc30b1da244d1,2023-12,Wiltshire Police,Wiltshire Police,-1.760403,51.563759,On or near Shirley Close,E01015575,Swindon 016D,Violence and sexual offences,Unable to prosecute suspect,
df876faeb062132d8e14e2e51b5a7054175236ce4e30f68f56446999381e093c,2023-12,Wiltshire Police,Wiltshire Police,-1.763365,51.562911,On or near Bedford Road,E01015575,Swindon 016D,Violence and sexual offences,Local resolution,
317b42779e6b13d7e30ba2fe0425de4844c4d641882c537c2428ea726741c2b4,2023-12,Wiltshire Police,Wiltshire Police,-1.760403,51.563759,On or near Shirley Close,E01015575,Swindon 016D,Other crime,Status update unavailable,
28888d3743b12548d5b4a45303919cecf78de4a091c2b3bd3eb083f485a5dcec,2023-12,Wiltshire Police,Wiltshire Police,-1.764134,51.564782,On or near Further/Higher Educational Building,E01015479,Swindon 017A,Bicycle theft,Unable to prosecute suspect,
185422d4bd4e58d6905b5d86ad421f080193429e7d512c1533bb7e7babd467b5,2023-12,Wiltshire Police,Wiltshire Police,-1.764451,51.570537,On or near Copse Avenue,E01015479,Swindon 017A,Burglary,Investigation complete; no suspect identified,
7d93dca5e1457805e89168af6650a8ea0a924ed4d7748929da59fb3b2d761358,2023-12,Wiltshire Police,Wiltshire Police,-1.763795,51.566238,On or near Pitt Close,E01015479,Swindon 017A,Violence and sexual offences,Unable to prosecute suspect,
,2023-12,Wiltshire Police,Wiltshire Police,-1.767653,51.565050,On or near Marsh Farm Lane,E01015479,Swindon 017A,Anti-social behaviour,,
,2023-12,Wiltshire Police,Wiltshire Police,-1.771549,51.564923,On or near Sports/Recreation Area,E01015479,Swindon 017A,Anti-social behaviour,,
,2023-12,Wiltshire Police,Wiltshire Police,-1.773962,51.567094,On or near Amber Court,E01015479,Swindon 017A,Anti-social behaviour,,
c44f4eba79f7c5304670b83067b44afa9935cfad2d56c98c00e5fbb7e60c06f6,2023-12,Wiltshire Police,Wiltshire Police,-1.765436,51.566925,On or near Selwood Close,E01015479,Swindon 017A,Bicycle theft,Investigation complete; no suspect identified,
155250d792c8b787f31cd2d499a0f304c089a93d43926b99b46d598caef92db8,2023-12,Wiltshire Police,Wiltshire Police,-1.767515,51.569456,On or near Farriers Close,E01015479,Swindon 017A,Criminal damage and arson,Investigation complete; no suspect identified,
081ac1c1aae86573fb45dda282ec35ab9c64338ae33c82bb5dbce233149d846e,2023-12,Wiltshire Police,Wiltshire Police,-1.767575,51.566165,On or near Farmhouse Lane,E01015479,Swindon 017A,Criminal damage and arson,Investigation complete; no suspect identified,
6702a8b893e269d8edae7ab6584fe61673d349894fd8cd7887f54eb27bee96af,2023-12,Wiltshire Police,Wiltshire Police,-1.766735,51.566882,On or near Shrivenham Road,E01015479,Swindon 017A,Criminal damage and arson,Investigation complete; no suspect identified,
6d1cefd3eeab9bca069ca5becf43421ce9fe949bd309d61d2d050a8266f5a0cd,2023-12,Wiltshire Police,Wiltshire Police,-1.768885,51.563911,On or near Pavilion Close,E01015479,Swindon 017A,Criminal damage and arson,Investigation complete; no suspect identified,
c69e126e38cfe4d6a18028f42793fd2411b3bb5be52d934d9e67a31b6b4cab27,2023-12,Wiltshire Police,Wiltshire Police,-1.770855,51.567797,On or near Supermarket,E01015479,Swindon 017A,Other theft,Investigation complete; no suspect identified,
a444bc863962bb38efe21459a9e660ca8b0b4eb6e49712b2ccf4e089faac5567,2023-12,Wiltshire Police,Wiltshire Police,-1.770855,51.567797,On or near Supermarket,E01015479,Swindon 017A,Other theft,Investigation complete; no suspect identified,
3eec13c50928dd0a7922dca30843c02c671605a729e76e175f744af1b2c8d5b0,2023-12,Wiltshire Police,Wiltshire Police,-1.764134,51.564782,On or near Further/Higher Educational Building,E01015479,Swindon 017A,Other theft,Investigation complete; no suspect identified,
88a4acc3e3cbe420897385d7c9944a16393b86edb6542fe64041038949bacc78,2023-12,Wiltshire Police,Wiltshire Police,-1.770855,51.567797,On or near Supermarket,E01015479,Swindon 017A,Other theft,Investigation complete; no suspect identified,
bca8c0b6c4962c44750faee50d66a2013e06875e868d722721154601e79132e0,2023-12,Wiltshire Police,Wiltshire Police,-1.773339,51.567579,On or near Colbourne Street,E01015479,Swindon 017A,Robbery,Status update unavailable,
191180977b22909d039157e308300be06ca57e78e1e0cb09c7c8f22c9be667a7,2023-12,Wiltshire Police,Wiltshire Police,-1.773339,51.567579,On or near Colbourne Street,E01015479,Swindon 017A,Shoplifting,Investigation complete; no suspect identified,
64c8ccaa3ec6b8464170e818d3219d1cd0922bad301b699a255830530a8e7fcc,2023-12,Wiltshire Police,Wiltshire Police,-1.773339,51.567579,On or near Colbourne Street,E01015479,Swindon 017A,Shoplifting,Investigation complete; no suspect identified,
39cd9b1dfb7e8bb1193ccac33f02cb9f6509f27985d0014219464fd8ebabd3c3,2023-12,Wiltshire Police,Wiltshire Police,-1.773339,51.567579,On or near Colbourne Street,E01015479,Swindon 017A,Shoplifting,Investigation complete; no suspect identified,
c849edf31d2a1063177a9683b926610114b2bb08a1ee7d4bda4e0aa81a4ff896,2023-12,Wiltshire Police,Wiltshire Police,-1.764134,51.564782,On or near Further/Higher Educational Building,E01015479,Swindon 017A,Violence and sexual offences,Action to be taken by another organisation,
1afc655a0e3cf4a1954983ba23634cfc4c10ce19f8b9db35765c72a911777feb,2023-12,Wiltshire Police,Wiltshire Police,-1.772505,51.565759,On or near Sports/Recreation Area,E01015479,Swindon 017A,Violence and sexual offences,Court result unavailable,
aa23a8d03a4dd75a20506ae8e84ae311f2fabba66bae225184b5344d820a4854,2023-12,Wiltshire Police,Wiltshire Police,-1.767575,51.566165,On or near Farmhouse Lane,E01015479,Swindon 017A,Violence and sexual offences,Status update unavailable,
0a8f12b8bfaaa18a0e49c4c0e603952079ef3fd11bdf7e0e137700c545898d01,2023-12,Wiltshire Police,Wiltshire Police,-1.768885,51.563911,On or near Pavilion Close,E01015479,Swindon 017A,Violence and sexual offences,Investigation complete; no suspect identified,
1840fdbe9eebf2e3eb3b671717741013a76fcdf5f67ce3ee2cef745590609a30,2023-12,Wiltshire Police,Wiltshire Police,-1.773339,51.567579,On or near Colbourne Street,E01015479,Swindon 017A,Violence and sexual offences,Action to be taken by another organisation,
0e95bcd8c6f6ce044456fe21491efe0ea11ebafe9af2d5e5fd1720b7e390320a,2023-12,Wiltshire Police,Wiltshire Police,-1.764134,51.564782,On or near Further/Higher Educational Building,E01015479,Swindon 017A,Other crime,Further investigation is not in the public interest,
2c1038e632a07ca09690061aa065c3aee07af42b6eb9169b7738ae2e4496d9b0,2023-12,Wiltshire Police,Wiltshire Police,-1.762545,51.571517,On or near Shopping Area,E01015479,Swindon 017A,Other crime,Status update unavailable,
ac3145edd7279ffdffa9c928f012387a8af156753f591cee79d32a79ef0737c3,2023-12,Wiltshire Police,Wiltshire Police,-1.771881,51.561839,On or near Supermarket,E01015493,Swindon 017B,Violence and sexual offences,Unable to prosecute suspect,
,2023-12,Wiltshire Police,Wiltshire Police,-1.773814,51.558948,On or near Westmorland Road,E01015493,Swindon 017B,Anti-social behaviour,,
159c209ab9cf8076ad9a5b7011f1deaab8caf8b88d6ebe8bc7198f636246f147,2023-12,Wiltshire Police,Wiltshire Police,-1.775207,51.560362,On or near York Road,E01015493,Swindon 017B,Criminal damage and arson,Investigation complete; no suspect identified,
1357d51b86e4a945ce62e501e498acf1697f20f95e8785776d8a04bb616ac070,2023-12,Wiltshire Police,Wiltshire Police,-1.775963,51.561964,On or near Newcastle Street,E01015493,Swindon 017B,Criminal damage and arson,Investigation complete; no suspect identified,
6891d845ba3215564a4a4083f13d80976c2a48f1343e17e5c2ddf6bf184a2b4a,2023-12,Wiltshire Police,Wiltshire Police,-1.777801,51.560826,On or near Beckhampton Street,E01015493,Swindon 017B,Criminal damage and arson,Investigation complete; no suspect identified,
28e7565ca1002a7a7e0e00c5ed1efe6c742e6e71dc5021ab85368f1d40759092,2023-12,Wiltshire Police,Wiltshire Police,-1.779508,51.559885,On or near Parking Area,E01015493,Swindon 017B,Criminal damage and arson,Investigation complete; no suspect identified,
227e81ec98ba18da43a43784d4128f9bc2b24e88be436c35f32c0f07fcaab2c4,2023-12,Wiltshire Police,Wiltshire Police,-1.774896,51.556109,On or near Hilton Close,E01015493,Swindon 017B,Other theft,Investigation complete; no suspect identified,
5ae9e82ca8043c190ed69cc0cc7613be47d3dc9af622bf90314baa070a205d07,2023-12,Wiltshire Police,Wiltshire Police,-1.775544,51.559293,On or near Supermarket,E01015493,Swindon 017B,Shoplifting,Investigation complete; no suspect identified,
7755a1d9afdf146385436aea2f5a75e9a2d945247494dcab50d734d70ba40000,2023-12,Wiltshire Police,Wiltshire Police,-1.775544,51.559293,On or near Supermarket,E01015493,Swindon 017B,Shoplifting,Court result unavailable,
bc23a63f1f696e71c3b1e92841225268b2e1994060b20bef7b28922fa17289f8,2023-12,Wiltshire Police,Wiltshire Police,-1.775544,51.559293,On or near Supermarket,E01015493,Swindon 017B,Shoplifting,Court result unavailable,
d5c85ee57aa5402e60225b07e20161f8bd0d39237aa8213fdd661c71ae3ded22,2023-12,Wiltshire Police,Wiltshire Police,-1.775544,51.559293,On or near Supermarket,E01015493,Swindon 017B,Shoplifting,Unable to prosecute suspect,
7d5ead97e604c09336a788a120a1e0b1ab62e23d4454228ecef5ac67e5bd8c0d,2023-12,Wiltshire Police,Wiltshire Police,-1.775544,51.559293,On or near Supermarket,E01015493,Swindon 017B,Shoplifting,Court result unavailable,
3efdc74c1c0b688faecc8a66701de58f648d8b1e56912f4ce33ba1f6b98843fb,2023-12,Wiltshire Police,Wiltshire Police,-1.775544,51.559293,On or near Supermarket,E01015493,Swindon 017B,Shoplifting,Investigation complete; no suspect identified,
0cd0c03bce5460105cb8e1b202ec8f5163edf78fbae1e2b007277d01082ac650,2023-12,Wiltshire Police,Wiltshire Police,-1.775544,51.559293,On or near Supermarket,E01015493,Swindon 017B,Shoplifting,Court result unavailable,
f2b822e4b0af5b4f59d6109170070e6e531cfd3f10e9584feaf5d8394bfb1dab,2023-12,Wiltshire Police,Wiltshire Police,-1.775544,51.559293,On or near Supermarket,E01015493,Swindon 017B,Shoplifting,Unable to prosecute suspect,
87c9f693cdef823954b03645ad3052991c2813c408ea21d5c13672b7a224fd4e,2023-12,Wiltshire Police,Wiltshire Police,-1.775963,51.561964,On or near Newcastle Street,E01015493,Swindon 017B,Theft from the person,Investigation complete; no suspect identified,
80c5c871bcc6dbf5c3ccbbf5f2487fd876126b5032d90f6a375007f71269410d,2023-12,Wiltshire Police,Wiltshire Police,-1.775963,51.561964,On or near Newcastle Street,E01015493,Swindon 017B,Vehicle crime,Investigation complete; no suspect identified,
00993fd4ba627fc4db241c96b2c1895f343c1ccecc55a451540ee32c186562b1,2023-12,Wiltshire Police,Wiltshire Police,-1.774419,51.562114,On or near Portsmouth Street,E01015493,Swindon 017B,Vehicle crime,Investigation complete; no suspect identified,
9d130369107da3be3f65da2243619f34c315b2b564f132d3f8b658e94959be26,2023-12,Wiltshire Police,Wiltshire Police,-1.775544,51.559293,On or near Supermarket,E01015493,Swindon 017B,Violence and sexual offences,Unable to prosecute suspect,
4c88882cebf05887b203a914ae1b6e8986534f3eab424900747e77326a8e9a2b,2023-12,Wiltshire Police,Wiltshire Police,-1.775963,51.561964,On or near Newcastle Street,E01015493,Swindon 017B,Violence and sexual offences,Unable to prosecute suspect,
5b35eb63670cc4ad669999574695edce470869c42b0ef768f391cfe7c46a943c,2023-12,Wiltshire Police,Wiltshire Police,-1.769992,51.561863,On or near Dudmore Road,E01015574,Swindon 017C,Other theft,Investigation complete; no suspect identified,
407ab6c6a5911e49d3a72c81cb1f5d010e23b83504cc4c3f889ed48d2d7f1c6c,2023-12,Wiltshire Police,Wiltshire Police,-1.770607,51.557116,On or near Alvescot Road,E01015574,Swindon 017C,Vehicle crime,Investigation complete; no suspect identified,
d8d30850d1a8263aaa53488ab8f09ae139e35cebb6458d4fba9ea3cb799e8014,2023-12,Wiltshire Police,Wiltshire Police,-1.767870,51.561993,On or near Munro Close,E01015574,Swindon 017C,Violence and sexual offences,Unable to prosecute suspect,
f9334e54dddd657c12140832238573125b3de64abe333138f295530aae707253,2023-12,Wiltshire Police,Wiltshire Police,-1.767870,51.561993,On or near Munro Close,E01015574,Swindon 017C,Violence and sexual offences,Unable to prosecute suspect,
73785a6905f504ea4178d0c2bbe2b0a7093c77623befb642f2e458f8733652a9,2023-12,Wiltshire Police,Wiltshire Police,-1.762107,51.555094,On or near Salcombe Grove,E01015576,Swindon 017D,Violence and sexual offences,Local resolution,
,2023-12,Wiltshire Police,Wiltshire Police,-1.774369,51.554777,On or near Chandler Close,E01015576,Swindon 017D,Anti-social behaviour,,
32a502ed61f0ba84eaf81c98d70b4eab341ee5d31ecf6fdab8fb0693910a22ec,2023-12,Wiltshire Police,Wiltshire Police,-1.762107,51.555094,On or near Salcombe Grove,E01015576,Swindon 017D,Bicycle theft,Investigation complete; no suspect identified,
38466dc52e8be5ebbadf188a578ff7127096c848e63296ae6a4d0a418e39778d,2023-12,Wiltshire Police,Wiltshire Police,-1.763222,51.557021,On or near Woodside Avenue,E01015576,Swindon 017D,Criminal damage and arson,Investigation complete; no suspect identified,
d82fe03bfa9be30a96f4e66997020d01e808c1fffc69579eac60365218345b09,2023-12,Wiltshire Police,Wiltshire Police,-1.763222,51.557021,On or near Woodside Avenue,E01015576,Swindon 017D,Criminal damage and arson,Investigation complete; no suspect identified,
7fffe553149edf5f6fd0e73a4e0bf65f7b9a70d790433febe89a11850ea37d0a,2023-12,Wiltshire Police,Wiltshire Police,-1.764649,51.554542,On or near Brixham Avenue,E01015576,Swindon 017D,Criminal damage and arson,Investigation complete; no suspect identified,
323e086401645834f0671ffec89e019d962943508de730535000b135ad9c2a3b,2023-12,Wiltshire Police,Wiltshire Police,-1.767296,51.555842,On or near Upham Road,E01015576,Swindon 017D,Other theft,Investigation complete; no suspect identified,
19986cbc7a1bb5a658039b59a2b34981fee8e8d89cdd5758c5ad964359c08720,2023-12,Wiltshire Police,Wiltshire Police,-1.762107,51.555094,On or near Salcombe Grove,E01015576,Swindon 017D,Violence and sexual offences,Local resolution,
46eab94da967f8d3603462933a4d94ee21c9a375e7576149dcf1ea7943d0b3ef,2023-12,Wiltshire Police,Wiltshire Police,-1.762107,51.555094,On or near Salcombe Grove,E01015576,Swindon 017D,Violence and sexual offences,Action to be taken by another organisation,
9215cbc06f00089097c07ba32db38c9610a67ce5995c6553714519ec63341fef,2023-12,Wiltshire Police,Wiltshire Police,-1.768705,51.556681,On or near Bibury Road,E01015576,Swindon 017D,Violence and sexual offences,Status update unavailable,
6d2f7c28193e7f64bac310266b5f4ffa42f29225dd1517b56873dec5a112c3a6,2023-12,Wiltshire Police,Wiltshire Police,-1.847371,51.553132,On or near Volpe Close,E01015499,Swindon 018A,Violence and sexual offences,Unable to prosecute suspect,
70e934d5d0fe62cf43464a8be76b01d584f868020bac9c1fe1b931f39dedd1c4,2023-12,Wiltshire Police,Wiltshire Police,-1.849417,51.553998,On or near Eltham Close,E01015499,Swindon 018A,Other crime,Status update unavailable,
5275879ef4eb26a6d36609d4940a703951c832865bad50994ab4fa09ba233acf,2023-12,Wiltshire Police,Wiltshire Police,-1.841337,51.554644,On or near Bradenham Road,E01015500,Swindon 018B,Public order,Unable to prosecute suspect,
4a5f65eed507503df276e8dcb6a9b3447b8df12e5d913109bed4f13a3bf72b6e,2023-12,Wiltshire Police,Wiltshire Police,-1.841580,51.551353,On or near Ashburnham Close,E01015500,Swindon 018B,Vehicle crime,Court result unavailable,
20bce3645bbd8f3aa08456094c1dd4a49df651424644d4f28fbb991a38d24b8b,2023-12,Wiltshire Police,Wiltshire Police,-1.841337,51.554644,On or near Bradenham Road,E01015500,Swindon 018B,Violence and sexual offences,Unable to prosecute suspect,
ead87b304cdcc59b7e6499bc2ca7c5bcfb93ae201bd49ecc239bd02a00df566d,2023-12,Wiltshire Police,Wiltshire Police,-1.841337,51.554644,On or near Bradenham Road,E01015500,Swindon 018B,Violence and sexual offences,Court result unavailable,
,2023-12,Wiltshire Police,Wiltshire Police,-1.841203,51.555830,On or near Lisle Close,E01015500,Swindon 018B,Anti-social behaviour,,
,2023-12,Wiltshire Police,Wiltshire Police,-1.841337,51.554644,On or near Bradenham Road,E01015500,Swindon 018B,Anti-social behaviour,,
dd26443262fd454331a83618e701e357bf30fd6c5eb614616d0bd7ccc5ac0e6b,2023-12,Wiltshire Police,Wiltshire Police,-1.840657,51.551082,On or near Winstanley Close,E01015500,Swindon 018B,Bicycle theft,Investigation complete; no suspect identified,
d261f5ac9b4a79f92e906b3f7c595401e002b60fe2b971b4498b5383c802286d,2023-12,Wiltshire Police,Wiltshire Police,-1.843064,51.555833,On or near Byrd Close,E01015500,Swindon 018B,Criminal damage and arson,Unable to prosecute suspect,
02fba006e460dae87cb1e58bc15a86071bd1d367e337db4ba12203932251147e,2023-12,Wiltshire Police,Wiltshire Police,-1.840657,51.551082,On or near Winstanley Close,E01015500,Swindon 018B,Criminal damage and arson,Investigation complete; no suspect identified,
28d84f2da3b96418d8dd9c413199dad6a3a8f7e5935cf8cfc14dad44e1281048,2023-12,Wiltshire Police,Wiltshire Police,-1.841337,51.554644,On or near Bradenham Road,E01015500,Swindon 018B,Criminal damage and arson,Unable to prosecute suspect,
cc8630199db65c334183091090a2cafc8a15d7dee3e635229757b000a00d5bd0,2023-12,Wiltshire Police,Wiltshire Police,-1.841947,51.553404,On or near Paulet Close,E01015500,Swindon 018B,Criminal damage and arson,Unable to prosecute suspect,
64735311f5177b98f2eca99361f47d8d65b6d3adb50be1d4cf6781d82f50178b,2023-12,Wiltshire Police,Wiltshire Police,-1.841337,51.554644,On or near Bradenham Road,E01015500,Swindon 018B,Criminal damage and arson,Investigation complete; no suspect identified,
548205a6898cc2c993266b9e1f5be8d8be2fe18d32a4f3e9a09f27a00028ee99,2023-12,Wiltshire Police,Wiltshire Police,-1.841337,51.554644,On or near Bradenham Road,E01015500,Swindon 018B,Drugs,Unable to prosecute suspect,
0a3deb17cf1635d287757cb9367288f9d76718bdf8e3b4458e9516964d5db112,2023-12,Wiltshire Police,Wiltshire Police,-1.841337,51.554644,On or near Bradenham Road,E01015500,Swindon 018B,Violence and sexual offences,Unable to prosecute suspect,
14c56573f5793542b084ed4c117250b3e3341ea3a2efd918806f66ef381534e6,2023-12,Wiltshire Police,Wiltshire Police,-1.843031,51.557182,On or near Mildmay Close,E01015500,Swindon 018B,Violence and sexual offences,Action to be taken by another organisation,
12cb564c18130f6f7a8062ccdc9b6d9880e6c951836f3aa06d6d6646b5f342a5,2023-12,Wiltshire Police,Wiltshire Police,-1.840898,51.552512,On or near Basingstoke Close,E01015500,Swindon 018B,Violence and sexual offences,Investigation complete; no suspect identified,
faaf8dacb210caeda0c8259d127a261648a9c5d08a4569194fa180497bfad063,2023-12,Wiltshire Police,Wiltshire Police,-1.841337,51.554644,On or near Bradenham Road,E01015500,Swindon 018B,Violence and sexual offences,Unable to prosecute suspect,
b0a25d3d94ec7b47cbc2dbeea6caa4153b0232c43d87022685f12ff1b8285ec3,2023-12,Wiltshire Police,Wiltshire Police,-1.838660,51.553013,On or near Leslie Close,E01015500,Swindon 018B,Violence and sexual offences,Investigation complete; no suspect identified,
a6112902f9c6e7ba7331237acc70266332c5a10c8da046e9e11be69fc9f82bf5,2023-12,Wiltshire Police,Wiltshire Police,-1.841337,51.554644,On or near Bradenham Road,E01015500,Swindon 018B,Violence and sexual offences,Unable to prosecute suspect,
a04248ed44b5d5bd9ab321300ef55b822b6572eea1fd454341937064b9a34f9d,2023-12,Wiltshire Police,Wiltshire Police,-1.841337,51.554644,On or near Bradenham Road,E01015500,Swindon 018B,Violence and sexual offences,Unable to prosecute suspect,
76b1c8fc84ac3eb95e958e6508e4646c2e34dc5d99f5c24a1bbf4cc58f949f56,2023-12,Wiltshire Police,Wiltshire Police,-1.842555,51.552757,On or near Sheen Close,E01015500,Swindon 018B,Violence and sexual offences,Unable to prosecute suspect,
17caa7ffe418feb718828c329482a57b6e96fed54326f24e79a2d05bba5a7213,2023-12,Wiltshire Police,Wiltshire Police,-1.843512,51.559682,On or near Chancellor Close,E01015504,Swindon 018C,Criminal damage and arson,Investigation complete; no suspect identified,
848920f8d2839ac80f8a293f0e452745d6279531cbcdb893f664b0c312bda96c,2023-12,Wiltshire Police,Wiltshire Police,-1.846943,51.560415,On or near Darcey Close,E01015504,Swindon 018C,Other theft,Unable to prosecute suspect,
cec21c9e4b12441ad4aeaf65581b63b3855b53c279108eeeb2f1181d8ac72368,2023-12,Wiltshire Police,Wiltshire Police,-1.846943,51.560415,On or near Darcey Close,E01015504,Swindon 018C,Violence and sexual offences,Court result unavailable,
85943452127b08c461b9eed676c2ba9d8b487b765e9b622154115fa7ba66eeee,2023-12,Wiltshire Police,Wiltshire Police,-1.844741,51.559009,On or near Bonner Close,E01015504,Swindon 018C,Violence and sexual offences,Court result unavailable,
017dd5b1323b02fd6655bc80fe087e7bc588e250f5bc76ff89850cde56615bf5,2023-12,Wiltshire Police,Wiltshire Police,-1.844715,51.562345,On or near Wilmot Close,E01015504,Swindon 018C,Criminal damage and arson,Investigation complete; no suspect identified,
94ede9ff4cdafd004a5e201387b29894d4f8be0cba94c0e16c36782c2138d00f,2023-12,Wiltshire Police,Wiltshire Police,-1.846943,51.560415,On or near Darcey Close,E01015504,Swindon 018C,Criminal damage and arson,Status update unavailable,
c2a2c49d322ed434a535b46869372576533fd93c6cd20e5cec895249a9145965,2023-12,Wiltshire Police,Wiltshire Police,-1.842375,51.563151,On or near Grandison Close,E01015504,Swindon 018C,Violence and sexual offences,Investigation complete; no suspect identified,
a484942fdbf460ab3088870f43353d0954951a5b2fec24b2786611931270f03b,2023-12,Wiltshire Police,Wiltshire Police,-1.844741,51.559009,On or near Bonner Close,E01015504,Swindon 018C,Violence and sexual offences,Investigation complete; no suspect identified,
6e0643848417e4aa2a6c43373b21f9ffd3e92542d11757da9323732580519f82,2023-12,Wiltshire Police,Wiltshire Police,-1.844741,51.559009,On or near Bonner Close,E01015504,Swindon 018C,Violence and sexual offences,Status update unavailable,
b083c55debfd652dff77d3bbf8a5818b0a40e281d2666c3fab992da20ede6112,2023-12,Wiltshire Police,Wiltshire Police,-1.835287,51.560714,On or near Tewkesbury Way,E01015505,Swindon 018D,Shoplifting,Unable to prosecute suspect,
,2023-12,Wiltshire Police,Wiltshire Police,-1.835287,51.560714,On or near Tewkesbury Way,E01015505,Swindon 018D,Anti-social behaviour,,
,2023-12,Wiltshire Police,Wiltshire Police,-1.840601,51.563050,On or near Walter Close,E01015505,Swindon 018D,Anti-social behaviour,,
97a284a0ae6b176d13d6211a7f2c62f6bb3fb9b0fa7ffef72114fdbd6aedc6e9,2023-12,Wiltshire Police,Wiltshire Police,-1.835287,51.560714,On or near Tewkesbury Way,E01015505,Swindon 018D,Bicycle theft,Investigation complete; no suspect identified,
e9744eb9005c72470199caf98fc2ee8c7d8fc1ef262ca907d721de4228ab286c,2023-12,Wiltshire Police,Wiltshire Police,-1.835287,51.560714,On or near Tewkesbury Way,E01015505,Swindon 018D,Bicycle theft,Court result unavailable,
78b626af7421a59ae58ca1f972ff19c8ab1b28e4ba5bb35d6212a89bde34f4cb,2023-12,Wiltshire Police,Wiltshire Police,-1.834947,51.558744,On or near Tyburn Close,E01015505,Swindon 018D,Other theft,Unable to prosecute suspect,
9eacc6bb32be0ee3b1f3c5e754fefe9a384401a0f05b7b10547649409cc6072e,2023-12,Wiltshire Police,Wiltshire Police,-1.834947,51.558744,On or near Tyburn Close,E01015505,Swindon 018D,Vehicle crime,Investigation complete; no suspect identified,
a36558e7cb22a38575622b9e4167bb124cd7c641f0fd9cfd80d3f395b4cd8b15,2023-12,Wiltshire Police,Wiltshire Police,-1.836489,51.559241,On or near Marney Road,E01015505,Swindon 018D,Violence and sexual offences,Unable to prosecute suspect,
33955c1c384a2e5b741515e0455b5e017535518e9b162b7e2aec434beb0d86ff,2023-12,Wiltshire Police,Wiltshire Police,-1.840337,51.556189,On or near Sudeley Way,E01015505,Swindon 018D,Violence and sexual offences,Unable to prosecute suspect,
5141f1b17588d778ecd6ff24dfd2bfe61c36dc18ba593e655c79a9eb63ca9f0e,2023-12,Wiltshire Police,Wiltshire Police,-1.837462,51.557462,On or near Woollaton Close,E01015505,Swindon 018D,Violence and sexual offences,Unable to prosecute suspect,
3da408cec73823fdf81aa97ac60ed1a286312782245a8aff73437e07d619a90d,2023-12,Wiltshire Police,Wiltshire Police,-1.836516,51.559861,On or near Rycote Close,E01015505,Swindon 018D,Violence and sexual offences,Unable to prosecute suspect,
93dc4972713e6cab7c0bdc93e1536cd69196b29bd070deb85a6c846937932acd,2023-12,Wiltshire Police,Wiltshire Police,-1.838445,51.556834,On or near Bainbridge Close,E01015505,Swindon 018D,Violence and sexual offences,Unable to prosecute suspect,
48dea50683eef205017f86c4fd9a0baa387b60ab919cc8d696b038c373dc2ef4,2023-12,Wiltshire Police,Wiltshire Police,-1.840337,51.556189,On or near Sudeley Way,E01015505,Swindon 018D,Other crime,Investigation complete; no suspect identified,
61fcc1e767e672a930a3409bc6b0dd86fa420d5b7fca9f1e8dc1b2a3491725a3,2023-12,Wiltshire Police,Wiltshire Police,-1.789054,51.557403,On or near Dryden Street,E01015494,Swindon 019A,Possession of weapons,Unable to prosecute suspect,
c6544eff3ec078ea71f2e74f373fe69301e16371f936086dc4df40774c7b216f,2023-12,Wiltshire Police,Wiltshire Police,-1.785302,51.560868,On or near Shopping Area,E01015494,Swindon 019A,Possession of weapons,Court result unavailable,
04ae0a8ed3f2217a1ff4e3e2b203dae0ea676e47220e08b62478cd65522f8b84,2023-12,Wiltshire Police,Wiltshire Police,-1.786036,51.558054,On or near Newhall Street,E01015494,Swindon 019A,Public order,Local resolution,
5badbf16afc274ef9d1512fc8b400241ed14d469f03bdf5e91898c3110a1b3a4,2023-12,Wiltshire Police,Wiltshire Police,-1.785302,51.560868,On or near Shopping Area,E01015494,Swindon 019A,Robbery,Unable to prosecute suspect,
33af8f8bd03e26fccbc0a06f5529d37cd44f6f81c024cd91f48aaec72a6edc73,2023-12,Wiltshire Police,Wiltshire Police,-1.789729,51.558024,On or near Whitehead Street,E01015494,Swindon 019A,Violence and sexual offences,Unable to prosecute suspect,
5cc45f0bfd4bc5c6555947b4a7026dced14363ca2f0b2911d50664406891bbb1,2023-12,Wiltshire Police,Wiltshire Police,-1.785302,51.560868,On or near Shopping Area,E01015494,Swindon 019A,Violence and sexual offences,Unable to prosecute suspect,
cfc9359974871ad1dd2c939b2bff70e088dcbbf77086aa8bdd245acefd52b0ed,2023-12,Wiltshire Police,Wiltshire Police,-1.785302,51.560868,On or near Shopping Area,E01015494,Swindon 019A,Violence and sexual offences,Unable to prosecute suspect,
d9ea834727433b13dd2eaf953c3a4c91d4678fee2fa73422e986fc0eea76f971,2023-12,Wiltshire Police,Wiltshire Police,-1.785866,51.560508,On or near Shopping Area,E01015494,Swindon 019A,Violence and sexual offences,Unable to prosecute suspect,
895f2094832e0ad4f7432b8b9726b04ac22fe66cf86876e26df9a1eca29e6b9d,2023-12,Wiltshire Police,Wiltshire Police,-1.785302,51.560868,On or near Shopping Area,E01015494,Swindon 019A,Violence and sexual offences,Court result unavailable,
68e5c654be0e298208741ae1393816da836f4c9c64d32621dcbcd80f7a7b56ab,2023-12,Wiltshire Police,Wiltshire Police,-1.786036,51.558054,On or near Newhall Street,E01015494,Swindon 019A,Violence and sexual offences,Court result unavailable,
,2023-12,Wiltshire Police,Wiltshire Police,-1.784355,51.559849,On or near Parking Area,E01015494,Swindon 019A,Anti-social behaviour,,
,2023-12,Wiltshire Police,Wiltshire Police,-1.785866,51.560508,On or near Shopping Area,E01015494,Swindon 019A,Anti-social behaviour,,
,2023-12,Wiltshire Police,Wiltshire Police,-1.788718,51.559281,On or near Nightclub,E01015494,Swindon 019A,Anti-social behaviour,,
,2023-12,Wiltshire Police,Wiltshire Police,-1.790045,51.558313,On or near Curtis Street,E01015494,Swindon 019A,Anti-social behaviour,,
,2023-12,Wiltshire Police,Wiltshire Police,-1.788718,51.559281,On or near Nightclub,E01015494,Swindon 019A,Anti-social behaviour,,
,2023-12,Wiltshire Police,Wiltshire Police,-1.789729,51.558024,On or near Whitehead Street,E01015494,Swindon 019A,Anti-social behaviour,,
,2023-12,Wiltshire Police,Wiltshire Police,-1.785866,51.560508,On or near Shopping Area,E01015494,Swindon 019A,Anti-social behaviour,,
,2023-12,Wiltshire Police,Wiltshire Police,-1.788718,51.559281,On or near Nightclub,E01015494,Swindon 019A,Anti-social behaviour,,
,2023-12,Wiltshire Police,Wiltshire Police,-1.788718,51.559281,On or near Nightclub,E01015494,Swindon 019A,Anti-social behaviour,,
,2023-12,Wiltshire Police,Wiltshire Police,-1.785671,51.558970,On or near Commercial Road,E01015494,Swindon 019A,Anti-social behaviour,,
f1f209b4b2bdb98c786c176cc013c89b4744270324553b849e9ca63bc77e13d1,2023-12,Wiltshire Police,Wiltshire Police,-1.784355,51.559849,On or near Parking Area,E01015494,Swindon 019A,Bicycle theft,Investigation complete; no suspect identified,
e12a6169b1abe17e621195a8709efc246a5a11ee55e1545085f2b38b46be9e06,2023-12,Wiltshire Police,Wiltshire Police,-1.787055,51.559314,On or near Parking Area,E01015494,Swindon 019A,Criminal damage and arson,Investigation complete; no suspect identified,
ab072ec2a6184ca3ef75716f49062b164251dd373bdabd270d730df315ce5a4e,2023-12,Wiltshire Police,Wiltshire Police,-1.785302,51.560868,On or near Shopping Area,E01015494,Swindon 019A,Drugs,Formal action is not in the public interest,
df937f23d200aa22273dc23e72e6af066bbf2999dd3a1cdc17aa9840e12246c9,2023-12,Wiltshire Police,Wiltshire Police,-1.793215,51.556026,On or near Radnor Street,E01015494,Swindon 019A,Other theft,Unable to prosecute suspect,
44961532b6c4c1c1270429587ed59e9f36f74a6f896432e95655ada1a5faed1c,2023-12,Wiltshire Police,Wiltshire Police,-1.788718,51.559281,On or near Nightclub,E01015494,Swindon 019A,Other theft,Unable to prosecute suspect,
6c1c77f83e98ce1fadf1aa4547dcfe39bbb72021246330ef556f03bc12c4eaf4,2023-12,Wiltshire Police,Wiltshire Police,-1.785671,51.558970,On or near Commercial Road,E01015494,Swindon 019A,Other theft,Investigation complete; no suspect identified,
1fe929941acf85d5667e428ade83f74745ad421579ede2e772b48b2b030de8f6,2023-12,Wiltshire Police,Wiltshire Police,-1.784355,51.559849,On or near Parking Area,E01015494,Swindon 019A,Public order,Court result unavailable,
bf9b7cbcaf8bb0a6db7173ca00981948f11ecb11c4e7c64be9443aab86d06870,2023-12,Wiltshire Police,Wiltshire Police,-1.784355,51.559849,On or near Parking Area,E01015494,Swindon 019A,Public order,Court result unavailable,
71b896389175e11980ba262dfd287676682edf61768184fe873bc09993478e38,2023-12,Wiltshire Police,Wiltshire Police,-1.784355,51.559849,On or near Parking Area,E01015494,Swindon 019A,Public order,Investigation complete; no suspect identified,
2b0bb58411ae76500950b88c728b461332fb4913c0599aa59dccf1f346fefb00,2023-12,Wiltshire Police,Wiltshire Police,-1.785866,51.560508,On or near Shopping Area,E01015494,Swindon 019A,Public order,Investigation complete; no suspect identified,
63fa4e649be4d9c249adb9f8a75a23a3cfabc8793f8110616b398d5461a9e588,2023-12,Wiltshire Police,Wiltshire Police,-1.785866,51.560508,On or near Shopping Area,E01015494,Swindon 019A,Shoplifting,Local resolution,
9ecfe1a1efa159f4216983ed978b60d93a4e1d7d5012a6f42b59ab19958feaf6,2023-12,Wiltshire Police,Wiltshire Police,-1.785866,51.560508,On or near Shopping Area,E01015494,Swindon 019A,Shoplifting,Investigation complete; no suspect identified,
60d7c8edb7504f3ac4788b2789d29eb109f212b14c65e376f0df02e8495b3e50,2023-12,Wiltshire Police,Wiltshire Police,-1.784355,51.559849,On or near Parking Area,E01015494,Swindon 019A,Shoplifting,Unable to prosecute suspect,
7d916cd00cf3a0f9db173750f734db89e5751a620729c5016ff0ee4279d824d2,2023-12,Wiltshire Police,Wiltshire Police,-1.784355,51.559849,On or near Parking Area,E01015494,Swindon 019A,Shoplifting,Unable to prosecute suspect,
433d5d0f75ac523cc079c51c411c5af3c6cf3184fce3a80b14702c9afecc1649,2023-12,Wiltshire Police,Wiltshire Police,-1.784355,51.559849,On or near Parking Area,E01015494,Swindon 019A,Shoplifting,Investigation complete; no suspect identified,
144030a6db7a15596c17f43e59551be93eba6b458b053749717118511efeff98,2023-12,Wiltshire Police,Wiltshire Police,-1.784355,51.559849,On or near Parking Area,E01015494,Swindon 019A,Shoplifting,Local resolution,
9a17d5d2e2640b796af5a37501a6ba31b238b0dadb0592b7000df3e1140acc14,2023-12,Wiltshire Police,Wiltshire Police,-1.785866,51.560508,On or near Shopping Area,E01015494,Swindon 019A,Shoplifting,Local resolution,
62f336fb3aa290bf78b03b1fd7da0bca58466cd85ec340842e2d92992446dce4,2023-12,Wiltshire Police,Wiltshire Police,-1.785866,51.560508,On or near Shopping Area,E01015494,Swindon 019A,Shoplifting,Court result unavailable,
0f86ab76b54b03c96cfbdf75b333ed4186a2fcca556840c70290e9208aa1f0e4,2023-12,Wiltshire Police,Wiltshire Police,-1.784355,51.559849,On or near Parking Area,E01015494,Swindon 019A,Shoplifting,Local resolution,
25e02495caf2131c747ef1ca3edf3b7c815033c15be0fb3e97906251a03ec828,2023-12,Wiltshire Police,Wiltshire Police,-1.785302,51.560868,On or near Shopping Area,E01015494,Swindon 019A,Shoplifting,Local resolution,
b4600f1f5f1e252616ddbc4b752501cfdc0462d04623e142885ed0c0e7aa8109,2023-12,Wiltshire Police,Wiltshire Police,-1.787812,51.557760,On or near Deacon Street,E01015494,Swindon 019A,Vehicle crime,Investigation complete; no suspect identified,
c5b8795f1d79e7b28c19cc215eee317207244886f24b2521042d4f221126abef,2023-12,Wiltshire Police,Wiltshire Police,-1.789054,51.557403,On or near Dryden Street,E01015494,Swindon 019A,Vehicle crime,Unable to prosecute suspect,
38a0bc492799570e317eab78903df03356588e504c704b89fa3b754dc839af81,2023-12,Wiltshire Police,Wiltshire Police,-1.790045,51.558313,On or near Curtis Street,E01015494,Swindon 019A,Vehicle crime,Status update unavailable,
8d822ad98d822b50a6c02bb5381d5e5181282ffaeb05e3e79a8fa4d5aa612065,2023-12,Wiltshire Police,Wiltshire Police,-1.785302,51.560868,On or near Shopping Area,E01015494,Swindon 019A,Violence and sexual offences,Unable to prosecute suspect,
e79a2c876c2e81d0961a44d3b58603cf6c9458c197dbb417db596e5e2bcba6a4,2023-12,Wiltshire Police,Wiltshire Police,-1.785302,51.560868,On or near Shopping Area,E01015494,Swindon 019A,Violence and sexual offences,Investigation complete; no suspect identified,
73f9a15d1463bb199ed40c2b2b2a315afeefc8dc23a0c7d3a0db26a6e94a31e8,2023-12,Wiltshire Police,Wiltshire Police,-1.788718,51.559281,On or near Nightclub,E01015494,Swindon 019A,Violence and sexual offences,Unable to prosecute suspect,
1dbf453b8913ba719d0e9fe16cdf558fc70f0ccf1edea7d71c94cf650110ded8,2023-12,Wiltshire Police,Wiltshire Police,-1.785302,51.560868,On or near Shopping Area,E01015494,Swindon 019A,Violence and sexual offences,Investigation complete; no suspect identified,
ca2713b442cb064045a92405a899be9eb54a4565f7d00c1c34542bb0de219094,2023-12,Wiltshire Police,Wiltshire Police,-1.784355,51.559849,On or near Parking Area,E01015494,Swindon 019A,Violence and sexual offences,Unable to prosecute suspect,
ea43c1d9987b2ca71bf687e06cf9ee287630b1f62b6b82093e51613bb13c71e5,2023-12,Wiltshire Police,Wiltshire Police,-1.789729,51.558024,On or near Whitehead Street,E01015494,Swindon 019A,Violence and sexual offences,Unable to prosecute suspect,
8529598203c2d42508dbc08f2cf853f30700400660f1aef1d62b9b71628a7f9f,2023-12,Wiltshire Police,Wiltshire Police,-1.785302,51.560868,On or near Shopping Area,E01015494,Swindon 019A,Violence and sexual offences,Unable to prosecute suspect,
3c8c0bbc051a674287cc5f0ccc50e049833aaf374d6aa5da698a0824832524a5,2023-12,Wiltshire Police,Wiltshire Police,-1.785302,51.560868,On or near Shopping Area,E01015494,Swindon 019A,Violence and sexual offences,Investigation complete; no suspect identified,
51a0624e506ba84b0b0117b558b4964f7bbcdc9aa307ef5ef917307a7016c856,2023-12,Wiltshire Police,Wiltshire Police,-1.785302,51.560868,On or near Shopping Area,E01015494,Swindon 019A,Violence and sexual offences,Unable to prosecute suspect,
768eb463437e31fe99893937e77972c9148868abc5c9f3683cd1ffba39184efd,2023-12,Wiltshire Police,Wiltshire Police,-1.789729,51.558024,On or near Whitehead Street,E01015494,Swindon 019A,Violence and sexual offences,Unable to prosecute suspect,
71ff0f9d24fbc94baf7a8251f980258f968472ac40bdd1a7119f64f7242b17ff,2023-12,Wiltshire Police,Wiltshire Police,-1.785302,51.560868,On or near Shopping Area,E01015494,Swindon 019A,Violence and sexual offences,Court result unavailable,
5f0a05a8f949cdc8212608f7e510dc6e49535e746f01478cdaba246ecc301134,2023-12,Wiltshire Police,Wiltshire Police,-1.783482,51.558301,On or near Whitney Street,E01015496,Swindon 019C,Violence and sexual offences,Unable to prosecute suspect,
5a35f1ff5497db5c71316e93277d4dc8b8ba17839e9a0fa2ef74721ccd9569e8,2023-12,Wiltshire Police,Wiltshire Police,-1.785915,51.556228,On or near Stafford Street,E01015496,Swindon 019C,Violence and sexual offences,Awaiting court outcome,
,2023-12,Wiltshire Police,Wiltshire Police,-1.785027,51.557890,On or near Crombey Street,E01015496,Swindon 019C,Anti-social behaviour,,
,2023-12,Wiltshire Police,Wiltshire Police,-1.785032,51.556865,On or near Dixon Street,E01015496,Swindon 019C,Anti-social behaviour,,
908174e31ec563ec831a9fc767d06bbb8b87742216045b97b4add7a066437d5f,2023-12,Wiltshire Police,Wiltshire Police,-1.783730,51.554705,On or near Pembroke Street,E01015496,Swindon 019C,Bicycle theft,Investigation complete; no suspect identified,
1b7ed80de38b0fd0c835d9d584b9e80bef77260e9e2f77426e5d944d2671e29c,2023-12,Wiltshire Police,Wiltshire Police,-1.785915,51.556228,On or near Stafford Street,E01015496,Swindon 019C,Criminal damage and arson,Investigation complete; no suspect identified,
7d19c4e7aff786d6685c4c47ffbab31eb941f581156a6bce6dd20ed68fc8550c,2023-12,Wiltshire Police,Wiltshire Police,-1.783704,51.554147,On or near Globe Street,E01015496,Swindon 019C,Other theft,Investigation complete; no suspect identified,
5ce2d9a5c2eaf29cb098a0b2361cab96a50d9cc969046a86b2d956314f10d472,2023-12,Wiltshire Police,Wiltshire Police,-1.785915,51.556228,On or near Stafford Street,E01015496,Swindon 019C,Violence and sexual offences,Investigation complete; no suspect identified,
1a18b51f95ffb4aa822665c0068176e04a45970545b9de6ce2a1b44140155270,2023-12,Wiltshire Police,Wiltshire Police,-1.780290,51.556155,On or near Prospect Hill,E01015497,Swindon 019D,Violence and sexual offences,Unable to prosecute suspect,
46f4afc977e8d6209d2c080f4b0a875577d28a16b7d9d86471888cb3dca8feb4,2023-12,Wiltshire Police,Wiltshire Police,-1.788046,51.554002,On or near Ashford Road,E01015497,Swindon 019D,Violence and sexual offences,Unable to prosecute suspect,
,2023-12,Wiltshire Police,Wiltshire Police,-1.786907,51.553865,On or near Kent Road,E01015497,Swindon 019D,Anti-social behaviour,,
1624994ec6a3b14c2aa4cfab6be87f383502a4a3069dd881f17296d23e1c62ba,2023-12,Wiltshire Police,Wiltshire Police,-1.786416,51.553945,On or near Folkestone Road,E01015497,Swindon 019D,Violence and sexual offences,Unable to prosecute suspect,
20607ccd3c0d133c37d659cb0b1f50044ba2cfa7e7d9aef4f4a87e6e5aa62f6b,2023-12,Wiltshire Police,Wiltshire Police,-1.779716,51.558617,On or near Clarence Street,E01032714,Swindon 019E,Possession of weapons,Court result unavailable,
35d1bd9f5ec8dac328a0842b6a178f38ff24a77ba83b753c69e16b91ae84daea,2023-12,Wiltshire Police,Wiltshire Police,-1.779326,51.561746,On or near Spring Close,E01032714,Swindon 019E,Theft from the person,Unable to prosecute suspect,
c6f527f97d3bd5e13e6409a0e5ab10e89c9b443c49a4da6e217570cce50130c3,2023-12,Wiltshire Police,Wiltshire Police,-1.779385,51.561350,On or near Parking Area,E01032714,Swindon 019E,Violence and sexual offences,Investigation complete; no suspect identified,
3ad4907bca42b5bca8f843b32d856fd120b037606abca46c062922728b2b66c9,2023-12,Wiltshire Police,Wiltshire Police,-1.780824,51.559368,On or near Nightclub,E01032714,Swindon 019E,Violence and sexual offences,Unable to prosecute suspect,
,2023-12,Wiltshire Police,Wiltshire Police,-1.779716,51.558617,On or near Clarence Street,E01032714,Swindon 019E,Anti-social behaviour,,
,2023-12,Wiltshire Police,Wiltshire Police,-1.783294,51.561402,On or near Sanford Street,E01032714,Swindon 019E,Anti-social behaviour,,
,2023-12,Wiltshire Police,Wiltshire Police,-1.781126,51.559411,On or near Theatre/Concert Hall,E01032714,Swindon 019E,Anti-social behaviour,,
,2023-12,Wiltshire Police,Wiltshire Police,-1.783017,51.559046,On or near Temple Street,E01032714,Swindon 019E,Anti-social behaviour,,
,2023-12,Wiltshire Police,Wiltshire Police,-1.782749,51.560898,On or near Edgeware Road,E01032714,Swindon 019E,Anti-social behaviour,,
,2023-12,Wiltshire Police,Wiltshire Police,-1.779716,51.558617,On or near Clarence Street,E01032714,Swindon 019E,Anti-social behaviour,,
,2023-12,Wiltshire Police,Wiltshire Police,-1.783422,51.561915,On or near College Street,E01032714,Swindon 019E,Anti-social behaviour,,
,2023-12,Wiltshire Police,Wiltshire Police,-1.781095,51.556804,On or near Rolleston Street,E01032714,Swindon 019E,Anti-social behaviour,,
,2023-12,Wiltshire Police,Wiltshire Police,-1.783422,51.561915,On or near College Street,E01032714,Swindon 019E,Anti-social behaviour,,
,2023-12,Wiltshire Police,Wiltshire Police,-1.783017,51.559046,On or near Temple Street,E01032714,Swindon 019E,Anti-social behaviour,,
,2023-12,Wiltshire Police,Wiltshire Police,-1.783422,51.561915,On or near College Street,E01032714,Swindon 019E,Anti-social behaviour,,
,2023-12,Wiltshire Police,Wiltshire Police,-1.779716,51.558617,On or near Clarence Street,E01032714,Swindon 019E,Anti-social behaviour,,
,2023-12,Wiltshire Police,Wiltshire Police,-1.779716,51.558617,On or near Clarence Street,E01032714,Swindon 019E,Anti-social behaviour,,
b4287bef10e423caa5e5defca316569df274944d1f97d85e81497801a88650bc,2023-12,Wiltshire Police,Wiltshire Police,-1.781126,51.559411,On or near Theatre/Concert Hall,E01032714,Swindon 019E,Criminal damage and arson,Investigation complete; no suspect identified,
292b17737c296baef432adf9c1e7869b5d06f94f1c04dbf75a2552a0898fd3e8,2023-12,Wiltshire Police,Wiltshire Police,-1.781126,51.559411,On or near Theatre/Concert Hall,E01032714,Swindon 019E,Criminal damage and arson,Unable to prosecute suspect,
fe5aad513fc8342a16fe07e9ef233f6edc74ddd3a002b106c8466d36fd93219e,2023-12,Wiltshire Police,Wiltshire Police,-1.779937,51.557620,On or near Byron Street,E01032714,Swindon 019E,Criminal damage and arson,Investigation complete; no suspect identified,
2ed3af2a12c221f62a1d7cee46ef031593fe7fa210d2ae5ff4736daf76993bf5,2023-12,Wiltshire Police,Wiltshire Police,-1.779716,51.558617,On or near Clarence Street,E01032714,Swindon 019E,Criminal damage and arson,Investigation complete; no suspect identified,
245cbf22bc64fe6f2d9e713c279c8f09d619403f1b60340fdecc5e7f94883a85,2023-12,Wiltshire Police,Wiltshire Police,-1.782749,51.560898,On or near Edgeware Road,E01032714,Swindon 019E,Other theft,Investigation complete; no suspect identified,
fd6710a2f457eaf7d73ee45c9558ca3138514bdce9e3ba9daec2177f3c7fe2b8,2023-12,Wiltshire Police,Wiltshire Police,-1.777983,51.558893,On or near Lincoln Street,E01032714,Swindon 019E,Other theft,Investigation complete; no suspect identified,
d4e41cc0254167e4e935476d7b682ad325a4de11c802e364375032d9a55574a8,2023-12,Wiltshire Police,Wiltshire Police,-1.779385,51.561350,On or near Parking Area,E01032714,Swindon 019E,Possession of weapons,Court result unavailable,
a62f266793e653ce1dfb2af5fffc0af9b0cd735adea065d53092ff870bd9af7c,2023-12,Wiltshire Police,Wiltshire Police,-1.781431,51.558845,On or near Regent Circus,E01032714,Swindon 019E,Public order,Formal action is not in the public interest,
2f59fb38ed1e6ad4616cfc8826a3ffe73045b4ab9a8c30cc12e85a0dd69bceeb,2023-12,Wiltshire Police,Wiltshire Police,-1.781126,51.559411,On or near Theatre/Concert Hall,E01032714,Swindon 019E,Public order,Investigation complete; no suspect identified,
3454641f68fde9f46d4c37e5fdf5623d44ad810c18702396b5ba8ac8ef446508,2023-12,Wiltshire Police,Wiltshire Police,-1.782749,51.560898,On or near Edgeware Road,E01032714,Swindon 019E,Shoplifting,Local resolution,
87c1cb98d19559c144bf836a4280deddad5f0ac4505397c6157d918d5dac7acd,2023-12,Wiltshire Police,Wiltshire Police,-1.782749,51.560898,On or near Edgeware Road,E01032714,Swindon 019E,Shoplifting,Local resolution,
6abbb8f12f8a3ba39ab5be43e3bb6b8f9bd393ccdaeec7c90ffc98c20686084a,2023-12,Wiltshire Police,Wiltshire Police,-1.782749,51.560898,On or near Edgeware Road,E01032714,Swindon 019E,Shoplifting,Unable to prosecute suspect,
2ecfdcbd86298a28e495c47b622b45b45cfd5762faa3281f4ba902c88a113ba4,2023-12,Wiltshire Police,Wiltshire Police,-1.782749,51.560898,On or near Edgeware Road,E01032714,Swindon 019E,Shoplifting,Investigation complete; no suspect identified,
2fb20edd16cb68d54757c7f6e3c31532ee964e517bd4f4dd3fc92a4be18fa8fd,2023-12,Wiltshire Police,Wiltshire Police,-1.782749,51.560898,On or near Edgeware Road,E01032714,Swindon 019E,Shoplifting,Unable to prosecute suspect,
da1846f22dc44f74b65b453ef2b68b872d3f817e5d0c2fdd4af8293409369bef,2023-12,Wiltshire Police,Wiltshire Police,-1.782749,51.560898,On or near Edgeware Road,E01032714,Swindon 019E,Shoplifting,Court result unavailable,
3423620351bca8ab5eac714f6a08e28f593dc03f47ede3ba965a740db04fa241,2023-12,Wiltshire Police,Wiltshire Police,-1.783422,51.561915,On or near College Street,E01032714,Swindon 019E,Shoplifting,Unable to prosecute suspect,
1d9b1ac5b2e3918c1e861d856b14a0dec509a5137c18409d4afc30cdeb2d445a,2023-12,Wiltshire Police,Wiltshire Police,-1.779716,51.558617,On or near Clarence Street,E01032714,Swindon 019E,Theft from the person,Unable to prosecute suspect,
061634de7de642d3cfeba7eeb4ad9feeced65657de0c5d614b225c2cb13654c8,2023-12,Wiltshire Police,Wiltshire Police,-1.783422,51.561915,On or near College Street,E01032714,Swindon 019E,Theft from the person,Investigation complete; no suspect identified,
5a6c18afcb14da5cf83aeffb66062ab0db24c1dafdb747e48c0f88e80ee78c16,2023-12,Wiltshire Police,Wiltshire Police,-1.775516,51.559050,On or near Groundwell Road,E01032714,Swindon 019E,Vehicle crime,Investigation complete; no suspect identified,
c238b2a72e7349e243ebb3db7b974e6bef5808f61bc4e96c3eeafa096e9788f9,2023-12,Wiltshire Police,Wiltshire Police,-1.775516,51.559050,On or near Groundwell Road,E01032714,Swindon 019E,Vehicle crime,Investigation complete; no suspect identified,
c97425e9ed4992299ac47c23a6a9fe6879fa7baff55e520ed0800a83e2154740,2023-12,Wiltshire Police,Wiltshire Police,-1.779385,51.561350,On or near Parking Area,E01032714,Swindon 019E,Violence and sexual offences,Unable to prosecute suspect,
040c33baaf5d1ff9ea3f02c93332fba1d2337ed056c549caedac14d0b8fd8208,2023-12,Wiltshire Police,Wiltshire Police,-1.779385,51.561350,On or near Parking Area,E01032714,Swindon 019E,Violence and sexual offences,Unable to prosecute suspect,
b448ae7d9e4a385e95a215046042ce1e011561a48e1ed30eac6f0198e74d9ce9,2023-12,Wiltshire Police,Wiltshire Police,-1.781431,51.558845,On or near Regent Circus,E01032714,Swindon 019E,Violence and sexual offences,Investigation complete; no suspect identified,
5375ff8493c6dd144df447690ebf635ce8d6b521d9b284a6d6b9a4b1e9af6884,2023-12,Wiltshire Police,Wiltshire Police,-1.779326,51.561746,On or near Spring Close,E01032714,Swindon 019E,Violence and sexual offences,Unable to prosecute suspect,
9e48743887e994c5f57dec6c9c7cbbb6f296e3df378299fab91c1b0a0c457ed8,2023-12,Wiltshire Police,Wiltshire Police,-1.781126,51.559411,On or near Theatre/Concert Hall,E01032714,Swindon 019E,Violence and sexual offences,Unable to prosecute suspect,
2e54375d64465dd521f83d2c30b3f672b71123b8dfcf656e4cd2f332196f8c52,2023-12,Wiltshire Police,Wiltshire Police,-1.782556,51.555952,On or near Warwick Road,E01032714,Swindon 019E,Violence and sexual offences,Action to be taken by another organisation,
4ae92f644b11b4c51b704c5c045a143e41612b5e91f67c17b2c102d0f989ea39,2023-12,Wiltshire Police,Wiltshire Police,-1.779385,51.561350,On or near Parking Area,E01032714,Swindon 019E,Violence and sexual offences,Unable to prosecute suspect,
8cfaf5c30b665916e8d97320ad3e83e8cb198d3bfc6d73dadaa8483f4ceb44ca,2023-12,Wiltshire Police,Wiltshire Police,-1.782435,51.557148,On or near Leighfield Close,E01032714,Swindon 019E,Violence and sexual offences,Investigation complete; no suspect identified,
5136623fafa84f6559f5890af6d3a9f7c6e5f27c11d2c78aa92e93c21c30737d,2023-12,Wiltshire Police,Wiltshire Police,-1.781431,51.558845,On or near Regent Circus,E01032714,Swindon 019E,Violence and sexual offences,Investigation complete; no suspect identified,
a5d0907011272317ea59eec691c704c6c8f00970ec3d5ad3454ac99187691299,2023-12,Wiltshire Police,Wiltshire Police,-1.779008,51.561727,On or near Spring Gardens,E01032714,Swindon 019E,Violence and sexual offences,Status update unavailable,
4f536ff7ed9b0279d3aaf66e5f641e759925f78b5413c0601c3d8035ff44c738,2023-12,Wiltshire Police,Wiltshire Police,-1.781431,51.558845,On or near Regent Circus,E01032714,Swindon 019E,Violence and sexual offences,Unable to prosecute suspect,
39919d766dd0694dcf45b536e5e58b8378f64e44366c2ff0098e7ca3988a5058,2023-12,Wiltshire Police,Wiltshire Police,-1.783017,51.559046,On or near Temple Street,E01032714,Swindon 019E,Violence and sexual offences,Unable to prosecute suspect,
5ce934843faaf37767c34f8e1aa0085d18a36500f98fd16f39b7a02edfed6ce5,2023-12,Wiltshire Police,Wiltshire Police,-1.783422,51.561915,On or near College Street,E01032714,Swindon 019E,Violence and sexual offences,Unable to prosecute suspect,
6f6dbff8026dd3a70bfd82bbfea85a234dfbce69a589bb80cd5b9a9a93db1cbb,2023-12,Wiltshire Police,Wiltshire Police,-1.781126,51.559411,On or near Theatre/Concert Hall,E01032714,Swindon 019E,Violence and sexual offences,Unable to prosecute suspect,
cd7fc4c2d522c782816338dfd1d094e6ab8e8fe3d21624e3361dd0cd9b41968c,2023-12,Wiltshire Police,Wiltshire Police,-1.781431,51.558845,On or near Regent Circus,E01032714,Swindon 019E,Violence and sexual offences,Status update unavailable,
35b4028e388100800f331457079d8240cef06b020598d541f92e2e34486daeb5,2023-12,Wiltshire Police,Wiltshire Police,-1.779716,51.558617,On or near Clarence Street,E01032714,Swindon 019E,Violence and sexual offences,Investigation complete; no suspect identified,
d56119eca9a159312eb68962ea59633a245f7337047a897a5f3810334509a3f5,2023-12,Wiltshire Police,Wiltshire Police,-1.781431,51.558845,On or near Regent Circus,E01032714,Swindon 019E,Violence and sexual offences,Investigation complete; no suspect identified,
30d84250cf01202e9df7b49965aa6b5fd24bc99b54d90a83b2bff681374bcd09,2023-12,Wiltshire Police,Wiltshire Police,-1.779937,51.557620,On or near Byron Street,E01032714,Swindon 019E,Violence and sexual offences,Investigation complete; no suspect identified,
0f66122ab0aac8b50525352fec17e3d848c5db345e2745b8e957525f77534f4c,2023-12,Wiltshire Police,Wiltshire Police,-1.775917,51.553809,On or near Little London,E01032715,Swindon 019F,Theft from the person,Investigation complete; no suspect identified,
acaa32ddfd21b21e87006a302b8145d57807fe10b2c70efc9c80538097d7e12b,2023-12,Wiltshire Police,Wiltshire Police,-1.776541,51.553028,On or near Albert Street,E01032715,Swindon 019F,Violence and sexual offences,Unable to prosecute suspect,
a2dfa7ebca1130d44c5bc13ad525c833a5d492b2e82ff9e00941cfe35e1abd49,2023-12,Wiltshire Police,Wiltshire Police,-1.778710,51.554749,On or near Union Street,E01032715,Swindon 019F,Violence and sexual offences,Unable to prosecute suspect,
3eee89129c71de8ebb21e0bf740f8b7b7949e4192ce9265b99505f7759e4c229,2023-12,Wiltshire Police,Wiltshire Police,-1.776541,51.553028,On or near Albert Street,E01032715,Swindon 019F,Violence and sexual offences,Unable to prosecute suspect,
,2023-12,Wiltshire Police,Wiltshire Police,-1.777828,51.555314,On or near Cannon Street,E01032715,Swindon 019F,Anti-social behaviour,,
,2023-12,Wiltshire Police,Wiltshire Police,-1.778273,51.555738,On or near Victoria Road,E01032715,Swindon 019F,Anti-social behaviour,,
,2023-12,Wiltshire Police,Wiltshire Police,-1.776172,51.554744,On or near Belle Vue Road,E01032715,Swindon 019F,Anti-social behaviour,,
,2023-12,Wiltshire Police,Wiltshire Police,-1.776172,51.554744,On or near Belle Vue Road,E01032715,Swindon 019F,Anti-social behaviour,,
,2023-12,Wiltshire Police,Wiltshire Police,-1.780188,51.553484,On or near King William Street,E01032715,Swindon 019F,Anti-social behaviour,,
,2023-12,Wiltshire Police,Wiltshire Police,-1.777832,51.554352,On or near King John Street,E01032715,Swindon 019F,Anti-social behaviour,,
db9b04c7e482b7353bb827a2ee198ffd2d3b181e5faf9e51672253e034c4b78b,2023-12,Wiltshire Police,Wiltshire Police,-1.778397,51.556871,On or near Dumbarton Terrace,E01032715,Swindon 019F,Criminal damage and arson,Local resolution,
3b407ef96c451a8ec4ceb502b6fdb273ea54bc66445536cb9321cb6dea2de3c7,2023-12,Wiltshire Police,Wiltshire Police,-1.777348,51.556176,On or near Hunt Street,E01032715,Swindon 019F,Other theft,Investigation complete; no suspect identified,
92626e84b0ddb4f4eb2c97def20c9e8c8182721a9d1cc4d3249929ceb22420c4,2023-12,Wiltshire Police,Wiltshire Police,-1.776541,51.553028,On or near Albert Street,E01032715,Swindon 019F,Theft from the person,Investigation complete; no suspect identified,
ee175a97299cd7a79abfe7b275d7341da3d8f68685060238aef62c34035aebf1,2023-12,Wiltshire Police,Wiltshire Police,-1.776172,51.554744,On or near Belle Vue Road,E01032715,Swindon 019F,Violence and sexual offences,Unable to prosecute suspect,
1e0457b5d66ddde7be43490547e3ddd88463130d87ad8c6b92196e25f56b3c2e,2023-12,Wiltshire Police,Wiltshire Police,-1.776172,51.554744,On or near Belle Vue Road,E01032715,Swindon 019F,Violence and sexual offences,Unable to prosecute suspect,
ec07254a0126bf68b1cee32715721c966d53821b4ede7d559a0b337b9f650e86,2023-12,Wiltshire Police,Wiltshire Police,-1.776172,51.554744,On or near Belle Vue Road,E01032715,Swindon 019F,Violence and sexual offences,Unable to prosecute suspect,
639d4b95203f165ecbf4888592d7d18b74d57afbbeae8100677d192143fa297e,2023-12,Wiltshire Police,Wiltshire Police,-1.776541,51.553028,On or near Albert Street,E01032715,Swindon 019F,Other crime,Further investigation is not in the public interest,
d9fa7f57cb39de498abbd546ac77788a79596761c78ec5f9eee9095fe49032f5,2023-12,Wiltshire Police,Wiltshire Police,-1.744189,51.555875,On or near Honiton Road,E01015537,Swindon 020A,Violence and sexual offences,Unable to prosecute suspect,
6a26355da46bef459f32dc51cd4ca51fa80a45858064a9b03b2c05eb66a8c5b3,2023-12,Wiltshire Police,Wiltshire Police,-1.746571,51.555449,On or near Clanfield Road,E01015537,Swindon 020A,Violence and sexual offences,Unable to prosecute suspect,
,2023-12,Wiltshire Police,Wiltshire Police,-1.746833,51.557571,On or near Fareham Close,E01015537,Swindon 020A,Anti-social behaviour,,
,2023-12,Wiltshire Police,Wiltshire Police,-1.743718,51.560091,On or near Shoscombe Green,E01015537,Swindon 020A,Anti-social behaviour,,
,2023-12,Wiltshire Police,Wiltshire Police,-1.743718,51.560091,On or near Shoscombe Green,E01015537,Swindon 020A,Anti-social behaviour,,
8bc6eca1aac43c1c03cd8a57622900838de80c1b1bb513c467993704407479d2,2023-12,Wiltshire Police,Wiltshire Police,-1.744189,51.555875,On or near Honiton Road,E01015537,Swindon 020A,Public order,Local resolution,
9a1a67ddf8cccfefc49ba664a2ade2ea1638daa6017288fc9553c6e91c43cff7,2023-12,Wiltshire Police,Wiltshire Police,-1.746833,51.557571,On or near Fareham Close,E01015537,Swindon 020A,Public order,Unable to prosecute suspect,
8b5409effc9a8a5bd7f510a3ea20ac9a1412e61da305a13d3251c94a082edc65,2023-12,Wiltshire Police,Wiltshire Police,-1.749047,51.556371,On or near Banwell Avenue,E01015537,Swindon 020A,Violence and sexual offences,Action to be taken by another organisation,
4016e5d185bcc7b3ce278f9be6a4df4356052c3acf93e9519020b13597dccb0b,2023-12,Wiltshire Police,Wiltshire Police,-1.746833,51.557571,On or near Fareham Close,E01015537,Swindon 020A,Violence and sexual offences,Unable to prosecute suspect,
a2cb83b061c3584b82e797841269bc4474f6146381c756bd41fb9e4d7db38bdc,2023-12,Wiltshire Police,Wiltshire Police,-1.749667,51.558935,On or near Draycott Close,E01015537,Swindon 020A,Violence and sexual offences,Unable to prosecute suspect,
84f6561a277b782b45e8a8c7fd769533ca9cfb91c157061c75b547b859f17ded,2023-12,Wiltshire Police,Wiltshire Police,-1.748584,51.556586,On or near Weyhill Close,E01015537,Swindon 020A,Violence and sexual offences,Unable to prosecute suspect,
0834172cff71b89e5223d5c60621315b107217db760520cc125aa4ba3c362123,2023-12,Wiltshire Police,Wiltshire Police,-1.748584,51.556586,On or near Weyhill Close,E01015537,Swindon 020A,Violence and sexual offences,Status update unavailable,
20dcdf74375b6a26ec41fc67636250b57c401ceab5f94aa5725aaf323881f72f,2023-12,Wiltshire Police,Wiltshire Police,-1.745210,51.556345,On or near Redruth Close,E01015537,Swindon 020A,Violence and sexual offences,Investigation complete; no suspect identified,
c4f905ccef1197fdd896ae420a7e559e4b8a19a8e66bfe809bbcd0887e1b8e0e,2023-12,Wiltshire Police,Wiltshire Police,-1.744699,51.552379,On or near Petersfield Road,E01015539,Swindon 020B,Public order,Unable to prosecute suspect,
6baea3e9fabc401dd329b0cd7b4bf0f684bd9be07a236ef9803671d7bf6b6602,2023-12,Wiltshire Police,Wiltshire Police,-1.743583,51.553203,On or near Shaftesbury Avenue,E01015539,Swindon 020B,Criminal damage and arson,Investigation complete; no suspect identified,
edd58a688ceafeca4d0bb04b9fa1a0c7b590851b7682c548c1ab8a89537d423d,2023-12,Wiltshire Police,Wiltshire Police,-1.744797,51.552891,On or near Sherwood Road,E01015539,Swindon 020B,Theft from the person,Investigation complete; no suspect identified,
baf94cb9a1b14f4badeed12cd0d5e2b7114e6436074e522d618d119c78bac968,2023-12,Wiltshire Police,Wiltshire Police,-1.743994,51.554652,On or near Beaufort Green,E01015539,Swindon 020B,Vehicle crime,Investigation complete; no suspect identified,
e6647c345669008b1ac71c68bf7415c8e0a242ce8eac0daa15848a902aab1f5b,2023-12,Wiltshire Police,Wiltshire Police,-1.743994,51.554652,On or near Beaufort Green,E01015539,Swindon 020B,Violence and sexual offences,Investigation complete; no suspect identified,
2d2155995bad6828dbf81ffad73c565597ffeae3044274eb8844f71103f9a9df,2023-12,Wiltshire Police,Wiltshire Police,-1.746265,51.548282,On or near Amersham Road,E01015539,Swindon 020B,Other crime,Status update unavailable,
22d74cf2946ae1dcf4e41eee0b1df7fe056d05fa7fd75e8029da28b2dcbe0ec2,2023-12,Wiltshire Police,Wiltshire Police,-1.754829,51.556779,On or near Helston Road,E01015540,Swindon 020C,Violence and sexual offences,Unable to prosecute suspect,
8c01bc6b6db57d578738daabee04437f76e470e7c239ccf2e04edd1174695013,2023-12,Wiltshire Police,Wiltshire Police,-1.754829,51.556779,On or near Helston Road,E01015540,Swindon 020C,Violence and sexual offences,Unable to prosecute suspect,
6e64ec8a6fd2ecc80c5b613b46d0e87b2712fb53bdb04801bf69d4d46c1424be,2023-12,Wiltshire Police,Wiltshire Police,-1.752722,51.551658,On or near Wardley Close,E01015540,Swindon 020C,Violence and sexual offences,Unable to prosecute suspect,
,2023-12,Wiltshire Police,Wiltshire Police,-1.752471,51.555353,On or near Axbridge Close,E01015540,Swindon 020C,Anti-social behaviour,,
,2023-12,Wiltshire Police,Wiltshire Police,-1.757873,51.553944,On or near Caxton Close,E01015540,Swindon 020C,Anti-social behaviour,,
75e71bda07644f93640ca56f3ebddca97323f851ccf071559ae18e04b80668b7,2023-12,Wiltshire Police,Wiltshire Police,-1.750977,51.554172,On or near Whitbourne Avenue,E01015540,Swindon 020C,Shoplifting,Court result unavailable,
b3c6c7766e727adf47e961514970759bf2b6e670a55d5d8306bb2411f88ca687,2023-12,Wiltshire Police,Wiltshire Police,-1.750977,51.554172,On or near Whitbourne Avenue,E01015540,Swindon 020C,Vehicle crime,Investigation complete; no suspect identified,
38a04aa1890eb91db034a2b094e68c5fb97de1098b56abb4f7e8895d00acf6a5,2023-12,Wiltshire Police,Wiltshire Police,-1.755252,51.553075,On or near Wallsworth Road,E01015540,Swindon 020C,Vehicle crime,Investigation complete; no suspect identified,
b155606a2df28e0dce993ec1188c16419b59e08e76e64aac534a3aacca1e8235,2023-12,Wiltshire Police,Wiltshire Police,-1.755953,51.554237,On or near Stanway Close,E01015540,Swindon 020C,Violence and sexual offences,Unable to prosecute suspect,
4575924f027d61a6186bb9ea9ad8145626e079b69e6c71e8a8a275c40d489b64,2023-12,Wiltshire Police,Wiltshire Police,-1.754970,51.557256,On or near Bideford Close,E01015540,Swindon 020C,Violence and sexual offences,Unable to prosecute suspect,
487520bbc68b20f96373a1dd112691600347cfc7d7c60c028646b7bfd1b4d70d,2023-12,Wiltshire Police,Wiltshire Police,-1.757350,51.554635,On or near Walton Close,E01015540,Swindon 020C,Violence and sexual offences,Unable to prosecute suspect,
81891ec4c5042bb359fd5c06db147d795711b3986dde3dc17363f36f5b13c7c6,2023-12,Wiltshire Police,Wiltshire Police,-1.757873,51.553944,On or near Caxton Close,E01015540,Swindon 020C,Violence and sexual offences,Unable to prosecute suspect,
9399cf8de1fdd3cde08f3791c02014c38fb3f3e8d1618d11f226cdc179df889e,2023-12,Wiltshire Police,Wiltshire Police,-1.752722,51.551658,On or near Wardley Close,E01015540,Swindon 020C,Violence and sexual offences,Unable to prosecute suspect,
f902273ec3733e928ee47053d034a33c49f8b05f19a9e4db1a2228d0c67de91c,2023-12,Wiltshire Police,Wiltshire Police,-1.749677,51.554610,On or near Verwood Close,E01015540,Swindon 020C,Violence and sexual offences,Unable to prosecute suspect,
8f9caddbd587d7a607ae9da09a0ea2e5489b291e200b331e2e273699a9220cb2,2023-12,Wiltshire Police,Wiltshire Police,-1.754970,51.557256,On or near Bideford Close,E01015540,Swindon 020C,Violence and sexual offences,Status update unavailable,
3d45e3f9f1a67e1dbf186f62eedfef2c4eca16e070a09163c999465f7667fb20,2023-12,Wiltshire Police,Wiltshire Police,-1.748274,51.550120,On or near Denholme Road,E01015541,Swindon 020D,Burglary,Unable to prosecute suspect,
1e646a163e808d3f87d226913a20a8e566d962d5ab7b5d94c4faed75359bf6a2,2023-12,Wiltshire Police,Wiltshire Police,-1.750727,51.553275,On or near Supermarket,E01015541,Swindon 020D,Criminal damage and arson,Investigation complete; no suspect identified,
0334abbdacf3677bf744408c552c029de22c388c0de56c67c0a765fc61bceefd,2023-12,Wiltshire Police,Wiltshire Police,-1.747699,51.549724,On or near Studland Close,E01015541,Swindon 020D,Other theft,Investigation complete; no suspect identified,
430af92438502d15e235bd9386d8792fffd9ad36a28d692cb994a76ce991c448,2023-12,Wiltshire Police,Wiltshire Police,-1.748221,51.554436,On or near Bridport Road,E01015541,Swindon 020D,Other theft,Unable to prosecute suspect,
f2d7f916a83d984a2a316d7336c6e3985a5121c6a8054a1cd6bd5d1c09a69abd,2023-12,Wiltshire Police,Wiltshire Police,-1.750727,51.553275,On or near Supermarket,E01015541,Swindon 020D,Shoplifting,Court result unavailable,
c86c4854416fb3d4db37939d65c7df1d72a3e1dbb6c66005845b7876083d6227,2023-12,Wiltshire Police,Wiltshire Police,-1.750727,51.553275,On or near Supermarket,E01015541,Swindon 020D,Shoplifting,Investigation complete; no suspect identified,
6b60ce2cce72d8e029d8448b4c1a374fbfe2ec6fde495df14f28e810e1dc13dc,2023-12,Wiltshire Police,Wiltshire Police,-1.750727,51.553275,On or near Supermarket,E01015541,Swindon 020D,Shoplifting,Court result unavailable,
8faf3a28947d69c724c6092e795445889e1343deed5a9fab8a0b8cbee95b272d,2023-12,Wiltshire Police,Wiltshire Police,-1.750727,51.553275,On or near Supermarket,E01015541,Swindon 020D,Shoplifting,Unable to prosecute suspect,
f8a654ab63f1334af7991365a32ee1b437ade3ef58644e021c72ce2f47c1a6c9,2023-12,Wiltshire Police,Wiltshire Police,-1.750727,51.553275,On or near Supermarket,E01015541,Swindon 020D,Shoplifting,Investigation complete; no suspect identified,
d6b79e35016d23caa2ea1af16837207d0d181f49a424a7dea6bbcb151870dda2,2023-12,Wiltshire Police,Wiltshire Police,-1.752306,51.551109,On or near Trentham Close,E01015541,Swindon 020D,Violence and sexual offences,Status update unavailable,
8a08402b0f454cf4fd03c80094c78a76cd3999069cf5953d2945900e6d5a1467,2023-12,Wiltshire Police,Wiltshire Police,-1.749871,51.550771,On or near Ainsworth Road,E01015541,Swindon 020D,Violence and sexual offences,Court result unavailable,
b94e81101c06070b08b4bb42beee8df3b804c75c7566f917caf0ec45360982e7,2023-12,Wiltshire Police,Wiltshire Police,-1.750727,51.553275,On or near Supermarket,E01015541,Swindon 020D,Violence and sexual offences,Investigation complete; no suspect identified,
54ad1a724f207a65665f6562b1e7954c54a5249a454fc3cdaee8f8c3e7b87c1e,2023-12,Wiltshire Police,Wiltshire Police,-1.749871,51.550771,On or near Ainsworth Road,E01015541,Swindon 020D,Violence and sexual offences,Court result unavailable,
19a7e2b26184b79cdd2917285c7f5e0ac88cc2ce91c0efec83fadfc6dd1c2aee,2023-12,Wiltshire Police,Wiltshire Police,-1.750727,51.553275,On or near Supermarket,E01015541,Swindon 020D,Violence and sexual offences,Investigation complete; no suspect identified,
4b336ccef7b62f7005ec27c4ce53cbd250cf2a3adb4c4d610bc78053cca230c5,2023-12,Wiltshire Police,Wiltshire Police,-1.750727,51.553275,On or near Supermarket,E01015541,Swindon 020D,Violence and sexual offences,Unable to prosecute suspect,
749aab65c98cdc360414eeec6e6fa4e8351c94ed2eccac68e1741b69b0c24e80,2023-12,Wiltshire Police,Wiltshire Police,-1.750727,51.553275,On or near Supermarket,E01015541,Swindon 020D,Violence and sexual offences,Unable to prosecute suspect,
03060c1299f7e5c9d88cbdbbbd959d8055e29673bdff40216d02e97357812bd1,2023-12,Wiltshire Police,Wiltshire Police,-1.746446,51.554612,On or near Bembridge Close,E01015541,Swindon 020D,Violence and sexual offences,Unable to prosecute suspect,
4405d23b72fc72274490cd209ae995f387b431fa391569c8ecb419fbff7207c5,2023-12,Wiltshire Police,Wiltshire Police,-1.748221,51.554436,On or near Bridport Road,E01015541,Swindon 020D,Violence and sexual offences,Unable to prosecute suspect,
496d2c31d8132e520a12ef7887fac7e0d9cc9dfa1ef85f6d1590e71609874bff,2023-12,Wiltshire Police,Wiltshire Police,-1.748274,51.550120,On or near Denholme Road,E01015541,Swindon 020D,Violence and sexual offences,Court result unavailable,
5ae50d748101dcc6a2ad1db8e25d9f224fb3fba75be24089235251aa3d1be0f8,2023-12,Wiltshire Police,Wiltshire Police,-1.749871,51.550771,On or near Ainsworth Road,E01015541,Swindon 020D,Violence and sexual offences,Status update unavailable,
c356299b97762086f0e605187625ef49e8484ed2570a635e084e0b452a5730e3,2023-12,Wiltshire Police,Wiltshire Police,-1.755725,51.550990,On or near Wolsely Avenue,E01015542,Swindon 020E,Violence and sexual offences,Unable to prosecute suspect,
75297c960ad45a7f799dd7cc17e708c89d92292a6a5ceaf5c6adc666dc8b70cc,2023-12,Wiltshire Police,Wiltshire Police,-1.754057,51.550079,On or near Crosswood Road,E01015542,Swindon 020E,Violence and sexual offences,Unable to prosecute suspect,
,2023-12,Wiltshire Police,Wiltshire Police,-1.755725,51.550990,On or near Wolsely Avenue,E01015542,Swindon 020E,Anti-social behaviour,,
,2023-12,Wiltshire Police,Wiltshire Police,-1.752872,51.547882,On or near Rushton Road,E01015542,Swindon 020E,Anti-social behaviour,,
,2023-12,Wiltshire Police,Wiltshire Police,-1.756018,51.550137,On or near Eaton Close,E01015542,Swindon 020E,Anti-social behaviour,,
9bfd1f7071dadf746409708c37eb2f0ddeecedf156be078080de7e2c256ae860,2023-12,Wiltshire Police,Wiltshire Police,-1.754057,51.550079,On or near Crosswood Road,E01015542,Swindon 020E,Violence and sexual offences,Unable to prosecute suspect,
1875843911ed676062e3c91d52939167ec10bb4c7701a139b3a48a3d11cff2b7,2023-12,Wiltshire Police,Wiltshire Police,-1.751496,51.548859,On or near Trinity Close,E01015542,Swindon 020E,Violence and sexual offences,Unable to prosecute suspect,
a3809338a1dfdcc7e906a9a67b35a1b0d459b8cb975e9ab5991bfcdcd9a4e3f3,2023-12,Wiltshire Police,Wiltshire Police,-1.754685,51.548623,On or near Davenham Close,E01015542,Swindon 020E,Violence and sexual offences,Investigation complete; no suspect identified,
790f0f21d19e7aa4cf8430638cf56ff8b3e40fc5eeec0918b5f917b19434d498,2023-12,Wiltshire Police,Wiltshire Police,-1.798624,51.559137,On or near Dean Street,E01015478,Swindon 021A,Violence and sexual offences,Unable to prosecute suspect,
f7262e3cc14a7a478712742a0e28aa30a227dd7860a684aeafb0d86c139959ff,2023-12,Wiltshire Police,Wiltshire Police,-1.806097,51.552100,On or near Ludgershall Road,E01015478,Swindon 021A,Violence and sexual offences,Unable to prosecute suspect,
,2023-12,Wiltshire Police,Wiltshire Police,-1.794949,51.555201,On or near Stanmore Street,E01015478,Swindon 021A,Anti-social behaviour,,
a47541d9dc6c234348b47e50760920148a59fb138fb5c5a084b72c0738ff1c2c,2023-12,Wiltshire Police,Wiltshire Police,-1.800594,51.557369,On or near Newburn Crescent,E01015478,Swindon 021A,Burglary,Court result unavailable,
ded003fb51cf12083c43dfada521d17bde87def657d9b78c840fa9cbf0731289,2023-12,Wiltshire Police,Wiltshire Police,-1.799446,51.555991,On or near Manor Road,E01015478,Swindon 021A,Other theft,Unable to prosecute suspect,
5f2f1a90bc9897b1e043585d9352e614ece0b171cab0fa63a6c55cb223b53202,2023-12,Wiltshire Police,Wiltshire Police,-1.801849,51.554017,On or near Beacon Close,E01015478,Swindon 021A,Violence and sexual offences,Status update unavailable,
63535a277087dcb27e2ef98489338901909b68221e5a0cde219633c4d06ca017,2023-12,Wiltshire Police,Wiltshire Police,-1.801849,51.554017,On or near Beacon Close,E01015478,Swindon 021A,Violence and sexual offences,Action to be taken by another organisation,
c258569e3b87c61a2ba5bd9d203fb83db96ebf9e6a2d919ff3f1dc30328b7123,2023-12,Wiltshire Police,Wiltshire Police,-1.796638,51.554971,On or near Erin Court,E01015478,Swindon 021A,Violence and sexual offences,Unable to prosecute suspect,
46f9e0325338e10a18cad0c8d712f668b0e1b34b230308cf0533765ccaff1a86,2023-12,Wiltshire Police,Wiltshire Police,-1.792431,51.553830,On or near Kingshill Road,E01015498,Swindon 021B,Criminal damage and arson,Court result unavailable,
ad15f318b02f9c6787c11d6a0f9c22995121c8c4ec57b60e7a078e3df4c91622,2023-12,Wiltshire Police,Wiltshire Police,-1.798818,51.554471,On or near Petrol Station,E01015498,Swindon 021B,Violence and sexual offences,Unable to prosecute suspect,
c3c8ffe37268500127dd1d490aa83c4556619e5f06e31bc665c56d90f5dae1f3,2023-12,Wiltshire Police,Wiltshire Police,-1.798818,51.554471,On or near Petrol Station,E01015498,Swindon 021B,Public order,Status update unavailable,
afd508fb409ac46a34c4b51c0cee7ff7ce032e9f8ef50c784e6354c046c4a77a,2023-12,Wiltshire Police,Wiltshire Police,-1.792431,51.553830,On or near Kingshill Road,E01015498,Swindon 021B,Vehicle crime,Investigation complete; no suspect identified,
60caf70fb8d5821cd9cc3455aea6cd0d4d69642cc780f580d898032dde5f30bc,2023-12,Wiltshire Police,Wiltshire Police,-1.798818,51.554471,On or near Petrol Station,E01015498,Swindon 021B,Other crime,Status update unavailable,
2356f761c2d15978028a4ce9281c52786e040a13efbf0bd56345f85e7a3c4eaa,2023-12,Wiltshire Police,Wiltshire Police,-1.786798,51.549477,On or near Commonweal Road,E01015532,Swindon 021D,Criminal damage and arson,Local resolution,
,2023-12,Wiltshire Police,Wiltshire Police,-1.778350,51.551692,On or near Bradford Road,E01015532,Swindon 021D,Anti-social behaviour,,
ba384768333731530d1c5c1832aaa09f8aa362bcded1c5ea0071fc4e3f8e79aa,2023-12,Wiltshire Police,Wiltshire Police,-1.778581,51.551719,On or near The Shearings,E01015532,Swindon 021D,Other theft,Investigation complete; no suspect identified,
cdecc4b865494139f1616a3271a5987801cd64aba8f4d58df378376980e37a28,2023-12,Wiltshire Police,Wiltshire Police,-1.778490,51.549660,On or near Lethbridge Road,E01015532,Swindon 021D,Violence and sexual offences,Unable to prosecute suspect,
852bd2932c903fdbdae25681490da23bb9de450e4db7164e50bf59e3ca55ad41,2023-12,Wiltshire Police,Wiltshire Police,-1.786798,51.549477,On or near Commonweal Road,E01015532,Swindon 021D,Violence and sexual offences,Local resolution,
50ecca23ce57148a02289dd957009d90630c3a23fd30f7608ce30204aaa59d8a,2023-12,Wiltshire Police,Wiltshire Police,-1.794817,51.549303,On or near Pasteur Drive,E01032706,Swindon 021E,Violence and sexual offences,Offender given a caution,
2795e0b86c1ea93050f1935a9dc419346e20e0b7f5c9e381200c9a805df51360,2023-12,Wiltshire Police,Wiltshire Police,-1.794106,51.550300,On or near Bacon Close,E01032706,Swindon 021E,Violence and sexual offences,Local resolution,
1e627e656ab49f1e653a0a45358e354649fcfcff3b0350ae993a676631a38729,2023-12,Wiltshire Police,Wiltshire Police,-1.793082,51.550316,On or near Celsus Grove,E01032706,Swindon 021E,Violence and sexual offences,Unable to prosecute suspect,
,2023-12,Wiltshire Police,Wiltshire Police,-1.787721,51.552437,On or near A4289,E01032707,Swindon 021F,Anti-social behaviour,,
,2023-12,Wiltshire Police,Wiltshire Police,-1.787721,51.552437,On or near A4289,E01032707,Swindon 021F,Anti-social behaviour,,
,2023-12,Wiltshire Police,Wiltshire Police,-1.787984,51.551745,On or near The Marlstones,E01032707,Swindon 021F,Anti-social behaviour,,
e8af34445a6b5ba9446d0d85dcdad202104bafbe986d29bea6315e8441fd0c16,2023-12,Wiltshire Police,Wiltshire Police,-1.793020,51.548140,On or near Withering Road,E01032707,Swindon 021F,Bicycle theft,Investigation complete; no suspect identified,
3e8b075c2e524391730bc3e2277c3db0ab20cb24f3961682e1bc3e5cf0827e09,2023-12,Wiltshire Police,Wiltshire Police,-1.787984,51.551745,On or near The Marlstones,E01032707,Swindon 021F,Burglary,Action to be taken by another organisation,
acca15097cb2d254c4f71327113ae981fd59c55ec7a068dff506b6737e00e097,2023-12,Wiltshire Police,Wiltshire Police,-1.783289,51.547295,On or near Wichelstok Close,E01032707,Swindon 021F,Vehicle crime,Investigation complete; no suspect identified,
d75592a9df15bb2cbabbe8acb3e2e79de5c5fdeeb9d4795eb0531d056724975d,2023-12,Wiltshire Police,Wiltshire Police,-1.787721,51.552437,On or near A4289,E01032707,Swindon 021F,Violence and sexual offences,Unable to prosecute suspect,
5e0fde5c9516f06e436da61385e74765d8374c71a31a4dbd3419aa413abc730c,2023-12,Wiltshire Police,Wiltshire Police,-1.787490,51.549497,On or near The Mall,E01032707,Swindon 021F,Violence and sexual offences,Unable to prosecute suspect,
5f3ab0feb3fad2eabf7f69d3eab56d7c2c6a0300525400d88cd6827a51131941,2023-12,Wiltshire Police,Wiltshire Police,-1.796139,51.550465,On or near Curie Avenue,E01032707,Swindon 021F,Violence and sexual offences,Unable to prosecute suspect,
b050827fde32eba3bcae9ef22e47eef0c78581433089527e16efed0249fcec16,2023-12,Wiltshire Police,Wiltshire Police,-1.787721,51.552437,On or near A4289,E01032707,Swindon 021F,Violence and sexual offences,Investigation complete; no suspect identified,
816a6a2895789e825eac98f2d34ad7bb9f5a51b2c1f2aca802daed9078fa619c,2023-12,Wiltshire Police,Wiltshire Police,-1.796139,51.550465,On or near Curie Avenue,E01032707,Swindon 021F,Violence and sexual offences,Unable to prosecute suspect,
dbca810e88ffd4b283f93dd90a204939cd0612b7ab7513c3fafdc80fc7b0b6ee,2023-12,Wiltshire Police,Wiltshire Police,-1.787721,51.552437,On or near A4289,E01032707,Swindon 021F,Violence and sexual offences,Unable to prosecute suspect,
10c8ad787f5c3c71120c5f960f3f5b4277af0ce1c36d5caa29dd102c82358032,2023-12,Wiltshire Police,Wiltshire Police,-1.787490,51.549497,On or near The Mall,E01032707,Swindon 021F,Violence and sexual offences,Action to be taken by another organisation,
7dd5fe73f09a17ecbdd0c45cf9d0280e96125e69ccdd50ff8da95c2622f0d7c8,2023-12,Wiltshire Police,Wiltshire Police,-1.836055,51.547686,On or near Nantwich,E01015501,Swindon 022A,Burglary,Investigation complete; no suspect identified,
a64fdd22e9c701ba17fb47b6a9b4d0e61723d50470371919b212bf4ffd2fcdcc,2023-12,Wiltshire Police,Wiltshire Police,-1.832706,51.552510,On or near Irston Way,E01015502,Swindon 022B,Criminal damage and arson,Unable to prosecute suspect,
fb2e9dd7fa2233b32855c6a97b4af34565015b1e673fd3c4441524e771662ded,2023-12,Wiltshire Police,Wiltshire Police,-1.835443,51.553341,On or near Bloomsbury Close,E01015502,Swindon 022B,Vehicle crime,Unable to prosecute suspect,
3c005f5a095d5a3d4280c9ddf96f8ca0e7506437a535eaa30fb10abcc3442dc5,2023-12,Wiltshire Police,Wiltshire Police,-1.835443,51.553341,On or near Bloomsbury Close,E01015502,Swindon 022B,Vehicle crime,Investigation complete; no suspect identified,
0d8730d23b8994372193d5a35d05407bfb264091a097981f3ad092ddb5ca5f05,2023-12,Wiltshire Police,Wiltshire Police,-1.834487,51.554454,On or near Selby Crescent,E01015502,Swindon 022B,Violence and sexual offences,Unable to prosecute suspect,
dc7f5a853ef41504f31189cf8d3f413bd0f631ea0e1dbb16f744f0bdf002632e,2023-12,Wiltshire Police,Wiltshire Police,-1.835443,51.553341,On or near Bloomsbury Close,E01015502,Swindon 022B,Violence and sexual offences,Unable to prosecute suspect,
b0db96dbfe2440317ba892ba3bf7f6bc9cab8db136272bc95f1eda42455fc481,2023-12,Wiltshire Police,Wiltshire Police,-1.836594,51.554053,On or near Lanhydrock Close,E01015502,Swindon 022B,Violence and sexual offences,Court result unavailable,
2d70dd708a829daf64db20a6527b720242284ed819bc1d686c795218397df54d,2023-12,Wiltshire Police,Wiltshire Police,-1.835443,51.553341,On or near Bloomsbury Close,E01015502,Swindon 022B,Violence and sexual offences,Unable to prosecute suspect,
86139180667e094af765894c13a689aaa81a3b020b57d9403babdc95a3e7fa3d,2023-12,Wiltshire Police,Wiltshire Police,-1.836594,51.554053,On or near Lanhydrock Close,E01015502,Swindon 022B,Other crime,Investigation complete; no suspect identified,
e4905856bee53203778de72d2cd8b68c86014d104cabe171a3ab6238b2d8d176,2023-12,Wiltshire Police,Wiltshire Police,-1.841963,51.548908,On or near Godolphin Close,E01015503,Swindon 022C,Criminal damage and arson,Unable to prosecute suspect,
11bd6edf4a0784324459ab1092f524c94b9b6eb5a5b16a26248188045be85aac,2023-12,Wiltshire Police,Wiltshire Police,-1.841963,51.548908,On or near Godolphin Close,E01015503,Swindon 022C,Criminal damage and arson,Unable to prosecute suspect,
,2023-12,Wiltshire Police,Wiltshire Police,-1.837059,51.548955,On or near Pendennis Road,E01015503,Swindon 022C,Anti-social behaviour,,
42339ccb370d6a7fafd88209f4302fcf45fd0112f78dbc4451c7467bbf7c63be,2023-12,Wiltshire Police,Wiltshire Police,-1.843947,51.546474,On or near Ramsden Road,E01015503,Swindon 022C,Drugs,Unable to prosecute suspect,
6ce0270f3acafa14e2bb26e21ada7d9a7c279ca2dd27be79e94374da06126efa,2023-12,Wiltshire Police,Wiltshire Police,-1.837059,51.548955,On or near Pendennis Road,E01015503,Swindon 022C,Other theft,Investigation complete; no suspect identified,
49d6128b79ea843bc7685ef40d15cd74f1796f7199aa07c0aef3ca9c9b0e1c82,2023-12,Wiltshire Police,Wiltshire Police,-1.838635,51.547825,On or near Desborough,E01015503,Swindon 022C,Vehicle crime,Investigation complete; no suspect identified,
c3787098d96e2c00fa8039d424026dd274187226b7e0717cc9cf3eadc190d5df,2023-12,Wiltshire Police,Wiltshire Police,-1.837059,51.548955,On or near Pendennis Road,E01015503,Swindon 022C,Violence and sexual offences,Unable to prosecute suspect,
59f16ca3728241d8a9891a03fec83782abcda2cf9ea40082b64d6b54b7a27421,2023-12,Wiltshire Police,Wiltshire Police,-1.836981,51.550709,On or near Cottington Close,E01015503,Swindon 022C,Violence and sexual offences,Unable to prosecute suspect,
4a91455f05de2ab2f9d2dac30cb70d37e99829c0d3f568d2a1101a520cb8f7c1,2023-12,Wiltshire Police,Wiltshire Police,-1.836981,51.550709,On or near Cottington Close,E01015503,Swindon 022C,Other crime,Status update unavailable,
3b1a93e04c60cd0ab99c97e73fdcc89a656456d6cfcb30a3e868ca9a95afb9d1,2023-12,Wiltshire Police,Wiltshire Police,-1.830918,51.556158,On or near Edington Close,E01015569,Swindon 022D,Criminal damage and arson,Court result unavailable,
b7a6de96079c75534858b5e96b6843a874eb7eaac4091d90398d95d3f7c9b897,2023-12,Wiltshire Police,Wiltshire Police,-1.828149,51.559094,On or near Shopping Area,E01015569,Swindon 022D,Robbery,Unable to prosecute suspect,
14bc4dceda382810d57f173def9ecad81dd164e95a96f28caf8c51e18b706c53,2023-12,Wiltshire Police,Wiltshire Police,-1.832488,51.556807,On or near Hexham Close,E01015569,Swindon 022D,Vehicle crime,Investigation complete; no suspect identified,
043cde331547303734a31aaaacbc842c845ab0c2d27c03df66dcccc7bb2140ed,2023-12,Wiltshire Police,Wiltshire Police,-1.830497,51.552911,On or near Corfe Road,E01015569,Swindon 022D,Violence and sexual offences,Unable to prosecute suspect,
3000e0c781a78b40a269a653a9833ec6b76e14d4fd6600d48649d18e532e63d0,2023-12,Wiltshire Police,Wiltshire Police,-1.830370,51.552237,On or near Tintagel Close,E01015569,Swindon 022D,Violence and sexual offences,Local resolution,
dc14d24553792b6d0cf9fc597f03de96fe4d5d82f560aec51edd26db082dc73b,2023-12,Wiltshire Police,Wiltshire Police,-1.830918,51.556158,On or near Edington Close,E01015569,Swindon 022D,Violence and sexual offences,Unable to prosecute suspect,
,2023-12,Wiltshire Police,Wiltshire Police,-1.828149,51.559094,On or near Shopping Area,E01015569,Swindon 022D,Anti-social behaviour,,
,2023-12,Wiltshire Police,Wiltshire Police,-1.828971,51.559994,On or near Parking Area,E01015569,Swindon 022D,Anti-social behaviour,,
f77ba5fad46db760bf4e92136f34b9bda34ab68b6b987068fa0e9b91722b31b5,2023-12,Wiltshire Police,Wiltshire Police,-1.828149,51.559094,On or near Shopping Area,E01015569,Swindon 022D,Bicycle theft,Court result unavailable,
a5053e064a2d96455fa4afc08d36095de8b996f058d4e0f1bc8de3768dabb2bc,2023-12,Wiltshire Police,Wiltshire Police,-1.827559,51.555667,On or near Pevensey Way,E01015569,Swindon 022D,Burglary,Investigation complete; no suspect identified,
074f84553ea460c1f4c7eb4d6175b737389a0c6df9b6e3d93cce7e6e581fe527,2023-12,Wiltshire Police,Wiltshire Police,-1.828149,51.559094,On or near Shopping Area,E01015569,Swindon 022D,Criminal damage and arson,Investigation complete; no suspect identified,
2cfefd9b8b310833d141b59add2f312107f0c1fbccb4c7933fc0a1487ab3e61a,2023-12,Wiltshire Police,Wiltshire Police,-1.828149,51.559094,On or near Shopping Area,E01015569,Swindon 022D,Criminal damage and arson,Investigation complete; no suspect identified,
a5d6b0e54d8588c0f57d082a26fc248c5fb8004c760bad0dc69f2027f8e4890c,2023-12,Wiltshire Police,Wiltshire Police,-1.828149,51.559094,On or near Shopping Area,E01015569,Swindon 022D,Other theft,Investigation complete; no suspect identified,
a5425b3a3e24aad30ea3b7712a7633bbcd85fe77de04f2987429520b1ce69855,2023-12,Wiltshire Police,Wiltshire Police,-1.828149,51.559094,On or near Shopping Area,E01015569,Swindon 022D,Other theft,Investigation complete; no suspect identified,
37d7102004f47300a8f4d4669519a8408be30a9ee5aebe83d15cc401533a0e60,2023-12,Wiltshire Police,Wiltshire Police,-1.828149,51.559094,On or near Shopping Area,E01015569,Swindon 022D,Public order,Unable to prosecute suspect,
55518036ec0ecaaca4e8eae7e6de624f045d769627bbc27680a859c7c4878572,2023-12,Wiltshire Police,Wiltshire Police,-1.828149,51.559094,On or near Shopping Area,E01015569,Swindon 022D,Shoplifting,Investigation complete; no suspect identified,
4ede2f34ad9b40ec0065cc0014dd880a83abbf7f0f6a213b720db4e880a3d601,2023-12,Wiltshire Police,Wiltshire Police,-1.828149,51.559094,On or near Shopping Area,E01015569,Swindon 022D,Shoplifting,Investigation complete; no suspect identified,
13f82b2f5f8fa48cc6cfa5f769f2e76d98fa97ac08645a870fdd308ce1271f17,2023-12,Wiltshire Police,Wiltshire Police,-1.828149,51.559094,On or near Shopping Area,E01015569,Swindon 022D,Shoplifting,Court result unavailable,
c1454fafbfb67b0c1b38efa8d2c423288eda07d9262114f7b298b82d11b1899b,2023-12,Wiltshire Police,Wiltshire Police,-1.828149,51.559094,On or near Shopping Area,E01015569,Swindon 022D,Shoplifting,Court result unavailable,
b0fddef6859f50875350f5d7bd97bc0f93103eccc6ab38d314c8e926fdb3a14b,2023-12,Wiltshire Police,Wiltshire Police,-1.829697,51.554879,On or near Bellver,E01015569,Swindon 022D,Vehicle crime,Investigation complete; no suspect identified,
ad7da3dfb46649879709e61c806713cee3996648ebc84a806228d948854afb27,2023-12,Wiltshire Police,Wiltshire Police,-1.829697,51.554879,On or near Bellver,E01015569,Swindon 022D,Vehicle crime,Investigation complete; no suspect identified,
eca998e7a06d1dbb409a50f99796a3807deec67e81e1aa9ab802777b3c75a700,2023-12,Wiltshire Police,Wiltshire Police,-1.829697,51.554879,On or near Bellver,E01015569,Swindon 022D,Vehicle crime,Investigation complete; no suspect identified,
1ff58131c3cf5380903df15d873970a36c380edd39065c7aab70258429ca6e8a,2023-12,Wiltshire Police,Wiltshire Police,-1.829697,51.554879,On or near Bellver,E01015569,Swindon 022D,Vehicle crime,Investigation complete; no suspect identified,
8aded2e6fd28c0d0c537f690e37c35d284ff104d13a7b6bb92eab07b46c0f55e,2023-12,Wiltshire Police,Wiltshire Police,-1.829697,51.554879,On or near Bellver,E01015569,Swindon 022D,Vehicle crime,Investigation complete; no suspect identified,
ceaeb8e42dd1062d813844ffea138663f0ee1a398e58ed9d17d3c0a746a634f3,2023-12,Wiltshire Police,Wiltshire Police,-1.829697,51.554879,On or near Bellver,E01015569,Swindon 022D,Vehicle crime,Investigation complete; no suspect identified,
ae1b902375da8346d7eb828f45893745f417bd114f9bb6dd841a71821da9b171,2023-12,Wiltshire Police,Wiltshire Police,-1.829697,51.554879,On or near Bellver,E01015569,Swindon 022D,Vehicle crime,Investigation complete; no suspect identified,
224958315639a4c01937dca629ce9a42a6fa2e75ef2e6f05f715888159bf3790,2023-12,Wiltshire Police,Wiltshire Police,-1.829697,51.554879,On or near Bellver,E01015569,Swindon 022D,Vehicle crime,Investigation complete; no suspect identified,
689bc8b4720aaff2759548a50335c1d357a6db9cb08e9add46d9640bed7c2836,2023-12,Wiltshire Police,Wiltshire Police,-1.829697,51.554879,On or near Bellver,E01015569,Swindon 022D,Vehicle crime,Investigation complete; no suspect identified,
0150164cac5ea32b4660c693f16cb6696d7cc1f454d558faa662888558c6353a,2023-12,Wiltshire Police,Wiltshire Police,-1.829697,51.554879,On or near Bellver,E01015569,Swindon 022D,Vehicle crime,Investigation complete; no suspect identified,
1f49da4f711aa262665648195442f62ca884b953d16795736470be6b08b5701a,2023-12,Wiltshire Police,Wiltshire Police,-1.829697,51.554879,On or near Bellver,E01015569,Swindon 022D,Vehicle crime,Investigation complete; no suspect identified,
a42ceea74228bfe6d90d6cb07415f65a62ec4461301a243c557a1ed54a842038,2023-12,Wiltshire Police,Wiltshire Police,-1.829697,51.554879,On or near Bellver,E01015569,Swindon 022D,Vehicle crime,Status update unavailable,
253db015d6f2a911cade8f397103c2efe24bf6810dc7aba26192e7ba1a739091,2023-12,Wiltshire Police,Wiltshire Police,-1.829697,51.554879,On or near Bellver,E01015569,Swindon 022D,Vehicle crime,Investigation complete; no suspect identified,
62e6b6979348b0834dbbd87ea674aa5c94c601dd6b016504744356d8333a1a50,2023-12,Wiltshire Police,Wiltshire Police,-1.828149,51.559094,On or near Shopping Area,E01015569,Swindon 022D,Vehicle crime,Status update unavailable,
3de4a59f7cbc3266213ad19f41154d492c7bcb5cd57dd5646d3e8d9ed3b610c4,2023-12,Wiltshire Police,Wiltshire Police,-1.829697,51.554879,On or near Bellver,E01015569,Swindon 022D,Vehicle crime,Investigation complete; no suspect identified,
b15f2b2eb2e3180a6555c7044c0bda7aeeff3d671245b2406e473ca1efb45734,2023-12,Wiltshire Police,Wiltshire Police,-1.829697,51.554879,On or near Bellver,E01015569,Swindon 022D,Vehicle crime,Investigation complete; no suspect identified,
1f56d995fab6a7409ee2484a736e6a6dfa279305653f0c1484313eba3bd4e988,2023-12,Wiltshire Police,Wiltshire Police,-1.827155,51.559515,On or near Petrol Station,E01015569,Swindon 022D,Violence and sexual offences,Unable to prosecute suspect,
2a89748ec0a453e3274ce06577a10b679dcceb16f19d04017a998b659b03128f,2023-12,Wiltshire Police,Wiltshire Police,-1.828420,51.553052,On or near Westminster Road,E01015569,Swindon 022D,Violence and sexual offences,Unable to prosecute suspect,
28444cd7e5b9aa459e6a3dbc430a7ed85c152b259ebb0a7ebbfd519074867936,2023-12,Wiltshire Police,Wiltshire Police,-1.828149,51.559094,On or near Shopping Area,E01015569,Swindon 022D,Violence and sexual offences,Investigation complete; no suspect identified,
795a7255fddec7d4d9b874e6ea71e842e8fb8f3095fb6e29edc978c4078d7b9b,2023-12,Wiltshire Police,Wiltshire Police,-1.820419,51.552051,On or near Beaulieu Close,E01015570,Swindon 022E,Burglary,Investigation complete; no suspect identified,
b8e68c74185d23c119fdf034b413182f1f4541b20af211288eae3acdd1522825,2023-12,Wiltshire Police,Wiltshire Police,-1.826161,51.555387,On or near Conisborough,E01015570,Swindon 022E,Vehicle crime,Unable to prosecute suspect,
,2023-12,Wiltshire Police,Wiltshire Police,-1.819325,51.555160,On or near Stratford Close,E01015570,Swindon 022E,Anti-social behaviour,,
,2023-12,Wiltshire Police,Wiltshire Police,-1.820419,51.552051,On or near Beaulieu Close,E01015570,Swindon 022E,Anti-social behaviour,,
,2023-12,Wiltshire Police,Wiltshire Police,-1.820856,51.554596,On or near Ely Close,E01015570,Swindon 022E,Anti-social behaviour,,
,2023-12,Wiltshire Police,Wiltshire Police,-1.820419,51.552051,On or near Beaulieu Close,E01015570,Swindon 022E,Anti-social behaviour,,
,2023-12,Wiltshire Police,Wiltshire Police,-1.820856,51.554596,On or near Ely Close,E01015570,Swindon 022E,Anti-social behaviour,,
,2023-12,Wiltshire Police,Wiltshire Police,-1.820856,51.554596,On or near Ely Close,E01015570,Swindon 022E,Anti-social behaviour,,
,2023-12,Wiltshire Police,Wiltshire Police,-1.823931,51.554070,On or near Oakham Close,E01015570,Swindon 022E,Anti-social behaviour,,
1fbfa3573a96ab8d1c43bb71ad2d82fdcf4da105f66f2af10594b702fe901699,2023-12,Wiltshire Police,Wiltshire Police,-1.823931,51.554070,On or near Oakham Close,E01015570,Swindon 022E,Bicycle theft,Investigation complete; no suspect identified,
6649c4d864dd0ba89d99133b5675e00f2d862e7e5db1f7b63b9a3002cb639e28,2023-12,Wiltshire Police,Wiltshire Police,-1.825427,51.554999,On or near Stokesay Drive,E01015570,Swindon 022E,Burglary,Investigation complete; no suspect identified,
fc54a95201a428bc4b8b2599fedff2850d52ecda95e6e2282de942f1183a1a9e,2023-12,Wiltshire Police,Wiltshire Police,-1.820419,51.552051,On or near Beaulieu Close,E01015570,Swindon 022E,Burglary,Investigation complete; no suspect identified,
1b92465b9e494efba09b9504d3a351aa561bdc3da182829f557a939e14cc850f,2023-12,Wiltshire Police,Wiltshire Police,-1.824811,51.553856,On or near Kirkstall Close,E01015570,Swindon 022E,Criminal damage and arson,Unable to prosecute suspect,
03f450a14879efa241e267c3d87542abd7b0c8f473e979ab9f617f1a8c547df5,2023-12,Wiltshire Police,Wiltshire Police,-1.825427,51.554999,On or near Stokesay Drive,E01015570,Swindon 022E,Criminal damage and arson,Investigation complete; no suspect identified,
fb32549a4de0852bd9e972ed7c821bbda3fcf94fb3107638b3112fbc16d521ec,2023-12,Wiltshire Police,Wiltshire Police,-1.823931,51.554070,On or near Oakham Close,E01015570,Swindon 022E,Criminal damage and arson,Unable to prosecute suspect,
efa8e6344f39ac2c8d612cb78e285771a1b0ce3deb6ab608ebe3358f69f48ff2,2023-12,Wiltshire Police,Wiltshire Police,-1.822268,51.555084,On or near Affleck Close,E01015570,Swindon 022E,Drugs,Court result unavailable,
711bd02ca8a8bd2f5ccaf52efabbb353a20f02b393a32ec2a35c98283070569e,2023-12,Wiltshire Police,Wiltshire Police,-1.828692,51.553709,On or near Clare Walk,E01015570,Swindon 022E,Drugs,Unable to prosecute suspect,
98d17802a33e422355d069a8e40f340eff55c9002a899df954b3256f7f61de73,2023-12,Wiltshire Police,Wiltshire Police,-1.819325,51.555160,On or near Stratford Close,E01015570,Swindon 022E,Other theft,Status update unavailable,
ac075a711cbce2751fe362624e425f9b7ab9024677ad873e5e7faaad5fed8322,2023-12,Wiltshire Police,Wiltshire Police,-1.828692,51.553709,On or near Clare Walk,E01015570,Swindon 022E,Other theft,Unable to prosecute suspect,
64716634000587ad4eff704d62fcd043869dac85ab17a4c9bcca3dfdd33dce6c,2023-12,Wiltshire Police,Wiltshire Police,-1.825427,51.554999,On or near Stokesay Drive,E01015570,Swindon 022E,Possession of weapons,Unable to prosecute suspect,
56721008c4d1c6ca91b555aaf13b871ab692983b26a23a28cde7d0c44d890579,2023-12,Wiltshire Police,Wiltshire Police,-1.828692,51.553709,On or near Clare Walk,E01015570,Swindon 022E,Possession of weapons,Court result unavailable,
2d07ce6ec70d16efb215ff6a9d67601e5f07eff6267f709858786e2c755d2bd2,2023-12,Wiltshire Police,Wiltshire Police,-1.826161,51.555387,On or near Conisborough,E01015570,Swindon 022E,Public order,Status update unavailable,
36da9f15ff2d6d8eeb7ae81e73e618385961a55238f64503797bb9f200a07afe,2023-12,Wiltshire Police,Wiltshire Police,-1.826460,51.552681,On or near Luddesdown Road,E01015570,Swindon 022E,Vehicle crime,Investigation complete; no suspect identified,
b242f434aadf1d3807f748668a1b171380bac6d8d02e9c96427ebbbeecfe796d,2023-12,Wiltshire Police,Wiltshire Police,-1.819325,51.555160,On or near Stratford Close,E01015570,Swindon 022E,Vehicle crime,Investigation complete; no suspect identified,
fe8426e1874d91dd84a9ca609bbdf8c1d5d1c81820ab852a67024a3d36dc29f8,2023-12,Wiltshire Police,Wiltshire Police,-1.820419,51.552051,On or near Beaulieu Close,E01015570,Swindon 022E,Vehicle crime,Investigation complete; no suspect identified,
a8deefb369a4926a2102956260dd32263698b005e0276906bb55f3799af532a2,2023-12,Wiltshire Police,Wiltshire Police,-1.823931,51.554070,On or near Oakham Close,E01015570,Swindon 022E,Vehicle crime,Investigation complete; no suspect identified,
d55aeed88da328d5b500ebe951f7916f39f9461aef6205384b34197c10fabde7,2023-12,Wiltshire Police,Wiltshire Police,-1.824811,51.553856,On or near Kirkstall Close,E01015570,Swindon 022E,Vehicle crime,Investigation complete; no suspect identified,
d34c93306e1c72ea4b66e950c6028911d297620ed5137dcf5a572eb780d4c97f,2023-12,Wiltshire Police,Wiltshire Police,-1.819325,51.555160,On or near Stratford Close,E01015570,Swindon 022E,Vehicle crime,Investigation complete; no suspect identified,
3daef692cfce15e32870e5f065a7623a18c8e9c55e5ac1b048047b2184f2e5a9,2023-12,Wiltshire Police,Wiltshire Police,-1.824811,51.553856,On or near Kirkstall Close,E01015570,Swindon 022E,Violence and sexual offences,Unable to prosecute suspect,
9574699eccd888e25cca6c0e9229d356f7753da4e897c5192add477d51732f11,2023-12,Wiltshire Police,Wiltshire Police,-1.822268,51.555084,On or near Affleck Close,E01015570,Swindon 022E,Violence and sexual offences,Investigation complete; no suspect identified,
6e4a93175d6d015365f764ee55d65bccdce1c7d7c58560ad3cf0433fba0f517a,2023-12,Wiltshire Police,Wiltshire Police,-1.819325,51.555160,On or near Stratford Close,E01015570,Swindon 022E,Violence and sexual offences,Unable to prosecute suspect,
d743b03b71823845a7747259666d2ea11943d6d43868bbbc3909ddbdfc890eec,2023-12,Wiltshire Police,Wiltshire Police,-1.822268,51.555084,On or near Affleck Close,E01015570,Swindon 022E,Violence and sexual offences,Unable to prosecute suspect,
5a6ba6533b0de13ffcbfd61ba6bb0879a88f01535abd5e920e5f03654123b86e,2023-12,Wiltshire Police,Wiltshire Police,-1.824811,51.553856,On or near Kirkstall Close,E01015570,Swindon 022E,Violence and sexual offences,Unable to prosecute suspect,
3de06c1c303a75258acdf2b2d5ace500ef7d2736edc69601889cefd74f85fa29,2023-12,Wiltshire Police,Wiltshire Police,-1.824811,51.553856,On or near Kirkstall Close,E01015570,Swindon 022E,Violence and sexual offences,Unable to prosecute suspect,
c31c8cba1856abceffce47249073b76a13efee27b5504c83cbefeaf33b72c8b6,2023-12,Wiltshire Police,Wiltshire Police,-1.824811,51.553856,On or near Kirkstall Close,E01015570,Swindon 022E,Violence and sexual offences,Court result unavailable,
21ecb77f068a4e6e2462de82459de0e46d2d3157586186cc6ea097d3cb894d50,2023-12,Wiltshire Police,Wiltshire Police,-1.821264,51.553527,On or near Parking Area,E01015570,Swindon 022E,Violence and sexual offences,Unable to prosecute suspect,
dc9ed5d89d5ec127acef1fcd70132ee47863dfdeb546af356777cc2687c0feaf,2023-12,Wiltshire Police,Wiltshire Police,-1.824811,51.553856,On or near Kirkstall Close,E01015570,Swindon 022E,Other crime,Investigation complete; no suspect identified,
63494ef0e435dbc3825425867cfff821435661ed2fed298f6393b8d78d01b238,2023-12,Wiltshire Police,Wiltshire Police,-1.820856,51.554596,On or near Ely Close,E01015570,Swindon 022E,Other crime,Court result unavailable,
d4e586cf12beee3fcadcaae95ed8e8e64c22d5349d7903be4e5f643ea3bea57f,2023-12,Wiltshire Police,Wiltshire Police,-1.817343,51.553008,On or near Shelfinch,E01015571,Swindon 022F,Criminal damage and arson,Investigation complete; no suspect identified,
6379e910f33ede32b15e308144ef0d1616464d6fed45c9f7cae7e772a303ccf1,2023-12,Wiltshire Police,Wiltshire Police,-1.817343,51.553008,On or near Shelfinch,E01015571,Swindon 022F,Criminal damage and arson,Investigation complete; no suspect identified,
58269409431fd23187be57a1b02fc16ddf4f81a48a8671edb2f99c8fd6014a9c,2023-12,Wiltshire Police,Wiltshire Police,-1.828328,51.550588,On or near Kendal,E01015571,Swindon 022F,Criminal damage and arson,Court result unavailable,
830694bd09deba54bee81cb17e69c73aad6fd4d93633193c812f3c289c99787b,2023-12,Wiltshire Police,Wiltshire Police,-1.820856,51.550919,On or near Stansfield Close,E01015571,Swindon 022F,Other theft,Investigation complete; no suspect identified,
ac985765681d940b98ac59dde03e28db6f993ae29910ab03f30d9990ea4f8101,2023-12,Wiltshire Police,Wiltshire Police,-1.828328,51.550588,On or near Kendal,E01015571,Swindon 022F,Violence and sexual offences,Unable to prosecute suspect,
6ebba310464b9028b1d5594d8c39512bf8e7ef1355bccb345dba579d1d5a5c68,2023-12,Wiltshire Police,Wiltshire Police,-1.828328,51.550588,On or near Kendal,E01015571,Swindon 022F,Violence and sexual offences,Status update unavailable,
,2023-12,Wiltshire Police,Wiltshire Police,-1.737570,51.550520,On or near Sutton Road,E01015487,Swindon 023A,Anti-social behaviour,,
034554149f80d585eab34e51678e4265426235d61001522a347a7ea4d57f7da1,2023-12,Wiltshire Police,Wiltshire Police,-1.737570,51.550520,On or near Sutton Road,E01015487,Swindon 023A,Criminal damage and arson,Unable to prosecute suspect,
3b9a8519d3ed17cf198613697d33db64e3d1ab9015426406d040599ef6f2c18d,2023-12,Wiltshire Police,Wiltshire Police,-1.737570,51.550520,On or near Sutton Road,E01015487,Swindon 023A,Criminal damage and arson,Unable to prosecute suspect,
a8cce4516c84e662929ed71276202cde78b6aa1a0d76c96d1772c9e63044c8d0,2023-12,Wiltshire Police,Wiltshire Police,-1.737570,51.550520,On or near Sutton Road,E01015487,Swindon 023A,Criminal damage and arson,Unable to prosecute suspect,
2871491fb4ddce9f75c76d12082913797e7c977a39ed6a8a5636a135bf87cd99,2023-12,Wiltshire Police,Wiltshire Police,-1.738999,51.552816,On or near Farman Close,E01015487,Swindon 023A,Other theft,Investigation complete; no suspect identified,
3a21e32df634bf231ce36fce1b4904bd8319d6748b4104ddda2ff0f0dbff18bb,2023-12,Wiltshire Police,Wiltshire Police,-1.738674,51.549119,On or near Bevisland,E01015487,Swindon 023A,Violence and sexual offences,Action to be taken by another organisation,
1a537971fc5dfe60737aa22006799f8fba5b568a2a152d10fc33a422fbca292d,2023-12,Wiltshire Police,Wiltshire Police,-1.738674,51.549119,On or near Bevisland,E01015487,Swindon 023A,Violence and sexual offences,Action to be taken by another organisation,
580acc65d95ea19df46364838afeff9b9ad450d24700e2f1f78f73497c6c53f7,2023-12,Wiltshire Police,Wiltshire Police,-1.738674,51.549119,On or near Bevisland,E01015487,Swindon 023A,Violence and sexual offences,Action to be taken by another organisation,
f8d002e97b39111773fa10f0ca23c08d02a99f8351c8f9c5f01407e25ed3f34e,2023-12,Wiltshire Police,Wiltshire Police,-1.727698,51.549256,On or near Buttermere,E01015488,Swindon 023B,Violence and sexual offences,Unable to prosecute suspect,
c08fe25aa1b66ee822e2da08fc43315ac3be84d90aedbb20a65275160683256e,2023-12,Wiltshire Police,Wiltshire Police,-1.727698,51.549256,On or near Buttermere,E01015488,Swindon 023B,Violence and sexual offences,Unable to prosecute suspect,
532d007eee379b9d776bf350668fc9e425d2728f6ece685fb2ec4db1d818ee8a,2023-12,Wiltshire Police,Wiltshire Police,-1.727698,51.549256,On or near Buttermere,E01015488,Swindon 023B,Violence and sexual offences,Unable to prosecute suspect,
,2023-12,Wiltshire Police,Wiltshire Police,-1.722733,51.550036,On or near Barn Moor Close,E01015488,Swindon 023B,Anti-social behaviour,,
,2023-12,Wiltshire Police,Wiltshire Police,-1.722733,51.550036,On or near Barn Moor Close,E01015488,Swindon 023B,Anti-social behaviour,,
bf7b3c6170dc2e32b776202e036b2beac80d7dd2f414c8e2be65d07ca6478151,2023-12,Wiltshire Police,Wiltshire Police,-1.730304,51.550080,On or near Anderson Close,E01015488,Swindon 023B,Criminal damage and arson,Investigation complete; no suspect identified,
ed8ae912a10c8a43dfd3b09556b1b405c7efab32c0ab261a1d04475d2508604c,2023-12,Wiltshire Police,Wiltshire Police,-1.722733,51.550036,On or near Barn Moor Close,E01015488,Swindon 023B,Criminal damage and arson,Investigation complete; no suspect identified,
299a0135496b4613696ad834828311175117e642a7427227e18799034cfaa48c,2023-12,Wiltshire Police,Wiltshire Police,-1.729193,51.550132,On or near Mackenzie Close,E01015488,Swindon 023B,Criminal damage and arson,Unable to prosecute suspect,
daf02e9214ddee17df5ca889f81fe0e82ebcbde77379b9488d28814f1f9e532b,2023-12,Wiltshire Police,Wiltshire Police,-1.722733,51.550036,On or near Barn Moor Close,E01015488,Swindon 023B,Public order,Unable to prosecute suspect,
330eb6aec1a7bbe87cf43bbce54b8444644d8bc33a376676ff97666e6bbc92c2,2023-12,Wiltshire Police,Wiltshire Police,-1.729853,51.548272,On or near Grundys,E01015488,Swindon 023B,Shoplifting,Investigation complete; no suspect identified,
bc4affe143ad0679184384ef90f90541d5d1293060376f175bd1aae135d940f0,2023-12,Wiltshire Police,Wiltshire Police,-1.729853,51.548272,On or near Grundys,E01015488,Swindon 023B,Shoplifting,Investigation complete; no suspect identified,
399728bfc397f56f7531263623dfdee2a420cfe5356d381b6a1db5ba25068d9a,2023-12,Wiltshire Police,Wiltshire Police,-1.729853,51.548272,On or near Grundys,E01015488,Swindon 023B,Shoplifting,Investigation complete; no suspect identified,
0e0630a28344166cb0a8e0eeb4130da46778acee40a8485b61eb067ef5bede9c,2023-12,Wiltshire Police,Wiltshire Police,-1.724198,51.553303,On or near Wheatstone Road,E01015488,Swindon 023B,Other crime,Investigation complete; no suspect identified,
,2023-12,Wiltshire Police,Wiltshire Police,-1.728941,51.546409,On or near Barrington Close,E01015489,Swindon 023C,Anti-social behaviour,,
a0fa6031c9884a7e49fcf84b37b6d7d58e3204034c40c310223910d6ab6891e1,2023-12,Wiltshire Police,Wiltshire Police,-1.734354,51.548058,On or near Fairlawn,E01015489,Swindon 023C,Violence and sexual offences,Unable to prosecute suspect,
c706fd0e481f122c6483793c3129133a6711a6647619319f882ff52dc35d4045,2023-12,Wiltshire Police,Wiltshire Police,-1.725257,51.542750,On or near Abney Moor,E01015490,Swindon 023D,Violence and sexual offences,Unable to prosecute suspect,
d93ae3faaffb13ea941a3ff2bf6e8eb0b12f6f177a9e5cad69c4b9bfb842bd28,2023-12,Wiltshire Police,Wiltshire Police,-1.722790,51.545262,On or near Arnfield Moor,E01015490,Swindon 023D,Burglary,Unable to prosecute suspect,
4d3a7a5b02b813b28957da71a20301dbc473ecc48138fe8867dc2ff7b4e02370,2023-12,Wiltshire Police,Wiltshire Police,-1.725257,51.542750,On or near Abney Moor,E01015490,Swindon 023D,Criminal damage and arson,Unable to prosecute suspect,
624d5e6c7464b54a4d6c78574b47a2f2fffe20d9313cdad0da8f261d57105666,2023-12,Wiltshire Police,Wiltshire Police,-1.723736,51.546253,On or near Edale Moor,E01015490,Swindon 023D,Violence and sexual offences,Action to be taken by another organisation,
,2023-12,Wiltshire Police,Wiltshire Police,-1.733233,51.555777,On or near Supermarket,E01015491,Swindon 023E,Anti-social behaviour,,
3ec0507a8f0cd8b7ff251d94e01849e22924c8bece522b6c210279aa55697dda,2023-12,Wiltshire Police,Wiltshire Police,-1.733233,51.555777,On or near Supermarket,E01015491,Swindon 023E,Criminal damage and arson,Court result unavailable,
89715ca529f1cdfe5ccc7c8f5f77e5c04ef15297127e2eb74d4c0a20177cac4a,2023-12,Wiltshire Police,Wiltshire Police,-1.733233,51.555777,On or near Supermarket,E01015491,Swindon 023E,Criminal damage and arson,Court result unavailable,
e0be2da897a04604ba5f2108b29eccc395dc9282d72d79db9c4bfc4824821651,2023-12,Wiltshire Police,Wiltshire Police,-1.727932,51.553681,On or near Forester Close,E01015491,Swindon 023E,Drugs,Local resolution,
c76c6e1d9b177359c39485ec91c95f89e3018985837d9940e0b1ba9f01d1947f,2023-12,Wiltshire Police,Wiltshire Police,-1.733233,51.555777,On or near Supermarket,E01015491,Swindon 023E,Possession of weapons,Status update unavailable,
d43eb61a6ff05db794ff67001a27c32613eb9eb2fe48732c52942728eb10a6dd,2023-12,Wiltshire Police,Wiltshire Police,-1.733817,51.553550,On or near Kennedy Drive,E01015491,Swindon 023E,Violence and sexual offences,Unable to prosecute suspect,
3fa56589cb30243f07fc7cffcbbcde6f88151986ecf9e4f95bc09e3d9bc9253d,2023-12,Wiltshire Police,Wiltshire Police,-1.731072,51.551979,On or near Conrad Close,E01015491,Swindon 023E,Violence and sexual offences,Action to be taken by another organisation,
d9901db8a76309270d5cd0abac5e06bcf5aa4fafcfeda4b72924ce44f566f190,2023-12,Wiltshire Police,Wiltshire Police,-1.733233,51.555777,On or near Supermarket,E01015491,Swindon 023E,Violence and sexual offences,Unable to prosecute suspect,
3c9a4f46f4c77ebf92521a090aba1efddfe37cbaa7ebe45e5ba5f4288bb4bb1d,2023-12,Wiltshire Police,Wiltshire Police,-1.733233,51.555777,On or near Supermarket,E01015491,Swindon 023E,Violence and sexual offences,Unable to prosecute suspect,
64a755be327c98d6dac2ccf04811fb2ed199e997462cf2bfb6a0ac5b11bf2114,2023-12,Wiltshire Police,Wiltshire Police,-1.733233,51.555777,On or near Supermarket,E01015491,Swindon 023E,Violence and sexual offences,Unable to prosecute suspect,
2b18da68cc65bbf76b0ebfcd8f4f1c5fa2802e9427f1ee0a69a79af953068e8f,2023-12,Wiltshire Police,Wiltshire Police,-1.733802,51.558540,On or near Bowleymead,E01015492,Swindon 023F,Violence and sexual offences,Unable to prosecute suspect,
f550048e9080f81da660177701ea3c5d9a0ac3a6bc92e8de73d54734acc86ba2,2023-12,Wiltshire Police,Wiltshire Police,-1.735884,51.555344,On or near Parking Area,E01015492,Swindon 023F,Violence and sexual offences,Investigation complete; no suspect identified,
2a55d52269a937592c8fae8651f315075cab2170be28291a212587fcd13720ca,2023-12,Wiltshire Police,Wiltshire Police,-1.733802,51.558540,On or near Bowleymead,E01015492,Swindon 023F,Violence and sexual offences,Unable to prosecute suspect,
,2023-12,Wiltshire Police,Wiltshire Police,-1.734533,51.556870,On or near Stubsmead,E01015492,Swindon 023F,Anti-social behaviour,,
,2023-12,Wiltshire Police,Wiltshire Police,-1.734533,51.556870,On or near Stubsmead,E01015492,Swindon 023F,Anti-social behaviour,,
a000405ef4132810a320b8d71ca55628007a5bab6d15edd7259f872c854255ef,2023-12,Wiltshire Police,Wiltshire Police,-1.734533,51.556870,On or near Stubsmead,E01015492,Swindon 023F,Public order,Status update unavailable,
d349c6951a508b9ae0de0bd00fdbd661bedd4cc32d8e5bd06ae34596339f29b2,2023-12,Wiltshire Police,Wiltshire Police,-1.763773,51.545369,On or near Brecon Close,E01015533,Swindon 024A,Burglary,Investigation complete; no suspect identified,
0e36aa1e529ae5b20335c16c98253220366d7deda45d6df7eeb2af7d7fe48945,2023-12,Wiltshire Police,Wiltshire Police,-1.768240,51.545998,On or near Scotby Avenue,E01015533,Swindon 024A,Vehicle crime,Investigation complete; no suspect identified,
aba65b44f7d85c7fc020737e3961267ea2a2ba6db7d44f818cdd91fa7d74fe55,2023-12,Wiltshire Police,Wiltshire Police,-1.759142,51.548498,On or near Arundel Close,E01015533,Swindon 024A,Violence and sexual offences,Status update unavailable,
bc50e48e9b3cfbcfb6865ade0ebf8a09e92398782e04e2ed2576dde63cba9713,2023-12,Wiltshire Police,Wiltshire Police,-1.767525,51.544810,On or near Bruddel Grove,E01015533,Swindon 024A,Violence and sexual offences,Unable to prosecute suspect,
0788f1433e95bb8ec25ad231bffe0e251d5497a3031b3cf59c010b0829785b8b,2023-12,Wiltshire Police,Wiltshire Police,-1.773022,51.547222,On or near Evelyn Street,E01015534,Swindon 024B,Other theft,Unable to prosecute suspect,
d9a86d61be89fb93f9e1fd44f19fd86e5a7b438575d376594298053ea963adda,2023-12,Wiltshire Police,Wiltshire Police,-1.774724,51.552934,On or near Brock End,E01015534,Swindon 024B,Possession of weapons,Unable to prosecute suspect,
89bf545d854c8fdcb585cc926f3463cc86170bb6582c8484190069691c5dfd3b,2023-12,Wiltshire Police,Wiltshire Police,-1.773407,51.550999,On or near B4006,E01015534,Swindon 024B,Public order,Court result unavailable,
790ff2f2845c1ead1dae7a5b21a3da5163dce092e73f420679d6fc93be5afa26,2023-12,Wiltshire Police,Wiltshire Police,-1.774724,51.552934,On or near Brock End,E01015534,Swindon 024B,Public order,Unable to prosecute suspect,
087d4aa27a70740b319ae4a45a408ec09bcd1c3b22d211e48b2c193b443d1e69,2023-12,Wiltshire Police,Wiltshire Police,-1.773658,51.552618,On or near Steeple View,E01015534,Swindon 024B,Violence and sexual offences,Court result unavailable,
d167ae6b1bc65e99a76f1f480bf928ea1ea95d0aa2ff1c31d73734323a8be53d,2023-12,Wiltshire Police,Wiltshire Police,-1.776111,51.552443,On or near Wood Street,E01015534,Swindon 024B,Violence and sexual offences,Unable to prosecute suspect,
6b0750ade6603c6c381279b0f20b1b9ddbca1e01d41a1dd3203f1eeb24f41e0a,2023-12,Wiltshire Police,Wiltshire Police,-1.776111,51.552443,On or near Wood Street,E01015534,Swindon 024B,Violence and sexual offences,Court result unavailable,
15856ea8c6da0d7571337f28d837f8e7db0bca4ce1171a34a0797f49e2cf2bea,2023-12,Wiltshire Police,Wiltshire Police,-1.776111,51.552443,On or near Wood Street,E01015534,Swindon 024B,Violence and sexual offences,Court result unavailable,
baa2990282063bc135a5e09b4e45b317f4a56c203094a278b8c0fecbdff8c2a0,2023-12,Wiltshire Police,Wiltshire Police,-1.773865,51.551710,On or near High Street,E01015534,Swindon 024B,Violence and sexual offences,Unable to prosecute suspect,
a4965dca4b72c1ac0e4fc39dd86a45427c3ccf1c8fc829ef87e8fc8802e4d932,2023-12,Wiltshire Police,Wiltshire Police,-1.776111,51.552443,On or near Wood Street,E01015534,Swindon 024B,Violence and sexual offences,Court result unavailable,
a6a0619b4d975dcf02390c74a7c8646ff8c9591c64f6668e52d04f591672c9b5,2023-12,Wiltshire Police,Wiltshire Police,-1.776111,51.552443,On or near Wood Street,E01015534,Swindon 024B,Violence and sexual offences,Court result unavailable,
c37485fe116c2ac0f24638c9685f77b273c83d8f43340a88ac5746111022d613,2023-12,Wiltshire Police,Wiltshire Police,-1.773865,51.551710,On or near High Street,E01015534,Swindon 024B,Other crime,Unable to prosecute suspect,
,2023-12,Wiltshire Police,Wiltshire Police,-1.773658,51.552618,On or near Steeple View,E01015534,Swindon 024B,Anti-social behaviour,,
,2023-12,Wiltshire Police,Wiltshire Police,-1.775575,51.549933,On or near Station Approach,E01015534,Swindon 024B,Anti-social behaviour,,
,2023-12,Wiltshire Police,Wiltshire Police,-1.776521,51.551194,On or near Britannia Place,E01015534,Swindon 024B,Anti-social behaviour,,
,2023-12,Wiltshire Police,Wiltshire Police,-1.776111,51.552443,On or near Wood Street,E01015534,Swindon 024B,Anti-social behaviour,,
,2023-12,Wiltshire Police,Wiltshire Police,-1.773865,51.551710,On or near High Street,E01015534,Swindon 024B,Anti-social behaviour,,
,2023-12,Wiltshire Police,Wiltshire Police,-1.773865,51.551710,On or near High Street,E01015534,Swindon 024B,Anti-social behaviour,,
,2023-12,Wiltshire Police,Wiltshire Police,-1.771449,51.550168,On or near Old Mill Lane,E01015534,Swindon 024B,Anti-social behaviour,,
,2023-12,Wiltshire Police,Wiltshire Police,-1.773865,51.551710,On or near High Street,E01015534,Swindon 024B,Anti-social behaviour,,
,2023-12,Wiltshire Police,Wiltshire Police,-1.774724,51.552934,On or near Brock End,E01015534,Swindon 024B,Anti-social behaviour,,
,2023-12,Wiltshire Police,Wiltshire Police,-1.776521,51.551194,On or near Britannia Place,E01015534,Swindon 024B,Anti-social behaviour,,
,2023-12,Wiltshire Police,Wiltshire Police,-1.773407,51.550999,On or near B4006,E01015534,Swindon 024B,Anti-social behaviour,,
,2023-12,Wiltshire Police,Wiltshire Police,-1.773865,51.551710,On or near High Street,E01015534,Swindon 024B,Anti-social behaviour,,
,2023-12,Wiltshire Police,Wiltshire Police,-1.776111,51.552443,On or near Wood Street,E01015534,Swindon 024B,Anti-social behaviour,,
,2023-12,Wiltshire Police,Wiltshire Police,-1.773407,51.550999,On or near B4006,E01015534,Swindon 024B,Anti-social behaviour,,
256530f261657e2edeb816da61d2a14eab957ab1f757bb1afea50743ba2b8e07,2023-12,Wiltshire Police,Wiltshire Police,-1.776111,51.552443,On or near Wood Street,E01015534,Swindon 024B,Burglary,Investigation complete; no suspect identified,
f106de78f5f131e963fc9176d7bc066ee220bf43a0b27cec958f918279b2395f,2023-12,Wiltshire Police,Wiltshire Police,-1.774724,51.552934,On or near Brock End,E01015534,Swindon 024B,Criminal damage and arson,Court result unavailable,
a4b62491ab717a0e4b5b61b477280e52560806ea7ff92a245b4c889e986337f1,2023-12,Wiltshire Police,Wiltshire Police,-1.776111,51.552443,On or near Wood Street,E01015534,Swindon 024B,Criminal damage and arson,Status update unavailable,
be19c59d1ef69f9a3df0e6b011a6247724fb512e6bff10e6e03720730ee865ec,2023-12,Wiltshire Police,Wiltshire Police,-1.773407,51.550999,On or near B4006,E01015534,Swindon 024B,Drugs,Local resolution,
a7c983dd17955e4e59e5fbf5e6deb31352ec56d5ae7579045168887bfce4d9e5,2023-12,Wiltshire Police,Wiltshire Police,-1.773658,51.552618,On or near Steeple View,E01015534,Swindon 024B,Other theft,Unable to prosecute suspect,
8b61a39b297407e19f8fb27c59efb74fb88481cce7cd037064b9e486e7bc8c79,2023-12,Wiltshire Police,Wiltshire Police,-1.773407,51.550999,On or near B4006,E01015534,Swindon 024B,Public order,Unable to prosecute suspect,
e7ace75c3d7946fcdfb9246635ec2c5f973c204aaddd1e1e4262dcfd39e72740,2023-12,Wiltshire Police,Wiltshire Police,-1.776111,51.552443,On or near Wood Street,E01015534,Swindon 024B,Public order,Unable to prosecute suspect,
5e8930989b3e1acbda81970e683f7d037a5f0fdb0fb1679f0427353b201c9bc2,2023-12,Wiltshire Police,Wiltshire Police,-1.773022,51.547222,On or near Evelyn Street,E01015534,Swindon 024B,Public order,Unable to prosecute suspect,
89088d9c39ee6d5347e9e35eb6cd42af44195f2709cc92547caeb28a1d19f5e2,2023-12,Wiltshire Police,Wiltshire Police,-1.774724,51.552934,On or near Brock End,E01015534,Swindon 024B,Public order,Court result unavailable,
ae8b100bf1ce8fef72779e00a7dd088316c01c96d64e3902f3313d01744f7c0f,2023-12,Wiltshire Police,Wiltshire Police,-1.776111,51.552443,On or near Wood Street,E01015534,Swindon 024B,Public order,Court result unavailable,
c7ffe5ddf213e1b0c82d213052bcef14bd1de18c2f961548a9d7443d055f2cc7,2023-12,Wiltshire Police,Wiltshire Police,-1.773407,51.550999,On or near B4006,E01015534,Swindon 024B,Shoplifting,Investigation complete; no suspect identified,
78d8571df006ea52b1f99e568dee3f10f737196a7f304551d4d69d6bb82dcb19,2023-12,Wiltshire Police,Wiltshire Police,-1.773407,51.550999,On or near B4006,E01015534,Swindon 024B,Shoplifting,Formal action is not in the public interest,
3c9e18b0a3753425cd5d11885e3883ea8c4483888f13648598e92ce59ac1cd85,2023-12,Wiltshire Police,Wiltshire Police,-1.775575,51.549933,On or near Station Approach,E01015534,Swindon 024B,Vehicle crime,Investigation complete; no suspect identified,
87c8fa067d8a5dbad3619cfbfe907c95794e2078ffc769db823c449aa2e61f9b,2023-12,Wiltshire Police,Wiltshire Police,-1.774829,51.549176,On or near Signal Way,E01015534,Swindon 024B,Vehicle crime,Investigation complete; no suspect identified,
56da62febf5f8f79c5647505f0bc3683276f54df549005e838e81a76ff3f5df9,2023-12,Wiltshire Police,Wiltshire Police,-1.775125,51.550490,On or near Newport Street,E01015534,Swindon 024B,Violence and sexual offences,Investigation complete; no suspect identified,
44493bbfe583b8929d16237daa71a346ed90247bbe7ea6bbff78ab9572277569,2023-12,Wiltshire Police,Wiltshire Police,-1.773865,51.551710,On or near High Street,E01015534,Swindon 024B,Violence and sexual offences,Court result unavailable,
1c39d32f40dc93140a79f3e29e499def51d921a08dd60b82d3f1514b27afa228,2023-12,Wiltshire Police,Wiltshire Police,-1.776111,51.552443,On or near Wood Street,E01015534,Swindon 024B,Violence and sexual offences,Court result unavailable,
8e1a7bf7aafc320ae483c3ef3dc0f1d44fcc1dcd4d9459003fb4b53805ec1a64,2023-12,Wiltshire Police,Wiltshire Police,-1.776521,51.551194,On or near Britannia Place,E01015534,Swindon 024B,Violence and sexual offences,Unable to prosecute suspect,
0bdaaf607a56a8c77827c5f528c1578101a4ea96c020392b36010bd4648e232a,2023-12,Wiltshire Police,Wiltshire Police,-1.774724,51.552934,On or near Brock End,E01015534,Swindon 024B,Violence and sexual offences,Investigation complete; no suspect identified,
e9ec2e526979b52fc8310dea3c6a7f7b85f463da329bf6601e180ead277cc44c,2023-12,Wiltshire Police,Wiltshire Police,-1.773865,51.551710,On or near High Street,E01015534,Swindon 024B,Violence and sexual offences,Unable to prosecute suspect,
aec6f3056f4865c8eb4b35dc09ae71a6d11cd10fe429e642bbcd505a4053b0bb,2023-12,Wiltshire Police,Wiltshire Police,-1.776111,51.552443,On or near Wood Street,E01015534,Swindon 024B,Violence and sexual offences,Local resolution,
3937aad2824c31e78f9c93246a4539a78a10ec3311c35a771eb8b37f4d66f800,2023-12,Wiltshire Police,Wiltshire Police,-1.773865,51.551710,On or near High Street,E01015534,Swindon 024B,Violence and sexual offences,Unable to prosecute suspect,
62b7ea85bcc8f584acb5361a77168313d640be5b2aeda98e23a12d06e8d1d9fe,2023-12,Wiltshire Police,Wiltshire Police,-1.760425,51.551378,On or near Highclere Avenue,E01015534,Swindon 024B,Violence and sexual offences,Unable to prosecute suspect,
da8c31bc4747db6efe2fa87b49a9854b03ee558a320590475a5273e6fda435c4,2023-12,Wiltshire Police,Wiltshire Police,-1.776111,51.552443,On or near Wood Street,E01015534,Swindon 024B,Violence and sexual offences,Court result unavailable,
672779ed2b94f35290df6262ada0207dbd44aeec8ae110b8a05f308155ccd0c3,2023-12,Wiltshire Police,Wiltshire Police,-1.760425,51.551378,On or near Highclere Avenue,E01015534,Swindon 024B,Violence and sexual offences,Unable to prosecute suspect,
56d4076c4170f1ce0172a07982de7934adaa347d5eb3217e54080472c44f2ce7,2023-12,Wiltshire Police,Wiltshire Police,-1.774724,51.552934,On or near Brock End,E01015534,Swindon 024B,Violence and sexual offences,Investigation complete; no suspect identified,
de66adfcfa916cb43919295c31d4de0339c57f1785ab0558f54eab01a7502684,2023-12,Wiltshire Police,Wiltshire Police,-1.760425,51.551378,On or near Highclere Avenue,E01015534,Swindon 024B,Violence and sexual offences,Unable to prosecute suspect,
4c938667dd9598933c16d3606d2a08954982d976130cb61262fb42c9e458cf44,2023-12,Wiltshire Police,Wiltshire Police,-1.775525,51.551461,On or near Parking Area,E01015534,Swindon 024B,Violence and sexual offences,Court result unavailable,
493dae30211255dde61df428c593f567e1a80103106751fe75ac563aeb4513e1,2023-12,Wiltshire Police,Wiltshire Police,-1.773027,51.549011,On or near Strouds Close,E01015534,Swindon 024B,Violence and sexual offences,Unable to prosecute suspect,
e8bf01f4e569832899eefdf517bdaee8361929f81b52507b7a5ab180e7e742be,2023-12,Wiltshire Police,Wiltshire Police,-1.773865,51.551710,On or near High Street,E01015534,Swindon 024B,Violence and sexual offences,Investigation complete; no suspect identified,
23857af319f75a2ab86cd09399d49e819701dddba26decfad8d679210a8a3a88,2023-12,Wiltshire Police,Wiltshire Police,-1.760425,51.551378,On or near Highclere Avenue,E01015534,Swindon 024B,Violence and sexual offences,Unable to prosecute suspect,
d259f71d61103fa2c3050c1f8e6c2c67b2ee0ee99170443f40cd181245b29351,2023-12,Wiltshire Police,Wiltshire Police,-1.773865,51.551710,On or near High Street,E01015534,Swindon 024B,Violence and sexual offences,Unable to prosecute suspect,
aa9eb28761f80492c7a2095e1db3a93ae1c40e4c835f423e72acc241737c4d14,2023-12,Wiltshire Police,Wiltshire Police,-1.768151,51.543652,On or near Hayman Crescent,E01015535,Swindon 024C,Drugs,Further investigation is not in the public interest,
,2023-12,Wiltshire Police,Wiltshire Police,-1.768151,51.543652,On or near Hayman Crescent,E01015535,Swindon 024C,Anti-social behaviour,,
,2023-12,Wiltshire Police,Wiltshire Police,-1.748260,51.544663,On or near The Birches,E01015535,Swindon 024C,Anti-social behaviour,,
,2023-12,Wiltshire Police,Wiltshire Police,-1.759243,51.545648,On or near Canterbury Close,E01015535,Swindon 024C,Anti-social behaviour,,
4c7189b25fcd2ef0a47c6dcc7289dfdbd54cdd17da10abf5c67d8a280635464a,2023-12,Wiltshire Police,Wiltshire Police,-1.748260,51.544663,On or near The Birches,E01015535,Swindon 024C,Drugs,Status update unavailable,
bdb4e0b9e6a5134894f6878c3c007adf0e403b2a8e00083f0f153e9b81d4a5ee,2023-12,Wiltshire Police,Wiltshire Police,-1.748260,51.544663,On or near The Birches,E01015535,Swindon 024C,Other theft,Investigation complete; no suspect identified,
96899ab4da70770a8e6e3acc72788f8aa7fc77a88bcfd8cd6ae9b92bc9d67966,2023-12,Wiltshire Police,Wiltshire Police,-1.748260,51.544663,On or near The Birches,E01015535,Swindon 024C,Other theft,Investigation complete; no suspect identified,
f5685b06af9890f7d6e653265e163a0803af14a9b0bb08e09005f3f3701152fc,2023-12,Wiltshire Police,Wiltshire Police,-1.749746,51.544684,On or near Marlborough Road,E01015535,Swindon 024C,Public order,Investigation complete; no suspect identified,
65707dc579e8e27ef3bec488acddc134f8bb9f24fd1a9d5d9cd2889b8acb1151,2023-12,Wiltshire Police,Wiltshire Police,-1.769723,51.543565,On or near Lowry Way,E01015535,Swindon 024C,Shoplifting,Court result unavailable,
6ac0fbd70adf5507c8631be10e6c00c753945ce48106d9fec32f9d058a797b94,2023-12,Wiltshire Police,Wiltshire Police,-1.769723,51.543565,On or near Lowry Way,E01015535,Swindon 024C,Shoplifting,Court result unavailable,
7b1cc1ef4409ab1373307d2dcfcf6536e333e6046391b9481db08b741f10123a,2023-12,Wiltshire Police,Wiltshire Police,-1.769723,51.543565,On or near Lowry Way,E01015535,Swindon 024C,Shoplifting,Further investigation is not in the public interest,
058cc3ad1c4ef566dbd5044819c396db9fd4e498c3c4d8b3aa95590bea2e92c3,2023-12,Wiltshire Police,Wiltshire Police,-1.762518,51.542642,On or near Leamington Grove,E01015535,Swindon 024C,Violence and sexual offences,Status update unavailable,
3dca2eb0de215f98cd2e9cd56aba46ce2ae2f60fda43d227328e8ef9ffe5f003,2023-12,Wiltshire Police,Wiltshire Police,-1.764889,51.541415,On or near Nevinson Road,E01015535,Swindon 024C,Violence and sexual offences,Status update unavailable,
5a98f6db2ba84b4b6a17cb8fff5708570880f2beb212a38fd4aa00a2fc7c2746,2023-12,Wiltshire Police,Wiltshire Police,-1.748260,51.544663,On or near The Birches,E01015535,Swindon 024C,Violence and sexual offences,Unable to prosecute suspect,
432b28e407de7afd1fb97e60cd8ba1f9b17de9cd0a56a24d7a89ea37f7c2bba4,2023-12,Wiltshire Police,Wiltshire Police,-1.770123,51.544267,On or near Gosse Court,E01015535,Swindon 024C,Violence and sexual offences,Investigation complete; no suspect identified,
e0b313c2b57931448878059ba0d70932021da209b0ca45457db549cc2de1df9a,2023-12,Wiltshire Police,Wiltshire Police,-1.768843,51.543617,On or near Orpen Close,E01015535,Swindon 024C,Violence and sexual offences,Unable to prosecute suspect,
73b4d4f6b23464bfe7d104736fa6754f2c7f353f8a96d44f8c847ca7c23c9550,2023-12,Wiltshire Police,Wiltshire Police,-1.768441,51.543337,On or near Allen Close,E01015535,Swindon 024C,Violence and sexual offences,Unable to prosecute suspect,
21cfa4ecef93709d4bb750a18c6a150c63418feea5ddfb147befc903a72642d5,2023-12,Wiltshire Police,Wiltshire Police,-1.778270,51.538546,On or near Pipers Way,E01033847,Swindon 024E,Criminal damage and arson,Unable to prosecute suspect,
775ae572688963a367feeb23c62af88290fe4bd3f6a9bdf51a7f29cf796180d7,2023-12,Wiltshire Police,Wiltshire Police,-1.751190,51.544300,On or near The Oaks,E01033847,Swindon 024E,Violence and sexual offences,Unable to prosecute suspect,
14cc11af349ca51239d3ef3dc1a0aa7e24429caca9627397b8bd368a2481c7c9,2023-12,Wiltshire Police,Wiltshire Police,-1.757276,51.536023,On or near Brettingham Gate,E01033847,Swindon 024E,Violence and sexual offences,Local resolution,
a4f9887f92252b16b960f826522f141ad6a1e94eb87f3a104f4ce916f63c68d2,2023-12,Wiltshire Police,Wiltshire Police,-1.778294,51.542394,On or near Glenwood Close,E01033847,Swindon 024E,Violence and sexual offences,Status update unavailable,
09286f9fdc318f8b1859f71c5a2397cbb7d0550d2689c2770d639e83019b35dd,2023-12,Wiltshire Police,Wiltshire Police,-1.778294,51.542394,On or near Glenwood Close,E01033847,Swindon 024E,Violence and sexual offences,Unable to prosecute suspect,
4f3ae52198b089aa36ecd8c9b6dc75df243653b517e00b3c0367a902da0df5e4,2023-12,Wiltshire Police,Wiltshire Police,-1.791270,51.542814,On or near Staldon Road,E01033848,Swindon 024F,Criminal damage and arson,Court result unavailable,
13fb7602e74833751aabc04d9a20a8ee2f75cf070c7048dd05ffd0670946b27a,2023-12,Wiltshire Police,Wiltshire Police,-1.791898,51.541106,On or near Holne Road,E01033848,Swindon 024F,Public order,Status update unavailable,
bdf994cdd9e111d40409c72ac01b18f9bbca04b4db6773c94a756b7ab3120417,2023-12,Wiltshire Police,Wiltshire Police,-1.790468,51.541733,On or near Culbone Road,E01033848,Swindon 024F,Violence and sexual offences,Unable to prosecute suspect,
f14085d118b916ff7f1bd92f456432a83b9c15a815c5738b8388946b3ce12708,2023-12,Wiltshire Police,Wiltshire Police,-1.790468,51.541733,On or near Culbone Road,E01033848,Swindon 024F,Violence and sexual offences,Unable to prosecute suspect,
b9344bac3ebc4b7d0c1cfc6b53ed7f9744ea1ef09e49f71e97b680b8d57c82f2,2023-12,Wiltshire Police,Wiltshire Police,-1.792340,51.529508,On or near Inverary Road,E01015584,Swindon 025B,Public order,Unable to prosecute suspect,
e0563585fa3a2acf054d71d413dea4af87e6b71db2c7ca4b137d2616be089143,2023-12,Wiltshire Police,Wiltshire Police,-1.838566,51.526605,On or near Hay Lane,E01015585,Swindon 025C,Burglary,Court result unavailable,
e25cc53fc17a32a9c76536925ed8351e7eb1fad494a9df2a7bcaf37e4fd7defd,2023-12,Wiltshire Police,Wiltshire Police,-1.838566,51.526605,On or near Hay Lane,E01015585,Swindon 025C,Burglary,Court result unavailable,
a47c233de59c0c44c2b5fb34fe30d41f38ef23b1e23260a63f8607c6f35d6e76,2023-12,Wiltshire Police,Wiltshire Police,-1.838566,51.526605,On or near Hay Lane,E01015585,Swindon 025C,Burglary,Court result unavailable,
1baddac2c355da5557880e3a29bfaee727b081d2e007dc691b6e45b5ad17e6fe,2023-12,Wiltshire Police,Wiltshire Police,-1.838566,51.526605,On or near Hay Lane,E01015585,Swindon 025C,Burglary,Court result unavailable,
2682c366faa293e6084b8762d2415a9fe19e4934a07cd36270b7ae91882c7a5c,2023-12,Wiltshire Police,Wiltshire Police,-1.838566,51.526605,On or near Hay Lane,E01015585,Swindon 025C,Burglary,Court result unavailable,
e1850bedbf798127cc422e7a015173c411a040fcaf7ce51ce690c1337806ffa4,2023-12,Wiltshire Police,Wiltshire Police,-1.838566,51.526605,On or near Hay Lane,E01015585,Swindon 025C,Burglary,Court result unavailable,
961ed46b4e8ca3869aeb4dfbddeb7ea91ae3abc3a7b857e0b7da0ac6e11c44aa,2023-12,Wiltshire Police,Wiltshire Police,-1.838566,51.526605,On or near Hay Lane,E01015585,Swindon 025C,Burglary,Court result unavailable,
3f3d54a83b5f66c588b292f316324ce9db86262701536d5a7280185c936b555f,2023-12,Wiltshire Police,Wiltshire Police,-1.838566,51.526605,On or near Hay Lane,E01015585,Swindon 025C,Burglary,Court result unavailable,
08669e3550f8c8ffd088ea02cb5fe5872b1de5845ee3ae94cbc3c07d8eb6d60c,2023-12,Wiltshire Police,Wiltshire Police,-1.783092,51.522047,On or near Wanshot Close,E01015585,Swindon 025C,Violence and sexual offences,Unable to prosecute suspect,
,2023-12,Wiltshire Police,Wiltshire Police,-1.792923,51.521786,On or near Kingswood,E01015585,Swindon 025C,Anti-social behaviour,,
e7ef628c186751d6fbc060dd4a8eb229be8c72046bbd1bd85e6c68e21db0858b,2023-12,Wiltshire Police,Wiltshire Police,-1.819684,51.537295,On or near Wharf Road,E01015585,Swindon 025C,Public order,Unable to prosecute suspect,
246496bce07f5b3dd0ac4d32cba43553a317639749a97c944ea22e1ebb0cf268,2023-12,Wiltshire Police,Wiltshire Police,-1.805431,51.546039,On or near Chaddington Strand,E01015585,Swindon 025C,Violence and sexual offences,Local resolution,
5a75ab65af057c763952a45c87db4b27b3500a165ed9e35dbc7c688092551be0,2023-12,Wiltshire Police,Wiltshire Police,-1.788468,51.531309,On or near Hackpen Close,E01015585,Swindon 025C,Violence and sexual offences,Investigation complete; no suspect identified,
36712640fee1042a22128c6e30970851138ce04616fbb3b943379bfa0d49f35b,2023-12,Wiltshire Police,Wiltshire Police,-1.819684,51.537295,On or near Wharf Road,E01015585,Swindon 025C,Violence and sexual offences,Unable to prosecute suspect,
8e58f5752a12824b36153d11c4c735959b5711c867bff58c4bce619bc4b22452,2023-12,Wiltshire Police,Wiltshire Police,-1.783875,51.530095,On or near Kings Road,E01015585,Swindon 025C,Violence and sexual offences,Unable to prosecute suspect,
88398c34d879128b5e22e3134c9f58b05f542c51c53a166c11dc888695cef224,2023-12,Wiltshire Police,Wiltshire Police,-1.792782,51.524168,On or near Parking Area,E01015587,Swindon 025E,Violence and sexual offences,Unable to prosecute suspect,
dde4bceb93030277627f3b6ce2d10f47607c591487d8bc2c9437cd322dc8d487,2023-12,Wiltshire Police,Wiltshire Police,-1.793757,51.525357,On or near Coronation Road,E01015587,Swindon 025E,Violence and sexual offences,Unable to prosecute suspect,
c926ce63fab4ebc0eb5c0537c60862a1f97e7b66a9fc89f00a9902f121b704d2,2023-12,Wiltshire Police,Wiltshire Police,-1.793757,51.525357,On or near Coronation Road,E01015587,Swindon 025E,Violence and sexual offences,Unable to prosecute suspect,
,2023-12,Wiltshire Police,Wiltshire Police,-1.798090,51.523422,On or near Markham Road,E01015587,Swindon 025E,Anti-social behaviour,,
,2023-12,Wiltshire Police,Wiltshire Police,-1.790024,51.528326,On or near Coventry Close,E01015587,Swindon 025E,Anti-social behaviour,,
,2023-12,Wiltshire Police,Wiltshire Police,-1.797800,51.523826,On or near School Lane,E01015587,Swindon 025E,Anti-social behaviour,,
813e71eb1547a5c87227a42ba9f1f859c2cdbd38979c3d4d65cfa72563be1d63,2023-12,Wiltshire Police,Wiltshire Police,-1.800493,51.524298,On or near Cowleaze Crescent,E01015587,Swindon 025E,Criminal damage and arson,Investigation complete; no suspect identified,
0f0e24a71785c9114a19d0223dce336bdd0808baac20afa438cc153af8b04e82,2023-12,Wiltshire Police,Wiltshire Police,-1.792782,51.524168,On or near Parking Area,E01015587,Swindon 025E,Criminal damage and arson,Investigation complete; no suspect identified,
1a739244eadebfd142dd59a704c2bef8199d4d550ae5bd5a80fda8a21e3fc6b0,2023-12,Wiltshire Police,Wiltshire Police,-1.788063,51.522370,On or near The Pitchens,E01015587,Swindon 025E,Other theft,Investigation complete; no suspect identified,
8e38023b9c5834042645ce98484ac565030d7e3b77897c56922cc1624a5d9710,2023-12,Wiltshire Police,Wiltshire Police,-1.789484,51.523668,On or near Willow Walk,E01015587,Swindon 025E,Public order,Investigation complete; no suspect identified,
89dd0931279c660192998fb2546caab5a31c5b12773fcea140b42c3854deec0d,2023-12,Wiltshire Police,Wiltshire Police,-1.798090,51.523422,On or near Markham Road,E01015587,Swindon 025E,Public order,Unable to prosecute suspect,
f3a6a05a9b7095f05454a308dfa244c11d0adc11c0819645260277b24066167f,2023-12,Wiltshire Police,Wiltshire Police,-1.789870,51.524253,On or near Devizes Road,E01015587,Swindon 025E,Public order,Unable to prosecute suspect,
d12dc554bcd2636319be73db35f188299f3c9c58252d7da9d70713e4526cb0ff,2023-12,Wiltshire Police,Wiltshire Police,-1.791616,51.523779,On or near Barrett Way,E01015587,Swindon 025E,Public order,Investigation complete; no suspect identified,
d2895b79085e62fefa21737a22375d9d3f0788a97cf6f6eacc2f7548266577ad,2023-12,Wiltshire Police,Wiltshire Police,-1.792782,51.524168,On or near Parking Area,E01015587,Swindon 025E,Public order,Investigation complete; no suspect identified,
1df3966f175624f59c215e2a822655bc979f4755969d52518bf18a092a86b1e7,2023-12,Wiltshire Police,Wiltshire Police,-1.798090,51.523422,On or near Markham Road,E01015587,Swindon 025E,Public order,Unable to prosecute suspect,
42b6a72fbd8d458f10c3c0f4d7f5a5da9e4b02eb297e054d216d30dd3d5d4022,2023-12,Wiltshire Police,Wiltshire Police,-1.792782,51.524168,On or near Parking Area,E01015587,Swindon 025E,Public order,Unable to prosecute suspect,
62bde907bb228a25f5253776db17f0a4bd70d0afb4c682396828817d94c18f67,2023-12,Wiltshire Police,Wiltshire Police,-1.792782,51.524168,On or near Parking Area,E01015587,Swindon 025E,Shoplifting,Local resolution,
688a4c3dedb473ba22ce9b517d2aabf114ad0075784fd2d0867763bb9fb9930a,2023-12,Wiltshire Police,Wiltshire Police,-1.792782,51.524168,On or near Parking Area,E01015587,Swindon 025E,Violence and sexual offences,Unable to prosecute suspect,
84ab4619a3baf6fa19b0de7483b64dd88a0b4499a46d5c407cddc6f85d953e82,2023-12,Wiltshire Police,Wiltshire Police,-1.798090,51.523422,On or near Markham Road,E01015587,Swindon 025E,Violence and sexual offences,Status update unavailable,
371bfde7159b38df8fb7b2e63e8d76204c5c716e59a7d939ef84e3a66e8bc264,2023-12,Wiltshire Police,Wiltshire Police,-1.793105,51.523000,On or near Ely Court,E01015587,Swindon 025E,Violence and sexual offences,Unable to prosecute suspect,
2d629437998092b92dfd08b019ac0295c556f2e882d62d45090ee290eb47380c,2023-12,Wiltshire Police,Wiltshire Police,-1.727267,51.517605,On or near Windmill Piece,E01015588,Swindon 025F,Violence and sexual offences,Unable to prosecute suspect,
89eeffe872b00dd28a790acb9727d88d1bfc93ba8374ebce1cf113394175d92b,2023-12,Wiltshire Police,Wiltshire Police,-1.727267,51.517605,On or near Windmill Piece,E01015588,Swindon 025F,Violence and sexual offences,Unable to prosecute suspect,
08f168a1fc2d8433a3160247790a713f27d73dcdd3217b91b5d3103f6ae19d84,2023-12,Wiltshire Police,Wiltshire Police,-1.736623,51.514651,On or near The Curnicks,E01015588,Swindon 025F,Violence and sexual offences,Investigation complete; no suspect identified,
61c4a158aaa03becfede9eda1a7071f2a12e3c8bc00ba337ebfa7d7c57070162,2023-12,Wiltshire Police,Wiltshire Police,-1.733054,51.516315,On or near Slipper Lane,E01015588,Swindon 025F,Violence and sexual offences,Court result unavailable,
8449338000bf98095ae05056020258a2ab6c207198dc1daaa803ad69fc4ac6ef,2023-12,Wiltshire Police,Wiltshire Police,-1.727826,51.515772,On or near Station Road,E01015588,Swindon 025F,Violence and sexual offences,Unable to prosecute suspect,
19cb7d33ea2199ba8efb685f345958d8f7142e3f5b4a61927167740a4efbe28b,2023-12,Wiltshire Police,Wiltshire Police,-1.725415,51.516441,On or near Castle View Road,E01015588,Swindon 025F,Violence and sexual offences,Investigation complete; no suspect identified,
6714be5637f9a873f0f113e6096a5ce28f391eeb1aa3dad93778ff111223a6d2,2023-12,Wiltshire Police,Wiltshire Police,-1.729689,51.517467,On or near Dewey Close,E01015588,Swindon 025F,Violence and sexual offences,Unable to prosecute suspect,
b1c16a7f934e40261bbce2b06b96e23ba14dc0e0b694d0e664f41741f8f9ab13,2023-12,Wiltshire Police,Wiltshire Police,-1.729072,51.517133,On or near School Close,E01015588,Swindon 025F,Violence and sexual offences,Unable to prosecute suspect,
e77aaeea434e444c71c987884f472e47ccd7284ffff576afcb7e4dbd81798b13,2023-12,Wiltshire Police,Wiltshire Police,-1.731883,51.541461,On or near Polesdon Avenue,E01033849,Swindon 025G,Criminal damage and arson,Unable to prosecute suspect,
ba0b10522865552cf18737bce3984288cd4d1ce900f13be6a835bf5fe04a37e4,2023-12,Wiltshire Police,Wiltshire Police,-1.732247,51.540851,On or near Sheldon Street,E01033849,Swindon 025G,Public order,Court result unavailable,
62b357da2dd11ad1d90be4bb58768251a5204be551927936e0f73403de7bb9d7,2023-12,Wiltshire Police,Wiltshire Police,-1.725381,51.534163,On or near Bolehyde Close,E01033849,Swindon 025G,Violence and sexual offences,Unable to prosecute suspect,
,2023-12,Wiltshire Police,Wiltshire Police,-1.733303,51.542849,On or near Wilbury Close,E01033849,Swindon 025G,Anti-social behaviour,,
b6e2b591ab35e47f7302695a5f101aba60822f62167adc88f1e59e0cb52e9822,2023-12,Wiltshire Police,Wiltshire Police,-1.731883,51.541461,On or near Polesdon Avenue,E01033849,Swindon 025G,Criminal damage and arson,Investigation complete; no suspect identified,
68d62b0e45b2e0f9638968a412c00cd3d01cf7ceb1fa50f5672bcf32ac26a93b,2023-12,Wiltshire Police,Wiltshire Police,-1.738709,51.543068,On or near Boyton Close,E01033849,Swindon 025G,Public order,Investigation complete; no suspect identified,
8083f121a3546dac13a5f41cf448b1554687bbcd56341bdaf6152057367d7ac7,2023-12,Wiltshire Police,Wiltshire Police,-1.732311,51.537326,On or near Saltrop Rise,E01033849,Swindon 025G,Violence and sexual offences,Status update unavailable,
7378f5d6974d91b86d8b9f2d019c6bbf05f1ff0016a050816514dae32bed90d2,2023-12,Wiltshire Police,Wiltshire Police,-1.738709,51.543068,On or near Boyton Close,E01033849,Swindon 025G,Violence and sexual offences,Investigation complete; no suspect identified,
59a35e2af94ea8769a15a4070970f47f056c117c0634f7e96da6aaa592406ca2,2023-12,Wiltshire Police,Wiltshire Police,-1.786269,51.520668,On or near Green'S Lane,E01033850,Swindon 025H,Violence and sexual offences,Unable to prosecute suspect,
2d99c4b6a0b496165eb570946409f1aefc43fe2027c3e557fdaaa519b613e362,2023-12,Wiltshire Police,Wiltshire Police,-1.787622,51.511823,On or near Thorney Park,E01033850,Swindon 025H,Violence and sexual offences,Unable to prosecute suspect,
,2023-12,Wiltshire Police,Wiltshire Police,-1.825150,51.589786,On or near Waterdown Close,E01015525,Swindon 026A,Anti-social behaviour,,
7b1794e5315bb09212b5a64a0559889c8628691779aa036a5b8978b97597b62b,2023-12,Wiltshire Police,Wiltshire Police,-1.825150,51.589786,On or near Waterdown Close,E01015525,Swindon 026A,Public order,Unable to prosecute suspect,
efd39fcc33248deb95ba1b21cfa7b8d14f4ea4e74f9338a768135d4729aa308e,2023-12,Wiltshire Police,Wiltshire Police,-1.816030,51.589035,On or near Avens Close,E01015525,Swindon 026A,Violence and sexual offences,Unable to prosecute suspect,
526d8e82672bfa1b7eafb4b9ef93752fa72df8af9bedb0212164d6afd663087e,2023-12,Wiltshire Police,Wiltshire Police,-1.816030,51.589035,On or near Avens Close,E01015525,Swindon 026A,Violence and sexual offences,Unable to prosecute suspect,
,2023-12,Wiltshire Police,Wiltshire Police,-1.818205,51.593902,On or near Maybold Crescent,E01032700,Swindon 026B,Anti-social behaviour,,
,2023-12,Wiltshire Police,Wiltshire Police,-1.818212,51.595566,On or near Guernsey Lane,E01032700,Swindon 026B,Anti-social behaviour,,
04fa7cf09e2c7084aee7d78c16d8c543b88e85659c43de9b4761bb8bc1325195,2023-12,Wiltshire Police,Wiltshire Police,-1.825473,51.584401,On or near Purton Road,E01032700,Swindon 026B,Criminal damage and arson,Investigation complete; no suspect identified,
41e06885febbf126d91978b01f79365dff8ebb7470e6db4863e69bc3e644ec7a,2023-12,Wiltshire Police,Wiltshire Police,-1.819870,51.596144,On or near Haydon End Lane,E01032700,Swindon 026B,Criminal damage and arson,Investigation complete; no suspect identified,
80d15940d5381397b201e47ed5814081c17b1125f1a9969fb0a55174b56e2fa8,2023-12,Wiltshire Police,Wiltshire Police,-1.825473,51.584401,On or near Purton Road,E01032700,Swindon 026B,Criminal damage and arson,Investigation complete; no suspect identified,
4d452be2c7d4be1621ef357bc138fc62449b549e73268f643a16c3d880a607d6,2023-12,Wiltshire Police,Wiltshire Police,-1.818205,51.593902,On or near Maybold Crescent,E01032700,Swindon 026B,Violence and sexual offences,Status update unavailable,
,2023-12,Wiltshire Police,Wiltshire Police,-1.825985,51.594040,On or near The Boulevard,E01032703,Swindon 026C,Anti-social behaviour,,
7f5dee587720c977a484ec079826c2b4b608aa5a12983aafe79dad6c8bd872cf,2023-12,Wiltshire Police,Wiltshire Police,-1.828511,51.601776,On or near Phoenix Gardens,E01032703,Swindon 026C,Violence and sexual offences,Unable to prosecute suspect,
966338934625d43eb1ed842b9b0c7571d9ff0a832a434a05451833aa3ed1837c,2023-12,Wiltshire Police,Wiltshire Police,-1.828511,51.601776,On or near Phoenix Gardens,E01032703,Swindon 026C,Violence and sexual offences,Unable to prosecute suspect,
d6a286393f40dd44d7c4b3cee26dd4d7587284cb07f7d0a22e118d0326292bb0,2023-12,Wiltshire Police,Wiltshire Police,-1.826106,51.596459,On or near Markton Close,E01032703,Swindon 026C,Violence and sexual offences,Court result unavailable,
f9deb0d4992edc0b63861b931cb9902aaaefeefe953e12d8ecd278ad03cc3db4,2023-12,Wiltshire Police,Wiltshire Police,-1.830426,51.599208,On or near Poseidon Close,E01032705,Swindon 026D,Other crime,Status update unavailable,
40924869f90c3d4b3dea987c703ecd111df4d0b04c435c98a90147a813ec81ef,2023-12,Wiltshire Police,Wiltshire Police,-1.837283,51.603704,On or near Boatman Close,E01032709,Swindon 026E,Vehicle crime,Unable to prosecute suspect,
,2023-12,Wiltshire Police,Wiltshire Police,-1.833753,51.601631,On or near Pulsar Road,E01032709,Swindon 026E,Anti-social behaviour,,
ddcc1e3ba0bc2a5fefc91ca7a9434ff1f3a384f332fbdc9b61e4db8c65567077,2023-12,Wiltshire Police,Wiltshire Police,-1.833753,51.601631,On or near Pulsar Road,E01032709,Swindon 026E,Drugs,Further investigation is not in the public interest,
775aa6054b603f448b52f291ee91f47f3c16074b2ad3f7d945f67392c399c318,2023-12,Wiltshire Police,Wiltshire Police,-1.833963,51.603340,On or near Ulysses Road,E01032709,Swindon 026E,Drugs,Local resolution,
2956757279650e74d8d8c06deaeb28dd4145708b5bcf4ce2586ed1794e6de39e,2023-12,Wiltshire Police,Wiltshire Police,-1.833753,51.601631,On or near Pulsar Road,E01032709,Swindon 026E,Violence and sexual offences,Unable to prosecute suspect,
c20dd0bc134923ae499abb58bcc33f20258753cc211352f577d57d8de7cbc02f,2023-12,Wiltshire Police,Wiltshire Police,-1.833019,51.600866,On or near Phoebe Way,E01032709,Swindon 026E,Violence and sexual offences,Unable to prosecute suspect,
f4a59acafa9f807ff911208e745c97454e7ba75b7c342dd8867c0e179454bc7e,2023-12,Wiltshire Police,Wiltshire Police,-1.833019,51.600866,On or near Phoebe Way,E01032709,Swindon 026E,Violence and sexual offences,Unable to prosecute suspect,
88872b50237f15f857c08399343f44e958bcc1d4eaae8fcc03549e8a6d1301d8,2023-12,Wiltshire Police,Wiltshire Police,-1.827640,51.602953,On or near Rigel Close,E01032709,Swindon 026E,Violence and sexual offences,Investigation complete; no suspect identified,
8e3b92d4fe44f6415739c16c9c752ecb1fd72cb85cb570f05c0135d147f85504,2023-12,Wiltshire Police,Wiltshire Police,-1.837283,51.603704,On or near Boatman Close,E01032709,Swindon 026E,Violence and sexual offences,Local resolution,
3fdddd8315e0ec9abd9d56a5990ee8d38faa4545772f795c05118c244d8937bc,2023-12,Wiltshire Police,Wiltshire Police,-1.834457,51.602396,On or near Mir Crescent,E01032709,Swindon 026E,Violence and sexual offences,Unable to prosecute suspect,
,2023-12,Wiltshire Police,Wiltshire Police,-1.817412,51.604259,On or near Isambard Way,E01032713,Swindon 026F,Anti-social behaviour,,
688bc22ced881d1daf209d6dcd9cd3e3c97f2a80aa382ca6e39609eacf1a8e7c,2023-12,Wiltshire Police,Wiltshire Police,-1.823207,51.603108,On or near Dunvant Road,E01032713,Swindon 026F,Criminal damage and arson,Investigation complete; no suspect identified,
8eac3235ccb9d3e6554386130bf343006a383cf222673d7bb7a84ec65fad7e1e,2023-12,Wiltshire Police,Wiltshire Police,-1.817739,51.605626,On or near Kingdom Crescent,E01032713,Swindon 026F,Criminal damage and arson,Local resolution,
e38e3b1b0e701dfd33fbba7c38b0cd62c51b4eecb474243179882154f9605c58,2023-12,Wiltshire Police,Wiltshire Police,-1.817412,51.604259,On or near Isambard Way,E01032713,Swindon 026F,Other theft,Unable to prosecute suspect,
1e93bf0fcb9abedd369b678d0a4680ee74b1144b3da1b5270aac3c8511bef237,2023-12,Wiltshire Police,Wiltshire Police,-1.824379,51.602409,On or near Fitwell Road,E01032713,Swindon 026F,Violence and sexual offences,Unable to prosecute suspect,
e53fdb4c2fd3980072f7d221b36fc335e876fb895a7977b5bb7024faa5ed58f2,2023-12,Wiltshire Police,Wiltshire Police,-1.817412,51.604259,On or near Isambard Way,E01032713,Swindon 026F,Violence and sexual offences,Court result unavailable,
9ab42181a1043bf50ed0e8c57cccb046f49ed6afb2277b66301c69a7a05c7ad3,2023-12,Wiltshire Police,Wiltshire Police,-1.816167,51.598053,On or near Jagoda Court,E01032701,Swindon 027A,Violence and sexual offences,Unable to prosecute suspect,
37c692dcb0c8bdff477e2b561485b4fd0c38dbf2c52d94e0a5b9579b62f9e471,2023-12,Wiltshire Police,Wiltshire Police,-1.816167,51.598053,On or near Jagoda Court,E01032701,Swindon 027A,Violence and sexual offences,Unable to prosecute suspect,
844b2c23c2aa5bb8dcb14d97a494f23c74971b249091fb9285c707824488e085,2023-12,Wiltshire Police,Wiltshire Police,-1.817436,51.598334,On or near Bradshaw Court,E01032701,Swindon 027A,Violence and sexual offences,Unable to prosecute suspect,
6102a0db7c538d96ead46b9c4dd00614a5e95ed2a86fb43b4dc4e20083626e0b,2023-12,Wiltshire Police,Wiltshire Police,-1.815010,51.598447,On or near Tatry Road,E01032702,Swindon 027B,Vehicle crime,Court result unavailable,
0b23f3e76d6dae4f351c988399b97ae6731fa022a4182c0c780b085567f3031b,2023-12,Wiltshire Police,Wiltshire Police,-1.806712,51.601023,On or near Buscot Close,E01032702,Swindon 027B,Violence and sexual offences,Unable to prosecute suspect,
,2023-12,Wiltshire Police,Wiltshire Police,-1.808656,51.602312,On or near Claydon Road,E01032702,Swindon 027B,Anti-social behaviour,,
,2023-12,Wiltshire Police,Wiltshire Police,-1.808656,51.602312,On or near Claydon Road,E01032702,Swindon 027B,Anti-social behaviour,,
,2023-12,Wiltshire Police,Wiltshire Police,-1.808656,51.602312,On or near Claydon Road,E01032702,Swindon 027B,Anti-social behaviour,,
,2023-12,Wiltshire Police,Wiltshire Police,-1.813932,51.600837,On or near Spode Close,E01032702,Swindon 027B,Anti-social behaviour,,
,2023-12,Wiltshire Police,Wiltshire Police,-1.808656,51.602312,On or near Claydon Road,E01032702,Swindon 027B,Anti-social behaviour,,
,2023-12,Wiltshire Police,Wiltshire Police,-1.808656,51.602312,On or near Claydon Road,E01032702,Swindon 027B,Anti-social behaviour,,
,2023-12,Wiltshire Police,Wiltshire Police,-1.808656,51.602312,On or near Claydon Road,E01032702,Swindon 027B,Anti-social behaviour,,
,2023-12,Wiltshire Police,Wiltshire Police,-1.808656,51.602312,On or near Claydon Road,E01032702,Swindon 027B,Anti-social behaviour,,
,2023-12,Wiltshire Police,Wiltshire Police,-1.808656,51.602312,On or near Claydon Road,E01032702,Swindon 027B,Anti-social behaviour,,
,2023-12,Wiltshire Police,Wiltshire Police,-1.808656,51.602312,On or near Claydon Road,E01032702,Swindon 027B,Anti-social behaviour,,
,2023-12,Wiltshire Police,Wiltshire Police,-1.808656,51.602312,On or near Claydon Road,E01032702,Swindon 027B,Anti-social behaviour,,
,2023-12,Wiltshire Police,Wiltshire Police,-1.807765,51.601250,On or near Hidcot Court,E01032702,Swindon 027B,Anti-social behaviour,,
,2023-12,Wiltshire Police,Wiltshire Police,-1.808656,51.602312,On or near Claydon Road,E01032702,Swindon 027B,Anti-social behaviour,,
,2023-12,Wiltshire Police,Wiltshire Police,-1.808656,51.602312,On or near Claydon Road,E01032702,Swindon 027B,Anti-social behaviour,,
,2023-12,Wiltshire Police,Wiltshire Police,-1.812330,51.600781,On or near Ironstone Close,E01032702,Swindon 027B,Anti-social behaviour,,
,2023-12,Wiltshire Police,Wiltshire Police,-1.808656,51.602312,On or near Claydon Road,E01032702,Swindon 027B,Anti-social behaviour,,
,2023-12,Wiltshire Police,Wiltshire Police,-1.808894,51.600730,On or near Fenton Avenue,E01032702,Swindon 027B,Anti-social behaviour,,
,2023-12,Wiltshire Police,Wiltshire Police,-1.808894,51.600730,On or near Fenton Avenue,E01032702,Swindon 027B,Anti-social behaviour,,
3e1ca691b767abed1cd0452ced2b2a9b1228bf7e61aac25298d04a6097931eaa,2023-12,Wiltshire Police,Wiltshire Police,-1.804337,51.602854,On or near Chartwell Road,E01032702,Swindon 027B,Criminal damage and arson,Investigation complete; no suspect identified,
dd215bb11735eb299b96f383d8ecdd465df051a98e4de7aca999fed9cd14eac2,2023-12,Wiltshire Police,Wiltshire Police,-1.808656,51.602312,On or near Claydon Road,E01032702,Swindon 027B,Public order,Unable to prosecute suspect,
903ec618e22619a7c873312f0f03e70370fa33d2b37dc33c0d7b7cac86a79b6b,2023-12,Wiltshire Police,Wiltshire Police,-1.804337,51.602854,On or near Chartwell Road,E01032702,Swindon 027B,Violence and sexual offences,Status update unavailable,
f594d162ce80c9fa45900b32c7b05e19f01f662e7d7555ea77778f9a5d1983a8,2023-12,Wiltshire Police,Wiltshire Police,-1.817245,51.599215,On or near Kopernik Road,E01032704,Swindon 027C,Public order,Unable to prosecute suspect,
5b2d8ce3be300aeb04ea0a4ecc627a52625d40b19e739ba5c7dc31ed294bd974,2023-12,Wiltshire Police,Wiltshire Police,-1.817245,51.599215,On or near Kopernik Road,E01032704,Swindon 027C,Violence and sexual offences,Unable to prosecute suspect,
503cc0c9fe967ea03da72140243c332bd1e2a6ae0145d9dd9da68e4ad58fa03d,2023-12,Wiltshire Police,Wiltshire Police,-1.825515,51.596197,On or near Dydale Road,E01032704,Swindon 027C,Criminal damage and arson,Unable to prosecute suspect,
6e44b3d615adc07d7835825cccb425ca80d5a20911ce20498948c55d0be01821,2023-12,Wiltshire Police,Wiltshire Police,-1.820675,51.596963,On or near Prospero Way,E01032704,Swindon 027C,Violence and sexual offences,Unable to prosecute suspect,
5a815313e126f11cf459cc6b6a091efaf901af3a206eb78c8bc7787736052364,2023-12,Wiltshire Police,Wiltshire Police,-1.815400,51.602053,On or near Redhouse Gardens,E01032711,Swindon 027D,Violence and sexual offences,Unable to prosecute suspect,
bfa2d5a52df642ce2cdd5a946a27385ba41f879c1af6d35678cd85407b285742,2023-12,Wiltshire Police,Wiltshire Police,-1.811309,51.603099,On or near Marbeck Close,E01032711,Swindon 027D,Violence and sexual offences,Unable to prosecute suspect,
12f9528cb6fa1b5ad81a4173b4929177ecbfd2a6472ccb9de132dd9e848cc7c4,2023-12,Wiltshire Police,Wiltshire Police,-1.811309,51.603099,On or near Marbeck Close,E01032711,Swindon 027D,Violence and sexual offences,Unable to prosecute suspect,
f7ad2d9ecc87a08524932edf41031f7b6cf7cb7ece38a4f1a854809b61272420,2023-12,Wiltshire Police,Wiltshire Police,-1.813406,51.602455,On or near Denby Road,E01032711,Swindon 027D,Criminal damage and arson,Investigation complete; no suspect identified,
aeaa2e3b63c5861e1a1211514db76278b8f62c51ba46b85ff6c2713f2c782e2b,2023-12,Wiltshire Police,Wiltshire Police,-1.816569,51.602244,On or near Delft Crescent,E01032711,Swindon 027D,Public order,Unable to prosecute suspect,
732747c26726c727220b471aa6b09c8c69362150b6e808c0bf0bf036332788ed,2023-12,Wiltshire Police,Wiltshire Police,-1.816569,51.602244,On or near Delft Crescent,E01032711,Swindon 027D,Shoplifting,Unable to prosecute suspect,
992c785b2b14e44ebf251e0f934865c6ef8ab0a5d5be84b7257ba3be128bb9b0,2023-12,Wiltshire Police,Wiltshire Police,-1.816569,51.602244,On or near Delft Crescent,E01032711,Swindon 027D,Shoplifting,Court result unavailable,
41b7cb64b508d634587f8d096f4c489c6a8db70b1f4cbe53324de43e26d72f43,2023-12,Wiltshire Police,Wiltshire Police,-1.812811,51.603011,On or near Tippett Avenue,E01032711,Swindon 027D,Violence and sexual offences,Unable to prosecute suspect,
,2023-12,Wiltshire Police,Wiltshire Police,-1.812200,51.604278,On or near Holst Road,E01032712,Swindon 027E,Anti-social behaviour,,
,2023-12,Wiltshire Police,Wiltshire Police,-1.811602,51.605644,On or near Delius Close,E01032712,Swindon 027E,Anti-social behaviour,,
,2023-12,Wiltshire Police,Wiltshire Police,-1.815867,51.604365,On or near Hanwell Close,E01032712,Swindon 027E,Anti-social behaviour,,
7f0d36489d06bdf9f2010a65d5083fabbeeab7b6909f1ea31524b9e94f1a7906,2023-12,Wiltshire Police,Wiltshire Police,-1.814589,51.602609,On or near Millgrove Street,E01032712,Swindon 027E,Bicycle theft,Investigation complete; no suspect identified,
75061b9b1d61da532a11b343cceb559836c2733dfe20c92408b71ca563d07055,2023-12,Wiltshire Police,Wiltshire Police,-1.822434,51.601408,On or near Gaveller Road,E01032712,Swindon 027E,Criminal damage and arson,Status update unavailable,
5787436e18d1e6bf72bd55266c0c0a4c7a5a1dda082fb396e16fdeacf38dd195,2023-12,Wiltshire Police,Wiltshire Police,-1.822434,51.601408,On or near Gaveller Road,E01032712,Swindon 027E,Criminal damage and arson,Investigation complete; no suspect identified,
d00c49077375308fff14d72907926431e62f02b375e43bbcda731ce469d1c3d0,2023-12,Wiltshire Police,Wiltshire Police,-1.822434,51.601408,On or near Gaveller Road,E01032712,Swindon 027E,Violence and sexual offences,Action to be taken by another organisation,
f6d723760a379a166f1f6e08d722452ca1c0dfb39cbdc4a3345292604be9e247,2023-12,Wiltshire Police,Wiltshire Police,-1.820179,51.602106,On or near Redhouse Way,E01032712,Swindon 027E,Violence and sexual offences,Unable to prosecute suspect,
67f25c3180542b53244c9ce1a0b8261f3e68b14e9c53e3e95980782f2df7b51e,2023-12,Wiltshire Police,Wiltshire Police,-1.822434,51.601408,On or near Gaveller Road,E01032712,Swindon 027E,Violence and sexual offences,Action to be taken by another organisation,
2401c3c06f9096c79a5dabfb5123a17235c76232b3eed4dffb80dada338c4fbc,2023-12,Wiltshire Police,Wiltshire Police,-1.822434,51.601408,On or near Gaveller Road,E01032712,Swindon 027E,Violence and sexual offences,Action to be taken by another organisation,
,2023-12,Wiltshire Police,Wiltshire Police,-1.798123,51.607168,On or near Yeats Close,E01015471,Swindon 028A,Anti-social behaviour,,
ee017d2d0fc358282a9e218b695ea455deb514b1ef9c9a8dfeba3451ac048fc4,2023-12,Wiltshire Police,Wiltshire Police,-1.800014,51.607450,On or near Rubens Close,E01015471,Swindon 028A,Violence and sexual offences,Investigation complete; no suspect identified,
7f4a935d7f2fc09bb301c7815f8acd69911d3d94e184bccba036fb75bccd2408,2023-12,Wiltshire Police,Wiltshire Police,-1.792520,51.597690,On or near Hayward Close,E01015512,Swindon 028C,Violence and sexual offences,Unable to prosecute suspect,
7482cfa815bfb6c1dc642249dbdb212e1caa2d5ec2a1d0fb2b37f6bd966d40a3,2023-12,Wiltshire Police,Wiltshire Police,-1.794112,51.593647,On or near Hudson Way,E01015512,Swindon 028C,Drugs,Court result unavailable,
973a7598522d6882cc127e364879e87310d7d232a8088128c0623b10724f359b,2023-12,Wiltshire Police,Wiltshire Police,-1.794112,51.593647,On or near Hudson Way,E01015512,Swindon 028C,Violence and sexual offences,Unable to prosecute suspect,
b18f54845c39f84438c240867832b5e37946a0ef4e73980ecfcdee6ea314e396,2023-12,Wiltshire Police,Wiltshire Police,-1.795318,51.598405,On or near Exbury Close,E01015518,Swindon 028D,Violence and sexual offences,Unable to prosecute suspect,
,2023-12,Wiltshire Police,Wiltshire Police,-1.807435,51.597446,On or near Supermarket,E01032710,Swindon 028E,Anti-social behaviour,,
,2023-12,Wiltshire Police,Wiltshire Police,-1.807435,51.597446,On or near Supermarket,E01032710,Swindon 028E,Anti-social behaviour,,
,2023-12,Wiltshire Police,Wiltshire Police,-1.807435,51.597446,On or near Supermarket,E01032710,Swindon 028E,Anti-social behaviour,,
,2023-12,Wiltshire Police,Wiltshire Police,-1.807435,51.597446,On or near Supermarket,E01032710,Swindon 028E,Anti-social behaviour,,
00e449b0ee71910cd7efa6e23821e70dea0f091705157bd294dc68e5360b133a,2023-12,Wiltshire Police,Wiltshire Police,-1.810567,51.597622,On or near Mazurek Way,E01032710,Swindon 028E,Bicycle theft,Investigation complete; no suspect identified,
19c356417dc563fdf41babe5cb53276bea25d6980e72e684596a37277745e0aa,2023-12,Wiltshire Police,Wiltshire Police,-1.807435,51.597446,On or near Supermarket,E01032710,Swindon 028E,Other theft,Status update unavailable,
2795c70b71d382959b88b064f72409e7860c1278d7dd36b0690ee587f9c74834,2023-12,Wiltshire Police,Wiltshire Police,-1.810567,51.597622,On or near Mazurek Way,E01032710,Swindon 028E,Shoplifting,Unable to prosecute suspect,
68aad3225feeaeebb05bd5aee53b0d9c504ecd23aca6ed6c97fef698cc3d4788,2023-12,Wiltshire Police,Wiltshire Police,-1.808862,51.597570,On or near Shopping Area,E01032710,Swindon 028E,Shoplifting,Investigation complete; no suspect identified,
df03e5b85840f32c2d6fde9b84eee32f4cea3f3b19aa9a2dd16d058bd8e6cd2b,2023-12,Wiltshire Police,Wiltshire Police,-1.810567,51.597622,On or near Mazurek Way,E01032710,Swindon 028E,Shoplifting,Investigation complete; no suspect identified,
9a2029ec300671bb4e23848eeee8e4b00f90064b6aaf13ad3d81f4982ddef009,2023-12,Wiltshire Police,Wiltshire Police,-1.807435,51.597446,On or near Supermarket,E01032710,Swindon 028E,Shoplifting,Investigation complete; no suspect identified,
7a5fcb4beee6f291fb216821f102f39386c13014e05ba964129c98ae8bd4a92e,2023-12,Wiltshire Police,Wiltshire Police,-1.807435,51.597446,On or near Supermarket,E01032710,Swindon 028E,Shoplifting,Investigation complete; no suspect identified,
474b1ad33adcc41553ea0ff20868963ef897655f6d6d5c3caf978859524d5894,2023-12,Wiltshire Police,Wiltshire Police,-1.807435,51.597446,On or near Supermarket,E01032710,Swindon 028E,Theft from the person,Investigation complete; no suspect identified,
ae3e73db87dad89db6161d83be70186f74be31754197e0db572640195ef2838d,2023-12,Wiltshire Police,Wiltshire Police,-1.810567,51.597622,On or near Mazurek Way,E01032710,Swindon 028E,Theft from the person,Investigation complete; no suspect identified,
6c503e02f67eeef1570e61a1f4a2202322bd186a13c96506dcb7efa2178acfd5,2023-12,Wiltshire Police,Wiltshire Police,-1.813193,51.598085,On or near Rysy Court,E01032710,Swindon 028E,Vehicle crime,Unable to prosecute suspect,
0b54c52e63313ec04e6f09fef7968d44946a81f192b4b9467ceda7f2b04aca90,2023-12,Wiltshire Police,Wiltshire Police,-1.807513,51.599379,On or near Petrol Station,E01032710,Swindon 028E,Violence and sexual offences,Unable to prosecute suspect,
8a7f18b45fb3df03eeededc554a5253370f31ac2c37aecc7f028d5b1c79f5777,2023-12,Wiltshire Police,Wiltshire Police,-1.807513,51.599379,On or near Petrol Station,E01032710,Swindon 028E,Violence and sexual offences,Unable to prosecute suspect,
7101a65af2d2a072eaf51c701cc798595c844d66ab90eb8c9f83ee1cdeb9408d,2023-12,Wiltshire Police,Wiltshire Police,-1.807435,51.597446,On or near Supermarket,E01032710,Swindon 028E,Violence and sexual offences,Status update unavailable,
d646a8975754a207f3c3d6b7cde5be29c0743302d4a0428d2d962874dc54406a,2023-12,Wiltshire Police,Wiltshire Police,-1.813193,51.598085,On or near Rysy Court,E01032710,Swindon 028E,Violence and sexual offences,Unable to prosecute suspect,
e72427cebb1d609c905fdc6c00675ba26e2ac18dcfd5dfc8cdfb55c391f28e9a,2023-12,Wiltshire Police,Wiltshire Police,-1.813193,51.598085,On or near Rysy Court,E01032710,Swindon 028E,Violence and sexual offences,Investigation complete; no suspect identified,
ae90e5f6a8bbdd9d7f635a5ea397d602d327da1f05fe9975f1e6d12d75dc92bd,2023-12,Wiltshire Police,Wiltshire Police,-1.779671,51.597865,On or near Carter Close,E01033860,Swindon 028F,Vehicle crime,Investigation complete; no suspect identified,
536f60a90289cbfa8db8c7ac8d61fd1cfd2cf64e793ee940ea93c00b97145653,2023-12,Wiltshire Police,Wiltshire Police,-1.794333,51.599195,On or near Hugo Drive,E01033860,Swindon 028F,Violence and sexual offences,Court result unavailable,
e658d473626688c2413466fcdc30e8e79c6a6ee3d297d45a6281eb3f040bcf5b,2023-12,Wiltshire Police,Wiltshire Police,-1.784837,51.598342,On or near Waggoner Close,E01033860,Swindon 028F,Violence and sexual offences,Unable to prosecute suspect,
7446bfdfc4dc801cfdb70d1d65004edf8d93702302de458db122bab593e734a4,2023-12,Wiltshire Police,Wiltshire Police,-1.794333,51.599195,On or near Hugo Drive,E01033860,Swindon 028F,Criminal damage and arson,Court result unavailable,
ddde9b01f2165651a217246eefbd78c9fa6fa451226149a3ad0eff0da68a9ee5,2023-12,Wiltshire Police,Wiltshire Police,-1.788232,51.597710,On or near Woodsman Road,E01033860,Swindon 028F,Other theft,Investigation complete; no suspect identified,
bb1ad29314d25e348478c36e4fd1ff366395ce563d0586b69499abec3619ed88,2023-12,Wiltshire Police,Wiltshire Police,-1.794333,51.599195,On or near Hugo Drive,E01033860,Swindon 028F,Public order,Court result unavailable,
e08e7144367a5cee2e2d4b90941ab9e3be490fb2be0187d9490ccc8447367c5a,2023-12,Wiltshire Police,Wiltshire Police,-1.787062,51.597842,On or near Falconer Mews,E01033860,Swindon 028F,Public order,Court result unavailable,
d03ba44277833f9451f529d097a7966e74122faac95760972605f9d7d53a8e5b,2023-12,Wiltshire Police,Wiltshire Police,-1.794333,51.599195,On or near Hugo Drive,E01033860,Swindon 028F,Public order,Court result unavailable,
e97fdad1a3133739dc69b4f3d34ff8b0f89f759f25e842b357bcb1dc63047db9,2023-12,Wiltshire Police,Wiltshire Police,-1.794333,51.599195,On or near Hugo Drive,E01033860,Swindon 028F,Public order,Court result unavailable,
1b1ed445ad8a3b13eb7b20f0542b0eb959707230ea32e3527a37819bbd670132,2023-12,Wiltshire Police,Wiltshire Police,-1.794333,51.599195,On or near Hugo Drive,E01033860,Swindon 028F,Robbery,Court result unavailable,
2a89cfdb5479005ba59b8e82c9a8513756882dffb0ccb86c36b9b32db5418bf8,2023-12,Wiltshire Police,Wiltshire Police,-1.787348,51.598508,On or near Gable Close,E01033860,Swindon 028F,Violence and sexual offences,Unable to prosecute suspect,
825e22ab0c8fd4afa209a6d012f71e7a95a4f757af7890c7e9ddde0d7613df17,2023-12,Wiltshire Police,Wiltshire Police,-1.788388,51.598483,On or near Mason Road,E01033860,Swindon 028F,Violence and sexual offences,Unable to prosecute suspect,
b667daf7e62301f74750e670d3f2c5a25fd209b14bb3196f636c9ca92b784cbf,2023-12,Wiltshire Police,Wiltshire Police,-1.790190,51.598954,On or near Olivier Road,E01033860,Swindon 028F,Violence and sexual offences,Court result unavailable,
cff42bd8da715a60d0a52dba0875785dd5887f341e6778306bb5dc12e1e7f984,2023-12,Wiltshire Police,Wiltshire Police,-1.783501,51.599922,On or near The Thatchers,E01033860,Swindon 028F,Violence and sexual offences,Status update unavailable,
f0ef43a30789527fd8e686f1943d45ecdb43e5aa0e8bb064801c0952a7298a7b,2023-12,Wiltshire Police,Wiltshire Police,-1.783289,51.601467,On or near Supermarket,E01033861,Swindon 028G,Public order,Investigation complete; no suspect identified,
,2023-12,Wiltshire Police,Wiltshire Police,-1.791140,51.605861,On or near Hitch Road,E01033861,Swindon 028G,Anti-social behaviour,,
,2023-12,Wiltshire Police,Wiltshire Police,-1.793505,51.603518,On or near Highdown Way,E01033861,Swindon 028G,Anti-social behaviour,,
fb57b2943f61890b317ce48cfb13e668f11a7f66147f1a6d5f2b51f68613f271,2023-12,Wiltshire Police,Wiltshire Police,-1.783289,51.601467,On or near Supermarket,E01033861,Swindon 028G,Other theft,Investigation complete; no suspect identified,
f034b3b5ab99201de1dc4209f7d970d223a951e063452be6c45f68cddbb618b9,2023-12,Wiltshire Police,Wiltshire Police,-1.783289,51.601467,On or near Supermarket,E01033861,Swindon 028G,Other theft,Investigation complete; no suspect identified,
191022f150182cee92ae3054c0ac160ad460ce7fd958f21e8f4d10ee7783b87a,2023-12,Wiltshire Police,Wiltshire Police,-1.783289,51.601467,On or near Supermarket,E01033861,Swindon 028G,Shoplifting,Investigation complete; no suspect identified,
94762b6aa8118fe77c875464fe220c2576c1f88ae55bcb985704386e04e3f3bf,2023-12,Wiltshire Police,Wiltshire Police,-1.783289,51.601467,On or near Supermarket,E01033861,Swindon 028G,Vehicle crime,Unable to prosecute suspect,
5cffd8ab040abe14dfd50efcc3dfe8661bd13c6d54dabd2e12039b8aaee7e2dd,2023-12,Wiltshire Police,Wiltshire Police,-1.793095,51.604669,On or near Salzgitter Drive,E01033861,Swindon 028G,Violence and sexual offences,Status update unavailable,
15e4ea5755430f30c4879ed74af2296f23db054e260abf16df342dc0b4c2d435,2023-12,Wiltshire Police,Wiltshire Police,-1.796154,51.605258,On or near Nash Close,E01033861,Swindon 028G,Violence and sexual offences,Action to be taken by another organisation,
13c58b087fa8cc562f5407ed4100dd0f9c6c4a83b63ab584b1915ebc881d39d1,2023-12,Wiltshire Police,Wiltshire Police,-1.793095,51.604669,On or near Salzgitter Drive,E01033861,Swindon 028G,Violence and sexual offences,Unable to prosecute suspect,
7411c4e6ccde84ef7b5a3b8e0d16eb0571296ce435911993e8c8ff5cd868cf51,2023-12,Wiltshire Police,Wiltshire Police,-1.624119,51.115684,On or near Parking Area,E01023167,Test Valley 009B,Public order,Unable to prosecute suspect,
,2023-12,Wiltshire Police,Wiltshire Police,-1.633634,51.039587,On or near Hillside Close,E01023177,Test Valley 009C,Anti-social behaviour,,
e4fb1592b3099618267ddd62471ec89639286c54ff0a310b38205969f262905b,2023-12,Wiltshire Police,Wiltshire Police,-1.650225,51.596283,On or near Gealer Grove,E01028745,Vale of White Horse 016A,Criminal damage and arson,Status update unavailable,
,2023-12,Wiltshire Police,Wiltshire Police,-1.893970,51.634771,On or near Bourne Lake Park,E01031887,Wiltshire 001A,Anti-social behaviour,,
,2023-12,Wiltshire Police,Wiltshire Police,-1.934370,51.644268,On or near High Road,E01031887,Wiltshire 001A,Anti-social behaviour,,
44e4f84610f77695f02e8630dda40b2a23af7ef7fd87e619864b64bc7c1ecdea,2023-12,Wiltshire Police,Wiltshire Police,-1.913013,51.627476,On or near Hillside,E01031887,Wiltshire 001A,Other theft,Status update unavailable,
160db2923ff5f94e4f0063b3b9d8a1b55cb639c40a27bd9b72add5fedca2354a,2023-12,Wiltshire Police,Wiltshire Police,-1.927877,51.646377,On or near Kent End,E01031887,Wiltshire 001A,Public order,Unable to prosecute suspect,
9f6efdc143632fb1aa6572bf923f599161c9aa0d9dca4442da8c9b342bf4c136,2023-12,Wiltshire Police,Wiltshire Police,-1.868109,51.644006,On or near Middle Ground,E01031934,Wiltshire 001B,Violence and sexual offences,Unable to prosecute suspect,
,2023-12,Wiltshire Police,Wiltshire Police,-1.868109,51.644006,On or near Middle Ground,E01031934,Wiltshire 001B,Anti-social behaviour,,
,2023-12,Wiltshire Police,Wiltshire Police,-1.868109,51.644006,On or near Middle Ground,E01031934,Wiltshire 001B,Anti-social behaviour,,
db945b3296cc0df0ff881aae433434a41e50567fc0c46057d31e69f98746c3fb,2023-12,Wiltshire Police,Wiltshire Police,-1.865770,51.643320,On or near West Mill Lane,E01031934,Wiltshire 001B,Possession of weapons,Unable to prosecute suspect,
38d465f267889372940bf3b54bcb63581280198b210b7b17e12d531afbe31c01,2023-12,Wiltshire Police,Wiltshire Police,-1.834439,51.635214,On or near Petrol Station,E01031934,Wiltshire 001B,Shoplifting,Investigation complete; no suspect identified,
18cd87e618df463904b2849a9a8bc560e5dcaf3dd15c14b9c3aca4367c352f6c,2023-12,Wiltshire Police,Wiltshire Police,-1.868109,51.644006,On or near Middle Ground,E01031934,Wiltshire 001B,Violence and sexual offences,Unable to prosecute suspect,
b87fd0b98f9018be1c59b8f9e6b28646cfe8e4e05018f5f74a3533982ef3ec40,2023-12,Wiltshire Police,Wiltshire Police,-1.855045,51.643756,On or near Rectory Lane,E01031935,Wiltshire 001C,Criminal damage and arson,Unable to prosecute suspect,
bbcfd3f23b11851a2bc34fba137567297155319185ddf493688365cce0eea09f,2023-12,Wiltshire Police,Wiltshire Police,-1.860434,51.644419,On or near Pleydells,E01031935,Wiltshire 001C,Public order,Local resolution,
993dd3960128f2c6579f4b8d89beb7150e4d895c891e12b29a31fb53830ee9e6,2023-12,Wiltshire Police,Wiltshire Police,-1.851936,51.639967,On or near Spital Lane,E01031935,Wiltshire 001C,Other theft,Investigation complete; no suspect identified,
58ad10c24fa88be65dc68911e9e8e1a83e46f48ab30372049cb5a2baca6dd0b0,2023-12,Wiltshire Police,Wiltshire Police,-1.851936,51.639967,On or near Spital Lane,E01031935,Wiltshire 001C,Vehicle crime,Investigation complete; no suspect identified,
20851ba12402db6423cfb506b43fb6aef8910f83527644e70b56d771916a95f5,2023-12,Wiltshire Police,Wiltshire Police,-1.854748,51.641886,On or near Horse Fair Lane,E01031935,Wiltshire 001C,Violence and sexual offences,Unable to prosecute suspect,
,2023-12,Wiltshire Police,Wiltshire Police,-1.861004,51.642181,On or near Blythe Close,E01031936,Wiltshire 001D,Anti-social behaviour,,
,2023-12,Wiltshire Police,Wiltshire Police,-1.860533,51.640256,On or near Saxon Close,E01031936,Wiltshire 001D,Anti-social behaviour,,
88677069a43c1c8bec57054e94e8e4bbfa64f5df2b6b89e07482ab50a205f293,2023-12,Wiltshire Police,Wiltshire Police,-1.861004,51.642181,On or near Blythe Close,E01031936,Wiltshire 001D,Other theft,Investigation complete; no suspect identified,
57d0a95e31c15a050d609e036d2b737aeb03a0927a3f0251aa1c9ec5bd9e85d7,2023-12,Wiltshire Police,Wiltshire Police,-1.860092,51.642729,On or near Willow Grove,E01031936,Wiltshire 001D,Violence and sexual offences,Unable to prosecute suspect,
3b1a3d9ea9067ff7bd3b7dafeebac56d555c6eb3bfd5bd0efc92f268f018d522,2023-12,Wiltshire Police,Wiltshire Police,-2.022813,51.639671,On or near The Green,E01031885,Wiltshire 002A,Burglary,Investigation complete; no suspect identified,
,2023-12,Wiltshire Police,Wiltshire Police,-2.021281,51.640319,On or near Bendy Bow,E01031885,Wiltshire 002A,Anti-social behaviour,,
05da68031c3b64b62dd73c6a60d9883525917ea022593362ec1f31b83d407b53,2023-12,Wiltshire Police,Wiltshire Police,-2.023478,51.640894,On or near Earls Corner,E01031885,Wiltshire 002A,Burglary,Investigation complete; no suspect identified,
36cccb34c411605ffce10494de25d74b8396ed0e105765b8020d65b23f69ffcf,2023-12,Wiltshire Police,Wiltshire Police,-2.022813,51.639671,On or near The Green,E01031885,Wiltshire 002A,Criminal damage and arson,Unable to prosecute suspect,
f6d23e2496dfbce8aa3a780b512e213a5d12d6f62b92a58451fe62fca91bc9c4,2023-12,Wiltshire Police,Wiltshire Police,-2.023478,51.640894,On or near Earls Corner,E01031885,Wiltshire 002A,Criminal damage and arson,Investigation complete; no suspect identified,
ca7a41198765ee069f67dafd9c9358d17694d31f6ed661081af177bc06f3d5ca,2023-12,Wiltshire Police,Wiltshire Police,-2.012871,51.642424,On or near Wick Road,E01031885,Wiltshire 002A,Public order,Local resolution,
,2023-12,Wiltshire Police,Wiltshire Police,-2.103444,51.588350,On or near Willow View Close,E01031947,Wiltshire 002B,Anti-social behaviour,,
,2023-12,Wiltshire Police,Wiltshire Police,-2.115539,51.587809,On or near Parklands Close,E01031947,Wiltshire 002B,Anti-social behaviour,,
,2023-12,Wiltshire Police,Wiltshire Police,-2.111688,51.589035,On or near White Lion Park,E01031947,Wiltshire 002B,Anti-social behaviour,,
5d5e491580b51cf668cc2b0ee7a3da37391663f15c76709c233ea1f536431df6,2023-12,Wiltshire Police,Wiltshire Police,-2.109622,51.588309,On or near Basevi Close,E01031947,Wiltshire 002B,Other theft,Investigation complete; no suspect identified,
84beb6c5d94f933494d7fab8777353df78edf453b40e2a31a59f2b12b5015c92,2023-12,Wiltshire Police,Wiltshire Police,-2.109622,51.588309,On or near Basevi Close,E01031947,Wiltshire 002B,Public order,Unable to prosecute suspect,
,2023-12,Wiltshire Police,Wiltshire Police,-2.101440,51.589341,On or near Supermarket,E01031948,Wiltshire 002C,Anti-social behaviour,,
,2023-12,Wiltshire Police,Wiltshire Police,-2.102321,51.595967,On or near Avenue De Gien,E01031948,Wiltshire 002C,Anti-social behaviour,,
,2023-12,Wiltshire Police,Wiltshire Police,-2.096561,51.596224,On or near Gilmore Road,E01031948,Wiltshire 002C,Anti-social behaviour,,
,2023-12,Wiltshire Police,Wiltshire Police,-2.107994,51.589560,On or near Park Close,E01031948,Wiltshire 002C,Anti-social behaviour,,
,2023-12,Wiltshire Police,Wiltshire Police,-2.097066,51.595702,On or near Jenner Lane,E01031948,Wiltshire 002C,Anti-social behaviour,,
cc4c7a2340c42005b8412d65bcf5e8463bd1740c16a5a9cd3980498f9397a1e0,2023-12,Wiltshire Police,Wiltshire Police,-2.102034,51.590231,On or near Poole Road,E01031948,Wiltshire 002C,Criminal damage and arson,Investigation complete; no suspect identified,
68f54813d4e9fa727c8647581a4f8a34c756c22b061ae22e4f556cfc091e65b9,2023-12,Wiltshire Police,Wiltshire Police,-2.097066,51.595702,On or near Jenner Lane,E01031948,Wiltshire 002C,Public order,Unable to prosecute suspect,
3d431e9502312a555cd46f975fd3dd6b8344a75b635bb3fd82bd7e5ff6653b69,2023-12,Wiltshire Police,Wiltshire Police,-2.101218,51.593226,On or near Tetbury Hill,E01031948,Wiltshire 002C,Violence and sexual offences,Unable to prosecute suspect,
4cacad35e3a967ed145c131433dfa2fc6051abb5944cad6e337c45b9325b8295,2023-12,Wiltshire Police,Wiltshire Police,-2.121235,51.602306,On or near Church Lane,E01031948,Wiltshire 002C,Violence and sexual offences,Unable to prosecute suspect,
7ffa38082c2e93de526eacccf08b3dc33cafee353965a59e641c8afc6bac6fe4,2023-12,Wiltshire Police,Wiltshire Police,-2.113239,51.586067,On or near Sherston Road,E01031948,Wiltshire 002C,Violence and sexual offences,Unable to prosecute suspect,
c8524caf4bc701be17b435044ccc99cdfa06dcc15a1b36808bc8f400a7e4f2ae,2023-12,Wiltshire Police,Wiltshire Police,-2.097170,51.583869,On or near Oxford Street,E01031949,Wiltshire 002D,Violence and sexual offences,Unable to prosecute suspect,
d43d215faeb064a107cd3e79dae1d9df5925699ba938b3092b545b8042d55a8e,2023-12,Wiltshire Police,Wiltshire Police,-2.108935,51.584875,On or near Bremilham Rise,E01031949,Wiltshire 002D,Violence and sexual offences,Unable to prosecute suspect,
f46e30b9d388f2c0f849431fb0a970987e841849dd1eb89c0ee4451e10d16370,2023-12,Wiltshire Police,Wiltshire Police,-2.096664,51.583357,On or near Cross Hayes Lane,E01031949,Wiltshire 002D,Criminal damage and arson,Unable to prosecute suspect,
70a471a4cc60ceb5b6256cd88bceb6e70476d115337ab80f3d254af6a67ed59c,2023-12,Wiltshire Police,Wiltshire Police,-2.095859,51.584931,On or near Abbotts Garden,E01031949,Wiltshire 002D,Criminal damage and arson,Investigation complete; no suspect identified,
f706ca3c476bccb4fccc44b20fd17ceb38fc7876f786f2cb40dc66007976b4b5,2023-12,Wiltshire Police,Wiltshire Police,-2.097124,51.582691,On or near St Dennis Lane,E01031949,Wiltshire 002D,Public order,Unable to prosecute suspect,
2c9ef4d9c8e3a5c81a12093d861db0ccbf73093594dc94ba3573a63730b20b0d,2023-12,Wiltshire Police,Wiltshire Police,-2.097170,51.583869,On or near Oxford Street,E01031949,Wiltshire 002D,Violence and sexual offences,Unable to prosecute suspect,
db32968d11f396552d9170ad5cf55efd8fa86c8eca85eb6d44ae3373b98ea128,2023-12,Wiltshire Police,Wiltshire Police,-2.096664,51.583357,On or near Cross Hayes Lane,E01031949,Wiltshire 002D,Violence and sexual offences,Unable to prosecute suspect,
4693675c9cc9bec935e2b5409c2bcd3555d21f3bf3cd523b7c39ea5ad28bd8d4,2023-12,Wiltshire Police,Wiltshire Police,-1.888766,51.588380,On or near Upper Pavenhill,E01031955,Wiltshire 003B,Burglary,Investigation complete; no suspect identified,
,2023-12,Wiltshire Police,Wiltshire Police,-1.871361,51.587454,On or near Hooks Hill,E01031955,Wiltshire 003B,Anti-social behaviour,,
ce16e69655a0ece7e754c162952d92508951925b9a85d6403779fb3a55078c1c,2023-12,Wiltshire Police,Wiltshire Police,-1.884820,51.584977,On or near Orchard Gardens,E01031955,Wiltshire 003B,Other theft,Investigation complete; no suspect identified,
34a0a48e2802655e12608b23a110161aa2b29c130e157df77147c638a789c17c,2023-12,Wiltshire Police,Wiltshire Police,-1.875232,51.586586,On or near Long Acre,E01031955,Wiltshire 003B,Vehicle crime,Investigation complete; no suspect identified,
576799facd9154c80bbd8c6f34f53986fb6d61232d3a3d6e11696b160c915914,2023-12,Wiltshire Police,Wiltshire Police,-1.883722,51.613551,On or near Stoke Common Lane,E01031956,Wiltshire 003C,Criminal damage and arson,Investigation complete; no suspect identified,
0054b18abec1f26804060bcb406bdcc7bf3f858218046d9bee5b2f4913cfba01,2023-12,Wiltshire Police,Wiltshire Police,-1.880807,51.585072,On or near Red Gables Close,E01031956,Wiltshire 003C,Violence and sexual offences,Unable to prosecute suspect,
3f1d8e18ab33b33db90a24d3a1fecc0a554a17a4f25eaf683dda7894203d8d36,2023-12,Wiltshire Police,Wiltshire Police,-1.881758,51.585703,On or near Highridge Close,E01031956,Wiltshire 003C,Violence and sexual offences,Status update unavailable,
b856f7a025585ea7dea4980d87d419f5d7e7c6e7bc9c24b1c8d184a4e599583f,2023-12,Wiltshire Police,Wiltshire Police,-1.925691,51.604324,On or near Braydon Road,E01031956,Wiltshire 003C,Violence and sexual offences,Unable to prosecute suspect,
d28671cbb68b9c23a209d663aab46ed0c40e178402c156abbbee447c70a897fb,2023-12,Wiltshire Police,Wiltshire Police,-1.863753,51.573293,On or near Bury Fields,E01031962,Wiltshire 003D,Violence and sexual offences,Unable to prosecute suspect,
5b9ed5d00d04de6b4e662c04cdd5027b1bd6b9977e26b3498ee50ba32c1cc1eb,2023-12,Wiltshire Police,Wiltshire Police,-1.829090,51.582077,On or near Eriskay Place,E01034521,Wiltshire 003F,Violence and sexual offences,Unable to prosecute suspect,
6b77b16692ae1e3c4b460c8047304777b2d9cf54c47b3c5964639ebf23e6586d,2023-12,Wiltshire Police,Wiltshire Police,-1.840293,51.581041,On or near Newmans View,E01034521,Wiltshire 003F,Violence and sexual offences,Local resolution,
58df17bf0229580d6b98196ff6ede6535a3a9a0542343c65f5aadd2de8a0ff76,2023-12,Wiltshire Police,Wiltshire Police,-1.835443,51.581376,On or near Mill View,E01034521,Wiltshire 003F,Violence and sexual offences,Local resolution,
71d22a6e10b8461e6d9b23e800516085fdf59ddef8f8e1b7b030adeff0a4fa41,2023-12,Wiltshire Police,Wiltshire Police,-1.951086,51.593997,On or near Park/Open Space,E01031886,Wiltshire 004A,Burglary,Investigation complete; no suspect identified,
32477eca5da4f75a34bd7714664a489bafac8f87c94cb36b3b23f1094945d5ed,2023-12,Wiltshire Police,Wiltshire Police,-1.994347,51.622617,On or near Oaksey Road,E01031886,Wiltshire 004A,Violence and sexual offences,Unable to prosecute suspect,
7e3fc029e0afcbccf012d120a07628d9161b60e02ff35f86e7e93731054ac0d1,2023-12,Wiltshire Police,Wiltshire Police,-1.994347,51.622617,On or near Oaksey Road,E01031886,Wiltshire 004A,Violence and sexual offences,Unable to prosecute suspect,
297ab42c480a61df794c2e88e1d85bfe255903b9a9052ef8db4c1357c3414ca8,2023-12,Wiltshire Police,Wiltshire Police,-1.980284,51.609632,On or near Dog Trap Lane,E01031886,Wiltshire 004A,Violence and sexual offences,Unable to prosecute suspect,
,2023-12,Wiltshire Police,Wiltshire Police,-2.081739,51.542485,On or near Heath Lane,E01031892,Wiltshire 004B,Anti-social behaviour,,
9cde44846bd6e53ddee1e2b0b7391815e511456b457eb0aeef002fed1471c4db,2023-12,Wiltshire Police,Wiltshire Police,-2.050684,51.546620,On or near Somerbrook,E01031892,Wiltshire 004B,Other theft,Investigation complete; no suspect identified,
,2023-12,Wiltshire Police,Wiltshire Police,-1.960064,51.579614,On or near Parking Area,E01031893,Wiltshire 004C,Anti-social behaviour,,
dcaaecf3736904f32b4e14cd9973ea41045df599119bdece5e88a2dc62050bb5,2023-12,Wiltshire Police,Wiltshire Police,-1.988844,51.559992,On or near The Causeway,E01031893,Wiltshire 004C,Violence and sexual offences,Investigation complete; no suspect identified,
,2023-12,Wiltshire Police,Wiltshire Police,-2.063589,51.576259,On or near Pembroke Green,E01031894,Wiltshire 004D,Anti-social behaviour,,
9548403de8a5580031c3032fb592229dc65df0a9bb8549bcde360bed89c9d891,2023-12,Wiltshire Police,Wiltshire Police,-2.057737,51.581656,On or near School Lane,E01031894,Wiltshire 004D,Vehicle crime,Investigation complete; no suspect identified,
,2023-12,Wiltshire Police,Wiltshire Police,-2.211566,51.572075,On or near Noble Street,E01031957,Wiltshire 005A,Anti-social behaviour,,
,2023-12,Wiltshire Police,Wiltshire Police,-2.231448,51.566013,On or near Shallowbrooks Lane,E01031957,Wiltshire 005A,Anti-social behaviour,,
,2023-12,Wiltshire Police,Wiltshire Police,-2.239892,51.553138,On or near Avon Rise,E01031957,Wiltshire 005A,Anti-social behaviour,,
f8c0bd92b28192e89467a1c315fff8a97c134f7e977861214e4f2fc2d5fa8955,2023-12,Wiltshire Police,Wiltshire Police,-2.239008,51.552466,On or near The Meadows,E01031957,Wiltshire 005A,Burglary,Investigation complete; no suspect identified,
69dc5c2f53a73fa70f47556d41acaeb3b271b7947adc75df97631e097f86d2c2,2023-12,Wiltshire Police,Wiltshire Police,-2.234648,51.543204,On or near Alderton Road,E01031957,Wiltshire 005A,Criminal damage and arson,Investigation complete; no suspect identified,
c40e4bcb63eba76c8e136774ec66c274f686e3bb0d6ec7dea87a034cd14575ad,2023-12,Wiltshire Police,Wiltshire Police,-2.234648,51.543204,On or near Alderton Road,E01031957,Wiltshire 005A,Criminal damage and arson,Investigation complete; no suspect identified,
ef3aea551553fd0c72d2c0b430b9cfeccd210b9095f1c32f624a7b18bce47ac8,2023-12,Wiltshire Police,Wiltshire Police,-2.213780,51.573428,On or near Green Lane,E01031957,Wiltshire 005A,Vehicle crime,Investigation complete; no suspect identified,
,2023-12,Wiltshire Police,Wiltshire Police,-2.179926,51.587125,On or near Bransdown Hill,E01031958,Wiltshire 005B,Anti-social behaviour,,
b346c6274177c1767a0f3d60b70e768be31bf9ad8e68af30e6683be061c00b77,2023-12,Wiltshire Police,Wiltshire Police,-2.213644,51.575182,On or near Sandpits Lane,E01031958,Wiltshire 005B,Burglary,Investigation complete; no suspect identified,
d1a9d1511c3b5feacd2b134a4f319e7b6d00dfafaba82f6e4f7e3e18affc7994,2023-12,Wiltshire Police,Wiltshire Police,-2.211414,51.573478,On or near Church Street,E01031958,Wiltshire 005B,Burglary,Investigation complete; no suspect identified,
cf25eea4eaf055d400cf8555d3e39843708ed7622518c3197b848c18e991f7dd,2023-12,Wiltshire Police,Wiltshire Police,-2.209690,51.574973,On or near Huntersfield,E01031958,Wiltshire 005B,Burglary,Investigation complete; no suspect identified,
b4bf302b62792479ea5610fb03ea66a7d8771251c2eb1854de8e79b2088b1b48,2023-12,Wiltshire Police,Wiltshire Police,-2.211414,51.573478,On or near Church Street,E01031958,Wiltshire 005B,Burglary,Investigation complete; no suspect identified,
5937fa70614261c36083c774c1a0d2dd1fa77fdb226d8583cd8419e4c129a79d,2023-12,Wiltshire Police,Wiltshire Police,-2.211414,51.573478,On or near Church Street,E01031958,Wiltshire 005B,Burglary,Investigation complete; no suspect identified,
a41a14a16fcc7d7f2044250898209f70e87d902890d7d57a77d4b200063c1ace,2023-12,Wiltshire Police,Wiltshire Police,-2.153245,51.537971,On or near Belfry Drive,E01031958,Wiltshire 005B,Violence and sexual offences,Status update unavailable,
4f03a7064c65a85bd0fb73708eac8dd39eb150a7967038285a0994eec801bfa7,2023-12,Wiltshire Police,Wiltshire Police,-2.153245,51.537971,On or near Belfry Drive,E01031958,Wiltshire 005B,Violence and sexual offences,Unable to prosecute suspect,
bc2bd77919dcb797c92ffd11d92fe75870a402ae2f71269369cad1a6ef75648a,2023-12,Wiltshire Police,Wiltshire Police,-2.208818,51.573770,On or near Field View,E01031958,Wiltshire 005B,Violence and sexual offences,Unable to prosecute suspect,
ed8b4383276db3aa7f7a4ce06ca22a24446d7a666fac6a4936f5119f386c24ea,2023-12,Wiltshire Police,Wiltshire Police,-2.208818,51.573770,On or near Field View,E01031958,Wiltshire 005B,Violence and sexual offences,Status update unavailable,
a0cfb7018a25e9285a1fe2d43ab1cc366926891a2572b3f6f01a0118c8a75af6,2023-12,Wiltshire Police,Wiltshire Police,-2.153245,51.537971,On or near Belfry Drive,E01031958,Wiltshire 005B,Violence and sexual offences,Unable to prosecute suspect,
99ddca4c2b6334257d176c77f0dd83c2c014d573c25241752be6e9c79f3c415a,2023-12,Wiltshire Police,Wiltshire Police,-2.109405,51.582150,On or near Foxley Road,E01031959,Wiltshire 005C,Violence and sexual offences,Unable to prosecute suspect,
83e0f924383e623a87a5b428e4697b6d0177e7e91de36de1858219dfb214bbe1,2023-12,Wiltshire Police,Wiltshire Police,-2.122997,51.570493,On or near Common Road,E01031959,Wiltshire 005C,Burglary,Investigation complete; no suspect identified,
1e772a5540f202f12c9ac747e2ce1df7d48c4cc65330e1cf54997595c7f2f2e5,2023-12,Wiltshire Police,Wiltshire Police,-2.094880,51.579196,On or near Barley Close,E01031959,Wiltshire 005C,Burglary,Investigation complete; no suspect identified,
0ae08ba13fdd97a0752a8e536f8febfcaee07b60c0db185522d65fb97c3a5151,2023-12,Wiltshire Police,Wiltshire Police,-2.098002,51.574841,On or near Park/Open Space,E01031959,Wiltshire 005C,Criminal damage and arson,Unable to prosecute suspect,
a4e8c1447ea6c0407f3fe4c32250d9c080e27b8f81a00df226bdf8883967f1e7,2023-12,Wiltshire Police,Wiltshire Police,-2.088539,51.591042,On or near Charlton Road,E01031959,Wiltshire 005C,Public order,Investigation complete; no suspect identified,
8780c26b1ceb480b611b3e7e07a3f73296d6145ae7601f67dff251452e927cb3,2023-12,Wiltshire Police,Wiltshire Police,-2.083533,51.576875,On or near Cole Close,E01031959,Wiltshire 005C,Violence and sexual offences,Unable to prosecute suspect,
0ea2eb1037de90d67d0f46f082b124fead00fac12c67f4a6d5ae465c2ace1365,2023-12,Wiltshire Police,Wiltshire Police,-2.115159,51.551772,On or near Kingway View,E01031960,Wiltshire 005D,Public order,Formal action is not in the public interest,
43ac518a663cfa45e2dfb6a4c4201ae420dd9dd0a0317d2191279db8b3f74090,2023-12,Wiltshire Police,Wiltshire Police,-2.095098,51.559136,On or near Grange Lane,E01031960,Wiltshire 005D,Burglary,Investigation complete; no suspect identified,
b2479e125719ccac0eb46ecf4bbda3733d74035fa850ea25fd287aabd218cc90,2023-12,Wiltshire Police,Wiltshire Police,-2.152125,51.539267,On or near Greens Close,E01031960,Wiltshire 005D,Violence and sexual offences,Unable to prosecute suspect,
861c6ef8c754fd33feafdc7575fa19a0af76557a08e3e6edd2095e02557a592d,2023-12,Wiltshire Police,Wiltshire Police,-2.152125,51.539267,On or near Greens Close,E01031960,Wiltshire 005D,Violence and sexual offences,Unable to prosecute suspect,
d8ca8cce696045b639072997671535284f9af48e056f6f2b7f345a83acf83555,2023-12,Wiltshire Police,Wiltshire Police,-1.895132,51.543932,On or near Queen'S Road,E01031963,Wiltshire 006A,Violence and sexual offences,Unable to prosecute suspect,
,2023-12,Wiltshire Police,Wiltshire Police,-1.899813,51.546643,On or near Lime Kiln,E01031963,Wiltshire 006A,Anti-social behaviour,,
2d066e82ee0c429090ee592fe2b2365ab27d71d425f3ac7a647a66ffb59a326f,2023-12,Wiltshire Police,Wiltshire Police,-1.901674,51.546402,On or near Manor House Close,E01031963,Wiltshire 006A,Criminal damage and arson,Investigation complete; no suspect identified,
c6768583b9e57241c022fff86ccae669d92d848acbccd6aafc1581d911b4aaed,2023-12,Wiltshire Police,Wiltshire Police,-1.896998,51.547998,On or near Petrol Station,E01031963,Wiltshire 006A,Other theft,Status update unavailable,
995e42e285eca85d58b0af52d2e31969a13f43e5092c0c79cc333fdd36e1a8bf,2023-12,Wiltshire Police,Wiltshire Police,-1.898661,51.545851,On or near A3102,E01031963,Wiltshire 006A,Public order,Unable to prosecute suspect,
e8ce34b31af61edf277e860a54b6c34d4f04499a64124a76401c462b1dbe3ea7,2023-12,Wiltshire Police,Wiltshire Police,-1.898661,51.545851,On or near A3102,E01031963,Wiltshire 006A,Public order,Status update unavailable,
a2a67ab9a7e359ebf5fefa2fb0538b8540ba1de29f556f1bff67be21694cc11b,2023-12,Wiltshire Police,Wiltshire Police,-1.896998,51.547998,On or near Petrol Station,E01031963,Wiltshire 006A,Shoplifting,Unable to prosecute suspect,
b204d30d3d285e9b36f555b276bbb54c5e7c9c65d18a1dcd6e023184b2c97bc7,2023-12,Wiltshire Police,Wiltshire Police,-1.901674,51.546402,On or near Manor House Close,E01031963,Wiltshire 006A,Violence and sexual offences,Status update unavailable,
24eb37e80ed15399d0ddf778e4bd881de5ee284d8d1b1406896568ad2b3ec37a,2023-12,Wiltshire Police,Wiltshire Police,-1.899813,51.546643,On or near Lime Kiln,E01031963,Wiltshire 006A,Violence and sexual offences,Unable to prosecute suspect,
eab34621edb959b53a50a18ffeb5c795f4ca877777e549c856b25f998b98327d,2023-12,Wiltshire Police,Wiltshire Police,-1.901674,51.546402,On or near Manor House Close,E01031963,Wiltshire 006A,Violence and sexual offences,Unable to prosecute suspect,
68e6f187a8b3b91fe66cd02acf02718e44de54a55a576fcd88d0543da50bf251,2023-12,Wiltshire Police,Wiltshire Police,-1.901674,51.546402,On or near Manor House Close,E01031963,Wiltshire 006A,Violence and sexual offences,Status update unavailable,
b826a38ffb9db91feece4dad2d880ed0dc58b75b9d13f7cc36b2db3e6b412694,2023-12,Wiltshire Police,Wiltshire Police,-1.897054,51.542235,On or near Shepherds Breach,E01031963,Wiltshire 006A,Violence and sexual offences,Action to be taken by another organisation,
74c6a517cffd1917eb2d0f2ef5f0e9921f32553bf2b00e481b6980141e98185f,2023-12,Wiltshire Police,Wiltshire Police,-1.898661,51.545851,On or near A3102,E01031963,Wiltshire 006A,Violence and sexual offences,Unable to prosecute suspect,
3ff9bd2da3dc61cde5f9aa9d107c0ebc4f62f964ded93d6bba955eca1c7a9ad7,2023-12,Wiltshire Police,Wiltshire Police,-1.899813,51.546643,On or near Lime Kiln,E01031963,Wiltshire 006A,Other crime,Further investigation is not in the public interest,
7183b03827c13a40bfeb9b7ad4bb58541f1991ed8a8332304f5815d2e71cce95,2023-12,Wiltshire Police,Wiltshire Police,-1.890520,51.543191,On or near Southbank Glen,E01031964,Wiltshire 006B,Violence and sexual offences,Unable to prosecute suspect,
f631ac8967ddcfc09aded7c4ce58f0a6a0735ef8983248e4726aef1caf4d8b33,2023-12,Wiltshire Police,Wiltshire Police,-1.902415,51.537168,On or near Elm Park,E01031967,Wiltshire 006C,Robbery,Unable to prosecute suspect,
831e61c9cd143667b26530789bafc00379ea5bc9937e951be4866649dd0d1934,2023-12,Wiltshire Police,Wiltshire Police,-1.906254,51.542107,On or near Wood Street,E01031967,Wiltshire 006C,Violence and sexual offences,Court result unavailable,
,2023-12,Wiltshire Police,Wiltshire Police,-1.902792,51.542923,On or near High Street,E01031967,Wiltshire 006C,Anti-social behaviour,,
,2023-12,Wiltshire Police,Wiltshire Police,-1.905012,51.542889,On or near Supermarket,E01031967,Wiltshire 006C,Anti-social behaviour,,
,2023-12,Wiltshire Police,Wiltshire Police,-1.899084,51.537363,On or near Daisy Brook,E01031967,Wiltshire 006C,Anti-social behaviour,,
0acb005fe02e7577049fa42514d239132b1dec8d5fc9bd4cc6d96b4ac34f14cc,2023-12,Wiltshire Police,Wiltshire Police,-1.899084,51.537363,On or near Daisy Brook,E01031967,Wiltshire 006C,Criminal damage and arson,Investigation complete; no suspect identified,
cf1f54f6b16835c2a61decfa2fc1f2bb4dd66011d2603ed0562cf7eec7fad557,2023-12,Wiltshire Police,Wiltshire Police,-1.902792,51.542923,On or near High Street,E01031967,Wiltshire 006C,Criminal damage and arson,Investigation complete; no suspect identified,
d909407f59cb558790d04b24b87826be19fa5527c24d691138080a6f953af3a1,2023-12,Wiltshire Police,Wiltshire Police,-1.906254,51.542107,On or near Wood Street,E01031967,Wiltshire 006C,Criminal damage and arson,Unable to prosecute suspect,
a59b60e2126ba48e9c3bfd66bc6fa8a9c0b5793110820e6d33910c7a9c984381,2023-12,Wiltshire Police,Wiltshire Police,-1.899084,51.537363,On or near Daisy Brook,E01031967,Wiltshire 006C,Possession of weapons,Offender given a caution,
e8c4e43513fe9fd454735f93d14d61e57707ca47836f825762199459991f2af9,2023-12,Wiltshire Police,Wiltshire Police,-1.902792,51.542923,On or near High Street,E01031967,Wiltshire 006C,Public order,Unable to prosecute suspect,
57fd4819370605a1dcd1c9660d463380a7dc5109a1afd183b6001260235306cf,2023-12,Wiltshire Police,Wiltshire Police,-1.899084,51.537363,On or near Daisy Brook,E01031967,Wiltshire 006C,Public order,Unable to prosecute suspect,
f75d287a69f5cd70652384369a82b39aed75d7c585445378207c782c20003cae,2023-12,Wiltshire Police,Wiltshire Police,-1.902792,51.542923,On or near High Street,E01031967,Wiltshire 006C,Public order,Local resolution,
55c4ba1aaa398175876f908e15447acc3281d6fc6b3a3213f8b946ebf1fce121,2023-12,Wiltshire Police,Wiltshire Police,-1.902792,51.542923,On or near High Street,E01031967,Wiltshire 006C,Public order,Unable to prosecute suspect,
e491826395e563a2cad5c7d24d21577a9ef081c0e7597637058432b9c0d950b3,2023-12,Wiltshire Police,Wiltshire Police,-1.905012,51.542889,On or near Supermarket,E01031967,Wiltshire 006C,Shoplifting,Local resolution,
d7425ccbcc7075ea742689d0e316d8225c9efccd2c4f55870a33d2a00d2cfcec,2023-12,Wiltshire Police,Wiltshire Police,-1.905012,51.542889,On or near Supermarket,E01031967,Wiltshire 006C,Shoplifting,Investigation complete; no suspect identified,
fa13f4020d88c26b78a03bf355ab40ac005614a7c0120d6437d21f6ddf3ac5bc,2023-12,Wiltshire Police,Wiltshire Police,-1.902867,51.541439,On or near Tanners Close,E01031967,Wiltshire 006C,Violence and sexual offences,Unable to prosecute suspect,
f4f9888168341f03317f6822c2c80b9ddde6b716b3df6ef9edb4381eec5e1333,2023-12,Wiltshire Police,Wiltshire Police,-1.899084,51.537363,On or near Daisy Brook,E01031967,Wiltshire 006C,Violence and sexual offences,Unable to prosecute suspect,
b856d76a1bef7722224b7b3afb761995e639312523e0ad15b29bb89cfd6fa71d,2023-12,Wiltshire Police,Wiltshire Police,-1.901928,51.535351,On or near Draymans Court,E01031967,Wiltshire 006C,Violence and sexual offences,Unable to prosecute suspect,
a6910a6355e12b952ee05546b921f61d0569428b4fc9d08e1479876c24d262b2,2023-12,Wiltshire Police,Wiltshire Police,-1.899084,51.537363,On or near Daisy Brook,E01031967,Wiltshire 006C,Violence and sexual offences,Unable to prosecute suspect,
1f72733638a73549eef69a90964b458662d1a8c9999d5c9fcafa59f479feec36,2023-12,Wiltshire Police,Wiltshire Police,-1.899084,51.537363,On or near Daisy Brook,E01031967,Wiltshire 006C,Violence and sexual offences,Court result unavailable,
,2023-12,Wiltshire Police,Wiltshire Police,-1.883323,51.543660,On or near Garraways,E01031969,Wiltshire 006D,Anti-social behaviour,,
9a7701ff0b4461c79aeeb512f06a09ff3c1c571378f9f8f8d2c13bc98239da71,2023-12,Wiltshire Police,Wiltshire Police,-1.975130,51.499253,On or near Whitcombe Close,E01031946,Wiltshire 007D,Bicycle theft,Investigation complete; no suspect identified,
,2023-12,Wiltshire Police,Wiltshire Police,-1.844636,51.543247,On or near M4,E01031961,Wiltshire 007E,Anti-social behaviour,,
635bebbc1b9c6dff2d7704e8345210fd0167a189e7373c513a8802ba99349322,2023-12,Wiltshire Police,Wiltshire Police,-1.844636,51.543247,On or near M4,E01031961,Wiltshire 007E,Theft from the person,Investigation complete; no suspect identified,
03059a3dd7f88bae9b76974d63fe4b5d3d3abc35089cded2671bd6ef7bb9ab86,2023-12,Wiltshire Police,Wiltshire Police,-1.889134,51.561685,On or near Bolingbroke Close,E01031961,Wiltshire 007E,Violence and sexual offences,Unable to prosecute suspect,
ce83f9da269618e6d804221deab00eeee8fce948711856a47bb9e692ad0ce27d,2023-12,Wiltshire Police,Wiltshire Police,-1.889134,51.561685,On or near Bolingbroke Close,E01031961,Wiltshire 007E,Violence and sexual offences,Unable to prosecute suspect,
074da5e2db3244789c99233aaf529c84f4e62e1f86c0a5558d2aaa1487f5bf03,2023-12,Wiltshire Police,Wiltshire Police,-1.898324,51.548260,On or near Fairfield,E01031965,Wiltshire 007F,Violence and sexual offences,Unable to prosecute suspect,
16e859492fb67b2fb626483180e421ee3ee35c41878e611c2c55d6872f6d34c6,2023-12,Wiltshire Police,Wiltshire Police,-1.894747,51.548329,On or near Swinburne Place,E01031965,Wiltshire 007F,Other theft,Investigation complete; no suspect identified,
f6a7fc73c0c84715c43ea98e7f92e92d62940bba065f64b1e0f316a80a925119,2023-12,Wiltshire Police,Wiltshire Police,-1.889618,51.540529,On or near Crosstrees,E01031966,Wiltshire 007G,Violence and sexual offences,Unable to prosecute suspect,
,2023-12,Wiltshire Police,Wiltshire Police,-1.897271,51.535401,On or near Beaufort Avenue,E01031966,Wiltshire 007G,Anti-social behaviour,,
7c9069f4ccf543ffba74f340f043adb0d7c3949a7da5732c99ef0729d60b356d,2023-12,Wiltshire Police,Wiltshire Police,-1.897346,51.540805,On or near Eastwood Avenue,E01031966,Wiltshire 007G,Criminal damage and arson,Investigation complete; no suspect identified,
eb1e92b8b538711e1897ef654e57a58f5ee507f820d0bcf6b46ff5315494a53a,2023-12,Wiltshire Police,Wiltshire Police,-1.897346,51.540805,On or near Eastwood Avenue,E01031966,Wiltshire 007G,Criminal damage and arson,Investigation complete; no suspect identified,
eb2f738a679f0519ce8714685fc04b5db759770d7f8a45053ceeb0dbb8fe44b2,2023-12,Wiltshire Police,Wiltshire Police,-1.897346,51.540805,On or near Eastwood Avenue,E01031966,Wiltshire 007G,Criminal damage and arson,Investigation complete; no suspect identified,
c4750d50f05a34925d8a8f34a05a60ee039221879dc3f50b10bb6f9c8defabb2,2023-12,Wiltshire Police,Wiltshire Police,-1.894828,51.538411,On or near Rowan Drive,E01031966,Wiltshire 007G,Other theft,Investigation complete; no suspect identified,
,2023-12,Wiltshire Police,Wiltshire Police,-1.912663,51.538354,On or near Salt Spring Drive,E01031968,Wiltshire 007H,Anti-social behaviour,,
,2023-12,Wiltshire Police,Wiltshire Police,-1.908349,51.540149,On or near Orchard Park,E01031968,Wiltshire 007H,Anti-social behaviour,,
af60567ce9c2c6831fc45a08c51500799cd4b765e659ecc5138948259714b3f0,2023-12,Wiltshire Police,Wiltshire Police,-1.926704,51.530982,On or near The Drive,E01031968,Wiltshire 007H,Violence and sexual offences,Unable to prosecute suspect,
5865f7fcd63b469fe56b06af396e5025364a39233ef94ff1e6919dab96098f43,2023-12,Wiltshire Police,Wiltshire Police,-1.904793,51.537485,On or near Richards Close,E01031968,Wiltshire 007H,Violence and sexual offences,Unable to prosecute suspect,
f677c91627b4117cf28e57278151131b4819b25f95ab91c076d3deeb717a7078,2023-12,Wiltshire Police,Wiltshire Police,-1.926010,51.532474,On or near Hunts Mill Road,E01031968,Wiltshire 007H,Violence and sexual offences,Unable to prosecute suspect,
5bc7a8c5f79ce4f06e33bbdf7b19c603b774896670502ca898e2cd6c8d70b2ed,2023-12,Wiltshire Police,Wiltshire Police,-1.904793,51.537485,On or near Richards Close,E01031968,Wiltshire 007H,Violence and sexual offences,Unable to prosecute suspect,
28eeb7c6cbba0d6b6f4bca924d55e7b9ea9c402d05adf6cffffb1e27250fe8e1,2023-12,Wiltshire Police,Wiltshire Police,-1.904793,51.537485,On or near Richards Close,E01031968,Wiltshire 007H,Violence and sexual offences,Unable to prosecute suspect,
5ef6c980a0bbdd89a4cb8157443ac3581ab1c45bcdd45d2d1080502a36c88c80,2023-12,Wiltshire Police,Wiltshire Police,-1.946165,51.531963,On or near Park/Open Space,E01031968,Wiltshire 007H,Violence and sexual offences,Further action is not in the public interest,
82df5f9d942f7f83871923e2056fcb4908c98e1ea28f51763ad4c79b7f33669f,2023-12,Wiltshire Police,Wiltshire Police,-1.904793,51.537485,On or near Richards Close,E01031968,Wiltshire 007H,Violence and sexual offences,Unable to prosecute suspect,
88ec82f26d6ca86f313cb80dad9ea8eedafcc1852ac87ea1df974939583d23a6,2023-12,Wiltshire Police,Wiltshire Police,-1.970498,51.510752,On or near Hocketts Close,E01032699,Wiltshire 007I,Public order,Unable to prosecute suspect,
6892c168ce9e80855428c7acac438a294aba9268937df68b759b9847b096c1dc,2023-12,Wiltshire Police,Wiltshire Police,-1.997559,51.513768,On or near St Mary'S Close,E01032699,Wiltshire 007I,Criminal damage and arson,Status update unavailable,
074871ab4e6f5d84c177c6d8cc9031825d343f270d1bde9000974de483442022,2023-12,Wiltshire Police,Wiltshire Police,-1.966409,51.506714,On or near Church End Close,E01032699,Wiltshire 007I,Other theft,Investigation complete; no suspect identified,
469f5fb251800c6a96b5918eb340558afc23598f4a73b3bdf4c89b5247486c1a,2023-12,Wiltshire Police,Wiltshire Police,-1.959593,51.507638,On or near York Road,E01032699,Wiltshire 007I,Violence and sexual offences,Unable to prosecute suspect,
ac1dd78fe78ea36f02e0f985aad7a02bf19dd0ea84a9421dc5c71d681f047686,2023-12,Wiltshire Police,Wiltshire Police,-2.123229,51.512219,On or near Parking Area,E01031939,Wiltshire 008A,Violence and sexual offences,Unable to prosecute suspect,
,2023-12,Wiltshire Police,Wiltshire Police,-2.074398,51.506110,On or near Sutton Lane,E01031939,Wiltshire 008A,Anti-social behaviour,,
adc4d7486bf2bced1f399120408fde35bd6de12616cc9b79c3c82e83ce63af8d,2023-12,Wiltshire Police,Wiltshire Police,-2.083433,51.506743,On or near Manor Farm Drive,E01031939,Wiltshire 008A,Other theft,Investigation complete; no suspect identified,
388574d2261702a5d2e5da74b64ab152c47e4452777ea4c44ba2010c6f046fba,2023-12,Wiltshire Police,Wiltshire Police,-2.073675,51.504807,On or near Sharplands,E01031939,Wiltshire 008A,Violence and sexual offences,Unable to prosecute suspect,
5d5f3af56095f345628c48b7a9f7fc93424608cf42e3a725baae347c0e1d2f8c,2023-12,Wiltshire Police,Wiltshire Police,-2.073260,51.506012,On or near Church View,E01031939,Wiltshire 008A,Violence and sexual offences,Unable to prosecute suspect,
2a8d025728450b3d335dff9800062de4fdd2b286535574cc8efe1a6db40ed004,2023-12,Wiltshire Police,Wiltshire Police,-2.162847,51.509419,On or near Petrol Station,E01031940,Wiltshire 008B,Drugs,Court result unavailable,
785e67e8b7d2ba1368ba90d1f641d01dd3433fb778872c7a5683d038651844d3,2023-12,Wiltshire Police,Wiltshire Police,-2.162847,51.509419,On or near Petrol Station,E01031940,Wiltshire 008B,Violence and sexual offences,Unable to prosecute suspect,
11c465e608b34c093d590742d1403ca01178e9a20c37dd1aca0693a664e120c4,2023-12,Wiltshire Police,Wiltshire Police,-2.162847,51.509419,On or near Petrol Station,E01031940,Wiltshire 008B,Violence and sexual offences,Unable to prosecute suspect,
,2023-12,Wiltshire Police,Wiltshire Police,-2.140531,51.496617,On or near The Ham,E01031940,Wiltshire 008B,Anti-social behaviour,,
,2023-12,Wiltshire Police,Wiltshire Police,-2.162847,51.509419,On or near Petrol Station,E01031940,Wiltshire 008B,Anti-social behaviour,,
0671bcc1979c7884533a962a485d024bd3baa1450e9e4bf3b410ab009f7cf657,2023-12,Wiltshire Police,Wiltshire Police,-2.162847,51.509419,On or near Petrol Station,E01031940,Wiltshire 008B,Theft from the person,Status update unavailable,
0642724e02fd0d671cf228cdf020b3b583f5cf4991823905852b876d4864a89b,2023-12,Wiltshire Police,Wiltshire Police,-2.162847,51.509419,On or near Petrol Station,E01031940,Wiltshire 008B,Vehicle crime,Investigation complete; no suspect identified,
0b02c314be30ab044b9bdf056ee3c7b918bee9a8440b2dbe0c4713a9b5b2de4c,2023-12,Wiltshire Police,Wiltshire Police,-2.208928,51.465558,On or near Slaughterford Road,E01031940,Wiltshire 008B,Violence and sexual offences,Unable to prosecute suspect,
0828a4f5c60f33f9b3266b5344ed0e61a6360f3603a2b81669df151ff8d41112,2023-12,Wiltshire Police,Wiltshire Police,-2.203706,51.459929,On or near Little Challows,E01031940,Wiltshire 008B,Violence and sexual offences,Status update unavailable,
c6d85485c7d1a48caf34d1c4e22315bcbfccb7cab737136c8c2b0a731f07c316,2023-12,Wiltshire Police,Wiltshire Police,-2.266881,51.514327,On or near The Street,E01031950,Wiltshire 008C,Burglary,Investigation complete; no suspect identified,
a5b052822441861d10e449047639a83f5829f9a8ce4b7f5b30b74a48948b2621,2023-12,Wiltshire Police,Wiltshire Police,-2.256969,51.471424,On or near Old Coach Road,E01031950,Wiltshire 008C,Burglary,Investigation complete; no suspect identified,
baea22cb2c31d94f13e3bb1a93f54a895b2b4110af891a866d441ef92e7137eb,2023-12,Wiltshire Police,Wiltshire Police,-2.201523,51.519717,On or near The Street,E01031950,Wiltshire 008C,Drugs,Status update unavailable,
06b1b886a851894ed4f5fe50112dbcb41e22fab1b2e755a357542fb6c29880ec,2023-12,Wiltshire Police,Wiltshire Police,-2.263190,51.509093,On or near Nettleton Road,E01031950,Wiltshire 008C,Vehicle crime,Investigation complete; no suspect identified,
44e28ba8c34e47080f4268279407f7c616e105fabcfd724eb0793ecb95994337,2023-12,Wiltshire Police,Wiltshire Police,-2.286224,51.469045,On or near Richards Drive,E01031950,Wiltshire 008C,Violence and sexual offences,Unable to prosecute suspect,
1ab1e6b11b71d9c1a4dc93a7286fbf1ad30361e79ecced442084336c819413b7,2023-12,Wiltshire Police,Wiltshire Police,-2.138768,51.471371,On or near Curlew Drive,E01031907,Wiltshire 009A,Criminal damage and arson,Unable to prosecute suspect,
,2023-12,Wiltshire Police,Wiltshire Police,-2.129869,51.475626,On or near Argyle Drive,E01031907,Wiltshire 009A,Anti-social behaviour,,
9c7601b335b2edd2705c172ca3f8e095fc0d47d5cc9d51250106fe44b773744c,2023-12,Wiltshire Police,Wiltshire Police,-2.133138,51.475820,On or near Honeysuckle Close,E01031907,Wiltshire 009A,Other theft,Further investigation is not in the public interest,
41cfe32053ab0f9dc60ec4f00e2b3b6c321f2b9c1453e9ae45b4f9a9e2d3d496,2023-12,Wiltshire Police,Wiltshire Police,-2.133138,51.475820,On or near Honeysuckle Close,E01031907,Wiltshire 009A,Other theft,Investigation complete; no suspect identified,
3baba010a6667006664748f49b1b6bd5ec4ed2639959485924f947a5c27a61ac,2023-12,Wiltshire Police,Wiltshire Police,-2.133138,51.475820,On or near Honeysuckle Close,E01031907,Wiltshire 009A,Other theft,Investigation complete; no suspect identified,
71785be66e9bf7b3e6b74997babddbd2e7225d67eb529d399b23a2e125a7c53d,2023-12,Wiltshire Police,Wiltshire Police,-2.133138,51.475820,On or near Honeysuckle Close,E01031907,Wiltshire 009A,Other theft,Investigation complete; no suspect identified,
7648baaf2f6e424c645928a1c81caad1feced76e4cb3531371c2687161b69d09,2023-12,Wiltshire Police,Wiltshire Police,-2.133138,51.475820,On or near Honeysuckle Close,E01031907,Wiltshire 009A,Other theft,Investigation complete; no suspect identified,
0a2d4dae7dfc97441a25249172af2cf3bddc165e3adc5d2d6d8f3ff1294cfb1c,2023-12,Wiltshire Police,Wiltshire Police,-2.132548,51.471064,On or near Hardenhuish Lane,E01031907,Wiltshire 009A,Violence and sexual offences,Action to be taken by another organisation,
dfe6a35de67c403aa74add3e28e2f39a85c772799464fa962919ca44fb0cab20,2023-12,Wiltshire Police,Wiltshire Police,-2.132548,51.471064,On or near Hardenhuish Lane,E01031907,Wiltshire 009A,Violence and sexual offences,Unable to prosecute suspect,
,2023-12,Wiltshire Police,Wiltshire Police,-2.126170,51.460677,On or near Audley Road,E01031910,Wiltshire 009B,Anti-social behaviour,,
e19cbee7938246687be1531a1b70cb94c6c112b122357c708b63e6649aa3a18c,2023-12,Wiltshire Police,Wiltshire Police,-2.124333,51.462711,On or near West End Close,E01031910,Wiltshire 009B,Criminal damage and arson,Investigation complete; no suspect identified,
3f50b9d522ffd37ae601e6b0828283a2ec6d04a6ca94a741f7b47c63c3ae275a,2023-12,Wiltshire Police,Wiltshire Police,-2.125248,51.460210,On or near Gabriel Mews,E01031910,Wiltshire 009B,Criminal damage and arson,Investigation complete; no suspect identified,
0077a26c9e87d9ef80b375ea81cc4b4a2d8e6b1ecf1901beb35d1ce6b5efc5bd,2023-12,Wiltshire Police,Wiltshire Police,-2.120760,51.461186,On or near Parking Area,E01031910,Wiltshire 009B,Criminal damage and arson,Investigation complete; no suspect identified,
809205f68c2cda595c7c8a437a472f2695c9d23a4e016e31d340c627ca7d1743,2023-12,Wiltshire Police,Wiltshire Police,-2.129312,51.461905,On or near Woodlands Road,E01031910,Wiltshire 009B,Criminal damage and arson,Offender given a caution,
4976bf872e5993e990fa108d7162ffcdfc1f28822f3c04ba352646f5129e221d,2023-12,Wiltshire Police,Wiltshire Police,-2.124333,51.462711,On or near West End Close,E01031910,Wiltshire 009B,Public order,Unable to prosecute suspect,
35cbf70c9df8cf98259579c81bded4562efccdec928bf8561c69a81c339a14ee,2023-12,Wiltshire Police,Wiltshire Police,-2.120760,51.461186,On or near Parking Area,E01031910,Wiltshire 009B,Public order,Investigation complete; no suspect identified,
db7d1c013eb372741eb79f9a26cf3331cf1d9ae182d399262124b355d3ac0352,2023-12,Wiltshire Police,Wiltshire Police,-2.131556,51.461435,On or near Applewood Close,E01031910,Wiltshire 009B,Vehicle crime,Investigation complete; no suspect identified,
f8639710011f9deb282cd29e8fae248c112734d16cf4778e4801ac2d045edf63,2023-12,Wiltshire Police,Wiltshire Police,-2.125248,51.460210,On or near Gabriel Mews,E01031910,Wiltshire 009B,Violence and sexual offences,Unable to prosecute suspect,
,2023-12,Wiltshire Police,Wiltshire Police,-2.120165,51.470574,On or near Broomfield,E01031914,Wiltshire 009C,Anti-social behaviour,,
,2023-12,Wiltshire Police,Wiltshire Police,-2.114223,51.472126,On or near The Orchids,E01031914,Wiltshire 009C,Anti-social behaviour,,
76448012cee88d259e1e177b51ba28d09de1f01fab68d30353db6ae1517d10c8,2023-12,Wiltshire Police,Wiltshire Police,-2.114119,51.470697,On or near Barrow Green,E01031914,Wiltshire 009C,Criminal damage and arson,Court result unavailable,
c4b9f780fd600ea8f288fffb774176c5330087ebb82240a775fa53c7e4e168e5,2023-12,Wiltshire Police,Wiltshire Police,-2.118223,51.470908,On or near Supermarket,E01031914,Wiltshire 009C,Criminal damage and arson,Investigation complete; no suspect identified,
a887903213391158cf842374ca257eea6c25db7e8246e732ac77688ae49a36bd,2023-12,Wiltshire Police,Wiltshire Police,-2.114119,51.470697,On or near Barrow Green,E01031914,Wiltshire 009C,Criminal damage and arson,Court result unavailable,
94f5a916eb096dbadc57dbe2a3d6beeb1f0019e9ee9a2d21dbaf6b09cd027ff0,2023-12,Wiltshire Police,Wiltshire Police,-2.118223,51.470908,On or near Supermarket,E01031914,Wiltshire 009C,Public order,Unable to prosecute suspect,
01144aa5831a1be23c5fd3f586da0536905150f2883fb62b92a29cf0264887c2,2023-12,Wiltshire Police,Wiltshire Police,-2.114119,51.470697,On or near Barrow Green,E01031914,Wiltshire 009C,Public order,Status update unavailable,
,2023-12,Wiltshire Police,Wiltshire Police,-2.114824,51.464915,On or near Tugela Road,E01031915,Wiltshire 009D,Anti-social behaviour,,
,2023-12,Wiltshire Police,Wiltshire Police,-2.112479,51.471292,On or near Moorlands,E01031915,Wiltshire 009D,Anti-social behaviour,,
,2023-12,Wiltshire Police,Wiltshire Police,-2.113515,51.464241,On or near Supermarket,E01031915,Wiltshire 009D,Anti-social behaviour,,
,2023-12,Wiltshire Police,Wiltshire Police,-2.112479,51.471292,On or near Moorlands,E01031915,Wiltshire 009D,Anti-social behaviour,,
9940b13225e4dd2be44f3b4093d496d5e31b640fc2d6e681e3f4237366c684a9,2023-12,Wiltshire Police,Wiltshire Police,-2.113515,51.464241,On or near Supermarket,E01031915,Wiltshire 009D,Bicycle theft,Investigation complete; no suspect identified,
0929111252fd2ba01fa5f73451ea2523ef822b27703f1788482ddaf5ab1d0bb3,2023-12,Wiltshire Police,Wiltshire Police,-2.116564,51.469714,On or near Maple Way,E01031915,Wiltshire 009D,Criminal damage and arson,Investigation complete; no suspect identified,
d816053e233c74fe5382fa9d655fb5544bf2b684ef4780dbc207fba2d7df4648,2023-12,Wiltshire Police,Wiltshire Police,-2.113834,51.466309,On or near Wade Mews,E01031915,Wiltshire 009D,Drugs,Further investigation is not in the public interest,
6e50f144cd74134aeaf7eb6b4b955ce4e3ccda1132b6490061954b547badb42f,2023-12,Wiltshire Police,Wiltshire Police,-2.115326,51.469814,On or near Willow,E01031915,Wiltshire 009D,Public order,Court result unavailable,
4cb0ea75ac19a97e764774867340d0cac9a9b0b4ddaf952a2dc98a6b6eaa20bb,2023-12,Wiltshire Police,Wiltshire Police,-2.115326,51.469814,On or near Willow,E01031915,Wiltshire 009D,Public order,Court result unavailable,
bcf49ed6c7ee860d5344153f45c99ea0a28b60ec97c16bb507b36568798e38d6,2023-12,Wiltshire Police,Wiltshire Police,-2.113515,51.464241,On or near Supermarket,E01031915,Wiltshire 009D,Public order,Unable to prosecute suspect,
a1ab286d6d0bb7c3895dd07c6cff08d37124e7b0a2590c6357837a6fa59b127e,2023-12,Wiltshire Police,Wiltshire Police,-2.113515,51.464241,On or near Supermarket,E01031915,Wiltshire 009D,Shoplifting,Investigation complete; no suspect identified,
3cdc1f875721fc692108916c111122bcb9a9355cee3143c058224221f7ca35aa,2023-12,Wiltshire Police,Wiltshire Police,-2.113515,51.464241,On or near Supermarket,E01031915,Wiltshire 009D,Shoplifting,Investigation complete; no suspect identified,
d75143d714e5ff5055238ef01e76d5c24ae938ff8fc681414dcb843a040e1482,2023-12,Wiltshire Police,Wiltshire Police,-2.112479,51.471292,On or near Moorlands,E01031915,Wiltshire 009D,Violence and sexual offences,Investigation complete; no suspect identified,
db9e5be8d7e0ac25b1d6d4da76acc7ee39f1fe56a7cea11e72f54422e43af259,2023-12,Wiltshire Police,Wiltshire Police,-2.113515,51.464241,On or near Supermarket,E01031915,Wiltshire 009D,Violence and sexual offences,Court result unavailable,
,2023-12,Wiltshire Police,Wiltshire Police,-2.135861,51.466816,On or near Old Hardenhuish Lane,E01031919,Wiltshire 009E,Anti-social behaviour,,
949584df3aeee78282b6fb43072f6d74fa5720f3112a6ebac0c26dc2fdc91c75,2023-12,Wiltshire Police,Wiltshire Police,-2.119974,51.469099,On or near Ashe Crescent,E01031919,Wiltshire 009E,Violence and sexual offences,Action to be taken by another organisation,
b1dc3b6ba01026bfa528938f8fc8abd5a9d71d7256335f243251397cfa9d4041,2023-12,Wiltshire Police,Wiltshire Police,-2.121660,51.464107,On or near Fleet Road,E01031919,Wiltshire 009E,Violence and sexual offences,Unable to prosecute suspect,
6b432b21a2be55bb25efffa718d9e609fad5056bc99e07f10fb5e3ce33f0a068,2023-12,Wiltshire Police,Wiltshire Police,-2.118666,51.464155,On or near Parkside,E01031920,Wiltshire 009F,Violence and sexual offences,Unable to prosecute suspect,
594c74ab3e7bc486dd86915da6165f2376dc436bee5a470ecfb0c2df9b84c507,2023-12,Wiltshire Police,Wiltshire Police,-2.118242,51.467303,On or near Greenway Gardens,E01031920,Wiltshire 009F,Criminal damage and arson,Investigation complete; no suspect identified,
3a41bc4c13ffb6181bfa3d4952cad8e067a7becc6cc96ff337c533ff9c6b6d22,2023-12,Wiltshire Police,Wiltshire Police,-2.118666,51.464155,On or near Parkside,E01031920,Wiltshire 009F,Violence and sexual offences,Status update unavailable,
578fbfaadf9d46587046565673d4f6b96aca586f18efc268bc122ba97a36203c,2023-12,Wiltshire Police,Wiltshire Police,-2.118798,51.465054,On or near Parklands Gardens,E01031920,Wiltshire 009F,Violence and sexual offences,Offender given a caution,
9d0d8e0d63af47ceb6cc1f0f0b97a70d953b6a2d94b23d54dd5e448553ba5794,2023-12,Wiltshire Police,Wiltshire Police,-2.118666,51.464155,On or near Parkside,E01031920,Wiltshire 009F,Violence and sexual offences,Status update unavailable,
,2023-12,Wiltshire Police,Wiltshire Police,-2.148905,51.453862,On or near Drake Crescent,E01031905,Wiltshire 010A,Anti-social behaviour,,
5d51dcfcadc21c99c936ae337e3d7e81fd8203afe5f9432c00bf8584e17178e8,2023-12,Wiltshire Police,Wiltshire Police,-2.148563,51.455022,On or near Hazel Copse,E01031905,Wiltshire 010A,Criminal damage and arson,Unable to prosecute suspect,
,2023-12,Wiltshire Police,Wiltshire Police,-2.147310,51.450339,On or near Taunton Close,E01031906,Wiltshire 010B,Anti-social behaviour,,
,2023-12,Wiltshire Police,Wiltshire Police,-2.146312,51.448722,On or near Petrol Station,E01031906,Wiltshire 010B,Anti-social behaviour,,
,2023-12,Wiltshire Police,Wiltshire Police,-2.149581,51.449392,On or near Ayr Close,E01031906,Wiltshire 010B,Anti-social behaviour,,
bdb9a4dda0f5873b5ebb6ed776a8d09691cbfb1c26c85d9ff3574237db77eb5c,2023-12,Wiltshire Police,Wiltshire Police,-2.146312,51.448722,On or near Petrol Station,E01031906,Wiltshire 010B,Other theft,Investigation complete; no suspect identified,
c6636bb1145cf746cf8ec3d8a1c43368646e47e5eb855393acb6af86901f0f50,2023-12,Wiltshire Police,Wiltshire Police,-2.146312,51.448722,On or near Petrol Station,E01031906,Wiltshire 010B,Shoplifting,Investigation complete; no suspect identified,
20c4300fba885f19b7f484a4b574eed57232b57414762bdedc023a216912e346,2023-12,Wiltshire Police,Wiltshire Police,-2.141259,51.466612,On or near Lower Field,E01031908,Wiltshire 010C,Violence and sexual offences,Unable to prosecute suspect,
fb4108063154bfa30dcf3b2ea22e87cb07524294274ce2d7a2809274c6184205,2023-12,Wiltshire Police,Wiltshire Police,-2.138227,51.459108,On or near Beale Court,E01031908,Wiltshire 010C,Violence and sexual offences,Court result unavailable,
479ebfdb56891cf9e30d1081710a19653f3f37c322d90500b1e3376e7f7f97aa,2023-12,Wiltshire Police,Wiltshire Police,-2.138227,51.459108,On or near Beale Court,E01031908,Wiltshire 010C,Violence and sexual offences,Court result unavailable,
6264b1a36562e07b4a9abd643f675563b5a136d20cc09bc4ab05e002c0bfcfcd,2023-12,Wiltshire Police,Wiltshire Police,-2.138280,51.466822,On or near Greenfields Close,E01031908,Wiltshire 010C,Violence and sexual offences,Unable to prosecute suspect,
aa2afe672c5da83ab9ce710d98451e86e803b20adace08fde250c3cf16bbc3a4,2023-12,Wiltshire Police,Wiltshire Police,-2.142340,51.467962,On or near Shopping Area,E01031908,Wiltshire 010C,Violence and sexual offences,Court result unavailable,
,2023-12,Wiltshire Police,Wiltshire Police,-2.137917,51.465925,On or near Supermarket,E01031908,Wiltshire 010C,Anti-social behaviour,,
,2023-12,Wiltshire Police,Wiltshire Police,-2.137917,51.465925,On or near Supermarket,E01031908,Wiltshire 010C,Anti-social behaviour,,
,2023-12,Wiltshire Police,Wiltshire Police,-2.142340,51.467962,On or near Shopping Area,E01031908,Wiltshire 010C,Anti-social behaviour,,
,2023-12,Wiltshire Police,Wiltshire Police,-2.140204,51.465175,On or near The Battens,E01031908,Wiltshire 010C,Anti-social behaviour,,
4ffe8dfb39ea1ca0f78d88333bb72d467b2f7f7557580479a973e12899a70604,2023-12,Wiltshire Police,Wiltshire Police,-2.143700,51.464568,On or near Bumpers Way,E01031908,Wiltshire 010C,Drugs,Status update unavailable,
0a2a3bd8581945390ce4cca0c1c97b06aee9dd234eab141684662f294b91c497,2023-12,Wiltshire Police,Wiltshire Police,-2.137841,51.459711,On or near Petrol Station,E01031908,Wiltshire 010C,Other theft,Further investigation is not in the public interest,
e31f1586c6284773031cddd1513bc7d12a8facd00110f1d6ce2cf1801b70b4a7,2023-12,Wiltshire Police,Wiltshire Police,-2.139459,51.466317,On or near Cornfields,E01031908,Wiltshire 010C,Other theft,Investigation complete; no suspect identified,
d5d378979c3701eea17bd1fdc23b6a4b6c8f6b10ae26d5b8cba49023b5596981,2023-12,Wiltshire Police,Wiltshire Police,-2.137841,51.459711,On or near Petrol Station,E01031908,Wiltshire 010C,Other theft,Investigation complete; no suspect identified,
39622ab1a13ef33f4e065b2c3cab229079ceddcd0f95f95ca2f22b73fc504358,2023-12,Wiltshire Police,Wiltshire Police,-2.137917,51.465925,On or near Supermarket,E01031908,Wiltshire 010C,Public order,Unable to prosecute suspect,
e933f8b0ed264b898fb964b0d54b983948cc27ef683f014ffad8bdf5299de714,2023-12,Wiltshire Police,Wiltshire Police,-2.139459,51.466317,On or near Cornfields,E01031908,Wiltshire 010C,Public order,Unable to prosecute suspect,
78859e03185ebb3e3f70398b0a422b344448d8d62eba062038f8ee2ad2a38150,2023-12,Wiltshire Police,Wiltshire Police,-2.143700,51.464568,On or near Bumpers Way,E01031908,Wiltshire 010C,Shoplifting,Investigation complete; no suspect identified,
3d9a6182ce763678eb1552514e94199d5dd5000a07580a70b9a209558c204d32,2023-12,Wiltshire Police,Wiltshire Police,-2.141146,51.467286,On or near Barley Leaze,E01031908,Wiltshire 010C,Shoplifting,Investigation complete; no suspect identified,
a6569a0db98c5ba8783355f8adf0b1e4d4d19c762ae8d0f254bfc2bd5f21aef6,2023-12,Wiltshire Police,Wiltshire Police,-2.143700,51.464568,On or near Bumpers Way,E01031908,Wiltshire 010C,Shoplifting,Investigation complete; no suspect identified,
35f6dcb229cb019951f9c4f887dff38781dd5bc5f0b3e6ae99f9ab4eac6a2c12,2023-12,Wiltshire Police,Wiltshire Police,-2.141146,51.467286,On or near Barley Leaze,E01031908,Wiltshire 010C,Shoplifting,Status update unavailable,
0cdc5b9ec3d44ccda4026775fa1eb79bf531c89f0eaabf358ad1414cf83c17d0,2023-12,Wiltshire Police,Wiltshire Police,-2.141146,51.467286,On or near Barley Leaze,E01031908,Wiltshire 010C,Shoplifting,Investigation complete; no suspect identified,
cc7bfa44651ae483554fbd1ef695b2c11605c3bf2678a18e122243dfd379df74,2023-12,Wiltshire Police,Wiltshire Police,-2.138618,51.464331,On or near Lamberts,E01031908,Wiltshire 010C,Theft from the person,Investigation complete; no suspect identified,
df6921ce69b5e8e2e0d3ad38bc4cce6d1ff88c2dc7071fbe02d5223992c0648f,2023-12,Wiltshire Police,Wiltshire Police,-2.140204,51.465175,On or near The Battens,E01031908,Wiltshire 010C,Violence and sexual offences,Unable to prosecute suspect,
81f9ccb4b42624eec1ad88a81ad2ce0e316a0ea4da2c053951055b3a5a6ceec1,2023-12,Wiltshire Police,Wiltshire Police,-2.139718,51.456984,On or near Gascelyn Close,E01031909,Wiltshire 010D,Violence and sexual offences,Unable to prosecute suspect,
02b917c425d183dc117669afefb52de92adf8a156f05ee2a4c2a1f333f0603b3,2023-12,Wiltshire Police,Wiltshire Police,-2.145846,51.460600,On or near Phillips Close,E01031909,Wiltshire 010D,Violence and sexual offences,Unable to prosecute suspect,
2456fe42e3edaaeb185d3aa02b807e640ecee7be96031dd75188006a9750da42,2023-12,Wiltshire Police,Wiltshire Police,-2.136815,51.463398,On or near Clifton Close,E01031925,Wiltshire 010E,Violence and sexual offences,Court result unavailable,
,2023-12,Wiltshire Police,Wiltshire Police,-2.134809,51.461557,On or near Neeld Crescent,E01031925,Wiltshire 010E,Anti-social behaviour,,
efdfa39d5706b1fd2754f20d631be407ce3a1e2c33b7286a1f8b2447533e3b24,2023-12,Wiltshire Police,Wiltshire Police,-2.135536,51.464119,On or near Patchway,E01031925,Wiltshire 010E,Drugs,Status update unavailable,
3127d0d8df7da527778132f79a2436bacb60a0e6ac5daa07787611825d75a2fa,2023-12,Wiltshire Police,Wiltshire Police,-2.132399,51.464258,On or near Park Avenue,E01031925,Wiltshire 010E,Vehicle crime,Investigation complete; no suspect identified,
ad86ab79e3841ebe474660620ca7353c2d67a8bd2b47fdaeebe992f9833355bb,2023-12,Wiltshire Police,Wiltshire Police,-2.136815,51.463398,On or near Clifton Close,E01031925,Wiltshire 010E,Violence and sexual offences,Status update unavailable,
,2023-12,Wiltshire Police,Wiltshire Police,-2.137483,51.460394,On or near B4528,E01031926,Wiltshire 010F,Anti-social behaviour,,
ba084c65ee144ad772e88a0f23459171c457607a6f4e281ce8c27b43bf5342a2,2023-12,Wiltshire Police,Wiltshire Police,-2.144525,51.452545,On or near Winchester Close,E01031927,Wiltshire 010G,Violence and sexual offences,Unable to prosecute suspect,
,2023-12,Wiltshire Police,Wiltshire Police,-2.140600,51.453737,On or near Littlecote Road,E01031927,Wiltshire 010G,Anti-social behaviour,,
0c3b7976ed2e5a287d8671f1f68b75289a0751184f27053e6e954aa96de15930,2023-12,Wiltshire Police,Wiltshire Police,-2.140600,51.453737,On or near Littlecote Road,E01031927,Wiltshire 010G,Violence and sexual offences,Unable to prosecute suspect,
66c21cc2266ecea3b0a7a95f00a28d12832c02344776a601b8a4b9ae3164c6f3,2023-12,Wiltshire Police,Wiltshire Police,-2.144924,51.455593,On or near Farleigh Close,E01031927,Wiltshire 010G,Violence and sexual offences,Unable to prosecute suspect,
4174d53036892f1ef01a9e5f6a4bcc06bd60bf22560b04bae3eca70e2ec92ca9,2023-12,Wiltshire Police,Wiltshire Police,-2.144924,51.455593,On or near Farleigh Close,E01031927,Wiltshire 010G,Violence and sexual offences,Unable to prosecute suspect,
1bcf7821eb972994fccefce47ff3567cc77e04bfb579c6593e8859a1a073916e,2023-12,Wiltshire Police,Wiltshire Police,-2.128333,51.456853,On or near Unity Street,E01031911,Wiltshire 011A,Violence and sexual offences,Unable to prosecute suspect,
859701e51f9590e6eee069cb7023dc23ea70502704e36c24de998b50ea9d4a20,2023-12,Wiltshire Police,Wiltshire Police,-2.124152,51.459465,On or near Rudman Park,E01031911,Wiltshire 011A,Violence and sexual offences,Unable to prosecute suspect,
,2023-12,Wiltshire Police,Wiltshire Police,-2.126224,51.459166,On or near Kingham Close,E01031911,Wiltshire 011A,Anti-social behaviour,,
,2023-12,Wiltshire Police,Wiltshire Police,-2.124152,51.459465,On or near Rudman Park,E01031911,Wiltshire 011A,Anti-social behaviour,,
78f9638bf1a407f096d473b5e435d1ba706348d6ee7c7c2f2dc290bd2c6a9f72,2023-12,Wiltshire Police,Wiltshire Police,-2.128333,51.456853,On or near Unity Street,E01031911,Wiltshire 011A,Burglary,Investigation complete; no suspect identified,
4f12e0cb71abb4e365d120066fe904c51da1d8ebaaebe0938ee3e43901fc71e3,2023-12,Wiltshire Police,Wiltshire Police,-2.130930,51.459197,On or near Marlborough Court,E01031911,Wiltshire 011A,Vehicle crime,Investigation complete; no suspect identified,
1190268d935c26cf26c7f2d8cc6ae9560d09792d5ebc8e954823b1860f0a036f,2023-12,Wiltshire Police,Wiltshire Police,-2.128333,51.456853,On or near Unity Street,E01031911,Wiltshire 011A,Vehicle crime,Unable to prosecute suspect,
ae1d8739c82599de673f0abb26daa7a942b2a055c0a8ecb8e6fe506c5d36d859,2023-12,Wiltshire Police,Wiltshire Police,-2.130930,51.459197,On or near Marlborough Court,E01031911,Wiltshire 011A,Violence and sexual offences,Investigation complete; no suspect identified,
71fc53f8c036b1456b11cc7f496ca3de8d5be3d2ec2ae1b5b4445adf9d0ac04c,2023-12,Wiltshire Police,Wiltshire Police,-2.130930,51.459197,On or near Marlborough Court,E01031911,Wiltshire 011A,Violence and sexual offences,Investigation complete; no suspect identified,
c1d1cac5d0721c494e1fb3e332c35637c3a308eb3b30bdd04bf04359d5483f96,2023-12,Wiltshire Police,Wiltshire Police,-2.124152,51.459465,On or near Rudman Park,E01031911,Wiltshire 011A,Violence and sexual offences,Unable to prosecute suspect,
13da1d93902be3348ddedcd00561b464755738e60b2620da24c04e8ac34ad3ca,2023-12,Wiltshire Police,Wiltshire Police,-2.129480,51.460403,On or near Marshall Street,E01031911,Wiltshire 011A,Violence and sexual offences,Status update unavailable,
44b35e9011ba9fd6cd79c3a0c5b5268b39406ab2ec6dbc9bad75a3cb4a395d83,2023-12,Wiltshire Police,Wiltshire Police,-2.128333,51.456853,On or near Unity Street,E01031911,Wiltshire 011A,Violence and sexual offences,Unable to prosecute suspect,
52e78df0d40d4f41cb528ae6b18515aa36a652380095fa0ba45f534887f77ac8,2023-12,Wiltshire Police,Wiltshire Police,-2.128333,51.456853,On or near Unity Street,E01031911,Wiltshire 011A,Violence and sexual offences,Unable to prosecute suspect,
5352ea56bca01e9d5b849e083ec81304150b2d5cc9381f6cb90f47e9ce0541ec,2023-12,Wiltshire Police,Wiltshire Police,-2.118597,51.459992,On or near Foghamshire,E01031912,Wiltshire 011B,Violence and sexual offences,Unable to prosecute suspect,
fcfd09fc305a3059cef70fc6c40521b60c06152ea0de9d76689558a0240d5a10,2023-12,Wiltshire Police,Wiltshire Police,-2.118597,51.459992,On or near Foghamshire,E01031912,Wiltshire 011B,Violence and sexual offences,Court result unavailable,
387d784bc2ce03ff30658c9f7fa48747d7ed23013a4cadf17d4b47b0fe0a9404,2023-12,Wiltshire Police,Wiltshire Police,-2.118745,51.461611,On or near New Road,E01031912,Wiltshire 011B,Violence and sexual offences,Court result unavailable,
5e6e600366a21c5d4ae59bc8b2c79d4cbd4567f58940334eb6af35364599a7bc,2023-12,Wiltshire Police,Wiltshire Police,-2.117080,51.463276,On or near Old Road,E01031912,Wiltshire 011B,Violence and sexual offences,Unable to prosecute suspect,
89270223d15cc825527f9b3a505e54132e777f44df309f9a8e4d2774c0f22021,2023-12,Wiltshire Police,Wiltshire Police,-2.118597,51.459992,On or near Foghamshire,E01031912,Wiltshire 011B,Violence and sexual offences,Court result unavailable,
f8f0d0fbbae5316231e93627c5027140c16749b9607e22653ef0743711c65a16,2023-12,Wiltshire Police,Wiltshire Police,-2.116515,51.461748,On or near Parking Area,E01031912,Wiltshire 011B,Violence and sexual offences,Unable to prosecute suspect,
,2023-12,Wiltshire Police,Wiltshire Police,-2.118597,51.459992,On or near Foghamshire,E01031912,Wiltshire 011B,Anti-social behaviour,,
,2023-12,Wiltshire Police,Wiltshire Police,-2.118510,51.454166,On or near A4,E01031912,Wiltshire 011B,Anti-social behaviour,,
,2023-12,Wiltshire Police,Wiltshire Police,-2.118597,51.459992,On or near Foghamshire,E01031912,Wiltshire 011B,Anti-social behaviour,,
,2023-12,Wiltshire Police,Wiltshire Police,-2.118597,51.459992,On or near Foghamshire,E01031912,Wiltshire 011B,Anti-social behaviour,,
,2023-12,Wiltshire Police,Wiltshire Police,-2.117080,51.463276,On or near Old Road,E01031912,Wiltshire 011B,Anti-social behaviour,,
,2023-12,Wiltshire Police,Wiltshire Police,-2.115380,51.462810,On or near Parking Area,E01031912,Wiltshire 011B,Anti-social behaviour,,
,2023-12,Wiltshire Police,Wiltshire Police,-2.117616,51.458325,On or near Shopping Area,E01031912,Wiltshire 011B,Anti-social behaviour,,
,2023-12,Wiltshire Police,Wiltshire Police,-2.117616,51.458325,On or near Shopping Area,E01031912,Wiltshire 011B,Anti-social behaviour,,
,2023-12,Wiltshire Police,Wiltshire Police,-2.116115,51.463142,On or near Shopping Area,E01031912,Wiltshire 011B,Anti-social behaviour,,
,2023-12,Wiltshire Police,Wiltshire Police,-2.117080,51.463276,On or near Old Road,E01031912,Wiltshire 011B,Anti-social behaviour,,
,2023-12,Wiltshire Police,Wiltshire Police,-2.116343,51.462198,On or near Chippenham,E01031912,Wiltshire 011B,Anti-social behaviour,,
,2023-12,Wiltshire Police,Wiltshire Police,-2.115380,51.462810,On or near Parking Area,E01031912,Wiltshire 011B,Anti-social behaviour,,
,2023-12,Wiltshire Police,Wiltshire Police,-2.117616,51.458325,On or near Shopping Area,E01031912,Wiltshire 011B,Anti-social behaviour,,
,2023-12,Wiltshire Police,Wiltshire Police,-2.116878,51.457575,On or near Gladstone Road,E01031912,Wiltshire 011B,Anti-social behaviour,,
,2023-12,Wiltshire Police,Wiltshire Police,-2.117016,51.460956,On or near St Mary'S Place,E01031912,Wiltshire 011B,Anti-social behaviour,,
,2023-12,Wiltshire Police,Wiltshire Police,-2.118597,51.459992,On or near Foghamshire,E01031912,Wiltshire 011B,Anti-social behaviour,,
,2023-12,Wiltshire Police,Wiltshire Police,-2.118597,51.459992,On or near Foghamshire,E01031912,Wiltshire 011B,Anti-social behaviour,,
,2023-12,Wiltshire Police,Wiltshire Police,-2.117616,51.458325,On or near Shopping Area,E01031912,Wiltshire 011B,Anti-social behaviour,,
,2023-12,Wiltshire Police,Wiltshire Police,-2.125215,51.453449,On or near St Lukes Drive,E01031912,Wiltshire 011B,Anti-social behaviour,,
,2023-12,Wiltshire Police,Wiltshire Police,-2.118597,51.459992,On or near Foghamshire,E01031912,Wiltshire 011B,Anti-social behaviour,,
,2023-12,Wiltshire Police,Wiltshire Police,-2.114852,51.458611,On or near Chapel Lane,E01031912,Wiltshire 011B,Anti-social behaviour,,
,2023-12,Wiltshire Police,Wiltshire Police,-2.118937,51.463184,On or near St Paul Street,E01031912,Wiltshire 011B,Anti-social behaviour,,
,2023-12,Wiltshire Police,Wiltshire Police,-2.117616,51.458325,On or near Shopping Area,E01031912,Wiltshire 011B,Anti-social behaviour,,
,2023-12,Wiltshire Police,Wiltshire Police,-2.117616,51.458325,On or near Shopping Area,E01031912,Wiltshire 011B,Anti-social behaviour,,
ee5047068e3b9a774d04cec3124a40b4368dc082864a298d748ef103c2730def,2023-12,Wiltshire Police,Wiltshire Police,-2.116115,51.463142,On or near Shopping Area,E01031912,Wiltshire 011B,Bicycle theft,Investigation complete; no suspect identified,
95de064126dfa48cfeed9e6b45bc9a787bed0f4b3234509c81b9b977cd515e0d,2023-12,Wiltshire Police,Wiltshire Police,-2.117616,51.458325,On or near Shopping Area,E01031912,Wiltshire 011B,Bicycle theft,Investigation complete; no suspect identified,
b653a5861ca9ae1e46780e7bbee679188d925ebe001564a9a6b66720ed9f8ffe,2023-12,Wiltshire Police,Wiltshire Police,-2.118597,51.459992,On or near Foghamshire,E01031912,Wiltshire 011B,Burglary,Unable to prosecute suspect,
8306963240aebd1a73c3b93dde59a6e1b289391c3ff228ccc86363e402c1256a,2023-12,Wiltshire Police,Wiltshire Police,-2.121063,51.456097,On or near Field View,E01031912,Wiltshire 011B,Criminal damage and arson,Investigation complete; no suspect identified,
ebbcfa9d9e378dff177d5a1ce67fdc30a78ca35c00c4a1ad099ac437170b2339,2023-12,Wiltshire Police,Wiltshire Police,-2.118597,51.459992,On or near Foghamshire,E01031912,Wiltshire 011B,Other theft,Investigation complete; no suspect identified,
98139f29baeec2c5d6b32a71fcaf0d64077ea7589b7653f3f035c35ee03ee2a7,2023-12,Wiltshire Police,Wiltshire Police,-2.117616,51.458325,On or near Shopping Area,E01031912,Wiltshire 011B,Other theft,Investigation complete; no suspect identified,
c0556eb921ff3a433e6ab2ced12b8fb89f80461dcbfa2f47e23ac5000b5f6401,2023-12,Wiltshire Police,Wiltshire Police,-2.114852,51.458611,On or near Chapel Lane,E01031912,Wiltshire 011B,Other theft,Investigation complete; no suspect identified,
ed7550141842c01fe7b4242a64ac7b831e803e7c7229d269884087ed0df0ecd6,2023-12,Wiltshire Police,Wiltshire Police,-2.114320,51.459151,On or near Parking Area,E01031912,Wiltshire 011B,Other theft,Investigation complete; no suspect identified,
9e4485af8b1f1ae4d525797883c5c189c811988a46a7e24185bf24d472ccb29e,2023-12,Wiltshire Police,Wiltshire Police,-2.118597,51.459992,On or near Foghamshire,E01031912,Wiltshire 011B,Possession of weapons,Unable to prosecute suspect,
26aaaaec069355e8c19ba3a1367fc45a62340d3e7fa6aec3251511a76c788f19,2023-12,Wiltshire Police,Wiltshire Police,-2.118745,51.461611,On or near New Road,E01031912,Wiltshire 011B,Public order,Investigation complete; no suspect identified,
204d7bdd9879bd122c60db8e059d410cfec0d4b7ea048dac2b69b43d81078800,2023-12,Wiltshire Police,Wiltshire Police,-2.118597,51.459992,On or near Foghamshire,E01031912,Wiltshire 011B,Public order,Court result unavailable,
658f3eed1ae56dce5e9e903002fb288f66bee3d111c3c9d808677b9eb3e14690,2023-12,Wiltshire Police,Wiltshire Police,-2.115987,51.457882,On or near Parking Area,E01031912,Wiltshire 011B,Public order,Investigation complete; no suspect identified,
4b28900326dcb78e77a1964ae36784ed63a9b8764b8bbc508a327d501a4d0559,2023-12,Wiltshire Police,Wiltshire Police,-2.113813,51.457713,On or near Market Place,E01031912,Wiltshire 011B,Public order,Local resolution,
8d94d9845c3ca6c29940cafdfbd0ba89afb9324249be988db4fdf8a7557b07d4,2023-12,Wiltshire Police,Wiltshire Police,-2.117616,51.458325,On or near Shopping Area,E01031912,Wiltshire 011B,Shoplifting,Investigation complete; no suspect identified,
638d249361b61e7809557752906030423bca20c8bfabc7c18b12c1b3e43ca583,2023-12,Wiltshire Police,Wiltshire Police,-2.115987,51.457882,On or near Parking Area,E01031912,Wiltshire 011B,Shoplifting,Investigation complete; no suspect identified,
c8f7296451b70f799d80d1e63194582fdb9bf90295e8b57546816afb80f3c0ce,2023-12,Wiltshire Police,Wiltshire Police,-2.116878,51.457575,On or near Gladstone Road,E01031912,Wiltshire 011B,Shoplifting,Investigation complete; no suspect identified,
e384c1cff3c4a0b5c876171c871a2213783a919c10afad9e243b15f7d794e60b,2023-12,Wiltshire Police,Wiltshire Police,-2.115987,51.457882,On or near Parking Area,E01031912,Wiltshire 011B,Shoplifting,Investigation complete; no suspect identified,
d7665f98622d5d1ac61fd0b61d55fff72a3fc3c2ee69b66ec95852024242b33b,2023-12,Wiltshire Police,Wiltshire Police,-2.117080,51.463276,On or near Old Road,E01031912,Wiltshire 011B,Vehicle crime,Unable to prosecute suspect,
38a1e9161bc2e35b7ed1935a845127b39292db530fb1adeb54a8a6f707a86460,2023-12,Wiltshire Police,Wiltshire Police,-2.113668,51.457255,On or near Lord'S Lane,E01031912,Wiltshire 011B,Violence and sexual offences,Investigation complete; no suspect identified,
989674a2403505f4311ce36f7cda5cb19324e499d35a57a6ec930510f8aa53a5,2023-12,Wiltshire Police,Wiltshire Police,-2.117016,51.460956,On or near St Mary'S Place,E01031912,Wiltshire 011B,Violence and sexual offences,Unable to prosecute suspect,
31df0dbaa668b7b3ebcaa6ffee51e13113ee8e4f4f86118323f9c5072da153d3,2023-12,Wiltshire Police,Wiltshire Police,-2.114320,51.459151,On or near Parking Area,E01031912,Wiltshire 011B,Violence and sexual offences,Unable to prosecute suspect,
5b6fed58add85c53401ef193d782ae5aaa64e3f6bdb9d4b2e6d846151bf56328,2023-12,Wiltshire Police,Wiltshire Police,-2.113813,51.457713,On or near Market Place,E01031912,Wiltshire 011B,Violence and sexual offences,Unable to prosecute suspect,
013ee7139bbeb1f67799b522f08b8f18f6edc9e2e8340d081598600a35e3788b,2023-12,Wiltshire Police,Wiltshire Police,-2.118597,51.459992,On or near Foghamshire,E01031912,Wiltshire 011B,Violence and sexual offences,Investigation complete; no suspect identified,
55c6fbb69f26aa4528db49d36b3b7d16e3e577e47a4287592804a794d4932c7f,2023-12,Wiltshire Police,Wiltshire Police,-2.116515,51.461748,On or near Parking Area,E01031912,Wiltshire 011B,Violence and sexual offences,Unable to prosecute suspect,
115da2019be113f6836f94ef228e6723d31bfc8534d99de903dade2ac029f4f3,2023-12,Wiltshire Police,Wiltshire Police,-2.117080,51.463276,On or near Old Road,E01031912,Wiltshire 011B,Violence and sexual offences,Investigation complete; no suspect identified,
c02e38c1296dc4654cbff2280000e7b19d7ec0ca04695598714b3dd00b97715b,2023-12,Wiltshire Police,Wiltshire Police,-2.118597,51.459992,On or near Foghamshire,E01031912,Wiltshire 011B,Violence and sexual offences,Investigation complete; no suspect identified,
25048d55a2ca5c0af8f4be5910d15130a8551e2030625c02544a616ab05e7601,2023-12,Wiltshire Police,Wiltshire Police,-2.114617,51.457011,On or near Timber Street,E01031912,Wiltshire 011B,Violence and sexual offences,Local resolution,
42d66e2828364d12abd4e5e9e2d3eba57f98c0d08a74f20f6ebb357de9e3efee,2023-12,Wiltshire Police,Wiltshire Police,-2.118597,51.459992,On or near Foghamshire,E01031912,Wiltshire 011B,Violence and sexual offences,Unable to prosecute suspect,
938e5516594c66ef2a5973491dcecb8758d55a6aa5fb41116684b6b2e041edde,2023-12,Wiltshire Police,Wiltshire Police,-2.118597,51.459992,On or near Foghamshire,E01031912,Wiltshire 011B,Violence and sexual offences,Local resolution,
83b1007b68470e883b1bed8e7b8d1e06ab47a1a6b852a48b867283327144c428,2023-12,Wiltshire Police,Wiltshire Police,-2.114320,51.459151,On or near Parking Area,E01031912,Wiltshire 011B,Violence and sexual offences,Unable to prosecute suspect,
2f4c3a466b3382e9e81ec42517d11f47d38ae750efa04c6976f0f50929c3609c,2023-12,Wiltshire Police,Wiltshire Police,-2.115380,51.462810,On or near Parking Area,E01031912,Wiltshire 011B,Violence and sexual offences,Status update unavailable,
9015653b9f0c5fa99b220f3bbf1ce0d777c9320c5dac2c290c60135ba522ef80,2023-12,Wiltshire Police,Wiltshire Police,-2.115380,51.462810,On or near Parking Area,E01031912,Wiltshire 011B,Violence and sexual offences,Unable to prosecute suspect,
9b391d61ec6a601a11f9311a7c74ce89c2994384f33a5f2cb262b3de74150d3c,2023-12,Wiltshire Police,Wiltshire Police,-2.117016,51.460956,On or near St Mary'S Place,E01031912,Wiltshire 011B,Violence and sexual offences,Unable to prosecute suspect,
4c8a77be32e88838bb149952c352a57739922d16569bd30c67ba7bd0dc689ae0,2023-12,Wiltshire Police,Wiltshire Police,-2.116515,51.461748,On or near Parking Area,E01031912,Wiltshire 011B,Violence and sexual offences,Status update unavailable,
7f32a8d77cf4b2bf5ad56b2a5ca1534b828c39d37653eb4295bb7998b0bd23c8,2023-12,Wiltshire Police,Wiltshire Police,-2.115380,51.462810,On or near Parking Area,E01031912,Wiltshire 011B,Violence and sexual offences,Unable to prosecute suspect,
c85dde1f317935d849536d271252ac8666afaeb25733171d25b06dc753f77003,2023-12,Wiltshire Police,Wiltshire Police,-2.118597,51.459992,On or near Foghamshire,E01031912,Wiltshire 011B,Violence and sexual offences,Court result unavailable,
209c8d563c7660cd3d3d68c9ed37738b57d31bf15d384802f5e40095f3b60c6b,2023-12,Wiltshire Police,Wiltshire Police,-2.114852,51.458611,On or near Chapel Lane,E01031912,Wiltshire 011B,Violence and sexual offences,Investigation complete; no suspect identified,
7e596db34a04001031b9ca8f38ce8e9a11df754dbe1d55ecc36817abb8a64714,2023-12,Wiltshire Police,Wiltshire Police,-2.114852,51.458611,On or near Chapel Lane,E01031912,Wiltshire 011B,Violence and sexual offences,Unable to prosecute suspect,
f85dfaab28bff5d5aa0ab1487d0fd90d059556ec7b89fb691a6a9f288b761146,2023-12,Wiltshire Police,Wiltshire Police,-2.117016,51.460956,On or near St Mary'S Place,E01031912,Wiltshire 011B,Violence and sexual offences,Unable to prosecute suspect,
8e8628997043f72dd4925b8d461ebeb7c923bf3e20e2b12664ed2c369b643b75,2023-12,Wiltshire Police,Wiltshire Police,-2.118597,51.459992,On or near Foghamshire,E01031912,Wiltshire 011B,Violence and sexual offences,Offender given a caution,
b218096ef43d482482626d9143aa09d0fd33c12c28cde5ca95806e6bfa7c599d,2023-12,Wiltshire Police,Wiltshire Police,-2.117016,51.460956,On or near St Mary'S Place,E01031912,Wiltshire 011B,Violence and sexual offences,Local resolution,
b2902fdcf473e690f50558f5a50b0ee47765388ca292855c014a451f937d36c5,2023-12,Wiltshire Police,Wiltshire Police,-2.117616,51.458325,On or near Shopping Area,E01031912,Wiltshire 011B,Violence and sexual offences,Unable to prosecute suspect,
312d012a2e2ca282c95c78307374582409207f6e6efe4cae031227f8ff353495,2023-12,Wiltshire Police,Wiltshire Police,-2.114320,51.459151,On or near Parking Area,E01031912,Wiltshire 011B,Violence and sexual offences,Unable to prosecute suspect,
87aa6b43d6b56e0b3f0072d0896e522da47d8765087afcb4840e1906c1335f12,2023-12,Wiltshire Police,Wiltshire Police,-2.118597,51.459992,On or near Foghamshire,E01031912,Wiltshire 011B,Violence and sexual offences,Unable to prosecute suspect,
,2023-12,Wiltshire Police,Wiltshire Police,-2.131914,51.451104,On or near Coppice Close,E01031913,Wiltshire 011C,Anti-social behaviour,,
274b9bf8c0d1b8a81f155b7fcf847f67bb89b136160284a95221cb5d2081893e,2023-12,Wiltshire Police,Wiltshire Police,-2.129708,51.454460,On or near St Peters Close,E01031913,Wiltshire 011C,Violence and sexual offences,Unable to prosecute suspect,
ffa65d33ec6e1b6b7ce0226bd10e6e7aacb85112106f317ee2423dca66a56d46,2023-12,Wiltshire Police,Wiltshire Police,-2.129708,51.454460,On or near St Peters Close,E01031913,Wiltshire 011C,Violence and sexual offences,Unable to prosecute suspect,
,2023-12,Wiltshire Police,Wiltshire Police,-2.109964,51.455064,On or near Queens Square,E01031917,Wiltshire 011D,Anti-social behaviour,,
,2023-12,Wiltshire Police,Wiltshire Police,-2.114930,51.455392,On or near Fuller Close,E01031917,Wiltshire 011D,Anti-social behaviour,,
,2023-12,Wiltshire Police,Wiltshire Police,-2.111588,51.454425,On or near Popham Court,E01031917,Wiltshire 011D,Anti-social behaviour,,
,2023-12,Wiltshire Police,Wiltshire Police,-2.109649,51.455658,On or near Baydons Lane,E01031917,Wiltshire 011D,Anti-social behaviour,,
,2023-12,Wiltshire Police,Wiltshire Police,-2.108767,51.454068,On or near Royal Oak Close,E01031917,Wiltshire 011D,Anti-social behaviour,,
86da73f9e0dd404d0321cac9408a1f5c5e70914ebb2499d666b5fad3b22dc31d,2023-12,Wiltshire Police,Wiltshire Police,-2.109815,51.452997,On or near Wood Lane,E01031917,Wiltshire 011D,Burglary,Unable to prosecute suspect,
c70e69d1288d9ecb394e6e68b6c7fba1d51fe50c9f33a7db2eebbb2181403003,2023-12,Wiltshire Police,Wiltshire Police,-2.110774,51.456853,On or near Common Slip,E01031917,Wiltshire 011D,Criminal damage and arson,Investigation complete; no suspect identified,
de7b14e1212885c5a43276d7866124c46f7c97531dd730f5393ae12ec42425ff,2023-12,Wiltshire Police,Wiltshire Police,-2.111588,51.454425,On or near Popham Court,E01031917,Wiltshire 011D,Criminal damage and arson,Unable to prosecute suspect,
524cb6e71562beb5fd7b579306e0ab98699158aebbc5c0bb4c64fa6c7534fc38,2023-12,Wiltshire Police,Wiltshire Police,-2.113174,51.455331,On or near Parking Area,E01031917,Wiltshire 011D,Violence and sexual offences,Unable to prosecute suspect,
ca55fba4c1201c6fda109ad45e60edf341f50ceb78bafa05712d4d956b62f772,2023-12,Wiltshire Police,Wiltshire Police,-2.109815,51.452997,On or near Wood Lane,E01031917,Wiltshire 011D,Violence and sexual offences,Unable to prosecute suspect,
4f63990bb3262cb58c9cbc15e0e38ff2cf7cab296aed1207c822b10c5d13291a,2023-12,Wiltshire Police,Wiltshire Police,-2.109815,51.452997,On or near Wood Lane,E01031917,Wiltshire 011D,Violence and sexual offences,Court result unavailable,
e239336613a3e26c478a4ad6fb93906c4704926816818a2fa1a74a2b861c91e0,2023-12,Wiltshire Police,Wiltshire Police,-2.112123,51.455071,On or near Burlands Road,E01031917,Wiltshire 011D,Violence and sexual offences,Unable to prosecute suspect,
cb4f7572a9c135f993de1496c1429ea182651cca6b0ea484e7a25e66e63f86db,2023-12,Wiltshire Police,Wiltshire Police,-2.114930,51.455392,On or near Fuller Close,E01031917,Wiltshire 011D,Other crime,Status update unavailable,
,2023-12,Wiltshire Police,Wiltshire Police,-2.108375,51.464813,On or near Cowleaze,E01031918,Wiltshire 011E,Anti-social behaviour,,
,2023-12,Wiltshire Police,Wiltshire Police,-2.108375,51.464813,On or near Cowleaze,E01031918,Wiltshire 011E,Anti-social behaviour,,
,2023-12,Wiltshire Police,Wiltshire Police,-2.112011,51.462409,On or near Further/Higher Educational Building,E01031918,Wiltshire 011E,Anti-social behaviour,,
3f16d4ec2513f4675032982d7400c5bd25e514ef6fcf5a3636ace9359a848134,2023-12,Wiltshire Police,Wiltshire Police,-2.110589,51.463750,On or near Cocklebury Road,E01031918,Wiltshire 011E,Other theft,Investigation complete; no suspect identified,
e7295f14e665a616455100eb65dbb396e8c7b50998b2ae80ba6f8ebe179a34ee,2023-12,Wiltshire Police,Wiltshire Police,-2.103779,51.456949,On or near Gleneagles Close,E01031918,Wiltshire 011E,Theft from the person,Unable to prosecute suspect,
2a74dbfaa4b82e13d3f1ac055bdc9200360f8dba6949c85c643c215d6d39ee08,2023-12,Wiltshire Police,Wiltshire Police,-2.106042,51.464257,On or near Darcy Close,E01031918,Wiltshire 011E,Violence and sexual offences,Unable to prosecute suspect,
,2023-12,Wiltshire Police,Wiltshire Police,-2.137341,51.451385,On or near Westcroft,E01031928,Wiltshire 011F,Anti-social behaviour,,
e24be8d54152312652ea2c4c622bb3fcfda154d55852fe029c8b37a29e05e3b8,2023-12,Wiltshire Police,Wiltshire Police,-2.137498,51.455899,On or near Portway,E01031928,Wiltshire 011F,Public order,Investigation complete; no suspect identified,
7efd22bad5b1c50faba825d854c8fd3904c64713e6ddf51503603f5a871ca7c9,2023-12,Wiltshire Police,Wiltshire Police,-2.137341,51.451385,On or near Westcroft,E01031928,Wiltshire 011F,Violence and sexual offences,Unable to prosecute suspect,
,2023-12,Wiltshire Police,Wiltshire Police,-1.623534,51.477064,On or near Hillwood Road,E01031841,Wiltshire 012A,Anti-social behaviour,,
43fa34eb979ec72907dc03a22bf515bc3981f8f8ee04f488ff23b1de1564bb9d,2023-12,Wiltshire Police,Wiltshire Police,-1.619933,51.478904,On or near B4192,E01031841,Wiltshire 012A,Public order,Status update unavailable,
255e679d67a8dcafa0b5d4cee6fae0f3f310eee55e70295e3e0e6656771f7c17,2023-12,Wiltshire Police,Wiltshire Police,-1.788507,51.416955,On or near Taylors Green,E01031868,Wiltshire 012B,Violence and sexual offences,Unable to prosecute suspect,
8836d00493ef1db203b042c6211b4edec937f595ee208c54d843043c31465366,2023-12,Wiltshire Police,Wiltshire Police,-1.700828,51.426349,On or near Woodlands Road,E01031868,Wiltshire 012B,Criminal damage and arson,Investigation complete; no suspect identified,
4da3582e4f18cec1f90327c423717b24f616add7ba0d2d462a861d7903db66a5,2023-12,Wiltshire Police,Wiltshire Police,-1.673168,51.422499,On or near Chopping Knife Lane,E01031868,Wiltshire 012B,Other theft,Investigation complete; no suspect identified,
7b59dfc7f39f99aa40b52515caa8e56588d0ba9dc62d4ec6b0e1c91a621f3137,2023-12,Wiltshire Police,Wiltshire Police,-1.774800,51.435155,On or near Park/Open Space,E01031868,Wiltshire 012B,Vehicle crime,Investigation complete; no suspect identified,
306361c6ce04a7abf6adee48b7bf9eb8cf6d0a62deca5c8589a891909f7104ec,2023-12,Wiltshire Police,Wiltshire Police,-1.697129,51.426717,On or near Home Farm Close,E01031868,Wiltshire 012B,Violence and sexual offences,Status update unavailable,
6213735539579a181c3139122d47161c9610ff2e5784ce0a0f49704547169553,2023-12,Wiltshire Police,Wiltshire Police,-1.594421,51.499625,On or near Ermin Street,E01031873,Wiltshire 012C,Other theft,Investigation complete; no suspect identified,
,2023-12,Wiltshire Police,Wiltshire Police,-1.608973,51.442030,On or near High Street,E01031874,Wiltshire 012D,Anti-social behaviour,,
,2023-12,Wiltshire Police,Wiltshire Police,-1.608973,51.442030,On or near High Street,E01031874,Wiltshire 012D,Anti-social behaviour,,
2ce4b072f94992d85997d6aaeb395c15f49dfdc1a01c8bf74eca782f9a9eb6ad,2023-12,Wiltshire Police,Wiltshire Police,-1.612642,51.443777,On or near Hilldrop Close,E01031874,Wiltshire 012D,Violence and sexual offences,Court result unavailable,
5e2f7b38dd11bc2e3ea00e8392ce4a1f2ae625eae422bfd002fa6a4634493fd6,2023-12,Wiltshire Police,Wiltshire Police,-1.856574,51.451666,On or near Mill Lane,E01031884,Wiltshire 012E,Violence and sexual offences,Unable to prosecute suspect,
298d43c798ee89ceaca5927613fca483660a08d54ea7962c674215681a542715,2023-12,Wiltshire Police,Wiltshire Police,-1.848971,51.488063,On or near Norborne Road,E01031884,Wiltshire 012E,Criminal damage and arson,Court result unavailable,
d302b365db10827aa4bf2dbbed60b4e7ac5b6cb10a8a9b25bdefd11c81597f8d,2023-12,Wiltshire Police,Wiltshire Police,-1.843048,51.413327,On or near Gunsite Road,E01031884,Wiltshire 012E,Drugs,Status update unavailable,
cf27adb9e4d2e79d1a6936db5c2ce82f0f65ea3dbe2c6515721893b57e64df12,2023-12,Wiltshire Police,Wiltshire Police,-1.864442,51.423900,On or near Longfields,E01031884,Wiltshire 012E,Vehicle crime,Investigation complete; no suspect identified,
de3cf0d76bba9c82ab3f686c9612a917010628d3c8c0367b617e35e88339b45a,2023-12,Wiltshire Police,Wiltshire Police,-1.997377,51.423430,On or near Monument View,E01031904,Wiltshire 013B,Violence and sexual offences,Unable to prosecute suspect,
,2023-12,Wiltshire Police,Wiltshire Police,-2.000498,51.425174,On or near Cherhill Way,E01031904,Wiltshire 013B,Anti-social behaviour,,
e75303052181aca67289fe7886570ae786a9efade7713bad4b993181a33d8a08,2023-12,Wiltshire Police,Wiltshire Police,-2.056634,51.437893,On or near Parking Area,E01031904,Wiltshire 013B,Violence and sexual offences,Status update unavailable,
634906b1500430bb8216a1b88a93046608726169b5785ebee002e52a8bf9d14f,2023-12,Wiltshire Police,Wiltshire Police,-1.976948,51.492824,On or near Iles Court,E01031937,Wiltshire 013C,Violence and sexual offences,Unable to prosecute suspect,
f3e847d82665fff4349416042cba6f11b5ede35dd13d48eec08a72e11253aa22,2023-12,Wiltshire Police,Wiltshire Police,-1.981774,51.492789,On or near Quakers Lane,E01031937,Wiltshire 013C,Other theft,Status update unavailable,
03eba7e44fe542b21698521d1de9acd9493969581a96fab86c3f63aaecaea4b0,2023-12,Wiltshire Police,Wiltshire Police,-1.962032,51.432730,On or near Marsh Lane,E01031938,Wiltshire 013D,Other theft,Court result unavailable,
9c2e3be2c28077cb3f44638f39f148fa3f9c14bf834a5d7fe2f5b59fe2395e66,2023-12,Wiltshire Police,Wiltshire Police,-1.987765,51.440334,On or near Henley Avenue,E01031938,Wiltshire 013D,Violence and sexual offences,Court result unavailable,
2830622802a6d6396f4c6574fc5f64981cd1ca75bd5dd265ac02c370ddef28a3,2023-12,Wiltshire Police,Wiltshire Police,-1.970700,51.420666,On or near Moggs Lane,E01031938,Wiltshire 013D,Public order,Unable to prosecute suspect,
73076c531547f6e3bae59e03631164ade26360b49fe39c5379cbe31cd22bdca2,2023-12,Wiltshire Police,Wiltshire Police,-1.956455,51.428358,On or near Labour-In-Vain Hill,E01031938,Wiltshire 013D,Vehicle crime,Investigation complete; no suspect identified,
18e59dcb4c882b6d3b55d678ee0bba21d5cadf3a17230dcaceb06c16b1b95992,2023-12,Wiltshire Police,Wiltshire Police,-1.989175,51.439246,On or near James Avenue,E01031938,Wiltshire 013D,Violence and sexual offences,Unable to prosecute suspect,
50127cc754fb3a0bdc2232611f69ddb4d6f2a4cad9a096bd81a679519cb35222,2023-12,Wiltshire Police,Wiltshire Police,-1.989175,51.439246,On or near James Avenue,E01031938,Wiltshire 013D,Violence and sexual offences,Unable to prosecute suspect,
,2023-12,Wiltshire Police,Wiltshire Police,-2.043926,51.492180,On or near Hare Street,E01034522,Wiltshire 013E,Anti-social behaviour,,
e94712d54f90c97d2b32b7f2f89022022e59012e33a7a4f7f15f6dc8c9f29588,2023-12,Wiltshire Police,Wiltshire Police,-2.032613,51.523950,On or near Dodford Lane,E01034522,Wiltshire 013E,Criminal damage and arson,Investigation complete; no suspect identified,
5f7d017bada008e3583758adc64077cc02fc587c45f9860f3ea75eca33da2fcc,2023-12,Wiltshire Police,Wiltshire Police,-2.042103,51.514875,On or near Main Road,E01034522,Wiltshire 013E,Theft from the person,Investigation complete; no suspect identified,
270885fbc4bc6ea5dd56f3bcc3eedf92b5e42a0f0df1fb6336fad6b0566e79d9,2023-12,Wiltshire Police,Wiltshire Police,-2.129560,51.478386,On or near Petrol Station,E01034523,Wiltshire 013F,Other theft,Investigation complete; no suspect identified,
e5220173d57744f8745af3937f6c0e0f822ffce63848bf40442f3858011acb1f,2023-12,Wiltshire Police,Wiltshire Police,-2.129560,51.478386,On or near Petrol Station,E01034523,Wiltshire 013F,Other theft,Investigation complete; no suspect identified,
3e88caddd357949f89c863f379d3522e6ffbb0f7739d563c692d109566e44438,2023-12,Wiltshire Police,Wiltshire Police,-2.129560,51.478386,On or near Petrol Station,E01034523,Wiltshire 013F,Other theft,Investigation complete; no suspect identified,
da755f4778a5315ad701fcc2b105803da9db1442ca4393eff26c111949d5878e,2023-12,Wiltshire Police,Wiltshire Police,-2.114299,51.473601,On or near Hatherall Drive,E01034523,Wiltshire 013F,Vehicle crime,Investigation complete; no suspect identified,
8cec3d2d34e82d5b8a24d6bd66214891b10ff5994a1389a203448739dcf40ade,2023-12,Wiltshire Police,Wiltshire Police,-2.113219,51.473674,On or near Bryant Close,E01034523,Wiltshire 013F,Violence and sexual offences,Unable to prosecute suspect,
4973f956995aa026b02ab3f6e09487d0418de759db80c6b9d8b674bedbddfea2,2023-12,Wiltshire Police,Wiltshire Police,-2.103626,51.452939,On or near The Springs,E01031916,Wiltshire 014A,Vehicle crime,Investigation complete; no suspect identified,
a601a02f811aa5fc0ead72bc5b7f08f02ef8c4d8eb03adfeaf70906ee0623068,2023-12,Wiltshire Police,Wiltshire Police,-2.103178,51.451735,On or near Bucklands Grove,E01031916,Wiltshire 014A,Violence and sexual offences,Unable to prosecute suspect,
1f75e349296c51788129ca444ad54470f53eaf99ae290bde96c8f42084b44838,2023-12,Wiltshire Police,Wiltshire Police,-2.102127,51.451547,On or near London Road,E01031916,Wiltshire 014A,Violence and sexual offences,Court result unavailable,
04d64bebaf6924c26048c1dc7cb1939295b428feb098f279923ffb9583ff371d,2023-12,Wiltshire Police,Wiltshire Police,-2.110811,51.448221,On or near Webbington Road,E01031921,Wiltshire 014B,Drugs,Local resolution,
1c1eb1c542e8726a00d704c3856ca2ad6c01516c7b1a683deaae26d2ca450268,2023-12,Wiltshire Police,Wiltshire Police,-2.111503,51.448769,On or near Pewsham Lock,E01031921,Wiltshire 014B,Other theft,Investigation complete; no suspect identified,
c6124fe43f3cc8b000c324a1d9d18da4f7af028828a51c9b22296b82980f3342,2023-12,Wiltshire Police,Wiltshire Police,-2.110811,51.448221,On or near Webbington Road,E01031921,Wiltshire 014B,Violence and sexual offences,Unable to prosecute suspect,
,2023-12,Wiltshire Police,Wiltshire Police,-2.094922,51.447390,On or near Legate Close,E01031922,Wiltshire 014C,Anti-social behaviour,,
,2023-12,Wiltshire Police,Wiltshire Police,-2.094922,51.447390,On or near Legate Close,E01031922,Wiltshire 014C,Anti-social behaviour,,
a958661f601f866bb070dc693a1cb1916ee0d3cd32e2bfd7d4a17a35fc920c65,2023-12,Wiltshire Police,Wiltshire Police,-2.094020,51.449135,On or near The Turnpike,E01031922,Wiltshire 014C,Violence and sexual offences,Local resolution,
b17d26e65de1dc1364ca4faf39a22aa390feeead18bdaebdbb3a6e8a255fb257,2023-12,Wiltshire Police,Wiltshire Police,-2.094020,51.449135,On or near The Turnpike,E01031922,Wiltshire 014C,Violence and sexual offences,Unable to prosecute suspect,
f6f957be8a1e4e7154529f93545bb259b84f456e7a64ea49f44c539a76174017,2023-12,Wiltshire Police,Wiltshire Police,-2.099817,51.448411,On or near Ludlow Close,E01031923,Wiltshire 014D,Criminal damage and arson,Investigation complete; no suspect identified,
79645541c0dec17e53d6cd57dad4119fcbf9ff7b40e14d90e3ffb621c3ac763d,2023-12,Wiltshire Police,Wiltshire Police,-2.103920,51.449208,On or near Harford Close,E01031924,Wiltshire 014E,Burglary,Investigation complete; no suspect identified,
dfa237890be91a242887abba775f1eeb58d69c280f33bc5bbc0f1c339498068d,2023-12,Wiltshire Police,Wiltshire Police,-2.111150,51.451862,On or near Daniell Drive,E01031924,Wiltshire 014E,Public order,Investigation complete; no suspect identified,
b6d8a6ac8c7f5500b726b44970420b93a4cd58971e5aa87bded5ac253d2cbd7c,2023-12,Wiltshire Police,Wiltshire Police,-2.103920,51.449208,On or near Harford Close,E01031924,Wiltshire 014E,Vehicle crime,Investigation complete; no suspect identified,
e59c10133f3c9a257b512b694052233efc844a6c791eb86d2c39e066fda70137,2023-12,Wiltshire Police,Wiltshire Police,-2.109903,51.447691,On or near Massey Close,E01031924,Wiltshire 014E,Violence and sexual offences,Unable to prosecute suspect,
916af7f533920b8dd6ec9e84512d7f00d6c4b5fe93cadeec534f3343aae1e8b7,2023-12,Wiltshire Police,Wiltshire Police,-1.994498,51.445657,On or near The Kilns,E01031895,Wiltshire 015A,Public order,Court result unavailable,
,2023-12,Wiltshire Police,Wiltshire Police,-1.997519,51.445729,On or near Guthrie Close,E01031895,Wiltshire 015A,Anti-social behaviour,,
07190321ccf5d0c4b5681a5c5f818d0e86f2828231b1534df51e9413b0fc45f9,2023-12,Wiltshire Police,Wiltshire Police,-1.992267,51.449712,On or near Larkspur Drive,E01031895,Wiltshire 015A,Public order,Investigation complete; no suspect identified,
5e15c198c484ea32602c5729d4efd56344f16873d96154a3a443aba44fb31fd0,2023-12,Wiltshire Police,Wiltshire Police,-1.997519,51.445729,On or near Guthrie Close,E01031895,Wiltshire 015A,Violence and sexual offences,Unable to prosecute suspect,
a6fa46cddc085747fc0cc3a847f00b13684ed4b7d9a7fa47cda7af9d70c5655c,2023-12,Wiltshire Police,Wiltshire Police,-1.994498,51.445657,On or near The Kilns,E01031895,Wiltshire 015A,Violence and sexual offences,Status update unavailable,
6918cfbf6fcb78dc916793e19ccd9c4a6c3d5d7bddfb76d7facba23ebd057016,2023-12,Wiltshire Police,Wiltshire Police,-1.998814,51.442106,On or near Penn Court,E01031895,Wiltshire 015A,Violence and sexual offences,Unable to prosecute suspect,
6c99fab8e6b5f1559c51719eaf204c43d5c7202280483d58af97457c84596dc1,2023-12,Wiltshire Police,Wiltshire Police,-2.001491,51.439237,On or near Grierson Close,E01031896,Wiltshire 015B,Drugs,Court result unavailable,
92443df31689013f630df357ae4dc4e51a7a886180239289d7df48c4c5747a30,2023-12,Wiltshire Police,Wiltshire Police,-2.003447,51.440100,On or near Cop Croft,E01031896,Wiltshire 015B,Public order,Court result unavailable,
9e14f159bc092034146e3d31435020c6f810422c86afed2993deddaae31e4698,2023-12,Wiltshire Police,Wiltshire Police,-2.003102,51.439588,On or near Supermarket,E01031896,Wiltshire 015B,Shoplifting,Investigation complete; no suspect identified,
,2023-12,Wiltshire Police,Wiltshire Police,-2.003836,51.439768,On or near The Pippin,E01031896,Wiltshire 015B,Anti-social behaviour,,
,2023-12,Wiltshire Police,Wiltshire Police,-2.003102,51.439588,On or near Supermarket,E01031896,Wiltshire 015B,Anti-social behaviour,,
,2023-12,Wiltshire Police,Wiltshire Police,-2.003102,51.439588,On or near Supermarket,E01031896,Wiltshire 015B,Anti-social behaviour,,
,2023-12,Wiltshire Police,Wiltshire Police,-1.997146,51.440361,On or near Ogilvie Square,E01031896,Wiltshire 015B,Anti-social behaviour,,
,2023-12,Wiltshire Police,Wiltshire Police,-2.003102,51.439588,On or near Supermarket,E01031896,Wiltshire 015B,Anti-social behaviour,,
,2023-12,Wiltshire Police,Wiltshire Police,-2.003836,51.439768,On or near The Pippin,E01031896,Wiltshire 015B,Anti-social behaviour,,
5982e2982ea4915187a1593d7f40b30f573709de29462ad8f29279e2e0640e6e,2023-12,Wiltshire Police,Wiltshire Police,-1.998901,51.439840,On or near The Knapp,E01031896,Wiltshire 015B,Other theft,Investigation complete; no suspect identified,
4652389942801081f8aec0f0f730114064fc0191e978fc297f1364ca2e80f55f,2023-12,Wiltshire Police,Wiltshire Police,-2.003102,51.439588,On or near Supermarket,E01031896,Wiltshire 015B,Public order,Investigation complete; no suspect identified,
16efe4a72fcf5948da460f7aa89018184fdc4b2e955516921aa37f4f9cac5288,2023-12,Wiltshire Police,Wiltshire Police,-2.003836,51.439768,On or near The Pippin,E01031896,Wiltshire 015B,Public order,Local resolution,
8bf2405e0be9d4653eb606ce5a12a43c2ac7011c248dd96e67fd4b7effc16bbd,2023-12,Wiltshire Police,Wiltshire Police,-2.003836,51.439768,On or near The Pippin,E01031896,Wiltshire 015B,Public order,Status update unavailable,
afbd88bb617b9a1f7b47d74bbaeaab51d8fd7365de07c554ddb9c4321f79aa31,2023-12,Wiltshire Police,Wiltshire Police,-2.004267,51.440757,On or near Petrol Station,E01031896,Wiltshire 015B,Shoplifting,Investigation complete; no suspect identified,
433545b74bf12a547e9389d9d5280411f20d99d0317ee9934cc9cda1e27b3bb2,2023-12,Wiltshire Police,Wiltshire Police,-2.003102,51.439588,On or near Supermarket,E01031896,Wiltshire 015B,Shoplifting,Investigation complete; no suspect identified,
f35bfe60d65a1a915ec1e232f2ab15ebd8ea2926606bf0063e56010b84d366c7,2023-12,Wiltshire Police,Wiltshire Police,-2.003102,51.439588,On or near Supermarket,E01031896,Wiltshire 015B,Shoplifting,Investigation complete; no suspect identified,
f560c4fdcc950e5589176421ee274075ee8f0e4344d017029be8070a21ea45b7,2023-12,Wiltshire Police,Wiltshire Police,-2.003447,51.440100,On or near Cop Croft,E01031896,Wiltshire 015B,Violence and sexual offences,Status update unavailable,
9ef8acc892bac52289eb51edcef2357842745d6a6c1410928a52dd12cdedd231,2023-12,Wiltshire Police,Wiltshire Police,-1.994239,51.442141,On or near Abberd Lane,E01031896,Wiltshire 015B,Violence and sexual offences,Unable to prosecute suspect,
ca6acd67be1e0cf6cfb45d4850fa63b6a65519ca4a978ab240eeaa483e7d0d68,2023-12,Wiltshire Police,Wiltshire Police,-2.003447,51.440100,On or near Cop Croft,E01031896,Wiltshire 015B,Violence and sexual offences,Unable to prosecute suspect,
,2023-12,Wiltshire Police,Wiltshire Police,-2.014643,51.447509,On or near A3102,E01031897,Wiltshire 015C,Anti-social behaviour,,
,2023-12,Wiltshire Police,Wiltshire Police,-2.016470,51.445755,On or near Honeysuckle Close,E01031897,Wiltshire 015C,Anti-social behaviour,,
42dd73e4a4e3339a14082f2ef9e1b3dce8e7aeeaa67e479f68bdadcb9ec6b266,2023-12,Wiltshire Police,Wiltshire Police,-2.017837,51.445251,On or near Poppy Close,E01031897,Wiltshire 015C,Violence and sexual offences,Unable to prosecute suspect,
b3b653e459b614db687063a491b120613b538d6eef53c0ef2f4c08768b39a568,2023-12,Wiltshire Police,Wiltshire Police,-2.012426,51.443795,On or near Northfields,E01031897,Wiltshire 015C,Violence and sexual offences,Status update unavailable,
2ef308ea8e6acfb4a9cf2a6d911d48a2fef842a0a7aebaa8075b5e781bdba288,2023-12,Wiltshire Police,Wiltshire Police,-2.012426,51.443795,On or near Northfields,E01031897,Wiltshire 015C,Violence and sexual offences,Unable to prosecute suspect,
,2023-12,Wiltshire Police,Wiltshire Police,-2.005159,51.440244,On or near Wood Street,E01031898,Wiltshire 015D,Anti-social behaviour,,
,2023-12,Wiltshire Police,Wiltshire Police,-2.007549,51.445612,On or near Cherry Tree Court,E01031898,Wiltshire 015D,Anti-social behaviour,,
,2023-12,Wiltshire Police,Wiltshire Police,-2.006066,51.442141,On or near North Street,E01031898,Wiltshire 015D,Anti-social behaviour,,
31d63e4b848299ae609d8f640b9e70df7d5f2621c19d3e9d30ffc1a7e4f72234,2023-12,Wiltshire Police,Wiltshire Police,-2.007549,51.445612,On or near Cherry Tree Court,E01031898,Wiltshire 015D,Criminal damage and arson,Investigation complete; no suspect identified,
c7b9870d00b9aa6882a2cb44aeceb54b81f41c2fb0ca9ebcaf7e13e526176a1c,2023-12,Wiltshire Police,Wiltshire Police,-2.005159,51.440244,On or near Wood Street,E01031898,Wiltshire 015D,Public order,Unable to prosecute suspect,
e86380ae77e0ab345ed1dac32024881b72a61e20f11e59e428216f12193ed580,2023-12,Wiltshire Police,Wiltshire Police,-2.005159,51.440244,On or near Wood Street,E01031898,Wiltshire 015D,Public order,Unable to prosecute suspect,
569dbddb40e842344dc60a6957bfbc96fbf9cbd6001b0c94f59b3762a95bf30e,2023-12,Wiltshire Police,Wiltshire Police,-2.005159,51.440244,On or near Wood Street,E01031898,Wiltshire 015D,Violence and sexual offences,Unable to prosecute suspect,
be4dbf424b3b13ac146ab5303a651698311cf68236f70e582a407eb646ef7583,2023-12,Wiltshire Police,Wiltshire Police,-2.005159,51.440244,On or near Wood Street,E01031898,Wiltshire 015D,Violence and sexual offences,Investigation complete; no suspect identified,
25aa0b458b4021eb3dd2dd4b1f56567a865e532b7c7cb92315820646a1c233fa,2023-12,Wiltshire Police,Wiltshire Police,-2.006066,51.442141,On or near North Street,E01031898,Wiltshire 015D,Violence and sexual offences,Unable to prosecute suspect,
59a204082800db8f1edeaa3178e9663327bf49651fbc3b3eb7f7e74a22e8515d,2023-12,Wiltshire Police,Wiltshire Police,-2.005159,51.440244,On or near Wood Street,E01031898,Wiltshire 015D,Violence and sexual offences,Unable to prosecute suspect,
55ef2d34882213eafd77c9315ab64bce982d1e48f74eaddfd078b499338fd11d,2023-12,Wiltshire Police,Wiltshire Police,-2.005160,51.445234,On or near King Edward Close,E01031898,Wiltshire 015D,Violence and sexual offences,Unable to prosecute suspect,
ee5e3d1d3d7a3afcda531c8e23e6d270ed3eec7461dc269af2abdfd015891387,2023-12,Wiltshire Police,Wiltshire Police,-2.006312,51.450450,On or near Nightingale Way,E01032690,Wiltshire 015F,Violence and sexual offences,Unable to prosecute suspect,
,2023-12,Wiltshire Police,Wiltshire Police,-2.004599,51.450180,On or near Nuthatch Road,E01032690,Wiltshire 015F,Anti-social behaviour,,
,2023-12,Wiltshire Police,Wiltshire Police,-2.002628,51.449937,On or near Grouse Road,E01032690,Wiltshire 015F,Anti-social behaviour,,
,2023-12,Wiltshire Police,Wiltshire Police,-2.001390,51.451286,On or near Brunel Way,E01032690,Wiltshire 015F,Anti-social behaviour,,
,2023-12,Wiltshire Police,Wiltshire Police,-1.995706,51.447051,On or near Oxford Road,E01032690,Wiltshire 015F,Anti-social behaviour,,
6bc25f766c7757f7559cf7903b8b7d375645ed0be2542d4380d339845e891195,2023-12,Wiltshire Police,Wiltshire Police,-2.001102,51.448238,On or near Cornflower Close,E01032690,Wiltshire 015F,Burglary,Further action is not in the public interest,
af29e620fdb3ac6a6ef97107458e6df7a3a150f329772117bdecdf18e399077f,2023-12,Wiltshire Police,Wiltshire Police,-2.001390,51.451286,On or near Brunel Way,E01032690,Wiltshire 015F,Public order,Unable to prosecute suspect,
2ef2584b37dbb64818bd4b40c7eb08f37b88be81df6adda9834103b27fe1fbec,2023-12,Wiltshire Police,Wiltshire Police,-1.995706,51.447051,On or near Oxford Road,E01032690,Wiltshire 015F,Violence and sexual offences,Unable to prosecute suspect,
67d5693dfa83b1a0f49ec9a0ee1e8ac007f64febb3c09b6b6e3dc52d1669c89f,2023-12,Wiltshire Police,Wiltshire Police,-2.001808,51.450153,On or near Linnet Road,E01032690,Wiltshire 015F,Violence and sexual offences,Unable to prosecute suspect,
22378dceaaacb7b545df9f8a0b7524c6af0c5cd3492c043e09cbb9ee41d738b8,2023-12,Wiltshire Police,Wiltshire Police,-2.001606,51.448409,On or near Bluebell Grove,E01032690,Wiltshire 015F,Violence and sexual offences,Status update unavailable,
b72626c97a6a1f9c7b939e2f1156c06015ce2b27eb3154587139f680d161dc8a,2023-12,Wiltshire Police,Wiltshire Police,-2.001390,51.451286,On or near Brunel Way,E01032690,Wiltshire 015F,Violence and sexual offences,Unable to prosecute suspect,
229bab0c79bfe1df626d8cc5579d5fce99e9f8998f1be674adb3c6ddf37ca996,2023-12,Wiltshire Police,Wiltshire Police,-2.001606,51.448409,On or near Bluebell Grove,E01032690,Wiltshire 015F,Violence and sexual offences,Further investigation is not in the public interest,
bf663844e387465efc7ff12537c911d9608f80257d1b3db902b7790bcceb6a05,2023-12,Wiltshire Police,Wiltshire Police,-2.004599,51.450180,On or near Nuthatch Road,E01032690,Wiltshire 015F,Violence and sexual offences,Status update unavailable,
,2023-12,Wiltshire Police,Wiltshire Police,-2.012096,51.448219,On or near Carp Road,E01032691,Wiltshire 015G,Anti-social behaviour,,
,2023-12,Wiltshire Police,Wiltshire Police,-2.010297,51.445756,On or near Bremhill View,E01032691,Wiltshire 015G,Anti-social behaviour,,
,2023-12,Wiltshire Police,Wiltshire Police,-2.004844,51.446574,On or near Ridgemead,E01032691,Wiltshire 015G,Anti-social behaviour,,
277e7bfd1d01fb94f137e178a32712249f2b4918d048246292b5dda0d81ea67b,2023-12,Wiltshire Police,Wiltshire Police,-2.010297,51.445756,On or near Bremhill View,E01032691,Wiltshire 015G,Criminal damage and arson,Investigation complete; no suspect identified,
4aaba517831ce4d54efbcb05d2c7ddc53215f57383b4c75b8435696b91fba55b,2023-12,Wiltshire Police,Wiltshire Police,-2.005736,51.448139,On or near Minnow Close,E01032691,Wiltshire 015G,Vehicle crime,Investigation complete; no suspect identified,
4113959b011966bea61dc40051f0d9fb7ba0f434f8e251c58c25b20614f2c91c,2023-12,Wiltshire Police,Wiltshire Police,-2.006987,51.444686,On or near The Gardens,E01032691,Wiltshire 015G,Violence and sexual offences,Unable to prosecute suspect,
,2023-12,Wiltshire Police,Wiltshire Police,-2.001936,51.437583,On or near Mill Street,E01031901,Wiltshire 016B,Anti-social behaviour,,
,2023-12,Wiltshire Police,Wiltshire Police,-1.998354,51.436468,On or near Hillcroft,E01031901,Wiltshire 016B,Anti-social behaviour,,
5ab1cb25a2df8c6bbae5e26bf09961f34a5e7fc35f6360954f74173bc3e0d842,2023-12,Wiltshire Police,Wiltshire Police,-2.002756,51.436863,On or near Kingsbury Street,E01031901,Wiltshire 016B,Burglary,Investigation complete; no suspect identified,
f9383459af46214261e43390e63ec9256619c0b4a49e3d6bd79d11b71c1f964f,2023-12,Wiltshire Police,Wiltshire Police,-1.999534,51.438032,On or near The Glebe,E01031901,Wiltshire 016B,Criminal damage and arson,Investigation complete; no suspect identified,
309202ed0ffc1446b094f2d7f3c1dcc6aa2213cfbe8a8d7faefbda428e10c8e1,2023-12,Wiltshire Police,Wiltshire Police,-1.995650,51.433132,On or near Sandy Ridge,E01031901,Wiltshire 016B,Criminal damage and arson,Investigation complete; no suspect identified,
1834e849b985f2881ca5c6526d18b82ac62b3e3485557f37369c1e8893b4657c,2023-12,Wiltshire Police,Wiltshire Police,-1.995650,51.433132,On or near Sandy Ridge,E01031901,Wiltshire 016B,Criminal damage and arson,Investigation complete; no suspect identified,
ad2b4262aa734d5de82cce9a566ae297f90aff3bb13d55466ff9fc58d257f6f6,2023-12,Wiltshire Police,Wiltshire Police,-1.995290,51.438455,On or near Woodroffe Square,E01031901,Wiltshire 016B,Other theft,Local resolution,
2ab70c0d8d18a239ce96259a8e5181c6a2334b220abef032be9c42345d336d55,2023-12,Wiltshire Police,Wiltshire Police,-1.995650,51.433132,On or near Sandy Ridge,E01031901,Wiltshire 016B,Other theft,Local resolution,
8f53ee9250b9ea01fcce7ebe2fc3acc470228dffd8ff061a0c9626066e148d2b,2023-12,Wiltshire Police,Wiltshire Police,-2.001936,51.437583,On or near Mill Street,E01031901,Wiltshire 016B,Public order,Unable to prosecute suspect,
1ee0c91ef083fa038daf83316bb86d021a1b6f1eadab44b3e970892072a70ce6,2023-12,Wiltshire Police,Wiltshire Police,-2.001936,51.437583,On or near Mill Street,E01031901,Wiltshire 016B,Public order,Unable to prosecute suspect,
5f4bb28b6d832772cf30876246414f12ffe64f173035e2bed512b6bf7c865a15,2023-12,Wiltshire Police,Wiltshire Police,-2.004411,51.438023,On or near The Strand,E01031901,Wiltshire 016B,Violence and sexual offences,Investigation complete; no suspect identified,
7c2041257a859abbd4557ad89b11b90930a5a7354a23d1e5c38cbbe65d6e7abd,2023-12,Wiltshire Police,Wiltshire Police,-2.004411,51.438023,On or near The Strand,E01031901,Wiltshire 016B,Violence and sexual offences,Unable to prosecute suspect,
247c088a5bc0d6b44d44b90668c82c46facbefd4a01b694183ed137a864408e6,2023-12,Wiltshire Police,Wiltshire Police,-2.004411,51.438023,On or near The Strand,E01031901,Wiltshire 016B,Violence and sexual offences,Unable to prosecute suspect,
319facddab3e3d004f67d39db26b210028d21508b41e3a9e6b9fde4d830ede8f,2023-12,Wiltshire Police,Wiltshire Police,-1.991492,51.436584,On or near Mallard Close,E01031902,Wiltshire 016C,Other theft,Further action is not in the public interest,
e6a1a06f0e706ab45a404de9a1e2d1c2a4a1c3bed4932add4688d69f00a97023,2023-12,Wiltshire Police,Wiltshire Police,-1.992585,51.436872,On or near Highgrove Close,E01031902,Wiltshire 016C,Public order,Unable to prosecute suspect,
071d3d02caf55ff42b9de0c74c88b22156fe6268a28849dae9aad1baa54263aa,2023-12,Wiltshire Police,Wiltshire Police,-1.989808,51.441593,On or near Tornado Close,E01031902,Wiltshire 016C,Violence and sexual offences,Court result unavailable,
,2023-12,Wiltshire Police,Wiltshire Police,-1.995549,51.439318,On or near George Close,E01031902,Wiltshire 016C,Anti-social behaviour,,
a9441d037ba6b2c985989a9dedd9bac30d11bee227690be210ba35f49efb64d0,2023-12,Wiltshire Police,Wiltshire Police,-1.991492,51.436584,On or near Mallard Close,E01031902,Wiltshire 016C,Criminal damage and arson,Unable to prosecute suspect,
65d971f8848ff9451bc0ca8330184843d471f4bbff1664520daea6eb61d8a514,2023-12,Wiltshire Police,Wiltshire Police,-1.993276,51.439453,On or near Heron Close,E01031902,Wiltshire 016C,Criminal damage and arson,Investigation complete; no suspect identified,
2993db0ee5c404631774a390de9d0213a3e40fccb9c3d79443e92d166b87b2c6,2023-12,Wiltshire Police,Wiltshire Police,-1.993621,51.435542,On or near Purbeck Place,E01031902,Wiltshire 016C,Violence and sexual offences,Unable to prosecute suspect,
107c90dfa2c177d4b98d9e11ca61f267a87fb1f4a0311ee6777f83861ad3cb19,2023-12,Wiltshire Police,Wiltshire Police,-1.996297,51.438878,On or near Forman Street,E01031902,Wiltshire 016C,Violence and sexual offences,Unable to prosecute suspect,
c2bcb0c95685907818118eacc8c6c0a151a1535b95cac5aeb1cb52d02728025a,2023-12,Wiltshire Police,Wiltshire Police,-1.996297,51.438878,On or near Forman Street,E01031902,Wiltshire 016C,Violence and sexual offences,Unable to prosecute suspect,
6fa2f68477f0c4fffa80f52d423d78cd2ba2a6655511e131dbafc5c358d8f541,2023-12,Wiltshire Police,Wiltshire Police,-1.991075,51.437969,On or near Travers Close,E01031902,Wiltshire 016C,Other crime,Further investigation is not in the public interest,
3bd13e08ad6b6f90599bbc8224be794f35ce21542f2e09c23e3ca5e53b72bbdb,2023-12,Wiltshire Police,Wiltshire Police,-1.997075,51.424833,On or near Fairway,E01031903,Wiltshire 016D,Public order,Unable to prosecute suspect,
6805f085834c4211c9b5d91aba49f9fd4d0a0f4731645a64def8b6722be05728,2023-12,Wiltshire Police,Wiltshire Police,-1.994600,51.427557,On or near Ebor Gardens,E01031903,Wiltshire 016D,Violence and sexual offences,Unable to prosecute suspect,
43c39af607e4c8c5d5acea4962a378a919d98ccbd8aa26a15fce482f5e17ee0d,2023-12,Wiltshire Police,Wiltshire Police,-2.011403,51.439677,On or near Wansdyke Drive,E01034524,Wiltshire 016E,Violence and sexual offences,Unable to prosecute suspect,
8d913d04dd998822195888382894286f590fbe5748f92aa9b3bea5b8dea8161c,2023-12,Wiltshire Police,Wiltshire Police,-2.007173,51.437376,On or near Chaveywell Court,E01034524,Wiltshire 016E,Violence and sexual offences,Court result unavailable,
539dd7c66ee9330afabe4039935d1174ec0545fbbd257c93f0f7e760cc92cae3,2023-12,Wiltshire Police,Wiltshire Police,-2.015503,51.438957,On or near Oak Close,E01034524,Wiltshire 016E,Violence and sexual offences,Unable to prosecute suspect,
ca0233d3b98ccb2a6e948544a955369d30ca4de88b67bd6bd22b65250b1a2099,2023-12,Wiltshire Police,Wiltshire Police,-2.015503,51.438957,On or near Oak Close,E01034524,Wiltshire 016E,Violence and sexual offences,Unable to prosecute suspect,
c721e73ad9d546eade9d2fa6b146ecf06f65a8350c07351cd47e31bf0b77124c,2023-12,Wiltshire Police,Wiltshire Police,-2.005807,51.438635,On or near Market Hill,E01034524,Wiltshire 016E,Criminal damage and arson,Investigation complete; no suspect identified,
30c4eb25487b9c78ebed99db0df3c7afd223238c3ac199664cabb81669775044,2023-12,Wiltshire Police,Wiltshire Police,-2.010238,51.439120,On or near Oldbury Way,E01034524,Wiltshire 016E,Violence and sexual offences,Unable to prosecute suspect,
ea80c642793bb116c0876564ff2ec1031783f83dfda148b17d8ac5e59038313d,2023-12,Wiltshire Police,Wiltshire Police,-2.011403,51.439677,On or near Wansdyke Drive,E01034524,Wiltshire 016E,Violence and sexual offences,Unable to prosecute suspect,
e051ef59009cd2d48fa07f013e2315dd0aabe3970c90738553f307692580b2fb,2023-12,Wiltshire Police,Wiltshire Police,-2.011403,51.439677,On or near Wansdyke Drive,E01034524,Wiltshire 016E,Violence and sexual offences,Unable to prosecute suspect,
592da1fcf644920f4e514af8e5d345249f7cfd5f5d20969484adf73875efca68,2023-12,Wiltshire Police,Wiltshire Police,-2.003720,51.430371,On or near Cleverley Way,E01034525,Wiltshire 016F,Other theft,Status update unavailable,
9649159fedab093f520b8a6dd7e0b4d70e1d9df4e444b3b45885b6613bde4cd5,2023-12,Wiltshire Police,Wiltshire Police,-2.277681,51.422966,On or near Bendall'S Lane,E01031888,Wiltshire 017A,Burglary,Investigation complete; no suspect identified,
24cf1f0be346cac9b49f6746c29a0059c5e47d922cf805f5aea0eea07e5bd41d,2023-12,Wiltshire Police,Wiltshire Police,-2.276805,51.401792,On or near Kingsdown Grove,E01031888,Wiltshire 017A,Violence and sexual offences,Investigation complete; no suspect identified,
6d20833c63f9dd16dc5d72d626e63346e584e3b55273bc5fb40866cdff5125c6,2023-12,Wiltshire Police,Wiltshire Police,-2.267271,51.416093,On or near Bath Road,E01031888,Wiltshire 017A,Violence and sexual offences,Unable to prosecute suspect,
3fefc35e1d808f0bf00f3ab4c7cba91a7646dd809fb91381f35befbcc62d37e8,2023-12,Wiltshire Police,Wiltshire Police,-2.218139,51.428837,On or near Toghill Crescent,E01031889,Wiltshire 017B,Public order,Unable to prosecute suspect,
c617671168bb43f9d73b84ae34d3144e0f9e7407e50eff3b59fb69bd97aecb5c,2023-12,Wiltshire Police,Wiltshire Police,-2.218139,51.428837,On or near Toghill Crescent,E01031889,Wiltshire 017B,Violence and sexual offences,Unable to prosecute suspect,
ae029ce33e39378d0d6f6249a16eb7f7c9edc337a2cf94a9d123f350b6306360,2023-12,Wiltshire Police,Wiltshire Police,-2.221173,51.428751,On or near Westwood Road,E01031889,Wiltshire 017B,Violence and sexual offences,Unable to prosecute suspect,
39bfa42b99f5010e1f65a850f6bc1f78bff6e627337fafa748e5994fe14e2f36,2023-12,Wiltshire Police,Wiltshire Police,-2.222330,51.430088,On or near Northcroft Road,E01031889,Wiltshire 017B,Violence and sexual offences,Local resolution,
20f9e0ce8f5868be44473db2ba1133f0ec004fac3d1316e6b8d6fa264b43a67f,2023-12,Wiltshire Police,Wiltshire Police,-2.218139,51.428837,On or near Toghill Crescent,E01031889,Wiltshire 017B,Violence and sexual offences,Court result unavailable,
f5733a16f0302943da86d5b07972115698c38c902908b458a66c87f11f11d710,2023-12,Wiltshire Police,Wiltshire Police,-2.218139,51.428837,On or near Toghill Crescent,E01031889,Wiltshire 017B,Violence and sexual offences,Unable to prosecute suspect,
dfe5f1333d9b701e66b8e563612baaec8dd49c811c2129804965425ec4ae87c9,2023-12,Wiltshire Police,Wiltshire Police,-2.213940,51.432181,On or near Sandown Crescent,E01031889,Wiltshire 017B,Other crime,Court result unavailable,
ef0285c9a05b269ee442c2ee10f996bc571efd15013f703b9fc80ff6aa324844,2023-12,Wiltshire Police,Wiltshire Police,-2.212661,51.429405,On or near Nobles Place,E01031889,Wiltshire 017B,Possession of weapons,Unable to prosecute suspect,
9eabb4863fcf2da0e0e77faf0aefe99bc603ddd0f81f07b50432fae555c244c2,2023-12,Wiltshire Police,Wiltshire Police,-2.215706,51.428563,On or near Cathederal Grove,E01031889,Wiltshire 017B,Public order,Investigation complete; no suspect identified,
ea29b5d50ae43ba14cd52538ce2b93874d080599fb6445369ade95ae0e26dcaf,2023-12,Wiltshire Police,Wiltshire Police,-2.245892,51.416859,On or near Quarry Hill,E01031890,Wiltshire 017C,Criminal damage and arson,Investigation complete; no suspect identified,
,2023-12,Wiltshire Police,Wiltshire Police,-2.255442,51.440307,On or near Eastrip Lane,E01031929,Wiltshire 017D,Anti-social behaviour,,
5b5c1b8c525c4e9dd41227590718c11e4554a5596850c582f3da5d9a81a922b7,2023-12,Wiltshire Police,Wiltshire Police,-2.255727,51.452607,On or near Valley Way,E01031930,Wiltshire 017E,Other theft,Status update unavailable,
1c52fc88be35d66082a6afcac86974324e3b0683bbe7d420a8338530c45ba548,2023-12,Wiltshire Police,Wiltshire Police,-2.142335,51.442271,On or near Deere Avenue,E01031931,Wiltshire 018A,Violence and sexual offences,Unable to prosecute suspect,
6b6d7e809897594a5e6e69e97ad5abf263a6863d0a03e71b19a79d6c90359deb,2023-12,Wiltshire Police,Wiltshire Police,-2.137612,51.446044,On or near Saltersford Lane,E01031931,Wiltshire 018A,Violence and sexual offences,Unable to prosecute suspect,
54f0768178ed2956642f496391d4a0cdfbb4e10c8dae217b91684978106d641f,2023-12,Wiltshire Police,Wiltshire Police,-2.142335,51.442271,On or near Deere Avenue,E01031931,Wiltshire 018A,Violence and sexual offences,Court result unavailable,
507b28ca4d9f2bc970e5bb292a8bca3f52949757a0ce9e142d7443c671dd0a8c,2023-12,Wiltshire Police,Wiltshire Police,-2.142335,51.442271,On or near Deere Avenue,E01031931,Wiltshire 018A,Violence and sexual offences,Unable to prosecute suspect,
,2023-12,Wiltshire Police,Wiltshire Police,-2.147300,51.447282,On or near Shopping Area,E01031931,Wiltshire 018A,Anti-social behaviour,,
,2023-12,Wiltshire Police,Wiltshire Police,-2.143006,51.445201,On or near Homestead Close,E01031931,Wiltshire 018A,Anti-social behaviour,,
,2023-12,Wiltshire Police,Wiltshire Police,-2.142477,51.441713,On or near Haywain Halt,E01031931,Wiltshire 018A,Anti-social behaviour,,
,2023-12,Wiltshire Police,Wiltshire Police,-2.188389,51.431497,On or near The Tynings,E01031931,Wiltshire 018A,Anti-social behaviour,,
,2023-12,Wiltshire Police,Wiltshire Police,-2.147300,51.447282,On or near Shopping Area,E01031931,Wiltshire 018A,Anti-social behaviour,,
,2023-12,Wiltshire Police,Wiltshire Police,-2.188389,51.431497,On or near The Tynings,E01031931,Wiltshire 018A,Anti-social behaviour,,
dbf9b0f57b0d8f1a1fa87c170894e1cedc3e5c87fa9e2d2349289d47780eeb82,2023-12,Wiltshire Police,Wiltshire Police,-2.143129,51.443133,On or near Acre Rise,E01031931,Wiltshire 018A,Burglary,Investigation complete; no suspect identified,
ceb629f76ff94cc10471d1b42ffcb5383f40a0d32383ec8d28b2de6c0dcb083d,2023-12,Wiltshire Police,Wiltshire Police,-2.185660,51.428857,On or near Station Road,E01031931,Wiltshire 018A,Criminal damage and arson,Investigation complete; no suspect identified,
b479ae36cd44c37df5e4631800b15be272317dbf7fa8d4a220603d6b47ac205e,2023-12,Wiltshire Police,Wiltshire Police,-2.184020,51.428896,On or near Old School Yard,E01031931,Wiltshire 018A,Public order,Unable to prosecute suspect,
cce7fb1b73f8c396cedb11f9a3f858801a73b01ad5d04e7361d55260adff4fdb,2023-12,Wiltshire Police,Wiltshire Police,-2.142477,51.441713,On or near Haywain Halt,E01031931,Wiltshire 018A,Theft from the person,Investigation complete; no suspect identified,
4007f8035ccd1ce92e69a472a4efa3b85e51c0c0859e892a88f38c84839fbbe1,2023-12,Wiltshire Police,Wiltshire Police,-2.147300,51.447282,On or near Shopping Area,E01031931,Wiltshire 018A,Vehicle crime,Investigation complete; no suspect identified,
cbfe6f63fca4c5f287f6216375b87abf8bb1f867e7b58cdf8b19a24cd72f6b57,2023-12,Wiltshire Police,Wiltshire Police,-2.184215,51.427277,On or near Kinneir Close,E01031931,Wiltshire 018A,Vehicle crime,Investigation complete; no suspect identified,
3d614274c588d39ef3ada4af0e2e6d66f4a1f8dea564693b9e12f7a33fe1b2df,2023-12,Wiltshire Police,Wiltshire Police,-2.137612,51.446044,On or near Saltersford Lane,E01031931,Wiltshire 018A,Violence and sexual offences,Unable to prosecute suspect,
5a69b559dc917219b488f691f6b3bf6dfe0da9e22fabccda4885ba9312d5d7de,2023-12,Wiltshire Police,Wiltshire Police,-2.137612,51.446044,On or near Saltersford Lane,E01031931,Wiltshire 018A,Violence and sexual offences,Unable to prosecute suspect,
fa85e1aa9ecf265f1485fc3a99a84941737e2bf9d9108b68716417a83ec2613e,2023-12,Wiltshire Police,Wiltshire Police,-2.142335,51.442271,On or near Deere Avenue,E01031931,Wiltshire 018A,Violence and sexual offences,Unable to prosecute suspect,
0e5fa429eefd45a9db07979cb92bc6faf6e0017abfef33a2769a9240e30be227,2023-12,Wiltshire Police,Wiltshire Police,-2.142477,51.441713,On or near Haywain Halt,E01031931,Wiltshire 018A,Violence and sexual offences,Investigation complete; no suspect identified,
,2023-12,Wiltshire Police,Wiltshire Police,-2.197833,51.429880,On or near Edridge Place,E01031932,Wiltshire 018B,Anti-social behaviour,,
998091c7c0d22ae13c02a94a0ebffff66ca5b3041652108c9a34bf06787862fd,2023-12,Wiltshire Police,Wiltshire Police,-2.194694,51.432421,On or near Spring Tining,E01031932,Wiltshire 018B,Violence and sexual offences,Unable to prosecute suspect,
d37cbca653ab0524d4925dcaee92554b2c74e8a0bfd49f36804f2e8915433c60,2023-12,Wiltshire Police,Wiltshire Police,-2.197833,51.429880,On or near Edridge Place,E01031932,Wiltshire 018B,Violence and sexual offences,Unable to prosecute suspect,
04359168296bb34748b813a02fae30ee23bb54eb788bb2f44edfd7426eaa810d,2023-12,Wiltshire Police,Wiltshire Police,-2.195141,51.422674,On or near Portland Rise,E01031933,Wiltshire 018C,Violence and sexual offences,Unable to prosecute suspect,
,2023-12,Wiltshire Police,Wiltshire Police,-2.188957,51.426236,On or near Pound Mead,E01031933,Wiltshire 018C,Anti-social behaviour,,
,2023-12,Wiltshire Police,Wiltshire Police,-2.195141,51.422674,On or near Portland Rise,E01031933,Wiltshire 018C,Anti-social behaviour,,
ead62e88b9fe5d73611592a968faa878669e9e7f298fcf39717ce69076478c51,2023-12,Wiltshire Police,Wiltshire Police,-2.195441,51.422089,On or near Brewer Mews,E01031933,Wiltshire 018C,Criminal damage and arson,Investigation complete; no suspect identified,
329fc6f136b8ed37dd8d94c950957408f2fb3fb76b597310fab596941443e414,2023-12,Wiltshire Police,Wiltshire Police,-2.183790,51.425264,On or near Dew Close,E01031933,Wiltshire 018C,Violence and sexual offences,Unable to prosecute suspect,
22a38db61f2691927dc2c4fd11cc92697fc914feddfb2c4d4f5e7052652d25a7,2023-12,Wiltshire Police,Wiltshire Police,-2.183790,51.425264,On or near Dew Close,E01031933,Wiltshire 018C,Violence and sexual offences,Unable to prosecute suspect,
4746fc4eb68b318b809d54ce024f18197a505162de68c713da16941447440124,2023-12,Wiltshire Police,Wiltshire Police,-2.203076,51.421644,On or near Curlcroft Road,E01031941,Wiltshire 018D,Other theft,Investigation complete; no suspect identified,
4658808df587346834ee270d9b3f97f747261b1cf3d06a1dc25886a4c48bf0f5,2023-12,Wiltshire Police,Wiltshire Police,-2.132818,51.420351,On or near Rosemary Lane,E01031942,Wiltshire 018E,Violence and sexual offences,Court result unavailable,
ca117536fce70b91f201523b4da49f68a6ea92cfb84656f46e520d2318693739,2023-12,Wiltshire Police,Wiltshire Police,-2.126064,51.427516,On or near Mons Lane,E01031942,Wiltshire 018E,Criminal damage and arson,Court result unavailable,
2aae0875635410a7a5a4f9ac205c3dd407a55e2df5db8255dbdb7771f3e76240,2023-12,Wiltshire Police,Wiltshire Police,-2.126064,51.427516,On or near Mons Lane,E01031942,Wiltshire 018E,Criminal damage and arson,Unable to prosecute suspect,
bc26e18948e08324bd9a074195866d6caa4dee2bcbf032cc6aede125ad6cd5a6,2023-12,Wiltshire Police,Wiltshire Police,-2.121674,51.415472,On or near East Street,E01031942,Wiltshire 018E,Vehicle crime,Investigation complete; no suspect identified,
109539c2952f49bfce98d07c34f77b20f6def444d18333125c1a19ab4c2496f5,2023-12,Wiltshire Police,Wiltshire Police,-2.163441,51.421976,On or near Coppershell,E01031942,Wiltshire 018E,Violence and sexual offences,Local resolution,
31b6bf4423d49ea03b02a136e4c21f46efd3bfece6219d8d8c6fec525304b2e5,2023-12,Wiltshire Police,Wiltshire Police,-2.126064,51.427516,On or near Mons Lane,E01031942,Wiltshire 018E,Violence and sexual offences,Unable to prosecute suspect,
8c2911db89b2bffc93cc0f1b40522dd8ae01e1ad318c44918b7d7a80f1f27788,2023-12,Wiltshire Police,Wiltshire Police,-2.186724,51.432290,On or near Supermarket,E01031952,Wiltshire 018F,Shoplifting,Unable to prosecute suspect,
,2023-12,Wiltshire Police,Wiltshire Police,-2.187962,51.436047,On or near Light Close,E01031952,Wiltshire 018F,Anti-social behaviour,,
,2023-12,Wiltshire Police,Wiltshire Police,-2.184487,51.433931,On or near High Street,E01031952,Wiltshire 018F,Anti-social behaviour,,
,2023-12,Wiltshire Police,Wiltshire Police,-2.184487,51.433931,On or near High Street,E01031952,Wiltshire 018F,Anti-social behaviour,,
51e4ecfea8cd1cacc9af587ae6536b8cb002ee68b1a0db863508bf39750e2191,2023-12,Wiltshire Police,Wiltshire Police,-2.186724,51.432290,On or near Supermarket,E01031952,Wiltshire 018F,Burglary,Investigation complete; no suspect identified,
bbf003024f7bd6cc8175cb830a157d9e1a1511151cc2418008246031d99d4df6,2023-12,Wiltshire Police,Wiltshire Police,-2.187328,51.439240,On or near Coulston Road,E01031952,Wiltshire 018F,Criminal damage and arson,Investigation complete; no suspect identified,
cf85cd395bf188d6f01925640ebe8cf0a0ca954775aa511b6dee6d9850d4bdc2,2023-12,Wiltshire Police,Wiltshire Police,-2.184487,51.433931,On or near High Street,E01031952,Wiltshire 018F,Criminal damage and arson,Unable to prosecute suspect,
6dbfbb55e973874080274317bb579de66ac8801a5d300a0e9b49ea124c455650,2023-12,Wiltshire Police,Wiltshire Police,-2.186077,51.435897,On or near Ivy Field,E01031952,Wiltshire 018F,Drugs,Status update unavailable,
95b40670bf65f9d954e46601185d6941dedb4f0fae4bf2ddff4ee167e975b2dc,2023-12,Wiltshire Police,Wiltshire Police,-2.187820,51.436434,On or near The Laggar,E01031952,Wiltshire 018F,Public order,Investigation complete; no suspect identified,
7ea3ef8e5bfd9a72c4e68f79a49efa4296ba91aecfb7c757f23b13339f13c48d,2023-12,Wiltshire Police,Wiltshire Police,-2.186724,51.432290,On or near Supermarket,E01031952,Wiltshire 018F,Shoplifting,Court result unavailable,
e3537719f405d2cd13a0a8cce695d559fbf7375dc18217edf76bdb73d89029ce,2023-12,Wiltshire Police,Wiltshire Police,-2.186724,51.432290,On or near Supermarket,E01031952,Wiltshire 018F,Shoplifting,Court result unavailable,
1c4d8b6b3641ab42e24146be9f94ac6be579b1b09db74e6366c2a50911f5b4d3,2023-12,Wiltshire Police,Wiltshire Police,-2.186724,51.432290,On or near Supermarket,E01031952,Wiltshire 018F,Shoplifting,Court result unavailable,
980c36cf054a489a75781625de2a69721960640259103ff6e8cc457e020e15ef,2023-12,Wiltshire Police,Wiltshire Police,-2.186077,51.435897,On or near Ivy Field,E01031952,Wiltshire 018F,Violence and sexual offences,Unable to prosecute suspect,
b90d354029be6587565b72f983dedb3539144e64bc7b9a271531750a30505b9d,2023-12,Wiltshire Police,Wiltshire Police,-2.187962,51.436047,On or near Light Close,E01031952,Wiltshire 018F,Violence and sexual offences,Unable to prosecute suspect,
99eb0e64508f61da688ed8a49fe3c7cd6309d6c3d9b686976cfc6dbe762aebba,2023-12,Wiltshire Police,Wiltshire Police,-2.207170,51.430215,On or near Hornes Mead,E01034527,Wiltshire 018I,Violence and sexual offences,Unable to prosecute suspect,
,2023-12,Wiltshire Police,Wiltshire Police,-2.201852,51.427833,On or near Bluebell Mead,E01034527,Wiltshire 018I,Anti-social behaviour,,
,2023-12,Wiltshire Police,Wiltshire Police,-2.198451,51.426337,On or near Hilly Fields,E01034527,Wiltshire 018I,Anti-social behaviour,,
569645e9d8ba53d35e4d8aabac53b5438af1271933e1a9b8c975dbb8890b6e51,2023-12,Wiltshire Police,Wiltshire Police,-2.207732,51.430367,On or near Park Lane,E01034527,Wiltshire 018I,Criminal damage and arson,Investigation complete; no suspect identified,
5d16b46c1953e7eefa4630f12663782791c853328266643617b9a01a71812eb5,2023-12,Wiltshire Police,Wiltshire Police,-2.201852,51.427833,On or near Bluebell Mead,E01034527,Wiltshire 018I,Violence and sexual offences,Unable to prosecute suspect,
b8d26f6b1a4540e72382f2fa6290de82df040743982870a6b1e2c44aa6c2143f,2023-12,Wiltshire Police,Wiltshire Police,-2.201852,51.427833,On or near Bluebell Mead,E01034527,Wiltshire 018I,Violence and sexual offences,Unable to prosecute suspect,
c2a593700c9914bba078a50e1ec8fc3670bf8be3b343bae61af7339b87a661ba,2023-12,Wiltshire Police,Wiltshire Police,-1.718579,51.418984,On or near St Margaret'S Mead,E01031861,Wiltshire 019A,Criminal damage and arson,Unable to prosecute suspect,
5272b9a7a81af3bf6489faeece0482d4a759010d3768a728e024322f37b8739b,2023-12,Wiltshire Police,Wiltshire Police,-1.720856,51.415716,On or near Woodstock Court,E01031861,Wiltshire 019A,Shoplifting,Court result unavailable,
cda994d33e178dee1b588154f2b50dfa446220f30672e2225ae61288d38d7b0b,2023-12,Wiltshire Police,Wiltshire Police,-1.717810,51.417750,On or near Homefields,E01031861,Wiltshire 019A,Violence and sexual offences,Unable to prosecute suspect,
5540e75649ee2b639dd980ec73baa97b34157bab5e382896f71eec840082463f,2023-12,Wiltshire Police,Wiltshire Police,-1.718579,51.418984,On or near St Margaret'S Mead,E01031861,Wiltshire 019A,Violence and sexual offences,Action to be taken by another organisation,
eb7c9583ceff13aac00c8101631813ef3e787efcbe43cd221e1ab9026ec6e765,2023-12,Wiltshire Police,Wiltshire Police,-1.721977,51.418444,On or near Sports/Recreation Area,E01031861,Wiltshire 019A,Violence and sexual offences,Unable to prosecute suspect,
b3d94583a92e30a6975979341adfd841ebb326d4f95d0e6a2c309d1f8acb8d0a,2023-12,Wiltshire Police,Wiltshire Police,-1.722058,51.416798,On or near Priory Court,E01031861,Wiltshire 019A,Violence and sexual offences,Action to be taken by another organisation,
,2023-12,Wiltshire Police,Wiltshire Police,-1.727284,51.427762,On or near Rabley Wood View,E01031862,Wiltshire 019B,Anti-social behaviour,,
,2023-12,Wiltshire Police,Wiltshire Police,-1.728178,51.427378,On or near Newby Acre,E01031862,Wiltshire 019B,Anti-social behaviour,,
da5937699c498c806b5aed702217685559263869773bd58809b8be4204d4b526,2023-12,Wiltshire Police,Wiltshire Police,-1.729574,51.427273,On or near Purlyn Acre,E01031862,Wiltshire 019B,Burglary,Investigation complete; no suspect identified,
edf461a968e8425a3a9ea41b1be77c47cc7df14e5f6b5c6476a0e45357618e8a,2023-12,Wiltshire Police,Wiltshire Police,-1.726863,51.421143,On or near Wye Lane,E01031862,Wiltshire 019B,Criminal damage and arson,Investigation complete; no suspect identified,
8636d61609dea896694e02c12e0e60d696945bc095cc660ce5cdfc5581afeb75,2023-12,Wiltshire Police,Wiltshire Police,-1.727284,51.427762,On or near Rabley Wood View,E01031862,Wiltshire 019B,Criminal damage and arson,Investigation complete; no suspect identified,
f671321cfcd4f22fb14118d59b1eb712b8575052ef71ecaf007608a206c77673,2023-12,Wiltshire Police,Wiltshire Police,-1.727284,51.427762,On or near Rabley Wood View,E01031862,Wiltshire 019B,Criminal damage and arson,Local resolution,
3bfc68950e5a12dae799e76f129b2725c47afe2de01a0652f665765fed3eca71,2023-12,Wiltshire Police,Wiltshire Police,-1.727955,51.423717,On or near Alexandra Terrace,E01031862,Wiltshire 019B,Other theft,Status update unavailable,
b7c092778e6e049e15c6cfbde1e5df7cbd0ec2483b994eeb35b6c3337adbb7c4,2023-12,Wiltshire Police,Wiltshire Police,-1.729574,51.427273,On or near Purlyn Acre,E01031862,Wiltshire 019B,Violence and sexual offences,Unable to prosecute suspect,
69bef6c919c73ef8e325b36fca631960855b74a207e35bee9e47c8dadbb88d2c,2023-12,Wiltshire Police,Wiltshire Police,-1.727145,51.429369,On or near Sports/Recreation Area,E01031862,Wiltshire 019B,Violence and sexual offences,Unable to prosecute suspect,
c2406a4c403515c754fae2fe2498ab45c929072e8e860d9edf7c7d23101d51dd,2023-12,Wiltshire Police,Wiltshire Police,-1.727145,51.429369,On or near Sports/Recreation Area,E01031862,Wiltshire 019B,Violence and sexual offences,Unable to prosecute suspect,
99aed76c7448203520897e17d89bda933729fe7b5f4853eed3f87c2f76763db5,2023-12,Wiltshire Police,Wiltshire Police,-1.732597,51.419448,On or near High Street,E01031863,Wiltshire 019C,Criminal damage and arson,Investigation complete; no suspect identified,
8f13ad07c2fdce4d677a71e541b54cb7d76016e854037281c1138616dcf984e9,2023-12,Wiltshire Police,Wiltshire Police,-1.730882,51.420164,On or near Supermarket,E01031863,Wiltshire 019C,Drugs,Unable to prosecute suspect,
bf21108918abae94e694132dfdd0904d5b287fe0065e5e8574b16f717a664827,2023-12,Wiltshire Police,Wiltshire Police,-1.730882,51.420164,On or near Supermarket,E01031863,Wiltshire 019C,Shoplifting,Court result unavailable,
273e4e50cc103771d071ddb5b02e67fed5553e913ed22501368851ba1333de2e,2023-12,Wiltshire Police,Wiltshire Police,-1.730882,51.420164,On or near Supermarket,E01031863,Wiltshire 019C,Shoplifting,Court result unavailable,
,2023-12,Wiltshire Police,Wiltshire Police,-1.728417,51.421012,On or near The Parade,E01031863,Wiltshire 019C,Anti-social behaviour,,
,2023-12,Wiltshire Police,Wiltshire Police,-1.730882,51.420164,On or near Supermarket,E01031863,Wiltshire 019C,Anti-social behaviour,,
f5871f92d07a9251115e6c06d1b143024d7ec69f0875c2d91a790860c1853e08,2023-12,Wiltshire Police,Wiltshire Police,-1.727878,51.422243,On or near A346,E01031863,Wiltshire 019C,Criminal damage and arson,Investigation complete; no suspect identified,
2f9347d761f1ba7a4ec8ec905715ca1c674c7bcdf6ca7a1f22a8dfcd8cb297a0,2023-12,Wiltshire Police,Wiltshire Police,-1.729273,51.422273,On or near Silverless Street,E01031863,Wiltshire 019C,Criminal damage and arson,Investigation complete; no suspect identified,
5d1ed25eba7c5e8d61142fcec2769098592712a6342b307371a66baad0d809bb,2023-12,Wiltshire Police,Wiltshire Police,-1.730882,51.420164,On or near Supermarket,E01031863,Wiltshire 019C,Shoplifting,Investigation complete; no suspect identified,
bd5d7d3afba35e48634267b961e74d8c369d4016e4439e90b0821ff66bb08acc,2023-12,Wiltshire Police,Wiltshire Police,-1.730882,51.420164,On or near Supermarket,E01031863,Wiltshire 019C,Shoplifting,Investigation complete; no suspect identified,
aaf385fcd8ac5fa5ffb9f4cb787d0f2426e0eb65dbbff005009b49a550814d17,2023-12,Wiltshire Police,Wiltshire Police,-1.730882,51.420164,On or near Supermarket,E01031863,Wiltshire 019C,Shoplifting,Court result unavailable,
036d5a15a9fb5f90ef8f9262cc1a96a948c2c29f0553399f916b5379761af3de,2023-12,Wiltshire Police,Wiltshire Police,-1.730882,51.420164,On or near Supermarket,E01031863,Wiltshire 019C,Shoplifting,Court result unavailable,
7336db0ce6be1e63b5b21b8536fa090a1ea8cc6889ed3a3082155564c3ecc082,2023-12,Wiltshire Police,Wiltshire Police,-1.730882,51.420164,On or near Supermarket,E01031863,Wiltshire 019C,Shoplifting,Investigation complete; no suspect identified,
3cc1d19086b11eb94489294d24ba8bb713680d4ccb308267cbdf35afd1af1c7c,2023-12,Wiltshire Police,Wiltshire Police,-1.730882,51.420164,On or near Supermarket,E01031863,Wiltshire 019C,Shoplifting,Court result unavailable,
d0e245a6cc89466201bdec7d8c2262a5113920db527e3c4f033d1e70c9371700,2023-12,Wiltshire Police,Wiltshire Police,-1.730882,51.420164,On or near Supermarket,E01031863,Wiltshire 019C,Shoplifting,Investigation complete; no suspect identified,
5fc6e1b17095402f7f71a1913b700615eb26b1d9f9e7a8147427b78a9e825ab2,2023-12,Wiltshire Police,Wiltshire Police,-1.728417,51.421012,On or near The Parade,E01031863,Wiltshire 019C,Violence and sexual offences,Unable to prosecute suspect,
dfd3df28c5a7e5038f5be647414ed393ee107569de007c50442027148a5e2298,2023-12,Wiltshire Police,Wiltshire Police,-1.728417,51.421012,On or near The Parade,E01031863,Wiltshire 019C,Violence and sexual offences,Unable to prosecute suspect,
93466ea3e025d72fac9dea3096cd88cb2a8cdcc5194ba29b26c1bc5dbc1a6125,2023-12,Wiltshire Police,Wiltshire Police,-1.728417,51.421012,On or near The Parade,E01031863,Wiltshire 019C,Violence and sexual offences,Unable to prosecute suspect,
4f1c75f7e92974aa1db300923e5834c0cd18ac593b5ddc9f78a8823fa66314e3,2023-12,Wiltshire Police,Wiltshire Police,-1.730882,51.420164,On or near Supermarket,E01031863,Wiltshire 019C,Violence and sexual offences,Investigation complete; no suspect identified,
e48e1fec5d95a9002b632acdcf702872ba4951898841698a96b2b0550cfc41ea,2023-12,Wiltshire Police,Wiltshire Police,-1.730882,51.420164,On or near Supermarket,E01031863,Wiltshire 019C,Violence and sexual offences,Unable to prosecute suspect,
,2023-12,Wiltshire Police,Wiltshire Police,-1.756957,51.414331,On or near Manton Close,E01031864,Wiltshire 019D,Anti-social behaviour,,
,2023-12,Wiltshire Police,Wiltshire Police,-1.756957,51.414331,On or near Manton Close,E01031864,Wiltshire 019D,Anti-social behaviour,,
a601a30d94729bebccd49cfb42ba924f7793ba05c534da9be38ebb815c4a9d10,2023-12,Wiltshire Police,Wiltshire Police,-1.741402,51.418713,On or near Shakespeare Drive,E01031864,Wiltshire 019D,Burglary,Unable to prosecute suspect,
246b4a52cdde6bab01e08297b0ed332c989ce53c45e05efa14be09bfe38643a4,2023-12,Wiltshire Police,Wiltshire Police,-1.733390,51.416698,On or near Pewsey Road,E01031865,Wiltshire 019E,Violence and sexual offences,Unable to prosecute suspect,
ed08053f05dd20356262e75e50354a3d40530fb4772eb8f5793e0ef06afd73d1,2023-12,Wiltshire Police,Wiltshire Police,-1.733390,51.416698,On or near Pewsey Road,E01031865,Wiltshire 019E,Violence and sexual offences,Unable to prosecute suspect,
5339bed915cd023aac83e7992cc0447610809596f14f6d09eda6819562ef123c,2023-12,Wiltshire Police,Wiltshire Police,-1.733390,51.416698,On or near Pewsey Road,E01031865,Wiltshire 019E,Violence and sexual offences,Unable to prosecute suspect,
,2023-12,Wiltshire Police,Wiltshire Police,-1.731093,51.415983,On or near Lower Church Fields,E01031865,Wiltshire 019E,Anti-social behaviour,,
ed5581e9a098e6daefc76fa4de6dcefd8c3494d1c1eac048f865022600ea9c0d,2023-12,Wiltshire Police,Wiltshire Police,-1.728363,51.418108,On or near George Lane,E01031865,Wiltshire 019E,Other theft,Investigation complete; no suspect identified,
54e75e6766f393aba0f81681acd580e9abe71fede156b84af38b7a7f4994d444,2023-12,Wiltshire Police,Wiltshire Police,-1.733390,51.416698,On or near Pewsey Road,E01031865,Wiltshire 019E,Public order,Unable to prosecute suspect,
53d330a391f201679a07a598a7e2568ab6f2e3067c9785af4645966f12c572ca,2023-12,Wiltshire Police,Wiltshire Police,-1.726726,51.415227,On or near Upper Church Fields,E01031865,Wiltshire 019E,Violence and sexual offences,Action to be taken by another organisation,
f868af282943256507681d74a298937eeb74befa7e23b459122d71e827dd69df,2023-12,Wiltshire Police,Wiltshire Police,-1.728363,51.418108,On or near George Lane,E01031865,Wiltshire 019E,Violence and sexual offences,Unable to prosecute suspect,
5a562afec3deafd0fb32d42d29125e0f8b230ad1ad2670f72a30a3e395612992,2023-12,Wiltshire Police,Wiltshire Police,-1.724127,51.416983,On or near Cherry Orchard,E01031865,Wiltshire 019E,Violence and sexual offences,Unable to prosecute suspect,
c14177b4473c18d7058bd07aacdd213ebe54fef0eeab60dba28eaab3b86377be,2023-12,Wiltshire Police,Wiltshire Police,-1.726873,51.417034,On or near Isbury Road,E01031865,Wiltshire 019E,Violence and sexual offences,Unable to prosecute suspect,
bd53ba596c3577d9cb7ba25abcf5b0a4b240d04483d84ea2162aaf8969c6c0ee,2023-12,Wiltshire Police,Wiltshire Police,-2.142767,51.382593,On or near Parking Area,E01032063,Wiltshire 020A,Other theft,Unable to prosecute suspect,
a249fb201baaf86f51cbd39c84b688907a7c2bee8015840caceb22a00fdb5caa,2023-12,Wiltshire Police,Wiltshire Police,-2.151131,51.382996,On or near Academy Close,E01032063,Wiltshire 020A,Violence and sexual offences,Unable to prosecute suspect,
614e88092d4a17c0ad879537215f6413a2bb82dae613ec39cf21bc4478d5ca07,2023-12,Wiltshire Police,Wiltshire Police,-2.142767,51.382593,On or near Parking Area,E01032063,Wiltshire 020A,Violence and sexual offences,Unable to prosecute suspect,
,2023-12,Wiltshire Police,Wiltshire Police,-2.143683,51.381477,On or near Beanacre Road,E01032063,Wiltshire 020A,Anti-social behaviour,,
,2023-12,Wiltshire Police,Wiltshire Police,-2.143683,51.381477,On or near Beanacre Road,E01032063,Wiltshire 020A,Anti-social behaviour,,
9fcd59d1ff513f6dd0344a977931003b24c4f19db9f3d37d6badf36ce2ca3b24,2023-12,Wiltshire Police,Wiltshire Police,-2.142934,51.380920,On or near Supermarket,E01032063,Wiltshire 020A,Shoplifting,Investigation complete; no suspect identified,
be0b4f9d985f613a9a394c3b18fc681182f99f9cbf0d3354d00cc78ff00a4a9a,2023-12,Wiltshire Police,Wiltshire Police,-2.142934,51.380920,On or near Supermarket,E01032063,Wiltshire 020A,Shoplifting,Investigation complete; no suspect identified,
bad97e814a318160c2e8d85ffa21f1b40267b0d64752c3d45de9ce2f9f8078b9,2023-12,Wiltshire Police,Wiltshire Police,-2.142934,51.380920,On or near Supermarket,E01032063,Wiltshire 020A,Shoplifting,Investigation complete; no suspect identified,
63e38848132f02bf8bc11895c1ecf1183d751ca64247a9ab828357c837ca72ca,2023-12,Wiltshire Police,Wiltshire Police,-2.148136,51.380860,On or near Roundpond,E01032063,Wiltshire 020A,Violence and sexual offences,Unable to prosecute suspect,
a8114cc75d929cd7fbd8c07ded873290c0fc3d6e4e0d097beb3536a636d93ee6,2023-12,Wiltshire Police,Wiltshire Police,-2.138344,51.383650,On or near Trent Crescent,E01032063,Wiltshire 020A,Violence and sexual offences,Status update unavailable,
7e2d89534564ac55200f5d9833b8258324ac855ea7a0d2ce2e2ae50c10996106,2023-12,Wiltshire Police,Wiltshire Police,-2.140126,51.383513,On or near Avon Road,E01032063,Wiltshire 020A,Violence and sexual offences,Unable to prosecute suspect,
aa2a0ce61e229ae63c40fcdee138cf1e192b08c9e3165727cf0e7b72d10527fe,2023-12,Wiltshire Police,Wiltshire Police,-2.131095,51.380988,On or near Bowmans Court,E01032064,Wiltshire 020B,Burglary,Court result unavailable,
2d81cf8728cb673da46ba45b10c88a9b212248987ee7a972e479784b9b3ecaff,2023-12,Wiltshire Police,Wiltshire Police,-2.127411,51.384256,On or near Lincoln Green,E01032064,Wiltshire 020B,Burglary,Investigation complete; no suspect identified,
ee9f80e5b308970dd2beb1c353349920962c6b465b588f86d64ea1533d7cd475,2023-12,Wiltshire Police,Wiltshire Police,-2.129552,51.384182,On or near Little John Avenue,E01032064,Wiltshire 020B,Shoplifting,Court result unavailable,
8199da13cd75ec90e853ee91d356248667c077960c909867b185062c8d6ed71c,2023-12,Wiltshire Police,Wiltshire Police,-2.129380,51.384443,On or near Meadow Road,E01032064,Wiltshire 020B,Violence and sexual offences,Unable to prosecute suspect,
2f9d4d658647d3009ce7f76e78191d2df6fc00a2a805d8d54544124c0b007bac,2023-12,Wiltshire Police,Wiltshire Police,-2.129380,51.384443,On or near Meadow Road,E01032064,Wiltshire 020B,Violence and sexual offences,Unable to prosecute suspect,
,2023-12,Wiltshire Police,Wiltshire Police,-2.130712,51.383038,On or near Methuen Avenue,E01032064,Wiltshire 020B,Anti-social behaviour,,
ee4c8be5bec55fa48cc07421e6e589a2f53a5360c368a2ff30e943c956951c30,2023-12,Wiltshire Police,Wiltshire Police,-2.127411,51.384256,On or near Lincoln Green,E01032064,Wiltshire 020B,Burglary,Investigation complete; no suspect identified,
272e1ba884e48870fe1b5efff7faccc2f201568b201e14f8f3cae3ed1d5d58d7,2023-12,Wiltshire Police,Wiltshire Police,-2.128550,51.375506,On or near Devonshire Place,E01032065,Wiltshire 020C,Violence and sexual offences,Unable to prosecute suspect,
,2023-12,Wiltshire Police,Wiltshire Police,-2.124953,51.376520,On or near Supermarket,E01032065,Wiltshire 020C,Anti-social behaviour,,
0cc31f26ad53b5a81d07d72397762d83d626017e464f7c6476d3a2ab3908134a,2023-12,Wiltshire Police,Wiltshire Police,-2.124953,51.376520,On or near Supermarket,E01032065,Wiltshire 020C,Drugs,Local resolution,
b6b746e17711cba5277bd7d6553199fd2f2f35814c3b62a1f97f30ed7c57b851,2023-12,Wiltshire Police,Wiltshire Police,-2.126489,51.378143,On or near St Andrew'S Road,E01032065,Wiltshire 020C,Violence and sexual offences,Unable to prosecute suspect,
8514a0a74b3c00fb69a2db865035fa6d267c5e949d1a8d312dc7431204b0fc42,2023-12,Wiltshire Police,Wiltshire Police,-2.128843,51.377583,On or near St Margarets Gardens,E01032065,Wiltshire 020C,Violence and sexual offences,Unable to prosecute suspect,
e04ac207969d2f7da2e9fac478c39d61310ea2b29b71a7c35ad8c6e5025fbbd5,2023-12,Wiltshire Police,Wiltshire Police,-2.122961,51.375242,On or near Malvern Close,E01032073,Wiltshire 020D,Violence and sexual offences,Unable to prosecute suspect,
,2023-12,Wiltshire Police,Wiltshire Police,-2.125296,51.372956,On or near Mendip Close,E01032073,Wiltshire 020D,Anti-social behaviour,,
553522fd60470619477511290ed523e39101e8950791739147c48b441ea17ed6,2023-12,Wiltshire Police,Wiltshire Police,-2.122423,51.373022,On or near Brecon Close,E01032073,Wiltshire 020D,Drugs,Offender given a caution,
deaee407c32425c1c16a640b140fbc75ceb768764458461c1c1aa4a15443a2bb,2023-12,Wiltshire Police,Wiltshire Police,-2.121653,51.374974,On or near Pennine Close,E01032073,Wiltshire 020D,Violence and sexual offences,Unable to prosecute suspect,
d86b796cf3b00c1a65d983b92c43edc6ec3c9e383381c4c9003e4f94ca16c216,2023-12,Wiltshire Police,Wiltshire Police,-2.122423,51.373022,On or near Brecon Close,E01032073,Wiltshire 020D,Violence and sexual offences,Offender given a caution,
46b97a7f02d79dcafcfa35e7450715fd7fe2ef993317badfe16302add501244c,2023-12,Wiltshire Police,Wiltshire Police,-2.121076,51.379470,On or near Bream Close,E01032074,Wiltshire 020E,Public order,Action to be taken by another organisation,
0e47ba1b77616232f9dec086224530229754b64924178ce57bfcff5e636f5f2a,2023-12,Wiltshire Police,Wiltshire Police,-2.122970,51.378497,On or near Arden Close,E01032074,Wiltshire 020E,Violence and sexual offences,Status update unavailable,
1f4f9766c1052f7f8b07988bfda3ba514e6b5abeee4da5db3b651994188e9caf,2023-12,Wiltshire Police,Wiltshire Police,-2.123249,51.380844,On or near Epping Drive,E01032074,Wiltshire 020E,Violence and sexual offences,Unable to prosecute suspect,
,2023-12,Wiltshire Police,Wiltshire Police,-2.206958,51.383414,On or near Coombe Lane,E01032043,Wiltshire 021A,Anti-social behaviour,,
57386d0451c253be9a47dcd608418994bf2488c0c7911788c4325674132909bd,2023-12,Wiltshire Police,Wiltshire Police,-2.163407,51.396350,On or near Eden Grove,E01032044,Wiltshire 021B,Violence and sexual offences,Court result unavailable,
6cb10770757d880e3887714009ced3ab0887d178d2971452e3b11eb9ca5aefd3,2023-12,Wiltshire Police,Wiltshire Police,-2.167329,51.387793,On or near Norrington Lane,E01032044,Wiltshire 021B,Criminal damage and arson,Unable to prosecute suspect,
63eead2091f71e12f728cf225c98f2cba330e2d5ac30e61392943f3b490b047c,2023-12,Wiltshire Police,Wiltshire Police,-2.152907,51.385412,On or near Fieldsview,E01032044,Wiltshire 021B,Violence and sexual offences,Unable to prosecute suspect,
,2023-12,Wiltshire Police,Wiltshire Police,-2.140474,51.361294,On or near Smeaton Way,E01032070,Wiltshire 021D,Anti-social behaviour,,
,2023-12,Wiltshire Police,Wiltshire Police,-2.142859,51.356867,On or near Shails Lane,E01032070,Wiltshire 021D,Anti-social behaviour,,
2a152535a91db22ed0b9592b501c7dee1ff7913e428210273859f2dea04c64fd,2023-12,Wiltshire Police,Wiltshire Police,-2.126871,51.360608,On or near Elm Close,E01032070,Wiltshire 021D,Burglary,Investigation complete; no suspect identified,
609f87f8ff30b4ce2dda2dd75e23bbbae317a43cdfd4f89d0e281857da8e1f19,2023-12,Wiltshire Police,Wiltshire Police,-2.143447,51.361264,On or near Semington Road,E01032070,Wiltshire 021D,Criminal damage and arson,Investigation complete; no suspect identified,
55a91bb449a2f8425bc6fd2ec971bc24971cf54b0c314ab327d8e1cb778ec769,2023-12,Wiltshire Police,Wiltshire Police,-2.123992,51.358094,On or near Hurricane Road,E01032070,Wiltshire 021D,Vehicle crime,Investigation complete; no suspect identified,
4ab9b32de0dbe91251fef64e0c1759ec81fda3579cdf65b4b0d25c991b91dbbc,2023-12,Wiltshire Police,Wiltshire Police,-2.147663,51.359011,On or near Kelly Close,E01032070,Wiltshire 021D,Vehicle crime,Unable to prosecute suspect,
e9c5e179b07e7b832bfd5a8b4bbf6174b6e64246857ea30c73750705c1070aae,2023-12,Wiltshire Police,Wiltshire Police,-2.142859,51.356867,On or near Shails Lane,E01032070,Wiltshire 021D,Violence and sexual offences,Investigation complete; no suspect identified,
5ef0425e08a0977a5ec57c482a3ecd7e3d054eccf2c79851426ead3b8e2ce3e8,2023-12,Wiltshire Police,Wiltshire Police,-2.142859,51.356867,On or near Shails Lane,E01032070,Wiltshire 021D,Violence and sexual offences,Unable to prosecute suspect,
72b295b9cae180936aa2a8b8fa0e8adfdbb8ef54ef8f31ed2c72118983324174,2023-12,Wiltshire Police,Wiltshire Police,-2.121828,51.354284,On or near Brabazon Way,E01032072,Wiltshire 021F,Burglary,Status update unavailable,
89c442a08bc4a8c446b54530a8923911dcac2d9ebdd9b34691f9a57e5353505c,2023-12,Wiltshire Police,Wiltshire Police,-2.121827,51.353924,On or near Brabazon Way,E01032072,Wiltshire 021F,Other theft,Unable to prosecute suspect,
e95f6ecffae0d29fcf1d615d93f1919fc195489344f5554300f5d13ab31ae3ae,2023-12,Wiltshire Police,Wiltshire Police,-2.120253,51.378032,On or near Asquith Avenue,E01034528,Wiltshire 021G,Other theft,Investigation complete; no suspect identified,
2b1038dbc70241b8f82b4661dedfb640defba19219d34b233e0aed4aa51386c4,2023-12,Wiltshire Police,Wiltshire Police,-2.116412,51.376265,On or near Blackbird Close,E01034528,Wiltshire 021G,Violence and sexual offences,Status update unavailable,
68aba1ed7caedc59cbb2c2b2961d65b01dbdc3887df96a13832e1b941f2dd055,2023-12,Wiltshire Police,Wiltshire Police,-2.114827,51.374324,On or near Goldfinch Road,E01034529,Wiltshire 021H,Violence and sexual offences,Court result unavailable,
,2023-12,Wiltshire Police,Wiltshire Police,-2.119019,51.373358,On or near Sports/Recreation Area,E01034529,Wiltshire 021H,Anti-social behaviour,,
,2023-12,Wiltshire Police,Wiltshire Police,-2.130097,51.358672,On or near Avro Way,E01034530,Wiltshire 021I,Anti-social behaviour,,
,2023-12,Wiltshire Police,Wiltshire Police,-2.127924,51.362226,On or near Pathfinder Way,E01034530,Wiltshire 021I,Anti-social behaviour,,
1573e9943081f54149c9422db009a0be2ac053c5e0b6acc5e182d7664a37c717,2023-12,Wiltshire Police,Wiltshire Police,-2.118739,51.359619,On or near Belvedere Road,E01034530,Wiltshire 021I,Bicycle theft,Unable to prosecute suspect,
95554a22cef8ffd0b490bfad6f69f2e02dff881a194e3b1a08f482eb2963a1f3,2023-12,Wiltshire Police,Wiltshire Police,-2.118739,51.359619,On or near Belvedere Road,E01034530,Wiltshire 021I,Bicycle theft,Unable to prosecute suspect,
68d477d05a35043bcd20df15ce80df226fef18fdacee715e7c919af47c6e13fd,2023-12,Wiltshire Police,Wiltshire Police,-2.118739,51.359619,On or near Belvedere Road,E01034530,Wiltshire 021I,Other theft,Investigation complete; no suspect identified,
08752517b13312bd02cb9aea8d6f8dce60ec915a3f12ffc61afe5d9faeb2da7a,2023-12,Wiltshire Police,Wiltshire Police,-2.132321,51.357752,On or near Lancaster Road,E01034530,Wiltshire 021I,Other theft,Investigation complete; no suspect identified,
e756130109c5bfc812f002309a17ab70437a3e5d95c4d6d06cca8e791174b297,2023-12,Wiltshire Police,Wiltshire Police,-2.118739,51.359619,On or near Belvedere Road,E01034530,Wiltshire 021I,Violence and sexual offences,Unable to prosecute suspect,
b7dc088f223b8da2750fcf09a9225c68ea51539ea303c9fe6997203effa50b02,2023-12,Wiltshire Police,Wiltshire Police,-2.120473,51.368825,On or near Lovage Lane,E01034530,Wiltshire 021I,Violence and sexual offences,Status update unavailable,
5cbe0b89c00d703c404d14359da30cc4b2ee44344220c1acb2bea67dc3b7c1cd,2023-12,Wiltshire Police,Wiltshire Police,-2.127924,51.362226,On or near Pathfinder Way,E01034530,Wiltshire 021I,Violence and sexual offences,Unable to prosecute suspect,
9eff3faf09b91c489e18b014a5429bc3b982b0a1efb3674778697c44e513f793,2023-12,Wiltshire Police,Wiltshire Police,-2.127924,51.362226,On or near Pathfinder Way,E01034530,Wiltshire 021I,Violence and sexual offences,Unable to prosecute suspect,
d2a80912a57e5aded9b5eedf46e6c26aeb009d4ec6684e6371f6939eed794b91,2023-12,Wiltshire Police,Wiltshire Police,-2.118739,51.359619,On or near Belvedere Road,E01034530,Wiltshire 021I,Violence and sexual offences,Unable to prosecute suspect,
10d23dce6c2a127b14adf2a5e09c5f5bec9d55c531052c8e263e3d9d75040825,2023-12,Wiltshire Police,Wiltshire Police,-2.138161,51.375342,On or near Supermarket,E01032062,Wiltshire 022A,Burglary,Investigation complete; no suspect identified,
f0a03e9f191932b5c03ee742dd916d94f120c1a6a19e83d590f57b16f73bd4b0,2023-12,Wiltshire Police,Wiltshire Police,-2.137094,51.374040,On or near Parking Area,E01032062,Wiltshire 022A,Violence and sexual offences,Unable to prosecute suspect,
cde2e459d547da5eb6ebadaaf7bd1d8781489112eb8e6f318bbe93a1c56c54cc,2023-12,Wiltshire Police,Wiltshire Police,-2.138161,51.375342,On or near Supermarket,E01032062,Wiltshire 022A,Violence and sexual offences,Unable to prosecute suspect,
,2023-12,Wiltshire Police,Wiltshire Police,-2.133789,51.373855,On or near Ruskin Avenue,E01032062,Wiltshire 022A,Anti-social behaviour,,
,2023-12,Wiltshire Police,Wiltshire Police,-2.134856,51.375040,On or near Lowbourne,E01032062,Wiltshire 022A,Anti-social behaviour,,
,2023-12,Wiltshire Police,Wiltshire Police,-2.141211,51.376453,On or near New Broughton Road,E01032062,Wiltshire 022A,Anti-social behaviour,,
,2023-12,Wiltshire Police,Wiltshire Police,-2.142060,51.377001,On or near Old Broughton Road,E01032062,Wiltshire 022A,Anti-social behaviour,,
,2023-12,Wiltshire Police,Wiltshire Police,-2.138115,51.374326,On or near Bank Street,E01032062,Wiltshire 022A,Anti-social behaviour,,
,2023-12,Wiltshire Police,Wiltshire Police,-2.131143,51.372814,On or near Williams Close,E01032062,Wiltshire 022A,Anti-social behaviour,,
,2023-12,Wiltshire Police,Wiltshire Police,-2.142060,51.377001,On or near Old Broughton Road,E01032062,Wiltshire 022A,Anti-social behaviour,,
,2023-12,Wiltshire Police,Wiltshire Police,-2.138115,51.374326,On or near Bank Street,E01032062,Wiltshire 022A,Anti-social behaviour,,
92cf85035cc1618f337fee48310550c9c463f212f5808375eedb6f28ef07a0a9,2023-12,Wiltshire Police,Wiltshire Police,-2.131143,51.372814,On or near Williams Close,E01032062,Wiltshire 022A,Bicycle theft,Unable to prosecute suspect,
7c7c7f0dc4850f434a0f8d561e37e557c919ad13972a4a540429e5f9e0a1824b,2023-12,Wiltshire Police,Wiltshire Police,-2.138982,51.376069,On or near Parking Area,E01032062,Wiltshire 022A,Burglary,Investigation complete; no suspect identified,
356ff0d1daf45317ca5382530a7aaffbc51c7d98b76b24a48c88d8e3dd441daf,2023-12,Wiltshire Police,Wiltshire Police,-2.140492,51.376311,On or near Shopping Area,E01032062,Wiltshire 022A,Burglary,Investigation complete; no suspect identified,
0d9c603082ce59364a2dbf584ba3f387a214f6ae459c94fddc93ae704307b7dd,2023-12,Wiltshire Police,Wiltshire Police,-2.140587,51.374701,On or near Supermarket,E01032062,Wiltshire 022A,Burglary,Investigation complete; no suspect identified,
0e171a02f68a075d3a728115533b7f7c5473758ff9fd603e41abb8aa760cccb3,2023-12,Wiltshire Police,Wiltshire Police,-2.128777,51.374409,On or near Gloucester Square,E01032062,Wiltshire 022A,Criminal damage and arson,Investigation complete; no suspect identified,
ed139ad8b741e3b931af253c901d7c4000fcb4bd7060c6f126fc807a681dac2b,2023-12,Wiltshire Police,Wiltshire Police,-2.137094,51.374040,On or near Parking Area,E01032062,Wiltshire 022A,Criminal damage and arson,Investigation complete; no suspect identified,
6c80d0b3c2372c6dfe8804e1a31665e98835f717d6a1ad07e767ebade1a122ca,2023-12,Wiltshire Police,Wiltshire Police,-2.146281,51.376150,On or near Supermarket,E01032062,Wiltshire 022A,Other theft,Investigation complete; no suspect identified,
0df55c56d8bc1862706cbe2f100a214538819150e7db8fd804faadf008b190ae,2023-12,Wiltshire Police,Wiltshire Police,-2.138115,51.374326,On or near Bank Street,E01032062,Wiltshire 022A,Public order,Investigation complete; no suspect identified,
0c6a318250b94a08066c89414cef488b5b47eed1a9a27deaa4af03b5b983d08f,2023-12,Wiltshire Police,Wiltshire Police,-2.140587,51.374701,On or near Supermarket,E01032062,Wiltshire 022A,Shoplifting,Investigation complete; no suspect identified,
9859d6c911e88ce3c70ba71aeca084b3b892cc00b357bfa2fce2cefba27d2f18,2023-12,Wiltshire Police,Wiltshire Police,-2.146281,51.376150,On or near Supermarket,E01032062,Wiltshire 022A,Shoplifting,Status update unavailable,
da0d45cc4c4d1b29e8a55a946344121204dc3db830d0fb1d7fb4c78849cdc97f,2023-12,Wiltshire Police,Wiltshire Police,-2.140587,51.374701,On or near Supermarket,E01032062,Wiltshire 022A,Shoplifting,Investigation complete; no suspect identified,
33225b79106204b65cb598fd54870bf115db411488230cfe65a671e7125e66cc,2023-12,Wiltshire Police,Wiltshire Police,-2.140587,51.374701,On or near Supermarket,E01032062,Wiltshire 022A,Shoplifting,Investigation complete; no suspect identified,
0cf7be0f5ef7991254beb49218928a6fc5b543805c98a11d6372e6fc397e650d,2023-12,Wiltshire Police,Wiltshire Police,-2.140587,51.374701,On or near Supermarket,E01032062,Wiltshire 022A,Shoplifting,Investigation complete; no suspect identified,
30ecb090fed114b7932c56901b4cf2a54ffcd8ba940271bebb5bb4cee225d550,2023-12,Wiltshire Police,Wiltshire Police,-2.141211,51.376453,On or near New Broughton Road,E01032062,Wiltshire 022A,Vehicle crime,Investigation complete; no suspect identified,
c3ae2c79a4f8c468d0d990a15670559849173bc5ed83bd8f116d12168f10b535,2023-12,Wiltshire Police,Wiltshire Police,-2.137094,51.374040,On or near Parking Area,E01032062,Wiltshire 022A,Violence and sexual offences,Unable to prosecute suspect,
91384ef467ce3d708b1b1e9a0c8b32485f725503bccd3e008eb5571a2b4c8b70,2023-12,Wiltshire Police,Wiltshire Police,-2.140587,51.374701,On or near Supermarket,E01032062,Wiltshire 022A,Violence and sexual offences,Investigation complete; no suspect identified,
9087da4ef0d57d573e1b508f5f481b1feb8d63c980c2a09bfaec757025fc3ae2,2023-12,Wiltshire Police,Wiltshire Police,-2.138115,51.374326,On or near Bank Street,E01032062,Wiltshire 022A,Violence and sexual offences,Investigation complete; no suspect identified,
b3a035b6f8a0127ea29d109b43b89336fa5fa43686fc6c61922de7e8f6cd1f8b,2023-12,Wiltshire Police,Wiltshire Police,-2.133789,51.373855,On or near Ruskin Avenue,E01032062,Wiltshire 022A,Violence and sexual offences,Unable to prosecute suspect,
12060bc3e6aecdbd99c77365128e6435f15b5818cf1df99fb464f08965152e55,2023-12,Wiltshire Police,Wiltshire Police,-2.133789,51.373855,On or near Ruskin Avenue,E01032062,Wiltshire 022A,Violence and sexual offences,Unable to prosecute suspect,
cffced87b25a5e57ad86e3bedfb12a45f21756fef64db284c52ee11616dcb2d5,2023-12,Wiltshire Police,Wiltshire Police,-2.134358,51.371705,On or near Milton Avenue,E01032062,Wiltshire 022A,Violence and sexual offences,Investigation complete; no suspect identified,
2a7f5da04449e3cdfc1b2de5dc60f28dc9268aea179c03ccaa476d76313f4aa5,2023-12,Wiltshire Police,Wiltshire Police,-2.127121,51.367685,On or near Long Leaze Lane,E01032066,Wiltshire 022B,Violence and sexual offences,Court result unavailable,
,2023-12,Wiltshire Police,Wiltshire Police,-2.126405,51.368702,On or near Sweet Briar Road,E01032066,Wiltshire 022B,Anti-social behaviour,,
,2023-12,Wiltshire Police,Wiltshire Police,-2.126405,51.368702,On or near Sweet Briar Road,E01032066,Wiltshire 022B,Anti-social behaviour,,
8ba2fbf2bb2ec8868840e12216dcd89edccea8d67bc470e63859d0f42b8f98ce,2023-12,Wiltshire Police,Wiltshire Police,-2.130389,51.370217,On or near Wessex Close,E01032066,Wiltshire 022B,Violence and sexual offences,Unable to prosecute suspect,
1c7c4dd5015e02e9064457dc9c19c5ceb41f1cb40122bb423a857feffffbe3ab,2023-12,Wiltshire Police,Wiltshire Police,-2.130006,51.372231,On or near Queensway,E01032066,Wiltshire 022B,Violence and sexual offences,Status update unavailable,
6aac5b295444589fdd1d56e25da8faad4942210c1721d2821d81990ba3ea4151,2023-12,Wiltshire Police,Wiltshire Police,-2.139375,51.372823,On or near Church Street,E01032067,Wiltshire 022C,Violence and sexual offences,Unable to prosecute suspect,
0a78bb0ea6e336bd8406b190bfcf7e97ce80d4d2b8387d0afe59cc789c5d00b7,2023-12,Wiltshire Police,Wiltshire Police,-2.139700,51.366286,On or near Peel Court,E01032067,Wiltshire 022C,Violence and sexual offences,Action to be taken by another organisation,
0a75ac0608dcef6c11ac9877621751d4b695d84a4f8165cf37d26ca470b1be76,2023-12,Wiltshire Police,Wiltshire Police,-2.136821,51.364230,On or near Berkeley Close,E01032067,Wiltshire 022C,Violence and sexual offences,Unable to prosecute suspect,
9f63fab337e3d91e47a518dcf66916f3f2796569693931533310d1b472113f98,2023-12,Wiltshire Police,Wiltshire Police,-2.139277,51.373677,On or near Parking Area,E01032067,Wiltshire 022C,Violence and sexual offences,Unable to prosecute suspect,
d1443a00ec2d324911b56ceb20ba10d4aa750a49a4d50ba623e474edbfb5ece2,2023-12,Wiltshire Police,Wiltshire Police,-2.139700,51.366286,On or near Peel Court,E01032067,Wiltshire 022C,Violence and sexual offences,Action to be taken by another organisation,
3c6be04a003b89c1247ce46dde78f6083322b55912e4ea35635acb33c04e9886,2023-12,Wiltshire Police,Wiltshire Police,-2.139700,51.366286,On or near Peel Court,E01032067,Wiltshire 022C,Violence and sexual offences,Action to be taken by another organisation,
9c030f67ba673951195de3c2937b47eeb5dd7d0efa024b1c057c98d0481fe509,2023-12,Wiltshire Police,Wiltshire Police,-2.139700,51.366286,On or near Peel Court,E01032067,Wiltshire 022C,Violence and sexual offences,Action to be taken by another organisation,
952f08bb28793aa84f929960c8159b0ad224ebc46fd485fe4d638a683c3b3c01,2023-12,Wiltshire Police,Wiltshire Police,-2.139700,51.366286,On or near Peel Court,E01032067,Wiltshire 022C,Violence and sexual offences,Action to be taken by another organisation,
5f4efb0db0c35be0792f9bb4187ea7351b6702c93b938f7ecc29f30d4bbfdc15,2023-12,Wiltshire Police,Wiltshire Police,-2.138282,51.372474,On or near High Street,E01032068,Wiltshire 022D,Burglary,Court result unavailable,
fda7162ac3bf12392267326013f47fb8111a673a1f4fe4210e75e86cbd0dcd84,2023-12,Wiltshire Police,Wiltshire Police,-2.137578,51.372429,On or near Watson'S Court,E01032068,Wiltshire 022D,Violence and sexual offences,Unable to prosecute suspect,
,2023-12,Wiltshire Police,Wiltshire Police,-2.138624,51.371475,On or near Parking Area,E01032068,Wiltshire 022D,Anti-social behaviour,,
,2023-12,Wiltshire Police,Wiltshire Police,-2.132697,51.368614,On or near Petrol Station,E01032068,Wiltshire 022D,Anti-social behaviour,,
26aae354a42d8232c7f2640177204ecdcbfdec81648190f4a9ec4b0cbf4a3d2a,2023-12,Wiltshire Police,Wiltshire Police,-2.132697,51.368614,On or near Petrol Station,E01032068,Wiltshire 022D,Criminal damage and arson,Status update unavailable,
7f3a6dfb9db644f0b70bc627edbe20a84dcceaa4d8c925f8d3f90c7400398dc5,2023-12,Wiltshire Police,Wiltshire Police,-2.134580,51.369241,On or near Warwick Crescent,E01032068,Wiltshire 022D,Other theft,Status update unavailable,
a66fb1e704886a5c23306ce5981aac878887b91f00b03cb598abcd1b4cdfc07b,2023-12,Wiltshire Police,Wiltshire Police,-2.138282,51.372474,On or near High Street,E01032068,Wiltshire 022D,Robbery,Investigation complete; no suspect identified,
8b2c5dc29e34d206a08325a6b17e57b54c93788e2181cf3c37b5186d8b7d8950,2023-12,Wiltshire Police,Wiltshire Police,-2.134580,51.369241,On or near Warwick Crescent,E01032068,Wiltshire 022D,Shoplifting,Court result unavailable,
03c4a82646c53aed7f158d30b747cbbb3631d4e15a2d29803c937a23c16fc1b0,2023-12,Wiltshire Police,Wiltshire Police,-2.138282,51.372474,On or near High Street,E01032068,Wiltshire 022D,Shoplifting,Investigation complete; no suspect identified,
2ec5957b0a07427d1ad9bc241bd963add17fa1a1f7860bb8ce477dfb085c0387,2023-12,Wiltshire Police,Wiltshire Police,-2.138282,51.372474,On or near High Street,E01032068,Wiltshire 022D,Shoplifting,Investigation complete; no suspect identified,
06c4a2dbb839cf01ef14cb259ae7d2db4fc32ff135ac0f3bbb1b72fb6992e670,2023-12,Wiltshire Police,Wiltshire Police,-2.138282,51.372474,On or near High Street,E01032068,Wiltshire 022D,Vehicle crime,Investigation complete; no suspect identified,
1e653729ca71289b968398e6c554b6f41bce5444093312d133bfaa4b428020e6,2023-12,Wiltshire Police,Wiltshire Police,-2.134580,51.369241,On or near Warwick Crescent,E01032068,Wiltshire 022D,Violence and sexual offences,Court result unavailable,
fe49b62ae1ba23e6579abb2a8767005d4e006b6fbc5f59d38969b4acc6f0ae16,2023-12,Wiltshire Police,Wiltshire Police,-2.138624,51.371475,On or near Parking Area,E01032068,Wiltshire 022D,Violence and sexual offences,Unable to prosecute suspect,
9f3dd449cfe5186116304827014bb196a88fa3d698d2bf27096dc2077595f2ac,2023-12,Wiltshire Police,Wiltshire Police,-2.137624,51.368752,On or near West End,E01032068,Wiltshire 022D,Violence and sexual offences,Investigation complete; no suspect identified,
dcc924b92bb878a61187e95474b53c08b438edcbaf798ac999b444c0e1c27827,2023-12,Wiltshire Police,Wiltshire Police,-2.137578,51.372429,On or near Watson'S Court,E01032068,Wiltshire 022D,Violence and sexual offences,Unable to prosecute suspect,
e23b2f41101570fb3c4c0c1ec5bf2c8899e8ef2eeff5ba6a834b7573f14775db,2023-12,Wiltshire Police,Wiltshire Police,-2.138282,51.372474,On or near High Street,E01032068,Wiltshire 022D,Violence and sexual offences,Local resolution,
a6090e3596e314c007faa7659aaf8f4e10c251f3b7acad1eea4d2f0917e5d252,2023-12,Wiltshire Police,Wiltshire Police,-2.128538,51.366029,On or near Rosebrock Gardens,E01032069,Wiltshire 022E,Criminal damage and arson,Investigation complete; no suspect identified,
f9210496e2fa247151e547f89738686497739c191c94f6d915f3cc66eb6a6a21,2023-12,Wiltshire Police,Wiltshire Police,-2.137254,51.365021,On or near Longford Road,E01032069,Wiltshire 022E,Violence and sexual offences,Unable to prosecute suspect,
a1daaf2af5c331308b8a0c429fd2604586bede3a7657836624b35c31f9d7032a,2023-12,Wiltshire Police,Wiltshire Police,-2.132729,51.365800,On or near Sports/Recreation Area,E01032069,Wiltshire 022E,Other crime,Further action is not in the public interest,
077cfcbe3284d2d3c34453c3dfed5e6ebd2e1b5d94a9a43f28f9d6cf9566f354,2023-12,Wiltshire Police,Wiltshire Police,-2.200859,51.355577,On or near The Street,E01032058,Wiltshire 023A,Criminal damage and arson,Unable to prosecute suspect,
1db96776a31ed601e7d3049b4d859f09fab5fad65586c8ff779b222d2c7446b3,2023-12,Wiltshire Police,Wiltshire Police,-2.198248,51.356283,On or near Still Man Close,E01032058,Wiltshire 023A,Criminal damage and arson,Investigation complete; no suspect identified,
cfdbb62da36e84d0129693f93cac0ade9ac305e8d1d0553a4a29a8ab5ca0b2d6,2023-12,Wiltshire Police,Wiltshire Police,-2.235167,51.364011,On or near Rushey Lane,E01032059,Wiltshire 023B,Violence and sexual offences,Court result unavailable,
,2023-12,Wiltshire Police,Wiltshire Police,-2.282496,51.350311,On or near Broomground,E01032059,Wiltshire 023B,Anti-social behaviour,,
2222ccb1995b8f38498a949e3bf5fa81be0a532a5da73340536a1eee55c5ebf0,2023-12,Wiltshire Police,Wiltshire Police,-2.281110,51.374798,On or near Sally In The Wood,E01032059,Wiltshire 023B,Criminal damage and arson,Unable to prosecute suspect,
24b142300632a28ce983d893fd61d49573db6c58970bbd34f6aacade08f1aee2,2023-12,Wiltshire Police,Wiltshire Police,-2.280623,51.384483,On or near Butt'S Lane,E01032059,Wiltshire 023B,Criminal damage and arson,Investigation complete; no suspect identified,
1e24e603031c2429a1ae8836ce6a5755b11c07749d3c2b046c824fc1846978a5,2023-12,Wiltshire Police,Wiltshire Police,-2.241570,51.377143,On or near Ivy Lane,E01032059,Wiltshire 023B,Vehicle crime,Investigation complete; no suspect identified,
7be1322c5ad757cc87b497586bc0de49da20bdc1591121c6b87e7da6ac6a97ba,2023-12,Wiltshire Police,Wiltshire Police,-2.281110,51.374798,On or near Sally In The Wood,E01032059,Wiltshire 023B,Violence and sexual offences,Unable to prosecute suspect,
,2023-12,Wiltshire Police,Wiltshire Police,-2.285196,51.348029,On or near Bradford Road,E01032060,Wiltshire 023C,Anti-social behaviour,,
b3998a611367edc6caee0dbef3aef430297fb602bc4f6889be0819dbf3364ff3,2023-12,Wiltshire Police,Wiltshire Police,-2.288016,51.349002,On or near Poston Way,E01032060,Wiltshire 023C,Other theft,Investigation complete; no suspect identified,
806cd7925ddd5517b368aa96589386ea23771fee0531975025b47e9a1cc3367b,2023-12,Wiltshire Police,Wiltshire Police,-2.316306,51.347401,On or near Woods Hill,E01032060,Wiltshire 023C,Violence and sexual offences,Status update unavailable,
593fafa844930b53c574f6289f955c4c0d479d225a3b4555f7fc50d4e1811f5f,2023-12,Wiltshire Police,Wiltshire Police,-2.314994,51.350749,On or near Lower Stoke,E01032060,Wiltshire 023C,Violence and sexual offences,Unable to prosecute suspect,
d5af41e32488e06e79d06d6089aada133863f8f86a9d24424f66c6846fd20b2a,2023-12,Wiltshire Police,Wiltshire Police,-2.316306,51.347401,On or near Woods Hill,E01032060,Wiltshire 023C,Violence and sexual offences,Unable to prosecute suspect,
919f352b9e47f4474923e4e16d1a4782603e912a5a3fbb92fcbdcaf2099ce82b,2023-12,Wiltshire Police,Wiltshire Police,-2.277014,51.331756,On or near Reto Grove,E01032061,Wiltshire 023D,Theft from the person,Unable to prosecute suspect,
139c743599b1bf1efb7ee51f06032c2c39ed196ba4d0a7db17223f45c30d36d4,2023-12,Wiltshire Police,Wiltshire Police,-2.277014,51.331756,On or near Reto Grove,E01032061,Wiltshire 023D,Violence and sexual offences,Unable to prosecute suspect,
cba5c1e034ddd8258c896af93d61e560f02f1783509a0cf5eac4ac76b12d194e,2023-12,Wiltshire Police,Wiltshire Police,-2.275404,51.331409,On or near Orchard Close,E01032061,Wiltshire 023D,Violence and sexual offences,Unable to prosecute suspect,
c9cac1214ac0fcec10822ac39a744e06c0e4e57a407b6fcdf31a3f2d77aacce2,2023-12,Wiltshire Police,Wiltshire Police,-1.716479,51.363042,On or near St Andrew'S Close,E01031866,Wiltshire 024A,Vehicle crime,Court result unavailable,
,2023-12,Wiltshire Police,Wiltshire Police,-1.730587,51.347834,On or near Crossroads,E01031866,Wiltshire 024A,Anti-social behaviour,,
241ec4a57eca2cf48146aefc388eef944ad326f620528970bdd09a5c649f8fcf,2023-12,Wiltshire Police,Wiltshire Police,-1.716479,51.363042,On or near St Andrew'S Close,E01031866,Wiltshire 024A,Criminal damage and arson,Unable to prosecute suspect,
e318f2ec00f7d5ef039e36c3a57d4a372e2d4cdcc21d2dad56d95952e7d2b2cc,2023-12,Wiltshire Police,Wiltshire Police,-1.699047,51.395278,On or near Great Lodge Drive,E01031866,Wiltshire 024A,Violence and sexual offences,Unable to prosecute suspect,
ed06758cc5b0b42cc9cc6d2d48bd8fb5cad9f59ff05254f4188c50883632e0ca,2023-12,Wiltshire Police,Wiltshire Police,-1.730587,51.347834,On or near Crossroads,E01031866,Wiltshire 024A,Violence and sexual offences,Unable to prosecute suspect,
97e989f3521fb97546a823ac79bedbe537d27d986eb55c8da24d53fc3d86b51d,2023-12,Wiltshire Police,Wiltshire Police,-1.768379,51.339256,On or near Aston Close,E01031869,Wiltshire 024B,Violence and sexual offences,Unable to prosecute suspect,
,2023-12,Wiltshire Police,Wiltshire Police,-1.768379,51.339256,On or near Aston Close,E01031869,Wiltshire 024B,Anti-social behaviour,,
2a737762fa37c2078e3aeaed0bfe3a4e20b8c033f2ebac2c3084f670ae91edfe,2023-12,Wiltshire Police,Wiltshire Police,-1.762113,51.334963,On or near Swan Meadow,E01031869,Wiltshire 024B,Criminal damage and arson,Unable to prosecute suspect,
372019262e3ae7c9a72fa7a61a34cd6957de85e77e292632848be91d619f70a1,2023-12,Wiltshire Police,Wiltshire Police,-1.767512,51.340234,On or near Goddard Road,E01031869,Wiltshire 024B,Violence and sexual offences,Investigation complete; no suspect identified,
c08adad066c4b10463960b54169d8d14c31bc413429de3eb5944e4ac12bd5c23,2023-12,Wiltshire Police,Wiltshire Police,-1.775315,51.341679,On or near Little Island,E01031869,Wiltshire 024B,Violence and sexual offences,Unable to prosecute suspect,
5f2430b4490d3dfd81f7912cf44d24cac809ef00eba212f09aecb72b2db4fdbc,2023-12,Wiltshire Police,Wiltshire Police,-1.761555,51.342830,On or near Cherry Close,E01031870,Wiltshire 024C,Violence and sexual offences,Unable to prosecute suspect,
,2023-12,Wiltshire Police,Wiltshire Police,-1.768882,51.341891,On or near The Ridge,E01031870,Wiltshire 024C,Anti-social behaviour,,
5a8a1394ec003025564fda98e29304f5f515f681dd4eae16f655e608e292e54b,2023-12,Wiltshire Police,Wiltshire Police,-1.762315,51.340286,On or near High Street,E01031870,Wiltshire 024C,Burglary,Investigation complete; no suspect identified,
6a2cac4b9b333e006e5def8fa3a18d6af0240917f5df6bcd9f81d756a8ed74a7,2023-12,Wiltshire Police,Wiltshire Police,-1.759378,51.339166,On or near Ball Road,E01031870,Wiltshire 024C,Burglary,Investigation complete; no suspect identified,
0cfba2b97acc3770552d1c25c77a8b4fb876b8c56e1431be7c0608edc197723b,2023-12,Wiltshire Police,Wiltshire Police,-1.765539,51.338764,On or near Phoenix Square,E01031870,Wiltshire 024C,Vehicle crime,Investigation complete; no suspect identified,
,2023-12,Wiltshire Police,Wiltshire Police,-1.786383,51.406646,On or near Meadow Rise,E01031871,Wiltshire 024D,Anti-social behaviour,,
,2023-12,Wiltshire Police,Wiltshire Police,-1.802387,51.359468,On or near Park/Open Space,E01031871,Wiltshire 024D,Anti-social behaviour,,
570285d0c07b95af259ec792ef571f84f4627c5d386a61889101bb347d508ab9,2023-12,Wiltshire Police,Wiltshire Police,-1.981655,51.355641,On or near Wadworth Road,E01031850,Wiltshire 025A,Violence and sexual offences,Unable to prosecute suspect,
,2023-12,Wiltshire Police,Wiltshire Police,-1.981655,51.355641,On or near Wadworth Road,E01031850,Wiltshire 025A,Anti-social behaviour,,
,2023-12,Wiltshire Police,Wiltshire Police,-1.986811,51.353178,On or near Estcourt Crescent,E01031850,Wiltshire 025A,Anti-social behaviour,,
,2023-12,Wiltshire Police,Wiltshire Police,-1.981655,51.355641,On or near Wadworth Road,E01031850,Wiltshire 025A,Anti-social behaviour,,
,2023-12,Wiltshire Police,Wiltshire Police,-1.988663,51.354293,On or near Victoria Road,E01031850,Wiltshire 025A,Anti-social behaviour,,
e5044183127ae68f326699314ed16c78598c307ce78cec1c64192c6a5cea007b,2023-12,Wiltshire Police,Wiltshire Police,-1.987055,51.353555,On or near Belvedere Terrace,E01031850,Wiltshire 025A,Violence and sexual offences,Unable to prosecute suspect,
5f72c7a4b20f0588eb8a0a1a747db6584332f58358bd2138f3a8f8f5fceae9d4,2023-12,Wiltshire Police,Wiltshire Police,-1.981655,51.355641,On or near Wadworth Road,E01031850,Wiltshire 025A,Violence and sexual offences,Unable to prosecute suspect,
fb4458eb410c911e2854b30d6818b6f1c4cc044d61456e32e1578ce14995f3cc,2023-12,Wiltshire Police,Wiltshire Police,-1.987055,51.353555,On or near Belvedere Terrace,E01031850,Wiltshire 025A,Violence and sexual offences,Unable to prosecute suspect,
56f04c770117252ec5afb58c087cb1cd5429767700c7c478a184aa1aecfeff04,2023-12,Wiltshire Police,Wiltshire Police,-1.981655,51.355641,On or near Wadworth Road,E01031850,Wiltshire 025A,Violence and sexual offences,Unable to prosecute suspect,
a312661d99c0cb2cc2ac8abaf5a2bc9690da050524cb769215f0dd2d38fea9c6,2023-12,Wiltshire Police,Wiltshire Police,-1.981655,51.355641,On or near Wadworth Road,E01031850,Wiltshire 025A,Violence and sexual offences,Unable to prosecute suspect,
828668e0934fc9a5d3064553c8d84f902bcd14932c4eaf1b1713907c3f056969,2023-12,Wiltshire Police,Wiltshire Police,-1.979587,51.356396,On or near Phillip Close,E01031850,Wiltshire 025A,Violence and sexual offences,Unable to prosecute suspect,
65761fcbd9f834bb14bb74bb310d8894a4c25bd73b7e00ee74e508d58f573330,2023-12,Wiltshire Police,Wiltshire Police,-1.977978,51.357088,On or near Maud Close,E01031850,Wiltshire 025A,Violence and sexual offences,Unable to prosecute suspect,
8fa4ef444edb453bf77516abc3b9aea8e9314309eeca9ee60ad7b01561d3a67f,2023-12,Wiltshire Police,Wiltshire Police,-1.977978,51.357088,On or near Maud Close,E01031850,Wiltshire 025A,Violence and sexual offences,Unable to prosecute suspect,
dc5def3e010e0fac6ba217e266ac0224db853d1fcaf812f2f891643e51573f0e,2023-12,Wiltshire Police,Wiltshire Police,-1.988663,51.354293,On or near Victoria Road,E01031850,Wiltshire 025A,Violence and sexual offences,Unable to prosecute suspect,
20d645f2180c5472520f9fe9f5dbb3cbb63adfa4f9cf3ab2b3738e7edd777fc4,2023-12,Wiltshire Police,Wiltshire Police,-1.979949,51.349778,On or near Kingsley Gardens,E01031851,Wiltshire 025B,Violence and sexual offences,Unable to prosecute suspect,
eba4ddf0532ccb107231b26fc5eeef2d442451f4b5d9c793b79dac6780f28259,2023-12,Wiltshire Police,Wiltshire Police,-1.985522,51.344599,On or near Sarum Drive,E01031852,Wiltshire 025C,Violence and sexual offences,Court result unavailable,
,2023-12,Wiltshire Police,Wiltshire Police,-1.978930,51.348078,On or near Eastleigh Road,E01031852,Wiltshire 025C,Anti-social behaviour,,
,2023-12,Wiltshire Police,Wiltshire Police,-1.980798,51.345435,On or near Nursteed Park,E01031852,Wiltshire 025C,Anti-social behaviour,,
2be36de8e2b192a476bf8e525f7f545b080af99581e005909d85304522832160,2023-12,Wiltshire Police,Wiltshire Police,-1.985522,51.344599,On or near Sarum Drive,E01031852,Wiltshire 025C,Criminal damage and arson,Unable to prosecute suspect,
c0e72c007e26340cefd5ee4d21e767f9037421af039cc9e1472066636568dd23,2023-12,Wiltshire Police,Wiltshire Police,-1.980798,51.345435,On or near Nursteed Park,E01031852,Wiltshire 025C,Criminal damage and arson,Investigation complete; no suspect identified,
590ec9dd416835935672d0341117b349ceee8010475a2f4f159da678802e8fe6,2023-12,Wiltshire Police,Wiltshire Police,-1.989669,51.351452,On or near A342,E01031852,Wiltshire 025C,Public order,Unable to prosecute suspect,
984c466bcb62b0100553c13c34cc01ff4bee772ae5fd031d8c0d3a53ffb8678b,2023-12,Wiltshire Police,Wiltshire Police,-1.978930,51.348078,On or near Eastleigh Road,E01031852,Wiltshire 025C,Violence and sexual offences,Investigation complete; no suspect identified,
20c6d06c5608e8ead122e8f2b2dcc7f0efeeed7665f59ed0f73202142862049b,2023-12,Wiltshire Police,Wiltshire Police,-1.979076,51.341694,On or near Ferguson Road,E01032688,Wiltshire 025E,Violence and sexual offences,Unable to prosecute suspect,
0e859ddf2937ab7502bcb1649da625af5786187c8778f2857ac28e3f5290b336,2023-12,Wiltshire Police,Wiltshire Police,-1.977267,51.342386,On or near Massey Road,E01032688,Wiltshire 025E,Violence and sexual offences,Court result unavailable,
ebac7ad8fc4e1c72a4ecdf7f44c05a62e2d17ac7d1bff5e215b658328ac7ffe2,2023-12,Wiltshire Police,Wiltshire Police,-1.977267,51.342386,On or near Massey Road,E01032688,Wiltshire 025E,Burglary,Status update unavailable,
a09fac7b68e7be757e19e47a646acf6fdfd8269ae4cbcdd512621397e0ea4045,2023-12,Wiltshire Police,Wiltshire Police,-1.972386,51.341945,On or near Brickley Lane,E01032688,Wiltshire 025E,Violence and sexual offences,Unable to prosecute suspect,
8c1d454d1065896b84e8aa5c878788bc9c1acf27511d05a2aa2035fb6e1d8220,2023-12,Wiltshire Police,Wiltshire Police,-1.991480,51.341894,On or near Tintern Road,E01032689,Wiltshire 025F,Vehicle crime,Investigation complete; no suspect identified,
ef6adbff76d7831d33fa55446b4596d10720329525bfb9cb1d1d396515c2f01a,2023-12,Wiltshire Police,Wiltshire Police,-1.989585,51.340967,On or near Downlands Road,E01032689,Wiltshire 025F,Violence and sexual offences,Action to be taken by another organisation,
383bb35a4772dc73431c3a5119cac6378b2b2268ecc7d98f513ac2ec21acaffc,2023-12,Wiltshire Police,Wiltshire Police,-1.971024,51.361645,On or near Kingfisher Drive,E01032692,Wiltshire 025G,Violence and sexual offences,Unable to prosecute suspect,
ce6afb9bc10c5ad58fcc92d17abc521297897097bff48a6bb3b8ca8984908ae7,2023-12,Wiltshire Police,Wiltshire Police,-1.973990,51.349885,On or near Freeman Road,E01032692,Wiltshire 025G,Violence and sexual offences,Court result unavailable,
84f726be5e3493be4203698f5ccc2227a3adb24b8031e4e4e8eaf2cd1e40c0d1,2023-12,Wiltshire Police,Wiltshire Police,-1.973990,51.349885,On or near Freeman Road,E01032692,Wiltshire 025G,Violence and sexual offences,Status update unavailable,
,2023-12,Wiltshire Police,Wiltshire Police,-1.980088,51.359345,On or near Flax Mill Park,E01032693,Wiltshire 025H,Anti-social behaviour,,
,2023-12,Wiltshire Police,Wiltshire Police,-1.974931,51.360936,On or near Le Marchant Close,E01032693,Wiltshire 025H,Anti-social behaviour,,
c62f2ea24e925a66ad3edab6f481f4dc9efb9f9ad4f614c258f8680162e966c3,2023-12,Wiltshire Police,Wiltshire Police,-1.980088,51.359345,On or near Flax Mill Park,E01032693,Wiltshire 025H,Bicycle theft,Investigation complete; no suspect identified,
7d3deeac35059b8f7be99688387527eaf80997eac7817c9b5a1eb92cdf1c7681,2023-12,Wiltshire Police,Wiltshire Police,-1.977905,51.360082,On or near London Road,E01032693,Wiltshire 025H,Burglary,Investigation complete; no suspect identified,
2e66a603a923802b554ba2358f7f5cd132c4aa999141e27c9686397501be5f30,2023-12,Wiltshire Police,Wiltshire Police,-1.974931,51.360936,On or near Le Marchant Close,E01032693,Wiltshire 025H,Shoplifting,Investigation complete; no suspect identified,
2e6dbf64f1567dd95661236f4f02bad703f3dae9798aa62dabd9b9806ed19995,2023-12,Wiltshire Police,Wiltshire Police,-1.974931,51.360936,On or near Le Marchant Close,E01032693,Wiltshire 025H,Shoplifting,Investigation complete; no suspect identified,
7263ccc7eaf7dd9f323ca55c6886d17ca99593aa333406d86f652dad533a9e71,2023-12,Wiltshire Police,Wiltshire Police,-1.980088,51.359345,On or near Flax Mill Park,E01032693,Wiltshire 025H,Violence and sexual offences,Unable to prosecute suspect,
9d7bb97f8029105910e8032e19dce3f275d8b2e5ce176c9c3cde3bdf359feee7,2023-12,Wiltshire Police,Wiltshire Police,-1.979498,51.361782,On or near White Horse Way,E01032693,Wiltshire 025H,Violence and sexual offences,Status update unavailable,
,2023-12,Wiltshire Police,Wiltshire Police,-2.020571,51.351261,On or near Mayenne Place,E01031853,Wiltshire 026A,Anti-social behaviour,,
acb76c9a80b2d815bde5170d5433a2f62b46737ff2e74e23ca360c508071efe9,2023-12,Wiltshire Police,Wiltshire Police,-1.996633,51.356200,On or near Dyehouse Lane,E01031853,Wiltshire 026A,Criminal damage and arson,Investigation complete; no suspect identified,
19e92775be4b211159539958137414acb9d52e75e55ca13ae32a847bcac3604d,2023-12,Wiltshire Police,Wiltshire Police,-2.014526,51.352206,On or near Westminster Close,E01031853,Wiltshire 026A,Violence and sexual offences,Investigation complete; no suspect identified,
d84531c3e33245a77a172a6a2b958516a583eccc17cedae8043ddaedba22a923,2023-12,Wiltshire Police,Wiltshire Police,-1.994882,51.351964,On or near Wine Street,E01031854,Wiltshire 026B,Public order,Unable to prosecute suspect,
b662d82ff67781a651cffe2f6d753a3fad4dd7f24a8ed0a9d7c67f6a2dda38c8,2023-12,Wiltshire Police,Wiltshire Police,-1.992828,51.352333,On or near Maryport Street,E01031854,Wiltshire 026B,Shoplifting,Court result unavailable,
f325cfd0e09143f2c52cf0a973686d812d00feafc0c8c5ffa698e7b3335b90f3,2023-12,Wiltshire Police,Wiltshire Police,-1.992828,51.352333,On or near Maryport Street,E01031854,Wiltshire 026B,Shoplifting,Court result unavailable,
b00b89ab6b7b2c93144790b38f39661fb28d4e543d81d5f339ffa54d839ce11d,2023-12,Wiltshire Police,Wiltshire Police,-1.992283,51.352450,On or near Monday Market Street,E01031854,Wiltshire 026B,Shoplifting,Court result unavailable,
aa213ffd3fd8e7fab3a5e856bb4c8d9d7fab73fb41da5e9c564cb81c6846e167,2023-12,Wiltshire Police,Wiltshire Police,-1.992828,51.352333,On or near Maryport Street,E01031854,Wiltshire 026B,Violence and sexual offences,Court result unavailable,
92be4f67a2c98f752473b4f1603ca609d1fb1d1979eb9686bee02ec89e2ee6fd,2023-12,Wiltshire Police,Wiltshire Police,-1.996232,51.352288,On or near Theatre/Concert Hall,E01031854,Wiltshire 026B,Violence and sexual offences,Court result unavailable,
,2023-12,Wiltshire Police,Wiltshire Police,-1.995686,51.353439,On or near Snuff Street,E01031854,Wiltshire 026B,Anti-social behaviour,,
,2023-12,Wiltshire Police,Wiltshire Police,-1.997840,51.353394,On or near The Old Brewery,E01031854,Wiltshire 026B,Anti-social behaviour,,
,2023-12,Wiltshire Police,Wiltshire Police,-1.992828,51.352333,On or near Maryport Street,E01031854,Wiltshire 026B,Anti-social behaviour,,
,2023-12,Wiltshire Police,Wiltshire Police,-1.992283,51.352450,On or near Monday Market Street,E01031854,Wiltshire 026B,Anti-social behaviour,,
,2023-12,Wiltshire Police,Wiltshire Police,-1.997840,51.353394,On or near The Old Brewery,E01031854,Wiltshire 026B,Anti-social behaviour,,
,2023-12,Wiltshire Police,Wiltshire Police,-1.994336,51.353340,On or near Parking Area,E01031854,Wiltshire 026B,Anti-social behaviour,,
,2023-12,Wiltshire Police,Wiltshire Police,-1.995557,51.352612,On or near Parking Area,E01031854,Wiltshire 026B,Anti-social behaviour,,
,2023-12,Wiltshire Police,Wiltshire Police,-1.994264,51.351821,On or near Shopping Area,E01031854,Wiltshire 026B,Anti-social behaviour,,
,2023-12,Wiltshire Police,Wiltshire Police,-1.995686,51.353439,On or near Snuff Street,E01031854,Wiltshire 026B,Anti-social behaviour,,
,2023-12,Wiltshire Police,Wiltshire Police,-1.995557,51.352612,On or near Parking Area,E01031854,Wiltshire 026B,Anti-social behaviour,,
,2023-12,Wiltshire Police,Wiltshire Police,-1.994336,51.353340,On or near Parking Area,E01031854,Wiltshire 026B,Anti-social behaviour,,
,2023-12,Wiltshire Police,Wiltshire Police,-1.992828,51.352333,On or near Maryport Street,E01031854,Wiltshire 026B,Anti-social behaviour,,
,2023-12,Wiltshire Police,Wiltshire Police,-2.002722,51.352855,On or near Moyne Close,E01031854,Wiltshire 026B,Anti-social behaviour,,
,2023-12,Wiltshire Police,Wiltshire Police,-1.997840,51.353394,On or near The Old Brewery,E01031854,Wiltshire 026B,Anti-social behaviour,,
,2023-12,Wiltshire Police,Wiltshire Police,-1.997840,51.353394,On or near The Old Brewery,E01031854,Wiltshire 026B,Anti-social behaviour,,
6e5a868b9deaa809fbcc83cfcab0d2f82b2c9679c940892226150a5a59dcc5bc,2023-12,Wiltshire Police,Wiltshire Police,-1.994336,51.353340,On or near Parking Area,E01031854,Wiltshire 026B,Bicycle theft,Investigation complete; no suspect identified,
85b6c61fef2c418a1641243814a8663838e11ffb1140c0e220602f7306049a5b,2023-12,Wiltshire Police,Wiltshire Police,-1.990545,51.352378,On or near Gains Lane,E01031854,Wiltshire 026B,Bicycle theft,Investigation complete; no suspect identified,
ddc911a279f6fe0b1f3004cffe64b3817f429f8e2de1dd09e666bcc2665b5623,2023-12,Wiltshire Police,Wiltshire Police,-1.994264,51.351821,On or near Shopping Area,E01031854,Wiltshire 026B,Bicycle theft,Court result unavailable,
ef11b904c4cfb3fdf280cd6f60f780101a5ddc39e04fa88d6e336edcfaa8e78b,2023-12,Wiltshire Police,Wiltshire Police,-1.992283,51.352450,On or near Monday Market Street,E01031854,Wiltshire 026B,Bicycle theft,Investigation complete; no suspect identified,
692905f62194d446e3b8cf865529c219fdafeb8894e6d7ed5735d492107123a3,2023-12,Wiltshire Police,Wiltshire Police,-1.995557,51.352612,On or near Parking Area,E01031854,Wiltshire 026B,Bicycle theft,Investigation complete; no suspect identified,
26d27671e4c7c3a22a803899a6d720aab804140da5cdd8d7c9911e4abf2b76c3,2023-12,Wiltshire Police,Wiltshire Police,-1.990832,51.353682,On or near Sedgefield Gardens,E01031854,Wiltshire 026B,Criminal damage and arson,Investigation complete; no suspect identified,
77db276ced4db318df4f9df0776bd266f39a4d78460397ee4aacf05b880e56fd,2023-12,Wiltshire Police,Wiltshire Police,-1.995011,51.351461,On or near St John'S Street,E01031854,Wiltshire 026B,Criminal damage and arson,Investigation complete; no suspect identified,
73e8bc483eb881cf3e0b389078cf3ca2ccd34d551f8b1a7eb6c1b9f14309827b,2023-12,Wiltshire Police,Wiltshire Police,-2.002722,51.352855,On or near Moyne Close,E01031854,Wiltshire 026B,Criminal damage and arson,Unable to prosecute suspect,
7c16fc91711e1e40fcb8f16de9b5a9d513f9a69f5a63f91d16b83a16833bafe5,2023-12,Wiltshire Police,Wiltshire Police,-1.996232,51.352288,On or near Theatre/Concert Hall,E01031854,Wiltshire 026B,Criminal damage and arson,Investigation complete; no suspect identified,
5efdd2c031f472ce50832bd3ca0565671db9934d4437f7f14630cf86752adb05,2023-12,Wiltshire Police,Wiltshire Police,-1.996978,51.353826,On or near Parking Area,E01031854,Wiltshire 026B,Other theft,Unable to prosecute suspect,
6fc2bb2608913cc079a0c99ffdb4dd5b5a0bf21e50ae7c46933fb432ccbcfe67,2023-12,Wiltshire Police,Wiltshire Police,-1.992727,51.354365,On or near New Park Road,E01031854,Wiltshire 026B,Possession of weapons,Local resolution,
b03762f0dc411896fad2ac96490e01b76c18577ee8d856d2ed488314f127511c,2023-12,Wiltshire Police,Wiltshire Police,-1.996232,51.352288,On or near Theatre/Concert Hall,E01031854,Wiltshire 026B,Public order,Unable to prosecute suspect,
84a5f528ef0f2a492139a218e7f93da06f391264e31ce44d6311a2ca8fab285f,2023-12,Wiltshire Police,Wiltshire Police,-1.992283,51.352450,On or near Monday Market Street,E01031854,Wiltshire 026B,Shoplifting,Court result unavailable,
f862a94198893f6f7144626bba152143a68852b6faa34cf61e155d2c6fc283e7,2023-12,Wiltshire Police,Wiltshire Police,-1.992283,51.352450,On or near Monday Market Street,E01031854,Wiltshire 026B,Shoplifting,Court result unavailable,
cc2d3ca77e8e105dc65243b5fdbf661a320e923bd3504a2edda3a60ab785872e,2023-12,Wiltshire Police,Wiltshire Police,-1.994336,51.353340,On or near Parking Area,E01031854,Wiltshire 026B,Vehicle crime,Investigation complete; no suspect identified,
7e2385b2b34e08620d5d21259cc7912671faafab7548753955aadbd16fcc7261,2023-12,Wiltshire Police,Wiltshire Police,-1.996232,51.352288,On or near Theatre/Concert Hall,E01031854,Wiltshire 026B,Vehicle crime,Court result unavailable,
d38e099ce041f1149b001ccdc4b45e4dd051c3487be73212f226a1a273abd640,2023-12,Wiltshire Police,Wiltshire Police,-1.995557,51.352612,On or near Parking Area,E01031854,Wiltshire 026B,Violence and sexual offences,Status update unavailable,
7dcbd981484ab09c2b312fd09a44236f0f5136cb7c0ed570b1de9a22d02563f3,2023-12,Wiltshire Police,Wiltshire Police,-1.992828,51.352333,On or near Maryport Street,E01031854,Wiltshire 026B,Violence and sexual offences,Unable to prosecute suspect,
1dcdae4404757b5314587cd056df1feca9b02148aec56ef5a665a08a7d1d3638,2023-12,Wiltshire Police,Wiltshire Police,-1.996232,51.352288,On or near Theatre/Concert Hall,E01031854,Wiltshire 026B,Violence and sexual offences,Investigation complete; no suspect identified,
4bcc1570d1d4bbd5f1d66acbaaf0fe7d865ba909bbc1fab598c177b63d2cf806,2023-12,Wiltshire Police,Wiltshire Police,-1.996232,51.352288,On or near Theatre/Concert Hall,E01031854,Wiltshire 026B,Violence and sexual offences,Investigation complete; no suspect identified,
4bab4677bc6688fdc10ef92690131a1b42b189e1411c6e164943361001cfc5a5,2023-12,Wiltshire Police,Wiltshire Police,-2.002722,51.352855,On or near Moyne Close,E01031854,Wiltshire 026B,Violence and sexual offences,Unable to prosecute suspect,
7b522d956ccc2a1c34de6f963b0a34e0b1f1f42bb849a0f9593a022911f2f787,2023-12,Wiltshire Police,Wiltshire Police,-1.994882,51.351964,On or near Wine Street,E01031854,Wiltshire 026B,Violence and sexual offences,Action to be taken by another organisation,
a23750d3c7e7955a4a8a255fd88a175102d57a5515bb24565efa4b7abf9f6212,2023-12,Wiltshire Police,Wiltshire Police,-1.994882,51.351964,On or near Wine Street,E01031854,Wiltshire 026B,Violence and sexual offences,Status update unavailable,
66936e6dec2dc16c9cfb3f02142f262a8ec71e2d2a7b992913598d7f2588e947,2023-12,Wiltshire Police,Wiltshire Police,-2.002722,51.352855,On or near Moyne Close,E01031854,Wiltshire 026B,Violence and sexual offences,Unable to prosecute suspect,
b6b46fdbaa966db818421b031312b778cf227789798e6e241b2f4a64fb75537e,2023-12,Wiltshire Police,Wiltshire Police,-1.994882,51.351964,On or near Wine Street,E01031854,Wiltshire 026B,Violence and sexual offences,Local resolution,
bcf3ec3ab465e9286c84f951164195a972c5a3a600a99b1c0c990169dd0cb9d6,2023-12,Wiltshire Police,Wiltshire Police,-1.996232,51.352288,On or near Theatre/Concert Hall,E01031854,Wiltshire 026B,Violence and sexual offences,Investigation complete; no suspect identified,
9e36b73c17b2abea3674b890ec80d68ff6b831637f2479e8240dc49b649d9525,2023-12,Wiltshire Police,Wiltshire Police,-2.002722,51.352855,On or near Moyne Close,E01031854,Wiltshire 026B,Violence and sexual offences,Unable to prosecute suspect,
,2023-12,Wiltshire Police,Wiltshire Police,-1.983657,51.338116,On or near Parking Area,E01031855,Wiltshire 026C,Anti-social behaviour,,
d831511ab43fed2ce63d681894d5eae46ad72a308081e1b2fb702bc576fbde41,2023-12,Wiltshire Police,Wiltshire Police,-1.983512,51.342108,On or near Mill Close,E01031855,Wiltshire 026C,Criminal damage and arson,Investigation complete; no suspect identified,
532e73f42fd8080212e64393ef51f5d6cf5dbd42686854d4637a24952fcdd0b5,2023-12,Wiltshire Police,Wiltshire Police,-1.983512,51.342108,On or near Mill Close,E01031855,Wiltshire 026C,Criminal damage and arson,Investigation complete; no suspect identified,
f202fb8b8deca9f578b3eabef880916d2b846f7655734b6a37659cf6b7cc516c,2023-12,Wiltshire Police,Wiltshire Police,-1.983512,51.342108,On or near Mill Close,E01031855,Wiltshire 026C,Criminal damage and arson,Investigation complete; no suspect identified,
5644e00cea3dd72850efec6b7b4a25085732dc93a742c5847984f3a820ebfbcb,2023-12,Wiltshire Police,Wiltshire Police,-1.993490,51.345364,On or near A360,E01031855,Wiltshire 026C,Criminal damage and arson,Investigation complete; no suspect identified,
2757f223c90366675fa1ae2af1fe3522eb68167fe8fe035b3df12b1e9acb0639,2023-12,Wiltshire Police,Wiltshire Police,-1.983657,51.338116,On or near Parking Area,E01031855,Wiltshire 026C,Criminal damage and arson,Investigation complete; no suspect identified,
8318f775a5c245d7a7e590910458912e615762b81ec9713f256e13068b46d76a,2023-12,Wiltshire Police,Wiltshire Police,-1.983657,51.338116,On or near Parking Area,E01031855,Wiltshire 026C,Violence and sexual offences,Unable to prosecute suspect,
9ae016850cbae2323829a315a51fee5e0e519ff96acae1afd7dd2069b0fa6509,2023-12,Wiltshire Police,Wiltshire Police,-1.990029,51.349950,On or near Southbroom Road,E01031855,Wiltshire 026C,Violence and sexual offences,Action to be taken by another organisation,
4fb54572c586e61d4d179815b09ccc0dc72c874e12398cec7ba816ab3c0f8c50,2023-12,Wiltshire Police,Wiltshire Police,-1.983657,51.338116,On or near Parking Area,E01031855,Wiltshire 026C,Violence and sexual offences,Unable to prosecute suspect,
04043d78daf75a704c981b3ade3e10fd66aaf36e68695ce097d1f4ed85bd5712,2023-12,Wiltshire Police,Wiltshire Police,-1.983657,51.338116,On or near Parking Area,E01031855,Wiltshire 026C,Violence and sexual offences,Unable to prosecute suspect,
4d559e5efe42104fd49b4e3dbbef2af655dad4a4c0947e744b1b9aa64015a623,2023-12,Wiltshire Police,Wiltshire Police,-1.990029,51.349950,On or near Southbroom Road,E01031855,Wiltshire 026C,Violence and sexual offences,Local resolution,
561fe9e8e130f4e2cf171b0e240e254eaa83ab7a74df2a91180942d26ea6a1c5,2023-12,Wiltshire Police,Wiltshire Police,-1.990029,51.349950,On or near Southbroom Road,E01031855,Wiltshire 026C,Violence and sexual offences,Local resolution,
fb6b75f6cbb686a41b3ef36bf55cf28a277a55d328b45c1cf41ca48763f91dca,2023-12,Wiltshire Police,Wiltshire Police,-1.983657,51.338116,On or near Parking Area,E01031855,Wiltshire 026C,Other crime,Local resolution,
925f612562ae50c5301bc575752cd01c1db2b3da7885fcad91b65fa09ca26627,2023-12,Wiltshire Police,Wiltshire Police,-1.998788,51.347478,On or near The Moorlands,E01031856,Wiltshire 026D,Robbery,Court result unavailable,
d49f2d6fd0b16a9e5de041b335bbde64b7c83f87b02f8f35beb32a0f61cdba2c,2023-12,Wiltshire Police,Wiltshire Police,-1.990790,51.350220,On or near Hare And Hounds Street,E01031856,Wiltshire 026D,Violence and sexual offences,Unable to prosecute suspect,
e7d7e4d55b1534101db4ff4d818c6746faf574795f73079b84403e581788cdfd,2023-12,Wiltshire Police,Wiltshire Police,-1.992297,51.351416,On or near Parking Area,E01031856,Wiltshire 026D,Violence and sexual offences,Unable to prosecute suspect,
,2023-12,Wiltshire Police,Wiltshire Police,-1.993188,51.349653,On or near Long Street,E01031856,Wiltshire 026D,Anti-social behaviour,,
,2023-12,Wiltshire Police,Wiltshire Police,-1.992297,51.351416,On or near Parking Area,E01031856,Wiltshire 026D,Anti-social behaviour,,
,2023-12,Wiltshire Police,Wiltshire Police,-1.995729,51.346533,On or near Queen'S Road,E01031856,Wiltshire 026D,Anti-social behaviour,,
b1af57027e7a1dad7912cd80843919bf446b4465d10d95fa4445433dee76a03a,2023-12,Wiltshire Police,Wiltshire Police,-1.993188,51.349653,On or near Long Street,E01031856,Wiltshire 026D,Criminal damage and arson,Investigation complete; no suspect identified,
517ef7c5d8d0f9e31b94627e973e1be85eef378caab8fbbbb4c0e6e2278430a7,2023-12,Wiltshire Police,Wiltshire Police,-1.995729,51.346533,On or near Queen'S Road,E01031856,Wiltshire 026D,Public order,Unable to prosecute suspect,
8b50df433dc04963d87c84b89656c537118192bf0311a848513093129a29326e,2023-12,Wiltshire Police,Wiltshire Police,-1.992412,51.351515,On or near Rendells Court,E01031856,Wiltshire 026D,Public order,Status update unavailable,
8bfe5452e3275f726901f2086fd3dad43974199a3f028ee88decfb5f6f423ac7,2023-12,Wiltshire Police,Wiltshire Police,-1.992412,51.351515,On or near Rendells Court,E01031856,Wiltshire 026D,Robbery,Status update unavailable,
c671140a79e980ec88b7d9255c5051f7c4a6f2aec8d6e5fc1e4a317c31ac4ea6,2023-12,Wiltshire Police,Wiltshire Police,-1.990790,51.350220,On or near Hare And Hounds Street,E01031856,Wiltshire 026D,Violence and sexual offences,Status update unavailable,
60bdf6ff79cd01d8e4c8ede305eb2da2916b022b9778d48bfb3053c624b69ff3,2023-12,Wiltshire Police,Wiltshire Police,-1.990790,51.350220,On or near Hare And Hounds Street,E01031856,Wiltshire 026D,Other crime,Status update unavailable,
afca63393e2c9a25418414b4b7fbc3f158ef5a2ad360f8288f59cefafc3410e6,2023-12,Wiltshire Police,Wiltshire Police,-2.236920,51.347480,On or near Chalfield Glebe,E01032045,Wiltshire 027A,Burglary,Investigation complete; no suspect identified,
929fe4a1d9a76577122ccc137dcdcae949a3f29c3e7aa19c422ddb9780a86aa6,2023-12,Wiltshire Police,Wiltshire Police,-2.238790,51.351001,On or near Grange View,E01032045,Wiltshire 027A,Criminal damage and arson,Unable to prosecute suspect,
32ce706ce89e30cced2af31b2c27d4f20cd96d664d9411a65eaf8a14f8c1d1d3,2023-12,Wiltshire Police,Wiltshire Police,-2.250696,51.353899,On or near Manor Gardens,E01032045,Wiltshire 027A,Violence and sexual offences,Unable to prosecute suspect,
c6951f293d75ed9758f8e1bbef2a77997ee879640dda6a30c3a648aeeef7926a,2023-12,Wiltshire Police,Wiltshire Police,-2.251624,51.350246,On or near Priory Close,E01032046,Wiltshire 027B,Criminal damage and arson,Investigation complete; no suspect identified,
a10d3d920c2ea270dce8feebfc173e6c1257b1c2e9051ddfbdd3b677e1d10cb2,2023-12,Wiltshire Police,Wiltshire Police,-2.251624,51.350246,On or near Priory Close,E01032046,Wiltshire 027B,Public order,Investigation complete; no suspect identified,
364f99cec4afdfed783d10eb649271c175d513c845f5fa83d684dd91f0dd13bd,2023-12,Wiltshire Police,Wiltshire Police,-2.251624,51.350246,On or near Priory Close,E01032046,Wiltshire 027B,Violence and sexual offences,Status update unavailable,
405a5e691ada02a75d3519d97064c0cb6942069dbb57813d901f0db5c8e05066,2023-12,Wiltshire Police,Wiltshire Police,-2.257068,51.350693,On or near Elmfield,E01032047,Wiltshire 027C,Violence and sexual offences,Unable to prosecute suspect,
,2023-12,Wiltshire Police,Wiltshire Police,-2.256093,51.348285,On or near Parking Area,E01032047,Wiltshire 027C,Anti-social behaviour,,
,2023-12,Wiltshire Police,Wiltshire Police,-2.257068,51.350693,On or near Elmfield,E01032047,Wiltshire 027C,Anti-social behaviour,,
9bb76e7f1d7348ac65df242b74165eee47f93512c0350be723b2582ce182b207,2023-12,Wiltshire Police,Wiltshire Police,-2.264405,51.348051,On or near Winsley Road,E01032047,Wiltshire 027C,Other theft,Court result unavailable,
b341c70cb31f60fee457390738ab547dee666284c8f518fc056799cbcb22f731,2023-12,Wiltshire Police,Wiltshire Police,-2.257068,51.350693,On or near Elmfield,E01032047,Wiltshire 027C,Violence and sexual offences,Unable to prosecute suspect,
,2023-12,Wiltshire Police,Wiltshire Police,-2.240896,51.339065,On or near Loddon Way,E01032048,Wiltshire 027D,Anti-social behaviour,,
345c2d9dff29622e4a6c6c71ddb75577b053f99f1a82a89960864ede1a82e0c6,2023-12,Wiltshire Police,Wiltshire Police,-2.251000,51.341319,On or near Kennet Gardens,E01032049,Wiltshire 027E,Violence and sexual offences,Unable to prosecute suspect,
6a2523b62ffdc03078a7059e09660b132ec1210013076f66df51e34dd1edb48c,2023-12,Wiltshire Police,Wiltshire Police,-2.251913,51.337504,On or near Spencers Orchard,E01032049,Wiltshire 027E,Shoplifting,Investigation complete; no suspect identified,
1769f1a2fde5508f4a49ecd6d93d755c67d83af7c57dab167792a3b6c9129331,2023-12,Wiltshire Police,Wiltshire Police,-2.251913,51.337504,On or near Spencers Orchard,E01032049,Wiltshire 027E,Shoplifting,Investigation complete; no suspect identified,
57573d2e9516d86965e0c7c83d5c66d52ebe3f0ed651beb38e4d65c933dcaec6,2023-12,Wiltshire Police,Wiltshire Police,-2.251913,51.337504,On or near Spencers Orchard,E01032049,Wiltshire 027E,Shoplifting,Investigation complete; no suspect identified,
e535c62f3a06213138edc5aa72641ff33646f06432d011f07e5669ebc4463caa,2023-12,Wiltshire Police,Wiltshire Police,-2.251913,51.337504,On or near Spencers Orchard,E01032049,Wiltshire 027E,Shoplifting,Investigation complete; no suspect identified,
5eefc7a132f01205036bc8f0d88377c476da85f4d6ff48d7433ab5590d0a92b8,2023-12,Wiltshire Police,Wiltshire Police,-2.251913,51.337504,On or near Spencers Orchard,E01032049,Wiltshire 027E,Shoplifting,Investigation complete; no suspect identified,
2b86680175fd1ccf7132fff2f0e3ebb6d45195f409827a96e9187d8d1a718ddc,2023-12,Wiltshire Police,Wiltshire Police,-2.251913,51.337504,On or near Spencers Orchard,E01032049,Wiltshire 027E,Shoplifting,Investigation complete; no suspect identified,
cb2ff86e73a8b7f4f9a0ceb50f0838690ad572d43b6de7a919efdbe4e8131f9f,2023-12,Wiltshire Police,Wiltshire Police,-2.251020,51.339601,On or near Parking Area,E01032049,Wiltshire 027E,Violence and sexual offences,Unable to prosecute suspect,
27edbeebb4b61d76472745f54df4d58260d7ff3dc173bb3509a5a2e134147985,2023-12,Wiltshire Police,Wiltshire Police,-2.246490,51.340888,On or near Poulton,E01032049,Wiltshire 027E,Violence and sexual offences,Unable to prosecute suspect,
649749ecaff5b3051058be11556196f09b98530da26dbef2c38bb97f3e076331,2023-12,Wiltshire Police,Wiltshire Police,-2.250993,51.347784,On or near A363,E01034531,Wiltshire 027G,Violence and sexual offences,Court result unavailable,
6bf96a2f9bf6aef97158ad55d37d60e97b380c4df59dc2ed18f8cfc7ab8a3713,2023-12,Wiltshire Police,Wiltshire Police,-2.248950,51.347168,On or near Kingston Road,E01034531,Wiltshire 027G,Violence and sexual offences,Unable to prosecute suspect,
e68ea200de222f15ad40d2ae9d62fd1add718f37cf6d97fe2d5bf9b08592d62b,2023-12,Wiltshire Police,Wiltshire Police,-2.238479,51.346299,On or near Middleton Drive,E01034531,Wiltshire 027G,Other theft,Investigation complete; no suspect identified,
198964be8460d2a41a2a0018f10b6fa4921694ae615bd993ff4814d96f321be7,2023-12,Wiltshire Police,Wiltshire Police,-2.250487,51.347191,On or near Supermarket,E01034531,Wiltshire 027G,Public order,Investigation complete; no suspect identified,
,2023-12,Wiltshire Police,Wiltshire Police,-2.252358,51.345380,On or near Station Approach,E01034532,Wiltshire 027H,Anti-social behaviour,,
a8cbc2cd811489e9ab15de94780545b7dc30cb3993824834ad1cbf853aa72da5,2023-12,Wiltshire Police,Wiltshire Police,-2.256338,51.345938,On or near Barton Orchard,E01034532,Wiltshire 027H,Bicycle theft,Investigation complete; no suspect identified,
942d5af712f8571dc2d7355c43b42b75deb2485509fa11ebaedbd7c71d1bd523,2023-12,Wiltshire Police,Wiltshire Police,-2.254724,51.347452,On or near Newtown,E01034532,Wiltshire 027H,Violence and sexual offences,Unable to prosecute suspect,
87de599570e4497d11216f060e4517b49f02040ec91f365ce921db3dfbebfc23,2023-12,Wiltshire Police,Wiltshire Police,-2.257810,51.347247,On or near Wine Street,E01034532,Wiltshire 027H,Violence and sexual offences,Unable to prosecute suspect,
,2023-12,Wiltshire Police,Wiltshire Police,-2.052464,51.389583,On or near Stoney Lane,E01031845,Wiltshire 028A,Anti-social behaviour,,
47a2d757e346305daae83930a5de53623e02d025f904f01f6ddbb48a3ce4f467,2023-12,Wiltshire Police,Wiltshire Police,-2.045257,51.396905,On or near Devizes Road,E01031845,Wiltshire 028A,Violence and sexual offences,Unable to prosecute suspect,
,2023-12,Wiltshire Police,Wiltshire Police,-2.045226,51.380666,On or near Hawkstreet,E01031846,Wiltshire 028B,Anti-social behaviour,,
,2023-12,Wiltshire Police,Wiltshire Police,-2.049948,51.388604,On or near Horsepool,E01031846,Wiltshire 028B,Anti-social behaviour,,
88addb452b86e4ea5d32dbb1c5842ab9562b78567c3ab6dc59ae0f3c422ba30e,2023-12,Wiltshire Police,Wiltshire Police,-2.003298,51.366837,On or near Conscience Lane,E01031846,Wiltshire 028B,Violence and sexual offences,Action to be taken by another organisation,
03fe1e059c9e4f18abaac2b75f8a66f3fb9418e78f21df37b53fc5d49c4a1e4b,2023-12,Wiltshire Police,Wiltshire Police,-2.030615,51.383189,On or near Netherstreet,E01031846,Wiltshire 028B,Violence and sexual offences,Unable to prosecute suspect,
00c75884b0dab6f45194e28fa9a6a2b46554aa8b00b2d104af30e8f7f3723d3e,2023-12,Wiltshire Police,Wiltshire Police,-2.040241,51.283342,On or near Victoria Park,E01031848,Wiltshire 028C,Violence and sexual offences,Unable to prosecute suspect,
,2023-12,Wiltshire Police,Wiltshire Police,-2.017413,51.280632,On or near Westbury Road,E01031848,Wiltshire 028C,Anti-social behaviour,,
3a3748a7805d0ae62873dfe837e371c7e2310d969fcc6ad2d97146de90403f74,2023-12,Wiltshire Police,Wiltshire Police,-2.040241,51.283342,On or near Victoria Park,E01031848,Wiltshire 028C,Drugs,Status update unavailable,
109270cadfdbf08819845cd8b848bc181dfe870cc1a6349ad5a0284f9ff07de5,2023-12,Wiltshire Police,Wiltshire Police,-2.040241,51.283342,On or near Victoria Park,E01031848,Wiltshire 028C,Drugs,Status update unavailable,
b3392aa11276c62df237629ceb0e26f4df61cd9d80dd15c8d206bbaea3a7e8b0,2023-12,Wiltshire Police,Wiltshire Police,-2.040241,51.283342,On or near Victoria Park,E01031848,Wiltshire 028C,Drugs,Status update unavailable,
92838067c55f56114a65b027a5909bb63dd562581f3391197c8471357901bed1,2023-12,Wiltshire Police,Wiltshire Police,-2.040241,51.283342,On or near Victoria Park,E01031848,Wiltshire 028C,Violence and sexual offences,Unable to prosecute suspect,
eac1b4f4e206a0210d1d61654546af9efcf3c6e6caf7dbcb16f81e92904785bd,2023-12,Wiltshire Police,Wiltshire Police,-2.040241,51.283342,On or near Victoria Park,E01031848,Wiltshire 028C,Violence and sexual offences,Status update unavailable,
67307bc5d68eebc2ab3c34aab132fcd65502cbeaf69f2d9582648b154df996c9,2023-12,Wiltshire Police,Wiltshire Police,-2.040241,51.283342,On or near Victoria Park,E01031848,Wiltshire 028C,Violence and sexual offences,Unable to prosecute suspect,
0a6d298ea140b5e6f3b95469483a72a1980fed9ede49de73d747ed7aa42bfb35,2023-12,Wiltshire Police,Wiltshire Police,-2.040241,51.283342,On or near Victoria Park,E01031848,Wiltshire 028C,Violence and sexual offences,Unable to prosecute suspect,
4edd8dcfb545d45cfffef56accf43b180a753683147784e10fdb201f0786969b,2023-12,Wiltshire Police,Wiltshire Police,-2.040241,51.283342,On or near Victoria Park,E01031848,Wiltshire 028C,Violence and sexual offences,Status update unavailable,
76948891c2677756d740cc74fff5e2ffd5ae5320ad8f1f10b246e95e5734dfac,2023-12,Wiltshire Police,Wiltshire Police,-2.040241,51.283342,On or near Victoria Park,E01031848,Wiltshire 028C,Other crime,Status update unavailable,
11376d431db3c3cc9f5b8cdbb0819a7135e3874f3a52d322b89303a93d93f0b9,2023-12,Wiltshire Police,Wiltshire Police,-2.040241,51.283342,On or near Victoria Park,E01031848,Wiltshire 028C,Other crime,Unable to prosecute suspect,
5ff7dc1c5d2b54fd3290bcf98f1d2385cb2ca7c0fc81df3b401bc2eb97705daa,2023-12,Wiltshire Police,Wiltshire Police,-2.040241,51.283342,On or near Victoria Park,E01031848,Wiltshire 028C,Other crime,Unable to prosecute suspect,
e271ea87c37013c4fa95ea4d4648c71ea9b4da7a72b57a5721efc15afef70149,2023-12,Wiltshire Police,Wiltshire Police,-2.040241,51.283342,On or near Victoria Park,E01031848,Wiltshire 028C,Other crime,Unable to prosecute suspect,
f19ea858dcb881d8a742844577d17f97fdc43705cf3bd03813d89ad8a03ddc69,2023-12,Wiltshire Police,Wiltshire Police,-2.004586,51.326266,On or near Ryeleaze,E01031872,Wiltshire 028D,Violence and sexual offences,Unable to prosecute suspect,
1ad1dce2be938a16602e38b3e6a65b70c4270ab1859a01f5512295cdf40d1f49,2023-12,Wiltshire Police,Wiltshire Police,-2.011203,51.327722,On or near Whistley Road,E01031872,Wiltshire 028D,Violence and sexual offences,Action to be taken by another organisation,
4b4e06f63bbb95681c38715ff070ee3c82d81e9d8109adc089946763a3aa8c87,2023-12,Wiltshire Police,Wiltshire Police,-2.004586,51.326266,On or near Ryeleaze,E01031872,Wiltshire 028D,Violence and sexual offences,Court result unavailable,
16c199df403a5f2fdc9d7f66cfc78bb3b78ad1911d7702d7aa1b14ff7ef07c8c,2023-12,Wiltshire Police,Wiltshire Police,-2.004586,51.326266,On or near Ryeleaze,E01031872,Wiltshire 028D,Theft from the person,Investigation complete; no suspect identified,
a5934a78772941d2786baec8541ddf2266416f3878ba9a43807083e6447b9b49,2023-12,Wiltshire Police,Wiltshire Police,-2.099888,51.349017,On or near Perry'S Lane,E01031876,Wiltshire 028E,Violence and sexual offences,Unable to prosecute suspect,
,2023-12,Wiltshire Police,Wiltshire Police,-2.101954,51.342083,On or near Parking Area,E01031876,Wiltshire 028E,Anti-social behaviour,,
0a67c316704a6b6e4a7e817192ddb83ddffa1d6b969d131fb83d89be795cfced,2023-12,Wiltshire Police,Wiltshire Police,-2.072043,51.356519,On or near Spout Lane,E01031876,Wiltshire 028E,Violence and sexual offences,Unable to prosecute suspect,
,2023-12,Wiltshire Police,Wiltshire Police,-1.600532,51.378808,On or near Fairfield,E01031843,Wiltshire 029A,Anti-social behaviour,,
,2023-12,Wiltshire Police,Wiltshire Police,-1.604984,51.375748,On or near Shawgrove,E01031843,Wiltshire 029A,Anti-social behaviour,,
9caf635db3aa353d325306a5347d32a9047b67ec368529eeae3cd0369e0c2d96,2023-12,Wiltshire Police,Wiltshire Police,-1.606604,51.372795,On or near Mill Close,E01031843,Wiltshire 029A,Criminal damage and arson,Investigation complete; no suspect identified,
,2023-12,Wiltshire Police,Wiltshire Police,-1.665664,51.348953,On or near Nutley Court,E01031847,Wiltshire 029B,Anti-social behaviour,,
4d0c0f765faec1299a7be0bd687ee27459121327d70d51b67e34bb985482bd29,2023-12,Wiltshire Police,Wiltshire Police,-1.674117,51.361826,On or near Marlborough Road,E01031847,Wiltshire 029B,Burglary,Investigation complete; no suspect identified,
0d76d94a54f421e763b8d2ccdd9ae6d613c3fa065a752d1b27781de267207829,2023-12,Wiltshire Police,Wiltshire Police,-1.659488,51.355040,On or near Wolfhall Road,E01031847,Wiltshire 029B,Other theft,Investigation complete; no suspect identified,
9ff5e5d21152f455729e629a35c1887fbad7b117e97448027021bd3d45619ca4,2023-12,Wiltshire Police,Wiltshire Police,-1.666706,51.347868,On or near Lavington Close,E01031847,Wiltshire 029B,Violence and sexual offences,Status update unavailable,
160711fe23ee5008ab960424b408c9c7e8bbc4c85af6d2ba55bc5ac456f514b2,2023-12,Wiltshire Police,Wiltshire Police,-1.670372,51.345261,On or near Petrol Station,E01031847,Wiltshire 029B,Violence and sexual offences,Investigation complete; no suspect identified,
70b553d7418b36f1a8dba40d5fd76389df5a9bbc65f4e4af128f6db9ef973ccd,2023-12,Wiltshire Police,Wiltshire Police,-1.659488,51.355040,On or near Wolfhall Road,E01031847,Wiltshire 029B,Other crime,Further investigation is not in the public interest,
c8010db0bba1de4cde8fd00fe1c95af01a9246f04ff68e8032c9cdd06c9d35cb,2023-12,Wiltshire Police,Wiltshire Police,-1.653536,51.281560,On or near Church Street,E01031849,Wiltshire 029C,Public order,Further action is not in the public interest,
9e9c39b0e8ba0217af16745792b9a44d05615d6a21ccf4c54435b425fba09d86,2023-12,Wiltshire Police,Wiltshire Police,-1.712111,51.280792,On or near West View Road,E01031849,Wiltshire 029C,Violence and sexual offences,Unable to prosecute suspect,
44d5326f6c2c5b520d1f259dfe6fb5cbe31e664f36f15d0c852ab11ce1ebab1a,2023-12,Wiltshire Police,Wiltshire Police,-1.652815,51.282124,On or near Penny Hill,E01031849,Wiltshire 029C,Violence and sexual offences,Unable to prosecute suspect,
e23eaa81fe2b769be8e1ef2f7f07a62655da59afef869746e0b7f9aa37619082,2023-12,Wiltshire Police,Wiltshire Police,-1.645119,51.285410,On or near Cadley Road,E01031849,Wiltshire 029C,Burglary,Investigation complete; no suspect identified,
7a1c36cfcd91fc1d500d86e16d29f219c1128d0d11042beb045322f7ec522d6e,2023-12,Wiltshire Police,Wiltshire Police,-1.651332,51.284889,On or near Saunders Meadow,E01031849,Wiltshire 029C,Public order,Unable to prosecute suspect,
c82edbc1697b7739261c3df01235999d8688066885f2b9f390a0e57eef580463,2023-12,Wiltshire Police,Wiltshire Police,-1.631912,51.341155,On or near Batt'S Lane,E01031877,Wiltshire 029D,Drugs,Further investigation is not in the public interest,
,2023-12,Wiltshire Police,Wiltshire Police,-1.586060,51.293048,On or near Chantry Lane,E01031877,Wiltshire 029D,Anti-social behaviour,,
,2023-12,Wiltshire Police,Wiltshire Police,-1.575575,51.282302,On or near Forest Lane,E01031877,Wiltshire 029D,Anti-social behaviour,,
648f53f151e6139a52bbabf08954308cc2a398decce81643bd35ce618c404711,2023-12,Wiltshire Police,Wiltshire Police,-1.522575,51.367286,On or near Spray Road,E01031877,Wiltshire 029D,Burglary,Investigation complete; no suspect identified,
ed07912a365a99eec7b924c46574fd8312ad7970692fd1eb8f24935537989ae7,2023-12,Wiltshire Police,Wiltshire Police,-1.545057,51.384531,On or near Annett'S Lane,E01031877,Wiltshire 029D,Burglary,Investigation complete; no suspect identified,
231056d43312d2be2de424d192d552af14e1d3f7cb000cd4c0d9f513041895eb,2023-12,Wiltshire Police,Wiltshire Police,-1.575575,51.282302,On or near Forest Lane,E01031877,Wiltshire 029D,Criminal damage and arson,Investigation complete; no suspect identified,
76eb89c1a4fab9efc66767d55289a0e5cdd1599c3d169233d1f0a11a3f747020,2023-12,Wiltshire Police,Wiltshire Police,-1.527197,51.364850,On or near Church Road,E01031877,Wiltshire 029D,Vehicle crime,Investigation complete; no suspect identified,
437168634db585957636ff0e3f58af2028b41a62fa59ca5f21a32a3b090ef84c,2023-12,Wiltshire Police,Wiltshire Police,-1.586060,51.293048,On or near Chantry Lane,E01031877,Wiltshire 029D,Vehicle crime,Investigation complete; no suspect identified,
68b781f1c9344b765ac8bf6c947f3bdace3b788527a771a9efc6ea81358d4ae4,2023-12,Wiltshire Police,Wiltshire Police,-1.555824,51.277130,On or near Dummer Lane,E01031877,Wiltshire 029D,Violence and sexual offences,Local resolution,
ee71c452e350c5c51ad26a1ce95d9027a5acdba297235d38cfdb6fd4e6e09d6e,2023-12,Wiltshire Police,Wiltshire Police,-1.573439,51.283750,On or near Tibb'S Meadow,E01031877,Wiltshire 029D,Violence and sexual offences,Court result unavailable,
e5bb91490e1434cc7e255bf622d74c77e0878a85d0d7a7a8d4e7d3f87b25c883,2023-12,Wiltshire Police,Wiltshire Police,-1.626318,51.344014,On or near Hungerford Road,E01031877,Wiltshire 029D,Violence and sexual offences,Unable to prosecute suspect,
d31664017aebebfb17c6fb499c58ac339e6873a835d9281e787abac1530da054,2023-12,Wiltshire Police,Wiltshire Police,-2.184380,51.332595,On or near Cherry Gardens,E01032077,Wiltshire 030A,Criminal damage and arson,Investigation complete; no suspect identified,
8761652c9ba6a77e91dc2e943fbd5097a5e140d50a861f6cc3fe5ed188c6eab4,2023-12,Wiltshire Police,Wiltshire Police,-2.174485,51.350018,On or near Whaddon Lane,E01032077,Wiltshire 030A,Criminal damage and arson,Court result unavailable,
3c0a2d2ba9eda7976345c653d0fdbe9a4a3713e6a0fce122c38dcbeeb60ef188,2023-12,Wiltshire Police,Wiltshire Police,-2.132929,51.339849,On or near Parking Area,E01032077,Wiltshire 030A,Violence and sexual offences,Unable to prosecute suspect,
,2023-12,Wiltshire Police,Wiltshire Police,-2.175574,51.330648,On or near Stourton Park,E01032077,Wiltshire 030A,Anti-social behaviour,,
aaa04d3092542b1383d536fe20ad9809d35a4d8dbbb5f399c780621ceb6b3925,2023-12,Wiltshire Police,Wiltshire Police,-2.149872,51.345205,On or near Palmer Grove,E01032077,Wiltshire 030A,Other theft,Unable to prosecute suspect,
05b2cab4ec72e0a767d88f2d20dbc43f40dfa87f4f935d033f32315234559f8e,2023-12,Wiltshire Police,Wiltshire Police,-2.151975,51.342856,On or near Sports/Recreation Area,E01032077,Wiltshire 030A,Other theft,Investigation complete; no suspect identified,
01623db747a7c8bebc58565a6c2222ff93807186a9219229a6d15fd2b8abb3d4,2023-12,Wiltshire Police,Wiltshire Police,-2.144426,51.343729,On or near Manor Close,E01032077,Wiltshire 030A,Public order,Investigation complete; no suspect identified,
167b8ddb70109266ab9225179134d75db8fff993563e71559aa6e5b4dd5388a3,2023-12,Wiltshire Police,Wiltshire Police,-2.132929,51.339849,On or near Parking Area,E01032077,Wiltshire 030A,Violence and sexual offences,Unable to prosecute suspect,
ffdeb8c193b0029d630e0f6598865dd90f8b4e52cdbed5d1291a1d48cb6825c0,2023-12,Wiltshire Police,Wiltshire Police,-2.154856,51.341440,On or near St Georges Place,E01032077,Wiltshire 030A,Violence and sexual offences,Unable to prosecute suspect,
c8c18fa42a21f45b64e3e9d541114869955765e7e80df58d5c59ca9750963f69,2023-12,Wiltshire Police,Wiltshire Police,-2.144426,51.343729,On or near Manor Close,E01032077,Wiltshire 030A,Violence and sexual offences,Unable to prosecute suspect,
e8349d74a5cb00bbf9f24409ef8eee28fe314ab179739a6a1f3ee5313b1565a3,2023-12,Wiltshire Police,Wiltshire Police,-2.132929,51.339849,On or near Parking Area,E01032077,Wiltshire 030A,Violence and sexual offences,Unable to prosecute suspect,
,2023-12,Wiltshire Police,Wiltshire Police,-2.205692,51.338116,On or near The Slipway,E01032078,Wiltshire 030B,Anti-social behaviour,,
,2023-12,Wiltshire Police,Wiltshire Police,-2.205220,51.341723,On or near Littlebrook,E01032078,Wiltshire 030B,Anti-social behaviour,,
93dc88e37e36aa387e0fc3809378d8cd5d00a22943515b1ab28ebd8481492051,2023-12,Wiltshire Police,Wiltshire Police,-2.205220,51.341723,On or near Littlebrook,E01032078,Wiltshire 030B,Violence and sexual offences,Unable to prosecute suspect,
0f97abab803f8afaa2ffd2748f682985658ba0f69054de7da765aa6aa4582590,2023-12,Wiltshire Police,Wiltshire Police,-2.185688,51.336351,On or near Hill Street,E01032079,Wiltshire 030C,Criminal damage and arson,Local resolution,
ed491a83c2fbbc8769d7aeb595667234d653e7013309d8f766a713317e783b2f,2023-12,Wiltshire Police,Wiltshire Police,-2.196710,51.339130,On or near Princess Gardens,E01032079,Wiltshire 030C,Violence and sexual offences,Unable to prosecute suspect,
9050911941dd19a737bde6a29837f43702bfd7122693c9dbe695efb07d417758,2023-12,Wiltshire Police,Wiltshire Police,-2.185688,51.336351,On or near Hill Street,E01032079,Wiltshire 030C,Criminal damage and arson,Status update unavailable,
a526943e144c3e831cf704cdc4a9bf6158dee6480751f50ceb437970c345be1f,2023-12,Wiltshire Police,Wiltshire Police,-2.196873,51.337043,On or near St Mary'S Gardens,E01032079,Wiltshire 030C,Criminal damage and arson,Investigation complete; no suspect identified,
aa5c7ac79776f000d5fc844f2c37b85d70322bf5ce8465ed2443000a332da68e,2023-12,Wiltshire Police,Wiltshire Police,-2.187998,51.336141,On or near Newleaze,E01032079,Wiltshire 030C,Public order,Status update unavailable,
f0251ffbd93ad608e9c29e0fd72186e2c93a2cddbc24bd523808529f9cd42c6b,2023-12,Wiltshire Police,Wiltshire Police,-2.198717,51.335287,On or near Elizabeth Way,E01032079,Wiltshire 030C,Violence and sexual offences,Court result unavailable,
0f693a4b6cc7607e9f2948befc98f801fa8e0137533bcfc0536b84a1790319d6,2023-12,Wiltshire Police,Wiltshire Police,-2.199898,51.336229,On or near Wyke Road,E01032079,Wiltshire 030C,Violence and sexual offences,Investigation complete; no suspect identified,
e9e6263483ce68db19c46a0cf8156c09607169ad5bb0441f5a7b33b634ef47dc,2023-12,Wiltshire Police,Wiltshire Police,-2.185688,51.336351,On or near Hill Street,E01032079,Wiltshire 030C,Violence and sexual offences,Unable to prosecute suspect,
85180cb9c5e0d3c3637b664e8bda38e1fab50b4afaff715deeef7473a2917445,2023-12,Wiltshire Police,Wiltshire Police,-2.185688,51.336351,On or near Hill Street,E01032079,Wiltshire 030C,Violence and sexual offences,Unable to prosecute suspect,
583bdfd42362ca004b582a47089755027af9f556d3bde224212af4e1e7831031,2023-12,Wiltshire Police,Wiltshire Police,-2.185688,51.336351,On or near Hill Street,E01032079,Wiltshire 030C,Violence and sexual offences,Unable to prosecute suspect,
0a7105e07d1d7f6e842be819d110a1e1b3eae3ab5929e3c7af2f671c9218dab5,2023-12,Wiltshire Police,Wiltshire Police,-2.199558,51.340402,On or near Petrol Station,E01032079,Wiltshire 030C,Other crime,Investigation complete; no suspect identified,
,2023-12,Wiltshire Police,Wiltshire Police,-2.182483,51.324658,On or near Hackett Place,E01032080,Wiltshire 030D,Anti-social behaviour,,
,2023-12,Wiltshire Police,Wiltshire Police,-2.182483,51.324658,On or near Hackett Place,E01032080,Wiltshire 030D,Anti-social behaviour,,
c5970ac3625988018a66bfd96d98bed9cf9025dbdea3f7482106bbd49461db4c,2023-12,Wiltshire Police,Wiltshire Police,-2.182483,51.324658,On or near Hackett Place,E01032080,Wiltshire 030D,Criminal damage and arson,Investigation complete; no suspect identified,
5612a4d2f425e1d1ffb844e4581287eae55e91a36555e98240bad31fd93805e9,2023-12,Wiltshire Police,Wiltshire Police,-2.184764,51.331605,On or near Church Street,E01032080,Wiltshire 030D,Other theft,Investigation complete; no suspect identified,
4fe5d1c20bc6a46eff5d12ac98f3f2ed24386389bca53038d484d9454df66618,2023-12,Wiltshire Police,Wiltshire Police,-2.182483,51.324658,On or near Hackett Place,E01032080,Wiltshire 030D,Violence and sexual offences,Investigation complete; no suspect identified,
fb3b2f7a1cb6121312264a02370d88b65f80f6b3583b8866d80aa4b8d5a992d0,2023-12,Wiltshire Police,Wiltshire Police,-2.187340,51.326251,On or near Faverole Way,E01032080,Wiltshire 030D,Violence and sexual offences,Unable to prosecute suspect,
dd4197aa014044051bd4217c2c2130570e61ac6ddaa63b43dab6bc231b123dc8,2023-12,Wiltshire Police,Wiltshire Police,-2.182483,51.324658,On or near Hackett Place,E01032080,Wiltshire 030D,Violence and sexual offences,Unable to prosecute suspect,
7f10b009e00ca7585cdac818ba1e1251fdb2f0f744569d3f85c90f4225efa211,2023-12,Wiltshire Police,Wiltshire Police,-2.220178,51.317445,On or near St Augustine'S Road,E01032085,Wiltshire 031A,Other theft,Local resolution,
5450550dcad4d133719698eb1331e9b59d9a7ad471873d7334fd3911867ab4c1,2023-12,Wiltshire Police,Wiltshire Police,-2.213371,51.319310,On or near Stallard Street,E01032085,Wiltshire 031A,Violence and sexual offences,Unable to prosecute suspect,
,2023-12,Wiltshire Police,Wiltshire Police,-2.223418,51.319965,On or near Albion Drive,E01032085,Wiltshire 031A,Anti-social behaviour,,
,2023-12,Wiltshire Police,Wiltshire Police,-2.220178,51.317445,On or near St Augustine'S Road,E01032085,Wiltshire 031A,Anti-social behaviour,,
,2023-12,Wiltshire Police,Wiltshire Police,-2.214693,51.319892,On or near Parking Area,E01032085,Wiltshire 031A,Anti-social behaviour,,
,2023-12,Wiltshire Police,Wiltshire Police,-2.220178,51.317445,On or near St Augustine'S Road,E01032085,Wiltshire 031A,Anti-social behaviour,,
edd5535f1c94edc47649aeaf68126ab8c98a1f48b01d5a336279d8e5c4b5b84d,2023-12,Wiltshire Police,Wiltshire Police,-2.217657,51.318492,On or near Westbourne Gardens,E01032085,Wiltshire 031A,Criminal damage and arson,Unable to prosecute suspect,
5d37c7136167fd7c182c5cb04dd59673cec79ee5010e43cbab43a0152cfe435e,2023-12,Wiltshire Police,Wiltshire Police,-2.217657,51.318492,On or near Westbourne Gardens,E01032085,Wiltshire 031A,Criminal damage and arson,Unable to prosecute suspect,
04fbe25394dfd0a7e23adef9d5782bd2bca136d9ceee9045ff87c31f150627d6,2023-12,Wiltshire Police,Wiltshire Police,-2.220178,51.317445,On or near St Augustine'S Road,E01032085,Wiltshire 031A,Criminal damage and arson,Action to be taken by another organisation,
9a9c51aba199c92b06867b730d4a27f6e9f3ee8d47275c04209d0a1b8ae0535a,2023-12,Wiltshire Police,Wiltshire Police,-2.213371,51.319310,On or near Stallard Street,E01032085,Wiltshire 031A,Other theft,Investigation complete; no suspect identified,
e14a3f4f7ee9cc348aee66f6398dd3284c7a58be01f78389e5e0e9d49838375d,2023-12,Wiltshire Police,Wiltshire Police,-2.218020,51.316406,On or near Avenue Road,E01032085,Wiltshire 031A,Public order,Investigation complete; no suspect identified,
d05c54a138777bb8642cff7c8abcb31be4ce0f2f277c714e7afd8f4db2b1f74e,2023-12,Wiltshire Police,Wiltshire Police,-2.223418,51.319965,On or near Albion Drive,E01032085,Wiltshire 031A,Shoplifting,Investigation complete; no suspect identified,
1b5b7752f01e7601811b0993e6a0b60e910cef1e2f9b1111083f2a5cb654ff3d,2023-12,Wiltshire Police,Wiltshire Police,-2.218020,51.316406,On or near Avenue Road,E01032085,Wiltshire 031A,Theft from the person,Unable to prosecute suspect,
28364dc1348c7873c635e65784757f74e22b67f9364c0b9c321ef2d9c60b1e12,2023-12,Wiltshire Police,Wiltshire Police,-2.223418,51.319965,On or near Albion Drive,E01032085,Wiltshire 031A,Vehicle crime,Unable to prosecute suspect,
60656c273833a9dda91aa3a0cace2f2a6911a735ec18de2c270d8dc7337bbc90,2023-12,Wiltshire Police,Wiltshire Police,-2.213371,51.319310,On or near Stallard Street,E01032085,Wiltshire 031A,Violence and sexual offences,Investigation complete; no suspect identified,
dddc4955b1bc63acdd4ebf9f54b6a66975e38cd72416fb61570243acba7cfb20,2023-12,Wiltshire Police,Wiltshire Police,-2.217657,51.318492,On or near Westbourne Gardens,E01032085,Wiltshire 031A,Violence and sexual offences,Unable to prosecute suspect,
ddf1de879e30c4737d865d998b02a90fd8d76f6492e7300a1cea8881f3899dd5,2023-12,Wiltshire Police,Wiltshire Police,-2.220178,51.317445,On or near St Augustine'S Road,E01032085,Wiltshire 031A,Violence and sexual offences,Action to be taken by another organisation,
08a840aba7e5043b2dcc5630976e1264b3aca257b30b673ec36086bb3b578dc5,2023-12,Wiltshire Police,Wiltshire Police,-2.204443,51.335043,On or near B3106,E01032087,Wiltshire 031C,Criminal damage and arson,Court result unavailable,
,2023-12,Wiltshire Police,Wiltshire Police,-2.202339,51.332970,On or near Kennet Way,E01032087,Wiltshire 031C,Anti-social behaviour,,
,2023-12,Wiltshire Police,Wiltshire Police,-2.205346,51.328334,On or near Avonvale Road,E01032087,Wiltshire 031C,Anti-social behaviour,,
,2023-12,Wiltshire Police,Wiltshire Police,-2.209938,51.328029,On or near Hyde Road,E01032087,Wiltshire 031C,Anti-social behaviour,,
,2023-12,Wiltshire Police,Wiltshire Police,-2.200464,51.334205,On or near Hayes Close,E01032087,Wiltshire 031C,Anti-social behaviour,,
e8d39f6ce29fbc49df357727ed2fbeb2057175f5c66ef27fee76f1f82ed48738,2023-12,Wiltshire Police,Wiltshire Police,-2.205310,51.329853,On or near Supermarket,E01032087,Wiltshire 031C,Burglary,Investigation complete; no suspect identified,
e92ccc398f4c19a457e3191fab9f175b02e5c151976afcb144d14335dd981a1c,2023-12,Wiltshire Police,Wiltshire Police,-2.204443,51.335043,On or near B3106,E01032087,Wiltshire 031C,Burglary,Court result unavailable,
1217b0aaea56d502c78d0ccf82377eff8242f3f6a2441a6bd90ada57a5354759,2023-12,Wiltshire Police,Wiltshire Police,-2.200329,51.329592,On or near Downside Park,E01032087,Wiltshire 031C,Burglary,Unable to prosecute suspect,
fe231cd5a433c44926d1d55555364a36e36e4d8b4aad7712263d16d000cd6f4a,2023-12,Wiltshire Police,Wiltshire Police,-2.204443,51.335043,On or near B3106,E01032087,Wiltshire 031C,Criminal damage and arson,Unable to prosecute suspect,
d7af16e4bb1392167cdc47712084332957cdb6afc6c5c6e9a100d08df1a054bd,2023-12,Wiltshire Police,Wiltshire Police,-2.205158,51.324620,On or near York Buildings,E01032087,Wiltshire 031C,Public order,Unable to prosecute suspect,
fed9aa7fcff12bf127b98123c5a98cd0035fac654873706e00e6aced10c80831,2023-12,Wiltshire Police,Wiltshire Police,-2.205310,51.329853,On or near Supermarket,E01032087,Wiltshire 031C,Public order,Status update unavailable,
cd6f96d405f54c717c160588e344f5621835df4ba4890f666c2ce984d3cbc50f,2023-12,Wiltshire Police,Wiltshire Police,-2.205310,51.329853,On or near Supermarket,E01032087,Wiltshire 031C,Shoplifting,Court result unavailable,
374f408439ec0abfc72e3f04c4744fe2b0ae221f905518b0d6479d119913406a,2023-12,Wiltshire Police,Wiltshire Police,-2.200559,51.332964,On or near Withy Close,E01032087,Wiltshire 031C,Violence and sexual offences,Unable to prosecute suspect,
e00b9ecc21f185c11c4e76333b0df6c56ef825f8fe741a8791509d105a836131,2023-12,Wiltshire Police,Wiltshire Police,-2.202222,51.329427,On or near Rodway Close,E01032087,Wiltshire 031C,Violence and sexual offences,Unable to prosecute suspect,
82f64e8148166a8d8f4d73b202809cebe98c48c6ba2318aefe61c9f2244176fc,2023-12,Wiltshire Police,Wiltshire Police,-2.205310,51.329853,On or near Supermarket,E01032087,Wiltshire 031C,Violence and sexual offences,Court result unavailable,
7071c9f8f42481bafb0b7d5a15b29cd6ccabd5c5be3cfde1747256398a2fcdfc,2023-12,Wiltshire Police,Wiltshire Police,-2.205158,51.324620,On or near York Buildings,E01032087,Wiltshire 031C,Violence and sexual offences,Investigation complete; no suspect identified,
cd2e6c13547831636445aad7dc29b2a439245a0266c72f1f0366216a7ef4519e,2023-12,Wiltshire Police,Wiltshire Police,-2.205310,51.329853,On or near Supermarket,E01032087,Wiltshire 031C,Violence and sexual offences,Unable to prosecute suspect,
98ce986aafcbee61f44a57dd6ac2677fab9c39be0e7af33ed0bb9390e35d24e2,2023-12,Wiltshire Police,Wiltshire Police,-2.205310,51.329853,On or near Supermarket,E01032087,Wiltshire 031C,Violence and sexual offences,Unable to prosecute suspect,
ae6634f9caffc13d9defad194fcce84458621e660eb45299542a5f97bf363b96,2023-12,Wiltshire Police,Wiltshire Police,-2.208008,51.329741,On or near Parklands,E01032087,Wiltshire 031C,Other crime,Action to be taken by another organisation,
c044932b9087c670b6ae4ee20e99fdfef99a6ae5bb7d42edac4d05bd1624998f,2023-12,Wiltshire Police,Wiltshire Police,-2.211427,51.324196,On or near Seymour Court,E01034533,Wiltshire 031D,Violence and sexual offences,Unable to prosecute suspect,
,2023-12,Wiltshire Police,Wiltshire Police,-2.213917,51.325639,On or near Francis Street,E01034533,Wiltshire 031D,Anti-social behaviour,,
,2023-12,Wiltshire Police,Wiltshire Police,-2.209886,51.322967,On or near Supermarket,E01034533,Wiltshire 031D,Anti-social behaviour,,
,2023-12,Wiltshire Police,Wiltshire Police,-2.213917,51.325639,On or near Francis Street,E01034533,Wiltshire 031D,Anti-social behaviour,,
,2023-12,Wiltshire Police,Wiltshire Police,-2.209489,51.327076,On or near Queens Road,E01034533,Wiltshire 031D,Anti-social behaviour,,
,2023-12,Wiltshire Police,Wiltshire Police,-2.210949,51.326265,On or near Melton Road,E01034533,Wiltshire 031D,Anti-social behaviour,,
,2023-12,Wiltshire Police,Wiltshire Police,-2.209792,51.324297,On or near Margarets Close,E01034533,Wiltshire 031D,Anti-social behaviour,,
,2023-12,Wiltshire Police,Wiltshire Police,-2.209134,51.321754,On or near Manvers Street,E01034533,Wiltshire 031D,Anti-social behaviour,,
,2023-12,Wiltshire Police,Wiltshire Police,-2.209792,51.324297,On or near Margarets Close,E01034533,Wiltshire 031D,Anti-social behaviour,,
,2023-12,Wiltshire Police,Wiltshire Police,-2.211427,51.324196,On or near Seymour Court,E01034533,Wiltshire 031D,Anti-social behaviour,,
,2023-12,Wiltshire Police,Wiltshire Police,-2.210949,51.326265,On or near Melton Road,E01034533,Wiltshire 031D,Anti-social behaviour,,
49fd764a73ff67705ebb79a310302f04b2f4e76988d0bab3d7d0e7a6d176b2c9,2023-12,Wiltshire Police,Wiltshire Police,-2.212676,51.324301,On or near Westcroft Street,E01034533,Wiltshire 031D,Burglary,Unable to prosecute suspect,
bf3fb25fe0a54335e61991e967dd0cfb80103bb630d954e8013562258a94bab5,2023-12,Wiltshire Police,Wiltshire Police,-2.211041,51.321445,On or near Hill Street,E01034533,Wiltshire 031D,Criminal damage and arson,Investigation complete; no suspect identified,
91a0fdb21433a0096f9ad1c0cc0c19d9fbc4346e05c1780ac6000fc4335d4864,2023-12,Wiltshire Police,Wiltshire Police,-2.211041,51.321445,On or near Hill Street,E01034533,Wiltshire 031D,Criminal damage and arson,Investigation complete; no suspect identified,
7ac26b2fa3e7c580999211d44aed91858be83eed3cc414fa41c8fea07c5c35e0,2023-12,Wiltshire Police,Wiltshire Police,-2.208658,51.327411,On or near James Street,E01034533,Wiltshire 031D,Criminal damage and arson,Investigation complete; no suspect identified,
1f40add73b4f13c3763e012863828024b66639162c67de2793e49f86ea621436,2023-12,Wiltshire Police,Wiltshire Police,-2.211783,51.323575,On or near Manley Close,E01034533,Wiltshire 031D,Public order,Investigation complete; no suspect identified,
fc1c71dc52e113565656b904d79802a5530d707d42e379a247569aee5c65341c,2023-12,Wiltshire Police,Wiltshire Police,-2.209134,51.321754,On or near Manvers Street,E01034533,Wiltshire 031D,Public order,Unable to prosecute suspect,
691ec97600d5c074c411f000100d54f1d386f4ac2fb88b658164c08641b3740f,2023-12,Wiltshire Police,Wiltshire Police,-2.211041,51.321445,On or near Hill Street,E01034533,Wiltshire 031D,Public order,Investigation complete; no suspect identified,
4e5c935c65796ef2bf61aa346b1e75e28138fcb0fdd954684964d29e5db408bd,2023-12,Wiltshire Police,Wiltshire Police,-2.209886,51.322967,On or near Supermarket,E01034533,Wiltshire 031D,Shoplifting,Status update unavailable,
591ec3f094d37b9af9a118ba58244dbb1d1272fddfdca99555cb88c80ba0929b,2023-12,Wiltshire Police,Wiltshire Police,-2.209886,51.322967,On or near Supermarket,E01034533,Wiltshire 031D,Shoplifting,Court result unavailable,
266c324e312e23964ce0531fb2a7db1b56f1cda8efb7f3764893eff2a41b347c,2023-12,Wiltshire Police,Wiltshire Police,-2.209886,51.322967,On or near Supermarket,E01034533,Wiltshire 031D,Shoplifting,Investigation complete; no suspect identified,
e576cc7d0e61a80c856a665535bd268157b622d2e10c6011af612ca6b1b52bc1,2023-12,Wiltshire Police,Wiltshire Police,-2.211427,51.324196,On or near Seymour Court,E01034533,Wiltshire 031D,Shoplifting,Court result unavailable,
8c3e59f2b11c4a634eb44eb52bbd98d2bf9da206272345d61aec8409b5c3da83,2023-12,Wiltshire Police,Wiltshire Police,-2.211427,51.324196,On or near Seymour Court,E01034533,Wiltshire 031D,Shoplifting,Investigation complete; no suspect identified,
4c31a213382923d9681bc4f809de6d12ac4e307a0724ab2006180bb5713de056,2023-12,Wiltshire Police,Wiltshire Police,-2.209886,51.322967,On or near Supermarket,E01034533,Wiltshire 031D,Shoplifting,Status update unavailable,
28b58edc1afaa7531f5bbadbafc3ab38162ed1e899aa9b6236f575b5ca157204,2023-12,Wiltshire Police,Wiltshire Police,-2.211427,51.324196,On or near Seymour Court,E01034533,Wiltshire 031D,Shoplifting,Status update unavailable,
a98d9a5445ad57e49b1dd387f6af0de9b23980f62e3ea94152caa1266fe96ec1,2023-12,Wiltshire Police,Wiltshire Police,-2.209886,51.322967,On or near Supermarket,E01034533,Wiltshire 031D,Shoplifting,Court result unavailable,
8e06b87683a11889957567c5a392847a1cbf98becc0427c4f1943a8ed1ad6ad0,2023-12,Wiltshire Police,Wiltshire Police,-2.209886,51.322967,On or near Supermarket,E01034533,Wiltshire 031D,Shoplifting,Investigation complete; no suspect identified,
307b481a980a28cfcc5ed60f60af5e9fe93a57693988f17c7df95aa2f0f7fff1,2023-12,Wiltshire Police,Wiltshire Police,-2.209886,51.322967,On or near Supermarket,E01034533,Wiltshire 031D,Shoplifting,Status update unavailable,
918ef0890171758915ff9e9288656978454973a116d7784f42c04f74f9e472ac,2023-12,Wiltshire Police,Wiltshire Police,-2.211783,51.323575,On or near Manley Close,E01034533,Wiltshire 031D,Shoplifting,Status update unavailable,
74e803c8abbceefb5e7741c5a62b86646db9cca2af0edf4228268d11d6452531,2023-12,Wiltshire Police,Wiltshire Police,-2.207246,51.323052,On or near St James Gardens,E01034533,Wiltshire 031D,Vehicle crime,Unable to prosecute suspect,
1eb7b30974d4f1b0548e23d7ca2bdd50f4ea29090ec54ef939f9c90cd9439ef9,2023-12,Wiltshire Police,Wiltshire Police,-2.210949,51.326265,On or near Melton Road,E01034533,Wiltshire 031D,Violence and sexual offences,Investigation complete; no suspect identified,
d57afae976c2764059816c463edbddc6817daf969f97acba45f02551ea74d61c,2023-12,Wiltshire Police,Wiltshire Police,-2.209996,51.321977,On or near Back Street,E01034533,Wiltshire 031D,Violence and sexual offences,Unable to prosecute suspect,
ae23aa07b1039d130de231574d6c15f185a03da1ff52e1add591f2c12922048f,2023-12,Wiltshire Police,Wiltshire Police,-2.209886,51.322967,On or near Supermarket,E01034533,Wiltshire 031D,Violence and sexual offences,Investigation complete; no suspect identified,
0d51432be2fca27ef473fad78d23660f6479a7975c3c88e870f795099e022d4c,2023-12,Wiltshire Police,Wiltshire Police,-2.209996,51.321977,On or near Back Street,E01034533,Wiltshire 031D,Violence and sexual offences,Status update unavailable,
e0d10b2b912e5e814de530a2e46ee78c305dd88c50f2a2618294d106fa45a6a6,2023-12,Wiltshire Police,Wiltshire Police,-2.213917,51.325639,On or near Francis Street,E01034533,Wiltshire 031D,Violence and sexual offences,Unable to prosecute suspect,
980f98b6fe7b6a30488600b521cfc7744e02df52ddf7b96e7d5f2cbc1a35179d,2023-12,Wiltshire Police,Wiltshire Police,-2.213917,51.325639,On or near Francis Street,E01034533,Wiltshire 031D,Violence and sexual offences,Unable to prosecute suspect,
7c49740f242e42bd2f88cf8742b6463fb3473debcd679990064a6705aa55a58d,2023-12,Wiltshire Police,Wiltshire Police,-2.209473,51.323759,On or near British Row,E01034533,Wiltshire 031D,Violence and sexual offences,Investigation complete; no suspect identified,
fd68974d9843e3e7cf329307a66894e56f65072d815dae1874d3cb99e485e290,2023-12,Wiltshire Police,Wiltshire Police,-2.209886,51.322967,On or near Supermarket,E01034533,Wiltshire 031D,Violence and sexual offences,Court result unavailable,
0dc5187a9a5aeccb52910e4156cfbb758293e762f89123a6ff23eafe123ca362,2023-12,Wiltshire Police,Wiltshire Police,-2.211041,51.321445,On or near Hill Street,E01034533,Wiltshire 031D,Violence and sexual offences,Unable to prosecute suspect,
19bda01b7e1c247d91a050ebff8cb3457d1a37f622a067f52d88e413c4881289,2023-12,Wiltshire Police,Wiltshire Police,-2.209886,51.322967,On or near Supermarket,E01034533,Wiltshire 031D,Violence and sexual offences,Investigation complete; no suspect identified,
a312682c3b15db2fe1dc0935ce4c38fb16257cfe7a4b70e4ff801ffb81f25fb9,2023-12,Wiltshire Police,Wiltshire Police,-2.212676,51.324301,On or near Westcroft Street,E01034533,Wiltshire 031D,Violence and sexual offences,Court result unavailable,
a4077d29be6d8a0eb5ec0f82d3a31e707116b92b27c8d5bce9aa5bea2d6aef39,2023-12,Wiltshire Police,Wiltshire Police,-2.209792,51.324297,On or near Margarets Close,E01034533,Wiltshire 031D,Violence and sexual offences,Unable to prosecute suspect,
b2a66e044c74efc976b40a58d0eeaf1d7779b0370cc26412f3b07319980b3ea1,2023-12,Wiltshire Police,Wiltshire Police,-2.211427,51.324196,On or near Seymour Court,E01034533,Wiltshire 031D,Violence and sexual offences,Court result unavailable,
7f8965dc56b91b8a2924ad44f16aa1545accb8c34066e15c27357aa6ae6812e8,2023-12,Wiltshire Police,Wiltshire Police,-2.209886,51.322967,On or near Supermarket,E01034533,Wiltshire 031D,Violence and sexual offences,Unable to prosecute suspect,
2a6753a3fd1faa68af9e46a91ca36780dce1535e24e83615d679e9adb3a3c790,2023-12,Wiltshire Police,Wiltshire Police,-2.209886,51.322967,On or near Supermarket,E01034533,Wiltshire 031D,Violence and sexual offences,Unable to prosecute suspect,
70355b6f623157d55a205164f72e6846b66d70c77a35f745367632781d86f5e5,2023-12,Wiltshire Police,Wiltshire Police,-2.206861,51.320355,On or near Park Road,E01034534,Wiltshire 031E,Criminal damage and arson,Court result unavailable,
1055f2e8334d8d71ee10084a33ad4ba85c67fa00acfbb2ad4ecfd88c146059a2,2023-12,Wiltshire Police,Wiltshire Police,-2.206861,51.320355,On or near Park Road,E01034534,Wiltshire 031E,Criminal damage and arson,Unable to prosecute suspect,
c095a7265fde8df72502988f6faf8c30b1ae24ae2b5ff7b677b12e4f85bb276e,2023-12,Wiltshire Police,Wiltshire Police,-2.211306,51.319619,On or near Parking Area,E01034534,Wiltshire 031E,Public order,Unable to prosecute suspect,
7b8b8b4074d111224389d83e1918802a3441adc8043cdb843de9217641ed9332,2023-12,Wiltshire Police,Wiltshire Police,-2.206861,51.320355,On or near Park Road,E01034534,Wiltshire 031E,Public order,Unable to prosecute suspect,
050eafda55a974e6127afe5c3d9e95c7f5974a1e211b83f0eea574634435c539,2023-12,Wiltshire Police,Wiltshire Police,-2.208256,51.321126,On or near Fore Street,E01034534,Wiltshire 031E,Violence and sexual offences,Unable to prosecute suspect,
,2023-12,Wiltshire Police,Wiltshire Police,-2.207528,51.321982,On or near Church Street,E01034534,Wiltshire 031E,Anti-social behaviour,,
,2023-12,Wiltshire Police,Wiltshire Police,-2.207528,51.321982,On or near Church Street,E01034534,Wiltshire 031E,Anti-social behaviour,,
,2023-12,Wiltshire Police,Wiltshire Police,-2.208256,51.321126,On or near Fore Street,E01034534,Wiltshire 031E,Anti-social behaviour,,
,2023-12,Wiltshire Police,Wiltshire Police,-2.208256,51.321126,On or near Fore Street,E01034534,Wiltshire 031E,Anti-social behaviour,,
,2023-12,Wiltshire Police,Wiltshire Police,-2.208256,51.321126,On or near Fore Street,E01034534,Wiltshire 031E,Anti-social behaviour,,
,2023-12,Wiltshire Police,Wiltshire Police,-2.207528,51.321982,On or near Church Street,E01034534,Wiltshire 031E,Anti-social behaviour,,
,2023-12,Wiltshire Police,Wiltshire Police,-2.208256,51.321126,On or near Fore Street,E01034534,Wiltshire 031E,Anti-social behaviour,,
,2023-12,Wiltshire Police,Wiltshire Police,-2.205714,51.320708,On or near Pitman Mews,E01034534,Wiltshire 031E,Anti-social behaviour,,
,2023-12,Wiltshire Police,Wiltshire Police,-2.210569,51.319199,On or near Supermarket,E01034534,Wiltshire 031E,Anti-social behaviour,,
,2023-12,Wiltshire Police,Wiltshire Police,-2.208256,51.321126,On or near Fore Street,E01034534,Wiltshire 031E,Anti-social behaviour,,
,2023-12,Wiltshire Police,Wiltshire Police,-2.212436,51.318907,On or near Parking Area,E01034534,Wiltshire 031E,Anti-social behaviour,,
,2023-12,Wiltshire Police,Wiltshire Police,-2.206861,51.320355,On or near Park Road,E01034534,Wiltshire 031E,Anti-social behaviour,,
,2023-12,Wiltshire Police,Wiltshire Police,-2.206245,51.320707,On or near Silver Street,E01034534,Wiltshire 031E,Anti-social behaviour,,
,2023-12,Wiltshire Police,Wiltshire Police,-2.207797,51.324283,On or near Charlotte Street,E01034534,Wiltshire 031E,Anti-social behaviour,,
,2023-12,Wiltshire Police,Wiltshire Police,-2.208256,51.321126,On or near Fore Street,E01034534,Wiltshire 031E,Anti-social behaviour,,
,2023-12,Wiltshire Police,Wiltshire Police,-2.207528,51.321982,On or near Church Street,E01034534,Wiltshire 031E,Anti-social behaviour,,
,2023-12,Wiltshire Police,Wiltshire Police,-2.206861,51.320355,On or near Park Road,E01034534,Wiltshire 031E,Anti-social behaviour,,
,2023-12,Wiltshire Police,Wiltshire Police,-2.208256,51.321126,On or near Fore Street,E01034534,Wiltshire 031E,Anti-social behaviour,,
29d936f900a22dcf8c4507bf9fd3b8e148a7869a1627e671d252133eb319851b,2023-12,Wiltshire Police,Wiltshire Police,-2.210883,51.318262,On or near Bythesea Road,E01034534,Wiltshire 031E,Criminal damage and arson,Status update unavailable,
10ea40fe6d45787ab3ee9d1d96bdbbd7f103e546081cba42335eb79f72c5379a,2023-12,Wiltshire Police,Wiltshire Police,-2.206861,51.320355,On or near Park Road,E01034534,Wiltshire 031E,Criminal damage and arson,Investigation complete; no suspect identified,
002c7d44ecd97e750cf8b61b3a80ebac35d62da474b9ad2c5698043c92cc56ad,2023-12,Wiltshire Police,Wiltshire Police,-2.205714,51.320708,On or near Pitman Mews,E01034534,Wiltshire 031E,Criminal damage and arson,Investigation complete; no suspect identified,
a60f29daa5131fec11642ad4b7bf647e021922ed01ee646e16ba4cf4e7c888bd,2023-12,Wiltshire Police,Wiltshire Police,-2.209415,51.320414,On or near Shopping Area,E01034534,Wiltshire 031E,Criminal damage and arson,Investigation complete; no suspect identified,
adba7df9d76297ff0a4ed96b58760378b19bccd72b5c1ab7b119892cbf1473f3,2023-12,Wiltshire Police,Wiltshire Police,-2.209415,51.320414,On or near Shopping Area,E01034534,Wiltshire 031E,Criminal damage and arson,Investigation complete; no suspect identified,
6688b651a7cb898604237550a73b1d120aa84bf66c2d83b9d23b8c33e394b2d2,2023-12,Wiltshire Police,Wiltshire Police,-2.207797,51.324283,On or near Charlotte Street,E01034534,Wiltshire 031E,Criminal damage and arson,Investigation complete; no suspect identified,
1a8ee19ce006a14ca35c37a6aeae2d9f23f87427a2aec6e1cc65849cee0291b1,2023-12,Wiltshire Police,Wiltshire Police,-2.206861,51.320355,On or near Park Road,E01034534,Wiltshire 031E,Criminal damage and arson,Investigation complete; no suspect identified,
a05115c074398dc2426ea4f4948381ec4f1b5d6ce4681cb762f8fc9ebc55bf6a,2023-12,Wiltshire Police,Wiltshire Police,-2.210883,51.318262,On or near Bythesea Road,E01034534,Wiltshire 031E,Criminal damage and arson,Investigation complete; no suspect identified,
049368a63cd2d4734eaae2eb7e22bc9d448191a1f6b60be91e5f58232220392f,2023-12,Wiltshire Police,Wiltshire Police,-2.211306,51.319619,On or near Parking Area,E01034534,Wiltshire 031E,Criminal damage and arson,Court result unavailable,
7eac77186f33c4afbb069f583b552fcd45cdb8d1a94fc7eaf2408035f67e62d1,2023-12,Wiltshire Police,Wiltshire Police,-2.206861,51.320355,On or near Park Road,E01034534,Wiltshire 031E,Drugs,Local resolution,
bc5d290e223a08b4ad8b3fd03de412a69e26035a1b6a07330eccab20b1e9adb5,2023-12,Wiltshire Police,Wiltshire Police,-2.207869,51.318016,On or near Parking Area,E01034534,Wiltshire 031E,Drugs,Court result unavailable,
13889cf10d44ab7e05e00c90a9de254c8110cd78dab708db5f9aee94fe02fabd,2023-12,Wiltshire Police,Wiltshire Police,-2.205714,51.320708,On or near Pitman Mews,E01034534,Wiltshire 031E,Other theft,Investigation complete; no suspect identified,
393d929057b344e5af78fb11da277031eb229180cd2fd31d834b827c57b09af8,2023-12,Wiltshire Police,Wiltshire Police,-2.208256,51.321126,On or near Fore Street,E01034534,Wiltshire 031E,Possession of weapons,Local resolution,
85db5ccd90bdfb9e12735acf425a244a9681c5ac90601e4454307f12973eb21b,2023-12,Wiltshire Police,Wiltshire Police,-2.206861,51.320355,On or near Park Road,E01034534,Wiltshire 031E,Possession of weapons,Unable to prosecute suspect,
c2674990056207db7a3bd8d1f8590a40de91ee25e55709a85f44f032ec6b98b4,2023-12,Wiltshire Police,Wiltshire Police,-2.208256,51.321126,On or near Fore Street,E01034534,Wiltshire 031E,Public order,Unable to prosecute suspect,
329db77595bf58be35c9704c9a72084e75f5f7a6c6eb53a68274776d001edf5f,2023-12,Wiltshire Police,Wiltshire Police,-2.208256,51.321126,On or near Fore Street,E01034534,Wiltshire 031E,Public order,Unable to prosecute suspect,
05d02f3b7ccabedb39cd06d7c6bd7c33474e149739d825aee02ff110670ab9b5,2023-12,Wiltshire Police,Wiltshire Police,-2.206861,51.320355,On or near Park Road,E01034534,Wiltshire 031E,Public order,Investigation complete; no suspect identified,
dfa97f2576d077828ab9e306544fab1889ae53e78404a2c4c127e4d9488a0476,2023-12,Wiltshire Police,Wiltshire Police,-2.209415,51.320414,On or near Shopping Area,E01034534,Wiltshire 031E,Shoplifting,Court result unavailable,
5a9bb5926298f2996e4e094c8dfbf285586429e29a7857848ea154f76f0a20b9,2023-12,Wiltshire Police,Wiltshire Police,-2.211306,51.319619,On or near Parking Area,E01034534,Wiltshire 031E,Shoplifting,Court result unavailable,
2d1bf1357ea470745c106ccadeb24b3d54c97b788ff037b722959445c5c9b9b8,2023-12,Wiltshire Police,Wiltshire Police,-2.212436,51.318907,On or near Parking Area,E01034534,Wiltshire 031E,Shoplifting,Investigation complete; no suspect identified,
0f258c9febeffe90c8f601931351a4aaaf39c6572492c79fe9eb100a1c3c5e15,2023-12,Wiltshire Police,Wiltshire Police,-2.206861,51.320355,On or near Park Road,E01034534,Wiltshire 031E,Shoplifting,Unable to prosecute suspect,
06c6dbccbafcb37182ed6d6235c9381ad21cb8db73f7320ff6ff9de27bfc8bdb,2023-12,Wiltshire Police,Wiltshire Police,-2.212436,51.318907,On or near Parking Area,E01034534,Wiltshire 031E,Shoplifting,Investigation complete; no suspect identified,
67ce636c14ccfd7ebf4266f102150ea34d0265ebd3e8fc361ac97abe98d93951,2023-12,Wiltshire Police,Wiltshire Police,-2.212436,51.318907,On or near Parking Area,E01034534,Wiltshire 031E,Shoplifting,Investigation complete; no suspect identified,
39a438b0e1a0459caf09297bb2af0a57607bbb9cfb35b3b25f0c6e3e2fbaa2ac,2023-12,Wiltshire Police,Wiltshire Police,-2.206861,51.320355,On or near Park Road,E01034534,Wiltshire 031E,Violence and sexual offences,Unable to prosecute suspect,
8e6ac660f9e9afafffea3171acd3a299fed2c72c05214cfd3dfd97363ec43bfe,2023-12,Wiltshire Police,Wiltshire Police,-2.208256,51.321126,On or near Fore Street,E01034534,Wiltshire 031E,Violence and sexual offences,Investigation complete; no suspect identified,
505f33969465a35f4ae63e26b2082f04543d238e47b7d6802eaa32e73e9179fa,2023-12,Wiltshire Police,Wiltshire Police,-2.210883,51.318262,On or near Bythesea Road,E01034534,Wiltshire 031E,Violence and sexual offences,Court result unavailable,
0b53099ef76c36bbaae18b6a952f49f4d4bc5419499d261654bed4962dcb22e3,2023-12,Wiltshire Police,Wiltshire Police,-2.208256,51.321126,On or near Fore Street,E01034534,Wiltshire 031E,Violence and sexual offences,Status update unavailable,
aa1ab7b8aded89550b5a08b8443ebd86bbeb1bb572a8954f0f3dbb41de5fb81c,2023-12,Wiltshire Police,Wiltshire Police,-2.208256,51.321126,On or near Fore Street,E01034534,Wiltshire 031E,Violence and sexual offences,Unable to prosecute suspect,
2708b6f8cb10aa53b13d474fc1c0adbf09f1b010fb72f14efd4d5233973fccf6,2023-12,Wiltshire Police,Wiltshire Police,-2.210883,51.318262,On or near Bythesea Road,E01034534,Wiltshire 031E,Violence and sexual offences,Unable to prosecute suspect,
6e28ff76568ed901e9633446058a7c4662b09a2fa022a99df31fc8ee91195f73,2023-12,Wiltshire Police,Wiltshire Police,-2.207869,51.318016,On or near Parking Area,E01034534,Wiltshire 031E,Violence and sexual offences,Investigation complete; no suspect identified,
fd4349176b971685de9778b5b0e18d36fff57a883154aa292676cd3e495a8fac,2023-12,Wiltshire Police,Wiltshire Police,-2.207528,51.321982,On or near Church Street,E01034534,Wiltshire 031E,Violence and sexual offences,Investigation complete; no suspect identified,
19e88a2a400a02d3d04d377fa36103ae0f44b2cdedd07e5787418789782db154,2023-12,Wiltshire Police,Wiltshire Police,-2.210883,51.318262,On or near Bythesea Road,E01034534,Wiltshire 031E,Violence and sexual offences,Unable to prosecute suspect,
42500bce78e6732f47b6f774242e5ca09055b3aacae12b00963df4a3416bc60a,2023-12,Wiltshire Police,Wiltshire Police,-2.207788,51.319221,On or near Castle Street,E01034534,Wiltshire 031E,Violence and sexual offences,Unable to prosecute suspect,
0e9a600c85c47d6c71bf28cf0d7450db75de788b524a97b12c60137f30ee5b71,2023-12,Wiltshire Police,Wiltshire Police,-2.210569,51.319199,On or near Supermarket,E01034534,Wiltshire 031E,Violence and sexual offences,Unable to prosecute suspect,
69f2198973b904ee6a994c98a94134365f8b80417ca369bc0bfe789b17427b59,2023-12,Wiltshire Police,Wiltshire Police,-2.194452,51.321348,On or near Barn Glebe,E01032100,Wiltshire 032B,Public order,Unable to prosecute suspect,
75a8fe3b0aeaca9768b9088eb85b2a7b09bf8596e4fd75079b61df10f77c2ce6,2023-12,Wiltshire Police,Wiltshire Police,-2.194452,51.321348,On or near Barn Glebe,E01032100,Wiltshire 032B,Public order,Unable to prosecute suspect,
0bc275bed4f53dd1c73e8ea47f04351cb705839c49a20f5782a723a3e27a43a5,2023-12,Wiltshire Police,Wiltshire Police,-2.200209,51.321824,On or near Eastbourne Road,E01032100,Wiltshire 032B,Violence and sexual offences,Unable to prosecute suspect,
6eb3acc474fe7a82059bf0e9ca3bf165f4a405ecfa6c78b266d6caf853a17b08,2023-12,Wiltshire Police,Wiltshire Police,-2.200209,51.321824,On or near Eastbourne Road,E01032100,Wiltshire 032B,Violence and sexual offences,Unable to prosecute suspect,
be5b066cabae9ecece32ca44a11e116fd8dc36196c0b16d118abe84bcd439bba,2023-12,Wiltshire Police,Wiltshire Police,-2.200209,51.321824,On or near Eastbourne Road,E01032100,Wiltshire 032B,Violence and sexual offences,Unable to prosecute suspect,
,2023-12,Wiltshire Police,Wiltshire Police,-2.194452,51.321348,On or near Barn Glebe,E01032100,Wiltshire 032B,Anti-social behaviour,,
,2023-12,Wiltshire Police,Wiltshire Police,-2.194452,51.321348,On or near Barn Glebe,E01032100,Wiltshire 032B,Anti-social behaviour,,
e0997478fc0bd04987fe7b7488b1a41b31e552b8429caafac2d3859ea34624ea,2023-12,Wiltshire Police,Wiltshire Police,-2.198322,51.326844,On or near Cleveland Gardens,E01032100,Wiltshire 032B,Criminal damage and arson,Investigation complete; no suspect identified,
93150857593d5ee3941a66fd2690664e126b74b9643ae4edc314bfba36c04176,2023-12,Wiltshire Police,Wiltshire Police,-2.200209,51.321824,On or near Eastbourne Road,E01032100,Wiltshire 032B,Theft from the person,Investigation complete; no suspect identified,
c0c9b510aefda7ca9dc9c1d2c11c7b306bb864a3f862c3cb47aae0c3dd6909e8,2023-12,Wiltshire Police,Wiltshire Police,-2.203585,51.322636,On or near The Halve,E01032101,Wiltshire 032C,Criminal damage and arson,Unable to prosecute suspect,
4f95d382a7db4a04146c8c7ae821a284500f748dc84c210f2da0d1b2b82cf95f,2023-12,Wiltshire Police,Wiltshire Police,-2.205775,51.318280,On or near St Stephen'S Place,E01032101,Wiltshire 032C,Criminal damage and arson,Investigation complete; no suspect identified,
bb46dea11ac0f09d8b471d0357a2329b51eeed5325d85268ce7297f486f87321,2023-12,Wiltshire Police,Wiltshire Police,-2.204039,51.321466,On or near Roundstone Street,E01032101,Wiltshire 032C,Other theft,Unable to prosecute suspect,
389358597d5ffc04fd2c0256a4c7c20257ad88c5aa98d14ab206846e0c16f6e9,2023-12,Wiltshire Police,Wiltshire Police,-2.206492,51.318126,On or near Parking Area,E01032101,Wiltshire 032C,Violence and sexual offences,Unable to prosecute suspect,
509ed15c49026ab0528c69b74d7b319c306341404828a70f5a4d66e0f4d7bf74,2023-12,Wiltshire Police,Wiltshire Police,-2.196530,51.320544,On or near Heather Shaw,E01032101,Wiltshire 032C,Violence and sexual offences,Unable to prosecute suspect,
,2023-12,Wiltshire Police,Wiltshire Police,-2.205775,51.318280,On or near St Stephen'S Place,E01032101,Wiltshire 032C,Anti-social behaviour,,
,2023-12,Wiltshire Police,Wiltshire Police,-2.206492,51.318126,On or near Parking Area,E01032101,Wiltshire 032C,Anti-social behaviour,,
,2023-12,Wiltshire Police,Wiltshire Police,-2.203585,51.322636,On or near The Halve,E01032101,Wiltshire 032C,Anti-social behaviour,,
,2023-12,Wiltshire Police,Wiltshire Police,-2.205775,51.318280,On or near St Stephen'S Place,E01032101,Wiltshire 032C,Anti-social behaviour,,
ce244e44d1482d565134140413fda26ac7d7d03868f82e68c697b30473c8afab,2023-12,Wiltshire Police,Wiltshire Police,-2.204039,51.321466,On or near Roundstone Street,E01032101,Wiltshire 032C,Burglary,Investigation complete; no suspect identified,
6573f3d15b874d61a17955425dd39ea179ea995366f34d17514cb96e623ab797,2023-12,Wiltshire Police,Wiltshire Police,-2.204039,51.321466,On or near Roundstone Street,E01032101,Wiltshire 032C,Burglary,Investigation complete; no suspect identified,
c7aad01e702cfbf6900b6d00251b5821801a8e0a9bc8899dd589c3840e75e027,2023-12,Wiltshire Police,Wiltshire Police,-2.204039,51.321466,On or near Roundstone Street,E01032101,Wiltshire 032C,Criminal damage and arson,Unable to prosecute suspect,
8d734e91190209479f3f8577dedc746ff7a2246cb9b608ff17ef4fa66ea223eb,2023-12,Wiltshire Police,Wiltshire Police,-2.202066,51.323322,On or near Bellefield Crescent,E01032101,Wiltshire 032C,Criminal damage and arson,Court result unavailable,
4c6943737d287479c106307e81a4caab7a55794e5055465583c89ffb0e23f828,2023-12,Wiltshire Police,Wiltshire Police,-2.207029,51.319546,On or near Shopping Area,E01032101,Wiltshire 032C,Criminal damage and arson,Investigation complete; no suspect identified,
eb6c9b19868068f194144e2c83817d5ed03b720cd5dcdaec5eb3d8c275050bc5,2023-12,Wiltshire Police,Wiltshire Police,-2.202830,51.320794,On or near Police Station,E01032101,Wiltshire 032C,Criminal damage and arson,Investigation complete; no suspect identified,
292d9f7e1d9629ed191aee9c197819dafb9ea6023b11ac24222a9cb37ea567e8,2023-12,Wiltshire Police,Wiltshire Police,-2.204039,51.321466,On or near Roundstone Street,E01032101,Wiltshire 032C,Criminal damage and arson,Investigation complete; no suspect identified,
bb4d24ae2876c1eb78c4acc964d680db538931a0f64d91919dc8b49e6614b745,2023-12,Wiltshire Police,Wiltshire Police,-2.207029,51.319546,On or near Shopping Area,E01032101,Wiltshire 032C,Criminal damage and arson,Investigation complete; no suspect identified,
b06b840376499ddd3c805203aa77bcdffaa7c5595f7606003d1363161b1e8de1,2023-12,Wiltshire Police,Wiltshire Police,-2.205775,51.318280,On or near St Stephen'S Place,E01032101,Wiltshire 032C,Criminal damage and arson,Investigation complete; no suspect identified,
6b2d1cd27c70161b4e0cab4e4baeea805dcdca31f1ffe150b334886e01451b19,2023-12,Wiltshire Police,Wiltshire Police,-2.203585,51.322636,On or near The Halve,E01032101,Wiltshire 032C,Criminal damage and arson,Status update unavailable,
c7f8abdb72e49ae18465e5af55f628c7a4ede4b7aeb758d5d3f8d63bd27610f3,2023-12,Wiltshire Police,Wiltshire Police,-2.201028,51.318954,On or near A361,E01032101,Wiltshire 032C,Drugs,Offender given a caution,
43f7fec019adda571e33a0789a7295d993d6f96269c3fbfc89947db5a5822d43,2023-12,Wiltshire Police,Wiltshire Police,-2.198970,51.317420,On or near Clarendon Avenue,E01032101,Wiltshire 032C,Other theft,Investigation complete; no suspect identified,
a8662c4d60e8507a5c11e02ab05c34ada9dd6aa45a979d740dfeae423c5e1973,2023-12,Wiltshire Police,Wiltshire Police,-2.198970,51.317420,On or near Clarendon Avenue,E01032101,Wiltshire 032C,Other theft,Investigation complete; no suspect identified,
5ad2d3fc31f7d21afe558890a70942f82611d66b2346ee3d2962d27e65fafd23,2023-12,Wiltshire Police,Wiltshire Police,-2.198980,51.319812,On or near Lower Alma Street,E01032101,Wiltshire 032C,Public order,Unable to prosecute suspect,
8a2fdabec24e396db7f2b2b6c126120a981d683afa29b4fd42f837e191bab047,2023-12,Wiltshire Police,Wiltshire Police,-2.202830,51.320794,On or near Police Station,E01032101,Wiltshire 032C,Public order,Court result unavailable,
01d23968016ced2e6b11cf80daab74ef95a0db1c77c3c4b05108d4a916ab210f,2023-12,Wiltshire Police,Wiltshire Police,-2.206492,51.318126,On or near Parking Area,E01032101,Wiltshire 032C,Vehicle crime,Court result unavailable,
0f88a17563c39d5085ca399ef1e34ff8a502c8ac20d7c939f93749a41ec03326,2023-12,Wiltshire Police,Wiltshire Police,-2.206596,51.318881,On or near Parking Area,E01032101,Wiltshire 032C,Vehicle crime,Investigation complete; no suspect identified,
34cea51d24757dac6154fabbc794794f98dfab5a9983982376482fbbb0de87ed,2023-12,Wiltshire Police,Wiltshire Police,-2.207029,51.319546,On or near Shopping Area,E01032101,Wiltshire 032C,Violence and sexual offences,Action to be taken by another organisation,
570aefd64faa14cc1d64e79d7f4a76b6f2af9620cb51e5fd7b6022c48550675d,2023-12,Wiltshire Police,Wiltshire Police,-2.197255,51.319077,On or near Clarendon Road,E01032101,Wiltshire 032C,Violence and sexual offences,Unable to prosecute suspect,
00e8f6a5a3249ebfa241c6ebb1c1bd9d4a6405c2ad24a384a46fdce5876b08ff,2023-12,Wiltshire Police,Wiltshire Police,-2.206083,51.322901,On or near Union Street,E01032101,Wiltshire 032C,Violence and sexual offences,Unable to prosecute suspect,
ef77f6c3f7d020707bbcfff4c741f4dfe7e53cf3f51473764730eac3d5289efe,2023-12,Wiltshire Police,Wiltshire Police,-2.203828,51.322492,On or near Parking Area,E01032101,Wiltshire 032C,Violence and sexual offences,Unable to prosecute suspect,
aa6f6fefd4bc005dbb87175ade19c2e88e4c6370c88f51969b9976d07390112a,2023-12,Wiltshire Police,Wiltshire Police,-2.195168,51.320942,On or near Lark Down,E01032101,Wiltshire 032C,Violence and sexual offences,Status update unavailable,
517a662930441d799d53eb529853bf1b9b8a356ce34f9d53fdcd50b973f1c684,2023-12,Wiltshire Police,Wiltshire Police,-2.182449,51.316116,On or near Huntingfield,E01032102,Wiltshire 032D,Burglary,Unable to prosecute suspect,
e7bae60cd5b8265cfa0a7d56be624c70818fb2291f5376bc25d6aa87eea0d9c4,2023-12,Wiltshire Police,Wiltshire Police,-2.184371,51.316005,On or near Serotine Crescent,E01032102,Wiltshire 032D,Violence and sexual offences,Unable to prosecute suspect,
15f20011e4ca9867a8f03bd775b8bc47531b4867397940b83a97f3ec022811bf,2023-12,Wiltshire Police,Wiltshire Police,-2.184371,51.316005,On or near Serotine Crescent,E01032102,Wiltshire 032D,Violence and sexual offences,Court result unavailable,
,2023-12,Wiltshire Police,Wiltshire Police,-2.192849,51.318977,On or near Slowgrove Close,E01032102,Wiltshire 032D,Anti-social behaviour,,
b827bac4e953e0fe3f4d5527471cf13d718958f60aa81de6097e442ad24d4a6a,2023-12,Wiltshire Police,Wiltshire Police,-2.182665,51.316382,On or near Supermarket,E01032102,Wiltshire 032D,Shoplifting,Investigation complete; no suspect identified,
15514f4329fac03b1025d2deaf582f0ba0413af73c5643471750288385abb6e3,2023-12,Wiltshire Police,Wiltshire Police,-2.182665,51.316382,On or near Supermarket,E01032102,Wiltshire 032D,Shoplifting,Investigation complete; no suspect identified,
27210951cec3f1d81bf18abebb21f63019f15d16629e60aadd0027a05ef215d8,2023-12,Wiltshire Police,Wiltshire Police,-2.182665,51.316382,On or near Supermarket,E01032102,Wiltshire 032D,Shoplifting,Investigation complete; no suspect identified,
4e497b08df3e8ce55d945c293a17dd30eb8ebd1da345a70e562d6b55c304df04,2023-12,Wiltshire Police,Wiltshire Police,-2.182665,51.316382,On or near Supermarket,E01032102,Wiltshire 032D,Shoplifting,Further investigation is not in the public interest,
2c3e8ff6f30ac08ec962985314aec782aa81e548e23994f2ae6961cb3db8b3cd,2023-12,Wiltshire Police,Wiltshire Police,-2.184636,51.317569,On or near Soprano Way,E01032102,Wiltshire 032D,Violence and sexual offences,Investigation complete; no suspect identified,
0198d8553a7cfc4462e1c22269f516713440b0329acdf5b0f36d453bc326e260,2023-12,Wiltshire Police,Wiltshire Police,-2.184714,51.319098,On or near Leisler Gardens,E01032102,Wiltshire 032D,Violence and sexual offences,Unable to prosecute suspect,
8230dca565dffa522b6121ca46c7d685f92b4a271cac10e2a0c39c898a6c40e7,2023-12,Wiltshire Police,Wiltshire Police,-2.184636,51.317569,On or near Soprano Way,E01032102,Wiltshire 032D,Violence and sexual offences,Investigation complete; no suspect identified,
3f0ca86be3b22b2806f392aa6f2a21a7167e5312e7723e1a68a2937845567b4f,2023-12,Wiltshire Police,Wiltshire Police,-2.193269,51.319812,On or near Kenwood Close,E01032102,Wiltshire 032D,Violence and sexual offences,Unable to prosecute suspect,
,2023-12,Wiltshire Police,Wiltshire Police,-2.188886,51.325205,On or near Hulbert Close,E01034535,Wiltshire 032E,Anti-social behaviour,,
,2023-12,Wiltshire Police,Wiltshire Police,-2.189866,51.326328,On or near Halfway Close,E01034535,Wiltshire 032E,Anti-social behaviour,,
e8c31ac68bb11a9cb6cceebe7d3f3d719b4e2e1cd24bde11883f5c109fc01a56,2023-12,Wiltshire Police,Wiltshire Police,-2.187083,51.323068,On or near Pavely Gardens,E01034535,Wiltshire 032E,Burglary,Investigation complete; no suspect identified,
119dddf73baf6236f1862fa834d61de36d0a3bb77a5b10b9e937ccd8c2c107a8,2023-12,Wiltshire Police,Wiltshire Police,-2.195473,51.328521,On or near Victoria Road,E01034535,Wiltshire 032E,Criminal damage and arson,Investigation complete; no suspect identified,
54cf396c164a037269c6ffdd27bad113a74794be06489caaea2125e29531c9a5,2023-12,Wiltshire Police,Wiltshire Police,-2.195473,51.328521,On or near Victoria Road,E01034535,Wiltshire 032E,Criminal damage and arson,Investigation complete; no suspect identified,
8455a0c58519b76c7c6ac7f9ae167d414db3a1388010ebf92d6f58919ca1f585,2023-12,Wiltshire Police,Wiltshire Police,-2.189011,51.324153,On or near Corbin Road,E01034535,Wiltshire 032E,Violence and sexual offences,Unable to prosecute suspect,
d43a8f99d1319c1a77acc6861e18559b5d504a4fa73039fb84cfa2fccf3096af,2023-12,Wiltshire Police,Wiltshire Police,-2.185367,51.320958,On or near Cornbrash Rise,E01034536,Wiltshire 032F,Violence and sexual offences,Local resolution,
2560221e29cb2c0e92cbd505bcab5224e8367531ed3f0236d50aae746c4d4bd6,2023-12,Wiltshire Police,Wiltshire Police,-2.185367,51.320958,On or near Cornbrash Rise,E01034536,Wiltshire 032F,Drugs,Local resolution,
244c329f0fa0ece751cb0e878303fe8995fe74124edfac956268af296221f7e8,2023-12,Wiltshire Police,Wiltshire Police,-2.187900,51.322698,On or near Malwayn Close,E01034536,Wiltshire 032F,Violence and sexual offences,Offender given a caution,
3eb99c51fc2fa3c5ebcf7ebde24bd76a249dd478cce9da4f6fc3cb48670c37cf,2023-12,Wiltshire Police,Wiltshire Police,-2.178111,51.318487,On or near Clare Avenue,E01034537,Wiltshire 032G,Violence and sexual offences,Court result unavailable,
,2023-12,Wiltshire Police,Wiltshire Police,-2.180031,51.317801,On or near Thirsk Drive,E01034537,Wiltshire 032G,Anti-social behaviour,,
,2023-12,Wiltshire Police,Wiltshire Police,-2.182139,51.317582,On or near Butts Crescent,E01034537,Wiltshire 032G,Anti-social behaviour,,
77b5758edcf5c2095232b66d31f5f6e523081d2e663be0ecba2ff5b552fda476,2023-12,Wiltshire Police,Wiltshire Police,-2.179419,51.319205,On or near Helmsley Road,E01034537,Wiltshire 032G,Violence and sexual offences,Unable to prosecute suspect,
c673268be0baf3079ee39f7361ecea7fbce6f2573a81bec9c4bac0889b571f07,2023-12,Wiltshire Police,Wiltshire Police,-2.179419,51.319205,On or near Helmsley Road,E01034537,Wiltshire 032G,Violence and sexual offences,Unable to prosecute suspect,
4465c3faf938fc766785dbff129fc4daa552ee060d94f1f79f3bbab6c1a620fb,2023-12,Wiltshire Police,Wiltshire Police,-2.179419,51.319205,On or near Helmsley Road,E01034537,Wiltshire 032G,Violence and sexual offences,Unable to prosecute suspect,
b033ac40d3a74e1e3d8e7c5375c75024ad85dc36c4c2362dcdfc2efd8f28140e,2023-12,Wiltshire Police,Wiltshire Police,-2.179419,51.319205,On or near Helmsley Road,E01034537,Wiltshire 032G,Violence and sexual offences,Status update unavailable,
c923c428cd98ef57ab9ce4a865f18c098acdf729cf7c66f7db29fe06aba8a7ad,2023-12,Wiltshire Police,Wiltshire Police,-2.232163,51.309635,On or near Cavendish Drive,E01032096,Wiltshire 033A,Violence and sexual offences,Unable to prosecute suspect,
93f6f40f2e7c07ef84a2c614a555c29b8923f44717dcf2f0bc11dc488fd68a56,2023-12,Wiltshire Police,Wiltshire Police,-2.231145,51.312604,On or near Sandford Park,E01032096,Wiltshire 033A,Violence and sexual offences,Unable to prosecute suspect,
6d36c011838d40045476f03e511b855ad7ff807d4583f5bea13a25d2bed444b2,2023-12,Wiltshire Police,Wiltshire Police,-2.232163,51.309635,On or near Cavendish Drive,E01032096,Wiltshire 033A,Violence and sexual offences,Unable to prosecute suspect,
,2023-12,Wiltshire Police,Wiltshire Police,-2.231127,51.311975,On or near Kensington Fields,E01032096,Wiltshire 033A,Anti-social behaviour,,
,2023-12,Wiltshire Police,Wiltshire Police,-2.228831,51.311889,On or near Westfield Close,E01032096,Wiltshire 033A,Anti-social behaviour,,
,2023-12,Wiltshire Police,Wiltshire Police,-2.225437,51.310295,On or near Manor Close,E01032096,Wiltshire 033A,Anti-social behaviour,,
ad13adbd421a68dc57ddd2d69025db0e74de1b9e15cf19c764be486f51c546ef,2023-12,Wiltshire Police,Wiltshire Police,-2.227055,51.309609,On or near Manor Road,E01032096,Wiltshire 033A,Criminal damage and arson,Unable to prosecute suspect,
3231d4c2f9c12130a3e044bc34e71998b021cd76c935e00cc2d16ca22711cd7c,2023-12,Wiltshire Police,Wiltshire Police,-2.231145,51.312604,On or near Sandford Park,E01032096,Wiltshire 033A,Other theft,Investigation complete; no suspect identified,
7eb6adbd297a466f38c5d9e2faf871e605be0045a3de44c333305b1ca576144d,2023-12,Wiltshire Police,Wiltshire Police,-2.226438,51.309565,On or near Ayrton Close,E01032096,Wiltshire 033A,Public order,Unable to prosecute suspect,
e93fd631c53be791884b221d0d94d40c59d5ff23cdd1dc9e5933f0efb4a5e586,2023-12,Wiltshire Police,Wiltshire Police,-2.228836,51.310082,On or near Summerleaze,E01032096,Wiltshire 033A,Public order,Unable to prosecute suspect,
558f46e7845905f5caa4ffd61be5e0453449b018ad998cb0bc7894d5b5339180,2023-12,Wiltshire Police,Wiltshire Police,-2.233175,51.308500,On or near Lambrok Close,E01032096,Wiltshire 033A,Violence and sexual offences,Unable to prosecute suspect,
e55bfc99638cbcef8c2167293429baf72bcc2f465d93bc2c84dcc58d41fe5ac4,2023-12,Wiltshire Police,Wiltshire Police,-2.228836,51.310082,On or near Summerleaze,E01032096,Wiltshire 033A,Violence and sexual offences,Unable to prosecute suspect,
6d06e3859d1049f5a961ba7c2771b71466889e70fff90523876505f17f2a2c49,2023-12,Wiltshire Police,Wiltshire Police,-2.230999,51.309430,On or near Regents Place,E01032096,Wiltshire 033A,Violence and sexual offences,Court result unavailable,
3eaa11f45a079b6d13c3b25398ef1a6afaa015f2029d7bab657221f5fa99bca1,2023-12,Wiltshire Police,Wiltshire Police,-2.228027,51.311684,On or near Westfield Road,E01032096,Wiltshire 033A,Violence and sexual offences,Unable to prosecute suspect,
808aac03e8647781fa395a03093ff265d9fac91c1d1c3036ddb227af02563d11,2023-12,Wiltshire Police,Wiltshire Police,-2.231145,51.312604,On or near Sandford Park,E01032096,Wiltshire 033A,Violence and sexual offences,Unable to prosecute suspect,
,2023-12,Wiltshire Police,Wiltshire Police,-2.229502,51.319765,On or near Meadway,E01032097,Wiltshire 033B,Anti-social behaviour,,
4882a1bfe8d2e1e4a44e0c94cdcf42701d4467888c63f26436926b3566721c35,2023-12,Wiltshire Police,Wiltshire Police,-2.229502,51.319765,On or near Meadway,E01032097,Wiltshire 033B,Criminal damage and arson,Investigation complete; no suspect identified,
0448a8a3d73c4f1f1a397e56d8bad10784977129d33ee50cb36462d6b76eff3b,2023-12,Wiltshire Police,Wiltshire Police,-2.223537,51.323670,On or near Cockhill,E01032097,Wiltshire 033B,Theft from the person,Unable to prosecute suspect,
b2612c76b269e13457aa0bbcf3d4b5d5205051e296100ac0e33129522f7e150f,2023-12,Wiltshire Police,Wiltshire Police,-1.978828,51.286907,On or near Supermarket,E01031857,Wiltshire 034B,Public order,Status update unavailable,
2ca2e48950c53e15bdf5315c8874a1ea6f023ac0d59da3335328f60ca94e4600,2023-12,Wiltshire Police,Wiltshire Police,-1.978828,51.286907,On or near Supermarket,E01031857,Wiltshire 034B,Public order,Court result unavailable,
d3672247380f185d638cf7347193f8e175799f7992fef1fc0a3358fef6d8d8cf,2023-12,Wiltshire Police,Wiltshire Police,-1.945016,51.311615,On or near The Paddock,E01031883,Wiltshire 034D,Violence and sexual offences,Unable to prosecute suspect,
,2023-12,Wiltshire Police,Wiltshire Police,-1.942133,51.322035,On or near Marsh Lane,E01031883,Wiltshire 034D,Anti-social behaviour,,
9442d223700ac3db16d9455133e2dd0eb37ca40aa5e112a75eed84f967e7c08d,2023-12,Wiltshire Police,Wiltshire Police,-1.942133,51.322035,On or near Marsh Lane,E01031883,Wiltshire 034D,Criminal damage and arson,Investigation complete; no suspect identified,
1b8e6de33131a93f737e024ed9fbbbbe3e3c4e33f1b8c521af3646ce2a1a2aa9,2023-12,Wiltshire Police,Wiltshire Police,-1.941010,51.313690,On or near The Ham,E01031883,Wiltshire 034D,Criminal damage and arson,Unable to prosecute suspect,
f9cddb560ca9e634a3dd1843fc8d0c8d5b309baefedc9f230aaa7eb86d12670c,2023-12,Wiltshire Police,Wiltshire Police,-1.938371,51.324092,On or near Crate Lane,E01031883,Wiltshire 034D,Vehicle crime,Investigation complete; no suspect identified,
939b6830a0ff20355703920a7fefbc93edf5ae758be54cc610024bb45465af23,2023-12,Wiltshire Police,Wiltshire Police,-1.936547,51.314038,On or near Crooks Lane,E01031883,Wiltshire 034D,Violence and sexual offences,Unable to prosecute suspect,
d226c351c55a870b72d35ef69192408f48b08cf34e28103cae44c949db5d8c53,2023-12,Wiltshire Police,Wiltshire Police,-1.980702,51.298858,On or near Kings Road,E01031883,Wiltshire 034D,Violence and sexual offences,Unable to prosecute suspect,
d3668b5a1213148745eba011ec8ec97926b3383e167cf2961f31553ce687e267,2023-12,Wiltshire Police,Wiltshire Police,-1.980702,51.298858,On or near Kings Road,E01031883,Wiltshire 034D,Violence and sexual offences,Unable to prosecute suspect,
a1ff9eacc96b9c7d12c94b5653ee9876467bd97bbc9e0dc51c2191b0360d239d,2023-12,Wiltshire Police,Wiltshire Police,-1.941010,51.313690,On or near The Ham,E01031883,Wiltshire 034D,Violence and sexual offences,Unable to prosecute suspect,
f66b9c36b7611f166ec5f4b6cbb650d496911d22691cd385e9e32c67d2e55417,2023-12,Wiltshire Police,Wiltshire Police,-1.949374,51.314063,On or near Crookwood Lane,E01031883,Wiltshire 034D,Violence and sexual offences,Status update unavailable,
edba9992807c93b79d06a23c7c28413130f1e542dce321263b5531902ea9b0b3,2023-12,Wiltshire Police,Wiltshire Police,-1.943899,51.356996,On or near Coate Lane,E01034538,Wiltshire 034E,Criminal damage and arson,Unable to prosecute suspect,
a2fea6496a18617d0d6cab178d5b37e05678173d354aa399eef0bc6b9e221305,2023-12,Wiltshire Police,Wiltshire Police,-1.948261,51.373102,On or near Chandlers Lane,E01034538,Wiltshire 034E,Violence and sexual offences,Unable to prosecute suspect,
c1f133aed0ea09f7ae69cb636404b7924292cf8f32119b910219b98be55c96da,2023-12,Wiltshire Police,Wiltshire Police,-1.962563,51.363630,On or near Slopers Lea,E01034539,Wiltshire 034F,Violence and sexual offences,Unable to prosecute suspect,
58f930f9170e166649383e91c280bae7c1e3a47a38c8a1d353040dfcbc0effff,2023-12,Wiltshire Police,Wiltshire Police,-1.968465,51.365367,On or near Rupert Close,E01034539,Wiltshire 034F,Violence and sexual offences,Unable to prosecute suspect,
35ee7db9f4106e1fec3e3668b9c7fef906f71dc9d4dfa46f6d906118a9be64e5,2023-12,Wiltshire Police,Wiltshire Police,-1.970735,51.364720,On or near Supermarket,E01034539,Wiltshire 034F,Other theft,Investigation complete; no suspect identified,
a0cdefce789b1caeacbcfbf145c7f792d2857f86ea8287bb049f5cb83149fa6a,2023-12,Wiltshire Police,Wiltshire Police,-1.964069,51.366013,On or near Kilbrock Mead,E01034539,Wiltshire 034F,Public order,Unable to prosecute suspect,
4f937ad860bb6b8fa90512a066326874d753b3494f76d31020b155439c840546,2023-12,Wiltshire Police,Wiltshire Police,-1.970735,51.364720,On or near Supermarket,E01034539,Wiltshire 034F,Violence and sexual offences,Court result unavailable,
f5d514ddc10839f3f35de6eaf73459153d7f4e3f849ba2138958a8c892dceffe,2023-12,Wiltshire Police,Wiltshire Police,-1.969788,51.363065,On or near Anzio Road,E01034539,Wiltshire 034F,Violence and sexual offences,Status update unavailable,
7ed93f40a5a127373854aa431788a4c6cec76f6559b36ac4bcd9f8a663412b23,2023-12,Wiltshire Police,Wiltshire Police,-1.968782,51.363991,On or near Horton Avenue,E01034539,Wiltshire 034F,Violence and sexual offences,Unable to prosecute suspect,
b53d378276abd7acc335fbb531efbaa8fc4ecca61a9d2381d70dfba975f701d6,2023-12,Wiltshire Police,Wiltshire Police,-1.970735,51.364720,On or near Supermarket,E01034539,Wiltshire 034F,Violence and sexual offences,Unable to prosecute suspect,
ab1249260704a0bc5da2c107337d37c8650712bc1748845c8c9ad616ce41b991,2023-12,Wiltshire Police,Wiltshire Police,-1.962563,51.363630,On or near Slopers Lea,E01034539,Wiltshire 034F,Violence and sexual offences,Status update unavailable,
61cedc820efed19baad1a2cfa17f01432f22da2120a018873ea115a15ba7124a,2023-12,Wiltshire Police,Wiltshire Police,-2.204713,51.308562,On or near Shrewton Close,E01032092,Wiltshire 035A,Burglary,Unable to prosecute suspect,
,2023-12,Wiltshire Police,Wiltshire Police,-2.208689,51.302944,On or near Shopping Area,E01032092,Wiltshire 035A,Anti-social behaviour,,
30e60de0a033f3438093a40abf7a33fa4dc9f625e82c2ac9c97fb639ab2ab1ab,2023-12,Wiltshire Police,Wiltshire Police,-2.210130,51.304119,On or near Clydesdale Close,E01032092,Wiltshire 035A,Shoplifting,Investigation complete; no suspect identified,
b6c28b646dd223aaec390c686986e67b460711e72ba357e449da9cc3cc501bff,2023-12,Wiltshire Police,Wiltshire Police,-2.210130,51.304119,On or near Clydesdale Close,E01032092,Wiltshire 035A,Violence and sexual offences,Investigation complete; no suspect identified,
4fd783653e0937d933bc4d5db5d3c31597e57aeeb9dc6a2ad97f9e7e731ce303,2023-12,Wiltshire Police,Wiltshire Police,-2.205122,51.313516,On or near Home Close,E01032093,Wiltshire 035B,Violence and sexual offences,Court result unavailable,
,2023-12,Wiltshire Police,Wiltshire Police,-2.198237,51.310632,On or near Swift Drive,E01032093,Wiltshire 035B,Anti-social behaviour,,
1636f818e7ca10b10f4cc914612b7b32686e62f08fae394d1b742af7e78f71a7,2023-12,Wiltshire Police,Wiltshire Police,-2.199382,51.309893,On or near Kingfisher Close,E01032093,Wiltshire 035B,Criminal damage and arson,Unable to prosecute suspect,
3b086c1e9523eb6c718831f8f7694dfa3b7b97d19be8635fd58af7d952026f18,2023-12,Wiltshire Police,Wiltshire Police,-2.201221,51.310510,On or near Pheasant Drive,E01032093,Wiltshire 035B,Drugs,Investigation complete; no suspect identified,
a89a13feeba373003990b53516bf107fab915faa8cc584edffe76a9ef73ffa33,2023-12,Wiltshire Police,Wiltshire Police,-2.197481,51.311578,On or near Eagle Park,E01032093,Wiltshire 035B,Drugs,Court result unavailable,
651e0bef808c6bd536e878c77c0c49aec39ee6522c55aa0832932de29e9f2bf1,2023-12,Wiltshire Police,Wiltshire Police,-2.197481,51.311578,On or near Eagle Park,E01032093,Wiltshire 035B,Possession of weapons,Status update unavailable,
0a6f01964ce9d6bc9182f26a0d123bfaba19a958d43f5ca8773d2733a78ef0d4,2023-12,Wiltshire Police,Wiltshire Police,-2.206348,51.314835,On or near Orchard Road,E01032093,Wiltshire 035B,Violence and sexual offences,Unable to prosecute suspect,
241fe48ecf374d418d54b224081ceebdf5f945db26a6f52b90a48ca5ebde65db,2023-12,Wiltshire Police,Wiltshire Police,-2.206348,51.314835,On or near Orchard Road,E01032093,Wiltshire 035B,Violence and sexual offences,Unable to prosecute suspect,
e39ecd7681d678aefabe59df5941f362d98e23c0f783954a66982dd4a9f14a80,2023-12,Wiltshire Police,Wiltshire Police,-2.199214,51.310945,On or near Woodpecker Drive,E01032093,Wiltshire 035B,Violence and sexual offences,Unable to prosecute suspect,
db89bbc5a78d7061d094be9663599f4b6eec951c3d908995ce82a725c8be1d62,2023-12,Wiltshire Police,Wiltshire Police,-2.213765,51.311585,On or near Arras Close,E01032094,Wiltshire 035C,Violence and sexual offences,Court result unavailable,
9fdffebac446c2b0731f81891ff3b2a24aec48ebd96baa097ace55d63f06fa3e,2023-12,Wiltshire Police,Wiltshire Police,-2.215651,51.312948,On or near Sleightholme Court,E01032094,Wiltshire 035C,Violence and sexual offences,Unable to prosecute suspect,
,2023-12,Wiltshire Police,Wiltshire Police,-2.203914,51.316053,On or near Bridge Street,E01032094,Wiltshire 035C,Anti-social behaviour,,
8230ac8cf255ab02873bc22efc6ce92debc7aec3d4997dce36663a93c248b105,2023-12,Wiltshire Police,Wiltshire Police,-2.203914,51.316053,On or near Bridge Street,E01032094,Wiltshire 035C,Criminal damage and arson,Investigation complete; no suspect identified,
131950d6e3482f8e81dbe3dd1933570724b23ca83f4951409972bdab33987f03,2023-12,Wiltshire Police,Wiltshire Police,-2.209879,51.315153,On or near Havelock Street,E01032094,Wiltshire 035C,Criminal damage and arson,Investigation complete; no suspect identified,
bf50de5ce6fecc91f49b2520c92ea19c007880030b3e104147b62050981093c4,2023-12,Wiltshire Police,Wiltshire Police,-2.209879,51.315153,On or near Havelock Street,E01032094,Wiltshire 035C,Criminal damage and arson,Investigation complete; no suspect identified,
93b81b16364a75bc7e6559185ef155ab2667be7720138bc94a8365464478513f,2023-12,Wiltshire Police,Wiltshire Police,-2.203914,51.316053,On or near Bridge Street,E01032094,Wiltshire 035C,Other theft,Investigation complete; no suspect identified,
683aa2f5057934f9e559517e64564d02b7371897356c23a028e9c7dc82d0b8e1,2023-12,Wiltshire Police,Wiltshire Police,-2.206761,51.314178,On or near Bramley Lane,E01032094,Wiltshire 035C,Other theft,Investigation complete; no suspect identified,
4af6bd9ce82f96672c0a80887a497cfa0f36fa67be5776581a94e00c11d4eb8f,2023-12,Wiltshire Police,Wiltshire Police,-2.203914,51.316053,On or near Bridge Street,E01032094,Wiltshire 035C,Other theft,Investigation complete; no suspect identified,
6b63174cc6d79b39956fc2c78f53843369e6d38135b7ab1f6866df6fe77e11b5,2023-12,Wiltshire Police,Wiltshire Police,-2.203914,51.316053,On or near Bridge Street,E01032094,Wiltshire 035C,Other theft,Investigation complete; no suspect identified,
472bed914dab72af124269253f97e058e80753954662898172c60baa3cb0cd72,2023-12,Wiltshire Police,Wiltshire Police,-2.208194,51.313870,On or near Dursley Road,E01032094,Wiltshire 035C,Public order,Court result unavailable,
b52bd5b7ccffa990c8535f5c9f5835da4582b8adabd34c79af03d714be40418a,2023-12,Wiltshire Police,Wiltshire Police,-2.203914,51.316053,On or near Bridge Street,E01032094,Wiltshire 035C,Public order,Investigation complete; no suspect identified,
f6febd2aa3af3272e13d857eaa6d1c6a3a57fed57bfadd18e949377d1e02ed3e,2023-12,Wiltshire Police,Wiltshire Police,-2.203914,51.316053,On or near Bridge Street,E01032094,Wiltshire 035C,Shoplifting,Court result unavailable,
a58fadd142290226045e8e68d281961b6f13d11df1eca954226bef1c5f5a6e06,2023-12,Wiltshire Police,Wiltshire Police,-2.203914,51.316053,On or near Bridge Street,E01032094,Wiltshire 035C,Shoplifting,Investigation complete; no suspect identified,
4191c5b58b53f191a988447975a631b225716e359451638ea70894b996ae1528,2023-12,Wiltshire Police,Wiltshire Police,-2.203914,51.316053,On or near Bridge Street,E01032094,Wiltshire 035C,Shoplifting,Court result unavailable,
e11b53cd4075ea296205389cfca6903b1f91fe672c12f15db95dd9a242ccbd16,2023-12,Wiltshire Police,Wiltshire Police,-2.214555,51.311862,On or near Yeoman Way,E01032094,Wiltshire 035C,Violence and sexual offences,Unable to prosecute suspect,
34c3b29442a9c707cdc771c0ffe9657adf91f1e54defd412561ed99353a11c27,2023-12,Wiltshire Police,Wiltshire Police,-2.206761,51.314178,On or near Bramley Lane,E01032094,Wiltshire 035C,Violence and sexual offences,Unable to prosecute suspect,
b74579fb2513593d3fa233dc9eb346948b3fba1e61bca45d93fdc3c52cab6929,2023-12,Wiltshire Police,Wiltshire Police,-2.207334,51.317055,On or near County Way,E01032094,Wiltshire 035C,Violence and sexual offences,Investigation complete; no suspect identified,
3eb58486cdd2a1dbc7f846694953e14b97fc05254c23d8c92ad60f3ee8de7e2a,2023-12,Wiltshire Police,Wiltshire Police,-2.203662,51.310983,On or near Drynham Park,E01032095,Wiltshire 035D,Criminal damage and arson,Investigation complete; no suspect identified,
9167be450fe93fde292ebd7328cf6f326c614f989b5e92204d0fc0d96850b50c,2023-12,Wiltshire Police,Wiltshire Police,-2.206405,51.311562,On or near Dunford Close,E01032095,Wiltshire 035D,Possession of weapons,Unable to prosecute suspect,
3b0a158c4dd05a454d435ede6ea5bb5d9fb1a2524870bdb724c36126a3adad37,2023-12,Wiltshire Police,Wiltshire Police,-2.206405,51.311562,On or near Dunford Close,E01032095,Wiltshire 035D,Shoplifting,Unable to prosecute suspect,
72e8acfe9551b57d1c01a367ddcf9819d8a72778a5c6c90af7039541fff4299d,2023-12,Wiltshire Police,Wiltshire Police,-2.213345,51.310758,On or near Supermarket,E01032095,Wiltshire 035D,Violence and sexual offences,Unable to prosecute suspect,
85c833abbaae517d7351a7168e061d45170e009583bd19a78619ed3d6779cf32,2023-12,Wiltshire Police,Wiltshire Police,-2.209239,51.306908,On or near Manton Close,E01032095,Wiltshire 035D,Violence and sexual offences,Investigation complete; no suspect identified,
,2023-12,Wiltshire Police,Wiltshire Police,-2.214612,51.302502,On or near Summer Down Walk,E01032088,Wiltshire 036A,Anti-social behaviour,,
fc87c4b050b96982f51b3c4fad333feb92ff5a46377a3d3db59580c710491adf,2023-12,Wiltshire Police,Wiltshire Police,-2.214201,51.315846,On or near Wesley Road,E01032089,Wiltshire 036B,Violence and sexual offences,Court result unavailable,
,2023-12,Wiltshire Police,Wiltshire Police,-2.212841,51.316460,On or near Newtown,E01032089,Wiltshire 036B,Anti-social behaviour,,
,2023-12,Wiltshire Police,Wiltshire Police,-2.212841,51.316460,On or near Newtown,E01032089,Wiltshire 036B,Anti-social behaviour,,
47fdddf8b0ef9fe8bf8ae529544d2a694442dce9267c469c165206a84bb36e38,2023-12,Wiltshire Police,Wiltshire Police,-2.212841,51.316460,On or near Newtown,E01032089,Wiltshire 036B,Other theft,Investigation complete; no suspect identified,
095e591d1d8e441fbabae8966eb3aa9c05ea71dcafa27bf4f47f2edc9bfb45d0,2023-12,Wiltshire Police,Wiltshire Police,-2.215374,51.315017,On or near Bond Street,E01032089,Wiltshire 036B,Theft from the person,Investigation complete; no suspect identified,
d3d60d5be6c883f24ffcbcd9fba6d3414e614a1ff2cde0a22e3e5a316ea82bb9,2023-12,Wiltshire Police,Wiltshire Police,-2.216189,51.314467,On or near Waterworks Road,E01032089,Wiltshire 036B,Violence and sexual offences,Unable to prosecute suspect,
c75c8b5ddeefb19f586aba3c25c05be6387c0e607fb7882aa0f44dae35a3af51,2023-12,Wiltshire Police,Wiltshire Police,-2.212630,51.314222,On or near Ashleigh Grove,E01032089,Wiltshire 036B,Violence and sexual offences,Unable to prosecute suspect,
073d25dc1a583a71fec4764c2f8e769d794113fdc453b2d227c7d79198144f63,2023-12,Wiltshire Police,Wiltshire Police,-2.212841,51.316460,On or near Newtown,E01032089,Wiltshire 036B,Violence and sexual offences,Unable to prosecute suspect,
335e55ee773dc52242e978d37d2cb7a275bb2807c89ec624ff3af4f492fe6991,2023-12,Wiltshire Police,Wiltshire Police,-2.218831,51.308905,On or near Walnut Grove,E01032090,Wiltshire 036C,Criminal damage and arson,Unable to prosecute suspect,
b8f2ac0e0c4eacf0bb00d0ddaa8da0b4772e14b28680844ddbe93a5cd3f2eb98,2023-12,Wiltshire Police,Wiltshire Police,-2.214827,51.308481,On or near Pine Grove,E01032090,Wiltshire 036C,Criminal damage and arson,Unable to prosecute suspect,
,2023-12,Wiltshire Police,Wiltshire Police,-2.216627,51.312973,On or near Lansdown Close,E01032090,Wiltshire 036C,Anti-social behaviour,,
8e9e233162de3af3b5771fda7c309f1b512165de256807a1774a97d969a1704f,2023-12,Wiltshire Police,Wiltshire Police,-2.215062,51.309667,On or near Maple Grove,E01032090,Wiltshire 036C,Criminal damage and arson,Investigation complete; no suspect identified,
c8cb13732dc0ee868ae0c33523d036b008d8c293ad2dd8dca06e8f009dd810c1,2023-12,Wiltshire Police,Wiltshire Police,-2.215062,51.309667,On or near Maple Grove,E01032090,Wiltshire 036C,Criminal damage and arson,Investigation complete; no suspect identified,
07b23b201e62d6e0bfb843f10d7711c42214008c06b84af5cd5da9ec3d0decd4,2023-12,Wiltshire Police,Wiltshire Police,-2.222510,51.308079,On or near Theatre/Concert Hall,E01032090,Wiltshire 036C,Criminal damage and arson,Court result unavailable,
db3990c914e99aec135b55af5ca90ec144d0c3f4a3a51553bf8e35241031a99d,2023-12,Wiltshire Police,Wiltshire Police,-2.221114,51.312300,On or near A361,E01032090,Wiltshire 036C,Drugs,Unable to prosecute suspect,
200ae43867611726fcb710cb7ca26849caf24b982c9ac61e2f2b60767c3dcc7e,2023-12,Wiltshire Police,Wiltshire Police,-2.216627,51.312973,On or near Lansdown Close,E01032090,Wiltshire 036C,Violence and sexual offences,Action to be taken by another organisation,
8ef17862015b926544c2ed7d590c891d7008706625084acc2101b08d27e68c58,2023-12,Wiltshire Police,Wiltshire Police,-2.216627,51.312973,On or near Lansdown Close,E01032090,Wiltshire 036C,Violence and sexual offences,Status update unavailable,
c452fe31e0e574fe2e6ba5b471e1f1e73cfa9304409ceb2742ca4d547108df4b,2023-12,Wiltshire Police,Wiltshire Police,-2.222510,51.308079,On or near Theatre/Concert Hall,E01032090,Wiltshire 036C,Violence and sexual offences,Investigation complete; no suspect identified,
53083d13b2ad0941219dc17e1d254dd1847e0a1364a0f0fb1fd5baec6149ec74,2023-12,Wiltshire Police,Wiltshire Police,-2.216627,51.312973,On or near Lansdown Close,E01032090,Wiltshire 036C,Violence and sexual offences,Local resolution,
9ff3421315d947d52cff4fd84ac75d8ef6d3b873c37267873f42d3801f385538,2023-12,Wiltshire Police,Wiltshire Police,-2.230318,51.307903,On or near Webbers Court,E01032091,Wiltshire 036D,Public order,Unable to prosecute suspect,
bf52263a77bd3dfa490fdb3ef9edfcba4943fbdf5493260b96e7101e55e4a4f0,2023-12,Wiltshire Police,Wiltshire Police,-2.228002,51.306694,On or near Church Fields,E01032091,Wiltshire 036D,Violence and sexual offences,Offender given a caution,
,2023-12,Wiltshire Police,Wiltshire Police,-2.206250,51.296231,On or near Mead Court,E01032053,Wiltshire 037A,Anti-social behaviour,,
,2023-12,Wiltshire Police,Wiltshire Police,-2.212171,51.295654,On or near Pine Walk,E01032053,Wiltshire 037A,Anti-social behaviour,,
e00cd5e9abb99caa6937d55722c5984f01c2efce70e42ac42a4085d24499bdbb,2023-12,Wiltshire Police,Wiltshire Police,-2.212171,51.295654,On or near Pine Walk,E01032053,Wiltshire 037A,Violence and sexual offences,Unable to prosecute suspect,
,2023-12,Wiltshire Police,Wiltshire Police,-2.232871,51.296478,On or near Chapel Close,E01032083,Wiltshire 037B,Anti-social behaviour,,
,2023-12,Wiltshire Police,Wiltshire Police,-2.259403,51.293734,On or near Poplar Tree Lane,E01032083,Wiltshire 037B,Anti-social behaviour,,
e5bc65eee8b311342a4aa231cafaa5e4c17ae0c285bb3f71c4ff49baa7d649e4,2023-12,Wiltshire Police,Wiltshire Police,-2.236628,51.293728,On or near Southfield,E01032083,Wiltshire 037B,Criminal damage and arson,Investigation complete; no suspect identified,
8b124d49bc27911d28c1ac75cb6324e6d5ada7e23fa06f7ece8827ab817c7a65,2023-12,Wiltshire Police,Wiltshire Police,-2.234163,51.296709,On or near Frome Road,E01032083,Wiltshire 037B,Criminal damage and arson,Unable to prosecute suspect,
a852cc90798916ca8c0c0bb38ec9d5a77abcb8ced73a0b56540e4c872a77fa10,2023-12,Wiltshire Police,Wiltshire Police,-2.231073,51.298397,On or near Fleur De Lys Drive,E01032083,Wiltshire 037B,Possession of weapons,Status update unavailable,
f4e10e94e2b6e3045ee6b231f2351e0749a705636ae5e65e063d2f045adaf4bf,2023-12,Wiltshire Police,Wiltshire Police,-2.227915,51.303565,On or near Frome Road,E01032083,Wiltshire 037B,Public order,Unable to prosecute suspect,
f44aad9020d1754df62be20238f6d251d8db7eedb616dc1caf17b38520c903db,2023-12,Wiltshire Police,Wiltshire Police,-2.244008,51.292499,On or near Frome Road,E01032083,Wiltshire 037B,Violence and sexual offences,Status update unavailable,
ce37a242f5787ffc77888c510e1b64c4490ccd3eea181395272d92e05ecac3e0,2023-12,Wiltshire Police,Wiltshire Police,-2.261349,51.315678,On or near Parking Area,E01032083,Wiltshire 037B,Violence and sexual offences,Unable to prosecute suspect,
7c7fd17f0ea457ab4df6ebe5bb2f95d23181f55f11a81f1d13212476ee888bd6,2023-12,Wiltshire Police,Wiltshire Police,-2.230330,51.298884,On or near St Annes Close,E01032083,Wiltshire 037B,Violence and sexual offences,Status update unavailable,
af8a2f68277e2fef3258513035d31c0193914fe58484b59577120c1e22939a37,2023-12,Wiltshire Police,Wiltshire Police,-2.232871,51.296478,On or near Chapel Close,E01032083,Wiltshire 037B,Violence and sexual offences,Investigation complete; no suspect identified,
25d1349f0404fc48cfc76356fc692de646fcefe159dbc508a873d51b3baf0e49,2023-12,Wiltshire Police,Wiltshire Police,-2.109936,51.335961,On or near Parking Area,E01034540,Wiltshire 037D,Public order,Unable to prosecute suspect,
f9ca4e9a5eeff4010dc5521f0351d5b9caf8aa9776e8c54e4e2579373eaa3c23,2023-12,Wiltshire Police,Wiltshire Police,-2.133563,51.310868,On or near Dark Lane North,E01034540,Wiltshire 037D,Violence and sexual offences,Unable to prosecute suspect,
1ee6a073e9be8a9a0c65245ca6fb9785e668dc292e34ede39e316ac35c4d951c,2023-12,Wiltshire Police,Wiltshire Police,-2.192456,51.314167,On or near Old Farm Road,E01034541,Wiltshire 037E,Violence and sexual offences,Unable to prosecute suspect,
2f7d0366e937e068e865188ab8461a06b095869d8c6a15cb3d805bb5ddde4770,2023-12,Wiltshire Police,Wiltshire Police,-2.177510,51.300451,On or near Orchard Close,E01034541,Wiltshire 037E,Violence and sexual offences,Unable to prosecute suspect,
f316e618faf48c76db5e14a0c7063131b2da57e00fe0c0a841e14a2674129389,2023-12,Wiltshire Police,Wiltshire Police,-2.179447,51.322702,On or near Helliker Close,E01034541,Wiltshire 037E,Violence and sexual offences,Unable to prosecute suspect,
,2023-12,Wiltshire Police,Wiltshire Police,-2.173097,51.297895,On or near Bratton Road,E01034541,Wiltshire 037E,Anti-social behaviour,,
d7e25ca9a2ec7bb0fd0629a282dae66abe99205b22d969d77236a4ac0236f3ee,2023-12,Wiltshire Police,Wiltshire Police,-2.177632,51.320898,On or near Hutton Close,E01034541,Wiltshire 037E,Violence and sexual offences,Unable to prosecute suspect,
6a51050064a8a84ee9350d27fc328705ad7e33f399c7a6cafc63863297d1679c,2023-12,Wiltshire Police,Wiltshire Police,-2.173097,51.297895,On or near Bratton Road,E01034541,Wiltshire 037E,Violence and sexual offences,Unable to prosecute suspect,
4feafa80235433f25f9156aee38591a4d22a4439a96eb6a5d3f27c8ab287c23c,2023-12,Wiltshire Police,Wiltshire Police,-2.189718,51.294003,On or near West Ashton Road,E01034541,Wiltshire 037E,Violence and sexual offences,Investigation complete; no suspect identified,
87e9d5a1f41c9c257a1039d82e95ab57c47a4fad81e9780c300898153b02032a,2023-12,Wiltshire Police,Wiltshire Police,-2.173097,51.297895,On or near Bratton Road,E01034541,Wiltshire 037E,Violence and sexual offences,Status update unavailable,
5c3db8b504ff0e963c7ac91c3204ecc0996ab9e31a8fac4bb410a269e58d1e57,2023-12,Wiltshire Police,Wiltshire Police,-1.814609,51.309548,On or near Rushall Road,E01031842,Wiltshire 038A,Criminal damage and arson,Investigation complete; no suspect identified,
912f8b04df6ddfdff91cfdb530abc8e9e7188d38114ba7227618e7170e2acfb6,2023-12,Wiltshire Police,Wiltshire Police,-1.814609,51.309548,On or near Rushall Road,E01031842,Wiltshire 038A,Criminal damage and arson,Investigation complete; no suspect identified,
6ee032c6f5a2c0149abc9fc2794aa141a75d2d343c35dd45025fcacd0e37de48,2023-12,Wiltshire Police,Wiltshire Police,-1.848301,51.320432,On or near Wilsford Road,E01031842,Wiltshire 038A,Other theft,Investigation complete; no suspect identified,
797673d606a796aea9a9b73f7b9023b089616831567c21b12a9897251f33969d,2023-12,Wiltshire Police,Wiltshire Police,-1.814609,51.309548,On or near Rushall Road,E01031842,Wiltshire 038A,Vehicle crime,Investigation complete; no suspect identified,
24319ffdfd1ad22fa67f662b7f52af9e756f327f379eaeb6c137c0eef52cf831,2023-12,Wiltshire Police,Wiltshire Police,-1.788047,51.242370,On or near Meadow View,E01031867,Wiltshire 038B,Criminal damage and arson,Investigation complete; no suspect identified,
,2023-12,Wiltshire Police,Wiltshire Police,-1.801441,51.289160,On or near Casterley Close,E01031882,Wiltshire 038C,Anti-social behaviour,,
,2023-12,Wiltshire Police,Wiltshire Police,-1.814301,51.293362,On or near Farriers Field,E01031882,Wiltshire 038C,Anti-social behaviour,,
,2023-12,Wiltshire Police,Wiltshire Police,-1.801441,51.289160,On or near Casterley Close,E01031882,Wiltshire 038C,Anti-social behaviour,,
,2023-12,Wiltshire Police,Wiltshire Police,-1.801441,51.289160,On or near Casterley Close,E01031882,Wiltshire 038C,Anti-social behaviour,,
,2023-12,Wiltshire Police,Wiltshire Police,-1.801441,51.289160,On or near Casterley Close,E01031882,Wiltshire 038C,Anti-social behaviour,,
9260674e853115766a51ebd797298f489d8e263b1f04abd397f0483f9adcf064,2023-12,Wiltshire Police,Wiltshire Police,-1.823444,51.302602,On or near Pewsey Road,E01031882,Wiltshire 038C,Criminal damage and arson,Investigation complete; no suspect identified,
99dbf8f1d5e3c609c7ea34f12e052f3e11829232f1ffae1a4e4d6f0892038510,2023-12,Wiltshire Police,Wiltshire Police,-1.801441,51.289160,On or near Casterley Close,E01031882,Wiltshire 038C,Public order,Unable to prosecute suspect,
8bb99489b4194aa09a1282883e9293f11c1fee1aa2d271037ddcb3ff3bff7f10,2023-12,Wiltshire Police,Wiltshire Police,-1.801441,51.289160,On or near Casterley Close,E01031882,Wiltshire 038C,Violence and sexual offences,Investigation complete; no suspect identified,
8dcfcee29dbcfb8ac9693f3b41dbb8268c122794b867450422a67636114471d7,2023-12,Wiltshire Police,Wiltshire Police,-2.228861,51.245844,On or near Stormore,E01032052,Wiltshire 039A,Criminal damage and arson,Unable to prosecute suspect,
bd49efc2ea010593ebe1438a380750584544785e62a6a554d8f7aa6c38eb9419,2023-12,Wiltshire Police,Wiltshire Police,-2.228861,51.245844,On or near Stormore,E01032052,Wiltshire 039A,Violence and sexual offences,Unable to prosecute suspect,
,2023-12,Wiltshire Police,Wiltshire Police,-2.237162,51.249775,On or near Clivey,E01032052,Wiltshire 039A,Anti-social behaviour,,
,2023-12,Wiltshire Police,Wiltshire Police,-2.207252,51.251289,On or near Fairhaven,E01032052,Wiltshire 039A,Anti-social behaviour,,
,2023-12,Wiltshire Police,Wiltshire Police,-2.222713,51.263327,On or near Fairwood Road,E01032052,Wiltshire 039A,Anti-social behaviour,,
c549bb87d375354e904491156e02e3b8b8bb6be67ca646ec0e390d0b0180bda0,2023-12,Wiltshire Police,Wiltshire Police,-2.197067,51.295294,On or near Petrol Station,E01032052,Wiltshire 039A,Drugs,Status update unavailable,
5d49de7d49ebc1cd8a2c10908dbf65d855078c4e72331a4225a9dacea2f00465,2023-12,Wiltshire Police,Wiltshire Police,-2.228861,51.245844,On or near Stormore,E01032052,Wiltshire 039A,Violence and sexual offences,Unable to prosecute suspect,
dac4ba60026dd7a46f72aa2484d4b7d87032da8b3117c835586de0b5158a8d37,2023-12,Wiltshire Police,Wiltshire Police,-2.207252,51.251289,On or near Fairhaven,E01032052,Wiltshire 039A,Violence and sexual offences,Status update unavailable,
f37a5a8344e7c8e930924a245695c5c66e3c8e7cf7b90961f2c7921c2f570f0f,2023-12,Wiltshire Police,Wiltshire Police,-2.228861,51.245844,On or near Stormore,E01032052,Wiltshire 039A,Violence and sexual offences,Unable to prosecute suspect,
1715505bd0b67d7f6bceb10a061769d1b46fe0d0add246051c2dc6ab246c364b,2023-12,Wiltshire Police,Wiltshire Police,-2.228861,51.245844,On or near Stormore,E01032052,Wiltshire 039A,Violence and sexual offences,Unable to prosecute suspect,
1b18cee0e96339f2b9a96d3cc1fa48a27db0ac90513eb744e01a8faff60a52fb,2023-12,Wiltshire Police,Wiltshire Police,-2.209014,51.248030,On or near Clay Close,E01032054,Wiltshire 039B,Burglary,Investigation complete; no suspect identified,
e3ff79f10ca4583a253a43e31404739313bf349bf2e344fdbd07bf2fc4c899b7,2023-12,Wiltshire Police,Wiltshire Police,-2.205901,51.247020,On or near High Street,E01032054,Wiltshire 039B,Public order,Unable to prosecute suspect,
,2023-12,Wiltshire Police,Wiltshire Police,-2.110909,51.263352,On or near Imber Road,E01032055,Wiltshire 039C,Anti-social behaviour,,
,2023-12,Wiltshire Police,Wiltshire Police,-2.122023,51.271308,On or near Melbourne Street,E01032055,Wiltshire 039C,Anti-social behaviour,,
7899cd1e283a5ed1e9351dcebf2c3c76891352f51293c29e798199c29b7e7206,2023-12,Wiltshire Police,Wiltshire Police,-2.109513,51.278882,On or near Inmead,E01032055,Wiltshire 039C,Other theft,Investigation complete; no suspect identified,
0665bb438bc41ba31b8eea7f15738e52d457394a9bbfc683885eebedbaf6d0e3,2023-12,Wiltshire Police,Wiltshire Police,-2.116309,51.267591,On or near Imber Road,E01032055,Wiltshire 039C,Public order,Unable to prosecute suspect,
581a3fd57d0e2a11edd136b3f8a44bbb61926dc104a5f876ea73b11ff6c2238f,2023-12,Wiltshire Police,Wiltshire Police,-2.196737,51.285251,On or near Dursley Road,E01032056,Wiltshire 039D,Violence and sexual offences,Unable to prosecute suspect,
6fd77128298f3a68e81e29a868794c7d4a5e34b0fa0e615e088e6d582f3e02fd,2023-12,Wiltshire Police,Wiltshire Police,-2.197336,51.277877,On or near Hawkeridge Road,E01032056,Wiltshire 039D,Other theft,Investigation complete; no suspect identified,
24892fe4614c9badccbfc4534c5a2e081b5cd3e68a8b313e149d08eaca1fd540,2023-12,Wiltshire Police,Wiltshire Police,-2.206739,51.274147,On or near Moat Road,E01032056,Wiltshire 039D,Vehicle crime,Investigation complete; no suspect identified,
c23e6dd1dedbb216d9da9be1aa33641fbd60e064c93f34e3e269cb8e51527c0f,2023-12,Wiltshire Police,Wiltshire Police,-2.125507,51.271637,On or near Redlands,E01032056,Wiltshire 039D,Violence and sexual offences,Unable to prosecute suspect,
1d99ab5c44bde7a1f63e90fd33bd4b2ecbb14ed8ad8999711ed01607809cc689,2023-12,Wiltshire Police,Wiltshire Police,-2.194832,51.278915,On or near Mill Lane,E01032056,Wiltshire 039D,Violence and sexual offences,Unable to prosecute suspect,
94221f3cf878fbee734ee31d544d82fc4813922eafa36dd6fb3fb3db08483031,2023-12,Wiltshire Police,Wiltshire Police,-2.196737,51.285251,On or near Dursley Road,E01032056,Wiltshire 039D,Violence and sexual offences,Action to be taken by another organisation,
,2023-12,Wiltshire Police,Wiltshire Police,-2.177089,51.261922,On or near B3098,E01032121,Wiltshire 039E,Anti-social behaviour,,
2189e98fb8b9176a17ed1d4e1bb82cc1d9012cb9b79de3edfd515a3b5e8eb5af,2023-12,Wiltshire Police,Wiltshire Police,-2.176371,51.269125,On or near Brouncker Road,E01032121,Wiltshire 039E,Criminal damage and arson,Unable to prosecute suspect,
3667b7fe87fbdb0a85b5bd323ba0fb1901c3a4ac6ba349bf0d62a6cabbdf95c0,2023-12,Wiltshire Police,Wiltshire Police,-2.176371,51.269125,On or near Brouncker Road,E01032121,Wiltshire 039E,Criminal damage and arson,Investigation complete; no suspect identified,
01db6a51fc4d1166bffd148be890dd9191febff16f0f08a217ceb98637a8cfa6,2023-12,Wiltshire Police,Wiltshire Police,-2.160414,51.202123,On or near Princess Gardens,E01032104,Wiltshire 042A,Criminal damage and arson,Unable to prosecute suspect,
,2023-12,Wiltshire Police,Wiltshire Police,-2.160414,51.202123,On or near Princess Gardens,E01032104,Wiltshire 042A,Anti-social behaviour,,
,2023-12,Wiltshire Police,Wiltshire Police,-2.158204,51.200660,On or near Boreham Field,E01032104,Wiltshire 042A,Anti-social behaviour,,
b28c493f34c14c2dacadefe0be32c4caf47ccf412eeb0d18bdf421020ea3207c,2023-12,Wiltshire Police,Wiltshire Police,-2.161154,51.200989,On or near Queensway,E01032104,Wiltshire 042A,Criminal damage and arson,Court result unavailable,
b10379362416211faeda18e2159d15c3c0d98fcddd0c46cbe78003b72c88d5ee,2023-12,Wiltshire Police,Wiltshire Police,-2.153576,51.199057,On or near Grange Lane,E01032104,Wiltshire 042A,Shoplifting,Investigation complete; no suspect identified,
7b08fed2ae6568bbeb0416a2b29bf465b9dd8b450afe30f1e95466b4e1be1ef2,2023-12,Wiltshire Police,Wiltshire Police,-2.154867,51.199873,On or near The Dene,E01032104,Wiltshire 042A,Violence and sexual offences,Status update unavailable,
0044dbe279da7e7026e0bb9079545d05b4e4f6fe0b07030b992719d4f72548aa,2023-12,Wiltshire Police,Wiltshire Police,-2.154867,51.199873,On or near The Dene,E01032104,Wiltshire 042A,Violence and sexual offences,Action to be taken by another organisation,
,2023-12,Wiltshire Police,Wiltshire Police,-2.174699,51.202336,On or near B3414,E01032105,Wiltshire 042B,Anti-social behaviour,,
,2023-12,Wiltshire Police,Wiltshire Police,-2.171577,51.201891,On or near Chancery Lane,E01032105,Wiltshire 042B,Anti-social behaviour,,
,2023-12,Wiltshire Police,Wiltshire Police,-2.171577,51.201891,On or near Chancery Lane,E01032105,Wiltshire 042B,Anti-social behaviour,,
6f13b113dc081e9a8a4948245e4e81fc1bb81a76e784500e4d0368b9f84d9e49,2023-12,Wiltshire Police,Wiltshire Police,-2.174699,51.202336,On or near B3414,E01032105,Wiltshire 042B,Public order,Investigation complete; no suspect identified,
70127c3748f3fed2e8c45e909edc9abb8c197bb8d18c8ceb6dbccf24a3083ec0,2023-12,Wiltshire Police,Wiltshire Police,-2.165327,51.199166,On or near Bradfield Close,E01032105,Wiltshire 042B,Vehicle crime,Investigation complete; no suspect identified,
,2023-12,Wiltshire Police,Wiltshire Police,-2.153635,51.212383,On or near Battlesbury Road,E01032107,Wiltshire 042C,Anti-social behaviour,,
894999c8eaea08db0a69c48c69f336b2968c89556b4ef38832523ed982ed234b,2023-12,Wiltshire Police,Wiltshire Police,-2.178875,51.208768,On or near Beech Grove,E01032108,Wiltshire 042D,Burglary,Court result unavailable,
0e73023734c7c126cf3cc3bc8e974adb07779d0cb4a3b1ca8829f7394df64c6e,2023-12,Wiltshire Police,Wiltshire Police,-2.176718,51.206262,On or near Supermarket,E01032108,Wiltshire 042D,Bicycle theft,Investigation complete; no suspect identified,
43d13f27d5a539b5d98ecd86be57bd23d709969e7d84b58def4db50955fa1795,2023-12,Wiltshire Police,Wiltshire Police,-2.170226,51.204321,On or near Whitfield Close,E01032108,Wiltshire 042D,Vehicle crime,Investigation complete; no suspect identified,
25a2c1eec5b3d56d9d6c4005e4b7b285b070121356b0d4ed955a96cfecbacf84,2023-12,Wiltshire Police,Wiltshire Police,-2.176718,51.206262,On or near Supermarket,E01032108,Wiltshire 042D,Violence and sexual offences,Status update unavailable,
71f3eb2f9bfdeb9b191ed760c3a21bc7803732382be25595e262cd43b75166d0,2023-12,Wiltshire Police,Wiltshire Police,-2.171826,51.203446,On or near Robin Close,E01032108,Wiltshire 042D,Violence and sexual offences,Local resolution,
e505a60ef9314ee7fbae15a6c8f830cc9b5969d5d5b3e0cc97aef4584ccd7fe2,2023-12,Wiltshire Police,Wiltshire Police,-2.204354,51.205264,On or near Jacob Way,E01032110,Wiltshire 043A,Other theft,Unable to prosecute suspect,
e1abd91ad40e9a5708903e3c7c9a43ad895a6a6d06ca0b80c00d881bdee42ef0,2023-12,Wiltshire Police,Wiltshire Police,-2.207573,51.198568,On or near Osprey Road,E01032110,Wiltshire 043A,Violence and sexual offences,Unable to prosecute suspect,
,2023-12,Wiltshire Police,Wiltshire Police,-2.204615,51.202755,On or near Saxons Acre,E01032110,Wiltshire 043A,Anti-social behaviour,,
a0a09dbb63d1a40d6b51271eb7d2c5f5ee16c60e81ba552458199615ea2e2c01,2023-12,Wiltshire Police,Wiltshire Police,-2.206286,51.198805,On or near Kyte Close,E01032110,Wiltshire 043A,Criminal damage and arson,Unable to prosecute suspect,
d7b8af5ac3867cd350a81bb1c70681c508e970ff3df45c99bc274cfc4600ee78,2023-12,Wiltshire Police,Wiltshire Police,-2.196856,51.199646,On or near Park/Open Space,E01032110,Wiltshire 043A,Criminal damage and arson,Status update unavailable,
9dcd517a6a21c5fa3aa00b1a6de34f1c1a74cd0e7787433487e2ff6e1598e02e,2023-12,Wiltshire Police,Wiltshire Police,-2.196856,51.199646,On or near Park/Open Space,E01032110,Wiltshire 043A,Public order,Investigation complete; no suspect identified,
8eb5be5d5a749b683ee09802be080e48674ea5e46b7a242762a04af1e93363fe,2023-12,Wiltshire Police,Wiltshire Police,-2.207573,51.198568,On or near Osprey Road,E01032110,Wiltshire 043A,Vehicle crime,Investigation complete; no suspect identified,
dc1d9cbf1456cd15b055d87e67ee67d99555e27f9f1f59f7a9719668c0a17fc4,2023-12,Wiltshire Police,Wiltshire Police,-2.196001,51.196529,On or near Swift Mead,E01032110,Wiltshire 043A,Vehicle crime,Investigation complete; no suspect identified,
0cb8250c00e866c4b4f403be8e355321dc998e7ca764de4b25c992a3f121ddcd,2023-12,Wiltshire Police,Wiltshire Police,-2.200291,51.199085,On or near Thornhill Road,E01032110,Wiltshire 043A,Violence and sexual offences,Investigation complete; no suspect identified,
1bf1b48a02b126fc5aff2c0b82429392c62c14ba68c04e589bcc10405e2227b6,2023-12,Wiltshire Police,Wiltshire Police,-2.210012,51.198935,On or near Sports/Recreation Area,E01032110,Wiltshire 043A,Violence and sexual offences,Investigation complete; no suspect identified,
65e7153aa0de87185f342fb2cdae34fc4d400f9211df723e8fca8d7d0b791f4b,2023-12,Wiltshire Police,Wiltshire Police,-2.185229,51.212004,On or near Quantock Close,E01032111,Wiltshire 043B,Violence and sexual offences,Unable to prosecute suspect,
,2023-12,Wiltshire Police,Wiltshire Police,-2.195829,51.213309,On or near Bath Road,E01032111,Wiltshire 043B,Anti-social behaviour,,
,2023-12,Wiltshire Police,Wiltshire Police,-2.182012,51.209320,On or near Blackdown Close,E01032111,Wiltshire 043B,Anti-social behaviour,,
,2023-12,Wiltshire Police,Wiltshire Police,-2.182012,51.209320,On or near Blackdown Close,E01032111,Wiltshire 043B,Anti-social behaviour,,
,2023-12,Wiltshire Police,Wiltshire Police,-2.182012,51.209320,On or near Blackdown Close,E01032111,Wiltshire 043B,Anti-social behaviour,,
,2023-12,Wiltshire Police,Wiltshire Police,-2.182012,51.209320,On or near Blackdown Close,E01032111,Wiltshire 043B,Anti-social behaviour,,
,2023-12,Wiltshire Police,Wiltshire Police,-2.182944,51.209679,On or near Chiltern Close,E01032111,Wiltshire 043B,Anti-social behaviour,,
,2023-12,Wiltshire Police,Wiltshire Police,-2.182012,51.209320,On or near Blackdown Close,E01032111,Wiltshire 043B,Anti-social behaviour,,
,2023-12,Wiltshire Police,Wiltshire Police,-2.186755,51.207029,On or near Ash Walk,E01032111,Wiltshire 043B,Anti-social behaviour,,
fe6a514c27d6dd89ab1677f3003582abb8f27c48a75cf1bedced567089792d6a,2023-12,Wiltshire Police,Wiltshire Police,-2.195829,51.213309,On or near Bath Road,E01032111,Wiltshire 043B,Burglary,Investigation complete; no suspect identified,
bdc5b89f8d3a2f2c6315d47e660ab7811d0f0a508058bf6883a49cf4f1621a86,2023-12,Wiltshire Police,Wiltshire Police,-2.186638,51.213405,On or near Chalfield Close,E01032111,Wiltshire 043B,Criminal damage and arson,Investigation complete; no suspect identified,
468030e81c5af25f37efad42c9247b50d0350bce230762e2b1c80ed74d002b10,2023-12,Wiltshire Police,Wiltshire Police,-2.186755,51.207029,On or near Ash Walk,E01032111,Wiltshire 043B,Other theft,Investigation complete; no suspect identified,
122e9af76eb81f48a9de7041c5c623d1c4f944cb0c29654b6edb199a1c824655,2023-12,Wiltshire Police,Wiltshire Police,-2.186576,51.212299,On or near Broadwood Close,E01032111,Wiltshire 043B,Other theft,Investigation complete; no suspect identified,
2001d7839e65ca69f95ceda75c94072c73640a19e2e2772104e11cd3fd89ec26,2023-12,Wiltshire Police,Wiltshire Police,-2.190001,51.213048,On or near Newopaul Way,E01032111,Wiltshire 043B,Shoplifting,Investigation complete; no suspect identified,
8d05c8107c822dd111b613c180b1f25ff286d3ca693036a40f4c08993552ebe5,2023-12,Wiltshire Police,Wiltshire Police,-2.183537,51.211161,On or near Hollybush Road,E01032111,Wiltshire 043B,Vehicle crime,Investigation complete; no suspect identified,
c989600f0a5fa4a2e5ded0d720d171a09e1dcc2dc0138046223f7962451970b0,2023-12,Wiltshire Police,Wiltshire Police,-2.200770,51.204003,On or near Pampas Court,E01032112,Wiltshire 043C,Burglary,Investigation complete; no suspect identified,
1b031a2a868e2a0ca28332259fcc8027ad36f7136a863e972f61894d79e3a15a,2023-12,Wiltshire Police,Wiltshire Police,-2.195496,51.205747,On or near Were Close,E01032112,Wiltshire 043C,Violence and sexual offences,Unable to prosecute suspect,
aa8cdd45d6b3753df5178865120ffb6cade5808286bd84ddd97fdd3733a4a9f4,2023-12,Wiltshire Police,Wiltshire Police,-2.198485,51.205229,On or near Primrose Walk,E01032112,Wiltshire 043C,Violence and sexual offences,Unable to prosecute suspect,
9811c1ac58e1bd56c2188b86280ef5236c5bdf7406b65467797efe70a874008c,2023-12,Wiltshire Police,Wiltshire Police,-2.195496,51.205747,On or near Were Close,E01032112,Wiltshire 043C,Violence and sexual offences,Unable to prosecute suspect,
4c77ad03234c73714948cfbdf393917ab9178e18c02334ceb6ad4530e936419d,2023-12,Wiltshire Police,Wiltshire Police,-2.198485,51.205229,On or near Primrose Walk,E01032112,Wiltshire 043C,Violence and sexual offences,Unable to prosecute suspect,
39dcb2399feabaa67e41db18924df3b24967d0643a74f4f617f48be9bb7e627f,2023-12,Wiltshire Police,Wiltshire Police,-2.195804,51.200729,On or near Middleton Close,E01032113,Wiltshire 043D,Public order,Court result unavailable,
cf4ed62672ec8432ec5eff6d1ac62f97531df1bc87f4e3214ff7523d00d6e69a,2023-12,Wiltshire Police,Wiltshire Police,-2.193016,51.201543,On or near Factory Lane,E01032113,Wiltshire 043D,Vehicle crime,Unable to prosecute suspect,
fc5a1e73a228be918bbcc37df0c04890b93a686df41febaf062c56264e7aa4ce,2023-12,Wiltshire Police,Wiltshire Police,-2.199142,51.201515,On or near Masefield Road,E01032113,Wiltshire 043D,Violence and sexual offences,Unable to prosecute suspect,
,2023-12,Wiltshire Police,Wiltshire Police,-2.200777,51.202357,On or near Tennyson Close,E01032113,Wiltshire 043D,Anti-social behaviour,,
,2023-12,Wiltshire Police,Wiltshire Police,-2.193204,51.202001,On or near Pound Street,E01032113,Wiltshire 043D,Anti-social behaviour,,
3a4fcaacb8057b33606b647529ca046726f73dd81e8f7628991b3c3ad33b5800,2023-12,Wiltshire Police,Wiltshire Police,-2.197845,51.202857,On or near Victoria Mews,E01032113,Wiltshire 043D,Burglary,Investigation complete; no suspect identified,
7430e3bebf2709037dea04fde3def5c707323a52f8e6b064e748f800bf6f9f27,2023-12,Wiltshire Police,Wiltshire Police,-2.194465,51.202260,On or near Westleigh,E01032113,Wiltshire 043D,Criminal damage and arson,Unable to prosecute suspect,
d46e71d0d70c49d4354dbaedac273db6c61d1f370a40bfe49829e6b88d254a17,2023-12,Wiltshire Police,Wiltshire Police,-2.194465,51.202260,On or near Westleigh,E01032113,Wiltshire 043D,Drugs,Court result unavailable,
683821f7fb0390c3649b589295c6eda1a869b24a4a61c010ea0d149b5cdbc797,2023-12,Wiltshire Police,Wiltshire Police,-2.199142,51.201515,On or near Masefield Road,E01032113,Wiltshire 043D,Violence and sexual offences,Unable to prosecute suspect,
e3fd2cda9a1a2e6e80d8a8a5a52e57b8f54ab17f1f79355665fe75581ddc584b,2023-12,Wiltshire Police,Wiltshire Police,-2.202636,51.201796,On or near Sassoon Close,E01032113,Wiltshire 043D,Violence and sexual offences,Investigation complete; no suspect identified,
a4ce0675e28f58ae6fff27decc99694c775d2754df74e1391dc69117d4930e4b,2023-12,Wiltshire Police,Wiltshire Police,-2.195804,51.200729,On or near Middleton Close,E01032113,Wiltshire 043D,Violence and sexual offences,Unable to prosecute suspect,
b47bd3ff15f9b103025fa0646e730e2b4ec3f2f0d0e6334668b430146c50412a,2023-12,Wiltshire Police,Wiltshire Police,-2.199142,51.201515,On or near Masefield Road,E01032113,Wiltshire 043D,Violence and sexual offences,Unable to prosecute suspect,
fc867c92d3ffaa9eb1d48ba334af510aea349d6b9f51e5f052ea25e661b68e33,2023-12,Wiltshire Police,Wiltshire Police,-2.174764,51.204395,On or near Parking Area,E01032103,Wiltshire 044A,Violence and sexual offences,Unable to prosecute suspect,
,2023-12,Wiltshire Police,Wiltshire Police,-2.172517,51.204623,On or near Imberwood Close,E01032103,Wiltshire 044A,Anti-social behaviour,,
,2023-12,Wiltshire Police,Wiltshire Police,-2.176392,51.205333,On or near Shopping Area,E01032103,Wiltshire 044A,Anti-social behaviour,,
,2023-12,Wiltshire Police,Wiltshire Police,-2.176634,51.202980,On or near Petrol Station,E01032103,Wiltshire 044A,Anti-social behaviour,,
,2023-12,Wiltshire Police,Wiltshire Police,-2.172517,51.204623,On or near Imberwood Close,E01032103,Wiltshire 044A,Anti-social behaviour,,
,2023-12,Wiltshire Police,Wiltshire Police,-2.177760,51.205514,On or near Station Road,E01032103,Wiltshire 044A,Anti-social behaviour,,
,2023-12,Wiltshire Police,Wiltshire Police,-2.175551,51.204448,On or near Cotton House Gardens,E01032103,Wiltshire 044A,Anti-social behaviour,,
,2023-12,Wiltshire Police,Wiltshire Police,-2.179946,51.204648,On or near Market Place,E01032103,Wiltshire 044A,Anti-social behaviour,,
,2023-12,Wiltshire Police,Wiltshire Police,-2.174764,51.204395,On or near Parking Area,E01032103,Wiltshire 044A,Anti-social behaviour,,
,2023-12,Wiltshire Police,Wiltshire Police,-2.175806,51.203647,On or near Furlong,E01032103,Wiltshire 044A,Anti-social behaviour,,
,2023-12,Wiltshire Police,Wiltshire Police,-2.182213,51.205921,On or near The Close,E01032103,Wiltshire 044A,Anti-social behaviour,,
95b3d5fe41072f6b6fec86eb27d268ef7ab0e096080827a04b876ef685c4e55b,2023-12,Wiltshire Police,Wiltshire Police,-2.180581,51.205744,On or near Three Horseshoes Walk,E01032103,Wiltshire 044A,Burglary,Investigation complete; no suspect identified,
3320a927dbb24eedc64d862b7eaa2e2093fbd9d0b3e7e0b696a3031784dedc47,2023-12,Wiltshire Police,Wiltshire Police,-2.172517,51.204623,On or near Imberwood Close,E01032103,Wiltshire 044A,Burglary,Investigation complete; no suspect identified,
fd9b3d17d05aa45618dec1fbb3defed1f5c3ccb014bb76ec1f532dadc3929aff,2023-12,Wiltshire Police,Wiltshire Police,-2.180581,51.205744,On or near Three Horseshoes Walk,E01032103,Wiltshire 044A,Criminal damage and arson,Investigation complete; no suspect identified,
86efdd5e4b126aa74d6bd5acb0b980e910ba2209482685f190ca664795338895,2023-12,Wiltshire Police,Wiltshire Police,-2.181632,51.203836,On or near Parking Area,E01032103,Wiltshire 044A,Criminal damage and arson,Investigation complete; no suspect identified,
d7693e9702c35729523692f6ae7841a1b682a8df5e3aa3847c9a0d281d0c4ef6,2023-12,Wiltshire Police,Wiltshire Police,-2.180219,51.204710,On or near Market Place,E01032103,Wiltshire 044A,Criminal damage and arson,Investigation complete; no suspect identified,
9480bada166fd5eb42fac5d56f4e28cfffc7a549de7ca1ecd2030dedc0d4583f,2023-12,Wiltshire Police,Wiltshire Police,-2.179953,51.206329,On or near Parking Area,E01032103,Wiltshire 044A,Criminal damage and arson,Investigation complete; no suspect identified,
f6cf90c0244fb703e42a7da3d945b14c4cff59c2867f14be3db52e14406816e6,2023-12,Wiltshire Police,Wiltshire Police,-2.176392,51.205333,On or near Shopping Area,E01032103,Wiltshire 044A,Criminal damage and arson,Investigation complete; no suspect identified,
3da75bb0fc395f9a3a9849fb25800ae375daa57e26f754477b74a404f5969f62,2023-12,Wiltshire Police,Wiltshire Police,-2.178395,51.203337,On or near Ridgeway Court,E01032103,Wiltshire 044A,Other theft,Investigation complete; no suspect identified,
d2dc9d6bbaf96eb1f904223430fbce0278cc068667f7fdc069d47211193731b8,2023-12,Wiltshire Police,Wiltshire Police,-2.180219,51.204710,On or near Market Place,E01032103,Wiltshire 044A,Public order,Unable to prosecute suspect,
e861ce3c47d86d95636f5752633665f40b2031e5e3ff89a1b594b1fdfa447c29,2023-12,Wiltshire Police,Wiltshire Police,-2.182708,51.204311,On or near Supermarket,E01032103,Wiltshire 044A,Shoplifting,Investigation complete; no suspect identified,
1e8ff7b011419db46046158e0c1b69287034756c1463e49ab81ab8d4be82f62a,2023-12,Wiltshire Police,Wiltshire Police,-2.182708,51.204311,On or near Supermarket,E01032103,Wiltshire 044A,Shoplifting,Investigation complete; no suspect identified,
59bc243176c8dfd0094c934852b023a5b302767a67e0e31738a53a86428f7a32,2023-12,Wiltshire Police,Wiltshire Police,-2.180581,51.205744,On or near Three Horseshoes Walk,E01032103,Wiltshire 044A,Shoplifting,Unable to prosecute suspect,
21e428f06160b6cdbe582f1d7ce38f24f56c5be96ed70d194c3ddf1a400f0cbd,2023-12,Wiltshire Police,Wiltshire Police,-2.180581,51.205744,On or near Three Horseshoes Walk,E01032103,Wiltshire 044A,Shoplifting,Local resolution,
1fa988836a3b6e3b806a1f133f8af0e29559136aa2d13a446aea07bb31a5e3e6,2023-12,Wiltshire Police,Wiltshire Police,-2.182984,51.205336,On or near High Street,E01032103,Wiltshire 044A,Shoplifting,Investigation complete; no suspect identified,
505496b0bad7289a810a69cb2ff53ba6796bc115598862cd04005725978a03cc,2023-12,Wiltshire Police,Wiltshire Police,-2.179946,51.204648,On or near Market Place,E01032103,Wiltshire 044A,Vehicle crime,Investigation complete; no suspect identified,
1ab94e3868d0dcfbbd742284b88385bf726116cca8c8ae67bcdd3c39e2d5ba65,2023-12,Wiltshire Police,Wiltshire Police,-2.176382,51.204563,On or near Supermarket,E01032103,Wiltshire 044A,Vehicle crime,Status update unavailable,
a6294bcff1cc33590520f180ce12e288000341bbc56658cd5b17350c2ea8a63e,2023-12,Wiltshire Police,Wiltshire Police,-2.172517,51.204623,On or near Imberwood Close,E01032103,Wiltshire 044A,Violence and sexual offences,Unable to prosecute suspect,
db6964b36e8c2dcf523265fda5bfe129351bc391c263097029d1b5e5f3190976,2023-12,Wiltshire Police,Wiltshire Police,-2.180219,51.204710,On or near Market Place,E01032103,Wiltshire 044A,Violence and sexual offences,Investigation complete; no suspect identified,
f92b60dab034f42b4fd7aa68248e43c443b9bbf28c2ea8e5bb2f91ac1db46458,2023-12,Wiltshire Police,Wiltshire Police,-2.182532,51.199797,On or near Ferris Mead,E01032103,Wiltshire 044A,Violence and sexual offences,Status update unavailable,
cbf2a5a15b7e5834bda2b4c3e04eedc3c25f4b2fc03893b68fb9a2faebfcfe5c,2023-12,Wiltshire Police,Wiltshire Police,-2.178826,51.203598,On or near Carsons Yard,E01032103,Wiltshire 044A,Violence and sexual offences,Unable to prosecute suspect,
1251077ca502e90f6f97797d2be4ffa1d92231af77518c7738755908410116b5,2023-12,Wiltshire Police,Wiltshire Police,-2.175551,51.204448,On or near Cotton House Gardens,E01032103,Wiltshire 044A,Violence and sexual offences,Investigation complete; no suspect identified,
910e80a116801b8bc11a1ddcfc535675b3a78c177777258eb62a3c6563e2a3f2,2023-12,Wiltshire Police,Wiltshire Police,-2.181234,51.204421,On or near Nightclub,E01032103,Wiltshire 044A,Violence and sexual offences,Investigation complete; no suspect identified,
65706d98a7ed361fc39bd6fa8f9956760128d2147ee3fefc3c4bfb6511071b79,2023-12,Wiltshire Police,Wiltshire Police,-2.175806,51.203647,On or near Furlong,E01032103,Wiltshire 044A,Violence and sexual offences,Unable to prosecute suspect,
,2023-12,Wiltshire Police,Wiltshire Police,-2.188764,51.194248,On or near Ashley Place,E01032106,Wiltshire 044B,Anti-social behaviour,,
474a214a97805cad8ab6ccb5ab2dfa3438a4d776cccd433c9e7eef3ece5ac9bf,2023-12,Wiltshire Police,Wiltshire Police,-2.184739,51.200333,On or near Glebe Field,E01032106,Wiltshire 044B,Criminal damage and arson,Investigation complete; no suspect identified,
1c023ea60a6895cd190180c34424042a883e0155ef3ab116276a78efd9e6c51b,2023-12,Wiltshire Police,Wiltshire Police,-2.176412,51.193755,On or near Henfords Marsh,E01032106,Wiltshire 044B,Other theft,Investigation complete; no suspect identified,
9088ee2da616f027bbea3615898dae80b5b08217d2ee22e392f592be910d0f04,2023-12,Wiltshire Police,Wiltshire Police,-2.187145,51.197146,On or near Marsh Street,E01032106,Wiltshire 044B,Vehicle crime,Investigation complete; no suspect identified,
,2023-12,Wiltshire Police,Wiltshire Police,-2.190351,51.197366,On or near Bread Street,E01032109,Wiltshire 044C,Anti-social behaviour,,
,2023-12,Wiltshire Police,Wiltshire Police,-2.194091,51.195139,On or near The Heathlands,E01032109,Wiltshire 044C,Anti-social behaviour,,
16a6ba6246359eda5a36253acc0550fb709394c99be918564e47e8d64d038ab7,2023-12,Wiltshire Police,Wiltshire Police,-2.190563,51.196592,On or near Khyro Close,E01032109,Wiltshire 044C,Burglary,Investigation complete; no suspect identified,
632e11f3dc33adfe60f57103d4215db40d0c627b846f09cdbcf603caae382faf,2023-12,Wiltshire Police,Wiltshire Police,-2.183971,51.205334,On or near Old Were Court,E01032114,Wiltshire 044D,Burglary,Unable to prosecute suspect,
,2023-12,Wiltshire Police,Wiltshire Police,-2.188678,51.201064,On or near Lyme Avenue,E01032114,Wiltshire 044D,Anti-social behaviour,,
,2023-12,Wiltshire Police,Wiltshire Police,-2.188678,51.201064,On or near Lyme Avenue,E01032114,Wiltshire 044D,Anti-social behaviour,,
aa86161726d438073794e78686a012fbce8a9c2170f96911773bdd42345d75cf,2023-12,Wiltshire Police,Wiltshire Police,-2.183753,51.204390,On or near Parking Area,E01032114,Wiltshire 044D,Shoplifting,Investigation complete; no suspect identified,
67f0d5802a6e9ceb0eb52ab96512c1fb95888e466d4bd983db514d006bff4a75,2023-12,Wiltshire Police,Wiltshire Police,-2.183753,51.204390,On or near Parking Area,E01032114,Wiltshire 044D,Shoplifting,Investigation complete; no suspect identified,
48e9c4337be004941b15d44b16464dc4e8bd79898469675689d25d8aee9a0aac,2023-12,Wiltshire Police,Wiltshire Police,-2.190868,51.201214,On or near Beech Avenue,E01032114,Wiltshire 044D,Violence and sexual offences,Action to be taken by another organisation,
6c55549c5b9719d4b93e75ce3b10f524d5c6cd12835be751031507d86962a903,2023-12,Wiltshire Police,Wiltshire Police,-2.182726,51.208870,On or near The Mead,E01032114,Wiltshire 044D,Violence and sexual offences,Investigation complete; no suspect identified,
289971162a105e2916872fba0572b49e49a7e8c8fbdaaac1ab1ddc4d714196b5,2023-12,Wiltshire Police,Wiltshire Police,-2.190868,51.201214,On or near Beech Avenue,E01032114,Wiltshire 044D,Violence and sexual offences,Action to be taken by another organisation,
135de7e52a0ce9499d31acb6bbd2e464ef13297996d8f1f6ce643f6e58b2c62b,2023-12,Wiltshire Police,Wiltshire Police,-2.191418,51.202669,On or near Cobbett Place,E01032114,Wiltshire 044D,Violence and sexual offences,Unable to prosecute suspect,
1790ff18fb11ef7886e69659de8e5a2027a8f274c42cdb19885e163a23fae4e1,2023-12,Wiltshire Police,Wiltshire Police,-2.190868,51.201214,On or near Beech Avenue,E01032114,Wiltshire 044D,Violence and sexual offences,Action to be taken by another organisation,
41e3ab874aa9dad5dc60bf6421459489dce82cfc5d5392abde2c862dfd7be5fe,2023-12,Wiltshire Police,Wiltshire Police,-2.192639,51.200276,On or near Alcock Crest,E01032114,Wiltshire 044D,Violence and sexual offences,Unable to prosecute suspect,
3fe449ea0df48c3be335dd208e1d70d330a1f4c1f62ba3d33bbe770da598bb64,2023-12,Wiltshire Police,Wiltshire Police,-2.190868,51.201214,On or near Beech Avenue,E01032114,Wiltshire 044D,Violence and sexual offences,Action to be taken by another organisation,
635d62abe12aa509c9f41755ecc177d21259f566422b8fa2c4fbfa5fd68d4b14,2023-12,Wiltshire Police,Wiltshire Police,-1.726432,51.189226,On or near Adelaide Close,E01031988,Wiltshire 045B,Violence and sexual offences,Unable to prosecute suspect,
,2023-12,Wiltshire Police,Wiltshire Police,-1.746991,51.192429,On or near Bulford Road,E01031988,Wiltshire 045B,Anti-social behaviour,,
6c34a87e913f89290e31f00a5b7eb863a02e2f2dc4a84d17708443177927aa28,2023-12,Wiltshire Police,Wiltshire Police,-1.738508,51.196969,On or near Londonderry Gardens,E01031988,Wiltshire 045B,Violence and sexual offences,Unable to prosecute suspect,
7683735b0a2527e94b006ff93af00e9c659f54d900f5082546191cbcdb0ec876,2023-12,Wiltshire Police,Wiltshire Police,-1.744945,51.192334,On or near Toronto Road,E01031988,Wiltshire 045B,Violence and sexual offences,Unable to prosecute suspect,
c9371acd60ce88d624a9e3b9d2b5ddf9c32915a2596c47dd16afa3fc616aa223,2023-12,Wiltshire Police,Wiltshire Police,-1.906517,51.193869,On or near Abbey Close,E01032026,Wiltshire 045D,Public order,Investigation complete; no suspect identified,
d4336ba96cbe558bfab34807cc0d891eddfa9df8b9e0585d2784e4d72aaed94d,2023-12,Wiltshire Police,Wiltshire Police,-1.903127,51.192967,On or near Parking Area,E01032026,Wiltshire 045D,Vehicle crime,Investigation complete; no suspect identified,
4f5e94084fa669f0036eb0d18362caba6e49e23cf4c6e332ac5c2ee7f702513c,2023-12,Wiltshire Police,Wiltshire Police,-1.900555,51.197785,On or near Upper Backway,E01032026,Wiltshire 045D,Violence and sexual offences,Action to be taken by another organisation,
91a3de0423f6cc82bb5c981491e2cf5be05e87d8c626916978485717e73e91a5,2023-12,Wiltshire Police,Wiltshire Police,-1.901324,51.199755,On or near Hinde'S Meadow,E01032696,Wiltshire 045F,Vehicle crime,Awaiting court outcome,
b8ad08459910d2d4c69719a870cc5bab67e6c0bb1b224e89c08a2181bfaba167,2023-12,Wiltshire Police,Wiltshire Police,-1.899656,51.196507,On or near Trinity Gardens,E01032696,Wiltshire 045F,Violence and sexual offences,Unable to prosecute suspect,
,2023-12,Wiltshire Police,Wiltshire Police,-1.886932,51.191478,On or near Park Road,E01032696,Wiltshire 045F,Anti-social behaviour,,
,2023-12,Wiltshire Police,Wiltshire Police,-1.883229,51.201249,On or near B3086,E01032696,Wiltshire 045F,Anti-social behaviour,,
,2023-12,Wiltshire Police,Wiltshire Police,-1.886932,51.191478,On or near Park Road,E01032696,Wiltshire 045F,Anti-social behaviour,,
6474609b9a835798aabc126e0a4a129bd30275ae1fb16ba0e48b7fa5ed87302b,2023-12,Wiltshire Police,Wiltshire Police,-1.886932,51.191478,On or near Park Road,E01032696,Wiltshire 045F,Criminal damage and arson,Investigation complete; no suspect identified,
bde3cb6f93dfe56c9c958b8e79a8599596fe449e5ad6408baf37032593228acf,2023-12,Wiltshire Police,Wiltshire Police,-1.738081,51.191528,On or near New Haig Road,E01032696,Wiltshire 045F,Public order,Status update unavailable,
55cc8faba40bc3e7a03345c32cd49c5ef3379011f64dfa4353a9b00b45534e38,2023-12,Wiltshire Police,Wiltshire Police,-1.916614,51.205252,On or near Whatcombe Brow,E01032696,Wiltshire 045F,Vehicle crime,Investigation complete; no suspect identified,
412a8e9f070d79fc2c3570aee1d47f5e522110dc4921ef668f523ef3b33867b8,2023-12,Wiltshire Police,Wiltshire Police,-1.948407,51.230898,On or near Sports/Recreation Area,E01032696,Wiltshire 045F,Vehicle crime,Investigation complete; no suspect identified,
72440002aca27145c295d2279e3bdd7edc5e1ec2a97d2ef2f93ccc38143482e3,2023-12,Wiltshire Police,Wiltshire Police,-1.771695,51.208845,On or near Church Road,E01032696,Wiltshire 045F,Vehicle crime,Investigation complete; no suspect identified,
bf1a8af0b3d603795a8cd67565f9dc6459e46894e75eb6190e4d0dffa4d608e3,2023-12,Wiltshire Police,Wiltshire Police,-1.782266,51.237909,On or near Choulston Close,E01032696,Wiltshire 045F,Violence and sexual offences,Local resolution,
098640211bcd27127cc521f84b86cb3e2ee7d792d777da6b9be91b5a65353db3,2023-12,Wiltshire Police,Wiltshire Police,-1.795837,51.197640,On or near The Causeway,E01034542,Wiltshire 045G,Public order,Investigation complete; no suspect identified,
5fe15177cc1eba9d2c908a254a659dc3bbd1394bdb3569f09be7d620b5095668,2023-12,Wiltshire Police,Wiltshire Police,-1.796383,51.200321,On or near Gunn Road,E01034542,Wiltshire 045G,Violence and sexual offences,Unable to prosecute suspect,
d9212fd20552554dc99463a8849fd876a5412145cbc8daba459ed6a40a1f1c96,2023-12,Wiltshire Police,Wiltshire Police,-1.795837,51.197640,On or near The Causeway,E01034542,Wiltshire 045G,Violence and sexual offences,Unable to prosecute suspect,
e8a8aab028de5cd8ba6a9ff1d0ea35355096a1c6a8b027f4d9cc7bc35c0d2025,2023-12,Wiltshire Police,Wiltshire Police,-1.795837,51.197640,On or near The Causeway,E01034542,Wiltshire 045G,Violence and sexual offences,Unable to prosecute suspect,
c3cb5a15002545f8f3ddce75e2e0629ab80357e5583025fd4d5b985ca938ba03,2023-12,Wiltshire Police,Wiltshire Police,-1.807605,51.196698,On or near The Packway,E01034543,Wiltshire 045H,Violence and sexual offences,Action to be taken by another organisation,
e7d56411bf7123ba45c4c9e51facf47b1a54821ef3ca859a2d7d3b033c845b79,2023-12,Wiltshire Police,Wiltshire Police,-1.821612,51.196643,On or near Parking Area,E01034543,Wiltshire 045H,Violence and sexual offences,Unable to prosecute suspect,
dd001dd158bc53db14721eb37a518d99f8dc45deea399680886175677ae8eef3,2023-12,Wiltshire Police,Wiltshire Police,-1.818699,51.192472,On or near Douglas Brown'S Walk,E01034543,Wiltshire 045H,Violence and sexual offences,Local resolution,
,2023-12,Wiltshire Police,Wiltshire Police,-1.806948,51.189584,On or near Fargo Road,E01034543,Wiltshire 045H,Anti-social behaviour,,
,2023-12,Wiltshire Police,Wiltshire Police,-1.818437,51.193505,On or near Gardiner Road,E01034543,Wiltshire 045H,Anti-social behaviour,,
bc3ec93d0646cbe6796a083c169ba0ef02443cd2a0e64fc9e244ceca8031c5a6,2023-12,Wiltshire Police,Wiltshire Police,-1.807605,51.196698,On or near The Packway,E01034543,Wiltshire 045H,Other theft,Investigation complete; no suspect identified,
607489101d9f87137e7fdcb56272a1a0feb4a0956530ccf329070b7b2777ac70,2023-12,Wiltshire Police,Wiltshire Police,-1.799360,51.197098,On or near Biddulph Road,E01034543,Wiltshire 045H,Violence and sexual offences,Investigation complete; no suspect identified,
0d0818a44ab9e8166b2f0856d007814ce9ccdf2491c8b684d50ebf5564b53980,2023-12,Wiltshire Police,Wiltshire Police,-1.799360,51.197098,On or near Biddulph Road,E01034543,Wiltshire 045H,Violence and sexual offences,Status update unavailable,
b96be568e384aca6dc16c7c7e718896329746c16235fe6b3f537f522dcb1cbcc,2023-12,Wiltshire Police,Wiltshire Police,-1.800980,51.196516,On or near Mc Neill Road,E01034543,Wiltshire 045H,Violence and sexual offences,Unable to prosecute suspect,
6023650eceaa1677f29d6321693f11f406a6b9ca62d0e1dbe910e775350ea870,2023-12,Wiltshire Police,Wiltshire Police,-1.755379,51.191943,On or near Clayton Road,E01031989,Wiltshire 046A,Criminal damage and arson,Unable to prosecute suspect,
7c5a2d4a397850670a869ac233df1c0308f4532a69e9c37075d78c5a39497ad5,2023-12,Wiltshire Police,Wiltshire Police,-1.759461,51.188552,On or near Double Hedges,E01031989,Wiltshire 046A,Violence and sexual offences,Unable to prosecute suspect,
,2023-12,Wiltshire Police,Wiltshire Police,-1.760151,51.190676,On or near Petrol Station,E01031989,Wiltshire 046A,Anti-social behaviour,,
,2023-12,Wiltshire Police,Wiltshire Police,-1.774321,51.198878,On or near The Avenue,E01031996,Wiltshire 046B,Anti-social behaviour,,
a3852d046539efbe445ba47fb79375b63ad84143123001b76abe0ebded19c668,2023-12,Wiltshire Police,Wiltshire Police,-1.771973,51.198891,On or near Bulford Road,E01031996,Wiltshire 046B,Public order,Unable to prosecute suspect,
4ed247ec3345e7260c6940003e751207e5a825b5d55aeef37ccc1622d9845bae,2023-12,Wiltshire Police,Wiltshire Police,-1.780730,51.196300,On or near Marina Road,E01031996,Wiltshire 046B,Violence and sexual offences,Investigation complete; no suspect identified,
,2023-12,Wiltshire Police,Wiltshire Police,-1.769613,51.198716,On or near Birchwood Drive,E01031997,Wiltshire 046C,Anti-social behaviour,,
c5d1a8f6113619d1adfbe59e882417b5869d00f7a9ee26b63e70149626c9d489,2023-12,Wiltshire Police,Wiltshire Police,-1.769999,51.201657,On or near Ivors Court,E01031997,Wiltshire 046C,Bicycle theft,Local resolution,
2798e93d9fb082bce3ba07100a33d5953fa3913646b5cc2ebc37788b9658efda,2023-12,Wiltshire Police,Wiltshire Police,-1.767738,51.198667,On or near River Way,E01031997,Wiltshire 046C,Vehicle crime,Investigation complete; no suspect identified,
eb2e79b45331597f4156d31ab1163da3f44a125dc99d5d8c2af948ca5eb09766,2023-12,Wiltshire Police,Wiltshire Police,-1.767447,51.196796,On or near Kingfisher Drive,E01031997,Wiltshire 046C,Vehicle crime,Investigation complete; no suspect identified,
663c9e19aeb2b46ebc8e763289b1cf2d9cbec3fb670ec20743f61e6994393ccc,2023-12,Wiltshire Police,Wiltshire Police,-1.769274,51.194812,On or near Robin Hill Lane,E01031997,Wiltshire 046C,Violence and sexual offences,Investigation complete; no suspect identified,
2fb245b225b01da84158d349e9c8774dd0778d631d8f84cde55a7284eb53dd9a,2023-12,Wiltshire Police,Wiltshire Police,-1.781163,51.198657,On or near Downland Way,E01031999,Wiltshire 046D,Violence and sexual offences,Unable to prosecute suspect,
1598239b31fb4d11e05b253c5a2ec874770a37684a362ab87b8d14056b3989fb,2023-12,Wiltshire Police,Wiltshire Police,-1.773635,51.201502,On or near St James Close,E01031999,Wiltshire 046D,Violence and sexual offences,Unable to prosecute suspect,
32851e9a27add762c6d7d3269971cb547482c6f9291984fa95ceec83bf4815b4,2023-12,Wiltshire Police,Wiltshire Police,-1.778161,51.200854,On or near High Street,E01031999,Wiltshire 046D,Violence and sexual offences,Unable to prosecute suspect,
91b97a84602556cf09717efb6b5b107fea40c6c63ade6c41f4c1f78b5e5de774,2023-12,Wiltshire Police,Wiltshire Police,-1.790925,51.198342,On or near Arthur Road,E01031999,Wiltshire 046D,Violence and sexual offences,Unable to prosecute suspect,
c84a46393e226a87cb5407fa9fe2c10d30721bdcaf575e4a44259fb820573b0a,2023-12,Wiltshire Police,Wiltshire Police,-1.792492,51.199873,On or near Reynolds Road,E01031999,Wiltshire 046D,Violence and sexual offences,Unable to prosecute suspect,
4bfa8f5f64d25357513030827270b693533213d3eca984d199f7e3e1489e9b42,2023-12,Wiltshire Police,Wiltshire Police,-1.792492,51.199873,On or near Reynolds Road,E01031999,Wiltshire 046D,Violence and sexual offences,Unable to prosecute suspect,
70b11a8a606b89c313b86c88af3e92492b98d2dbd2511914f565a61b09b7a063,2023-12,Wiltshire Police,Wiltshire Police,-1.777502,51.197976,On or near Meads Road,E01031999,Wiltshire 046D,Violence and sexual offences,Unable to prosecute suspect,
fdf1d16ddb3a4a33addaa59c321f3f58ecb8cdfb3757dae1319ee0f732114485,2023-12,Wiltshire Police,Wiltshire Police,-1.792492,51.199873,On or near Reynolds Road,E01031999,Wiltshire 046D,Violence and sexual offences,Unable to prosecute suspect,
6780561ef26bab57a111f28ad4d48716b7e700c3d3b6715f6f3c70da7498f387,2023-12,Wiltshire Police,Wiltshire Police,-1.780032,51.201757,On or near Bluebell Way,E01031999,Wiltshire 046D,Violence and sexual offences,Unable to prosecute suspect,
,2023-12,Wiltshire Police,Wiltshire Police,-2.254902,51.229533,On or near High Street,E01032051,Wiltshire 047A,Anti-social behaviour,,
,2023-12,Wiltshire Police,Wiltshire Police,-2.237018,51.191229,On or near Longcombe Drive,E01032051,Wiltshire 047A,Anti-social behaviour,,
0041931cd1a06f99bfb8cb105b2d8432f04ac57c71c93f5658acd8d85eae78a9,2023-12,Wiltshire Police,Wiltshire Police,-2.246888,51.201235,On or near Sturford Lane,E01032051,Wiltshire 047A,Other theft,Investigation complete; no suspect identified,
d6480b57af4866f278e44bc8ede8797fcdaa140da07c218d4e234924a97f4efe,2023-12,Wiltshire Police,Wiltshire Police,-2.254819,51.230037,On or near Forest Walk,E01032051,Wiltshire 047A,Other theft,Investigation complete; no suspect identified,
9afdd95978aa947a53dab601c793602ec98644358f2e56cf1514273760aa2ae5,2023-12,Wiltshire Police,Wiltshire Police,-2.237018,51.191229,On or near Longcombe Drive,E01032051,Wiltshire 047A,Violence and sexual offences,Unable to prosecute suspect,
d5940a8d44738491b5bec3d1066e2607b16d5c569da8a29e761ffdaca68b8905,2023-12,Wiltshire Police,Wiltshire Police,-2.238237,51.233219,On or near A3098,E01032051,Wiltshire 047A,Other crime,Investigation complete; no suspect identified,
02eca8dba9f9f5fe59c75abe1b376f330dee3c406793d5a3307da28ee9b9198d,2023-12,Wiltshire Police,Wiltshire Police,-2.046109,51.158550,On or near Cherry Orchard,E01032075,Wiltshire 047B,Violence and sexual offences,Unable to prosecute suspect,
,2023-12,Wiltshire Police,Wiltshire Police,-2.009581,51.193250,On or near Bidden Lane,E01032075,Wiltshire 047B,Anti-social behaviour,,
,2023-12,Wiltshire Police,Wiltshire Police,-2.009581,51.193250,On or near Bidden Lane,E01032075,Wiltshire 047B,Anti-social behaviour,,
fd19fa592258ecba03c408e1a022f850e3e7e4640489163a116944d315737e81,2023-12,Wiltshire Police,Wiltshire Police,-2.014346,51.194094,On or near St Mary'S Close,E01032075,Wiltshire 047B,Burglary,Investigation complete; no suspect identified,
68fc74841ae399be4d830b62ff1af5f34b252b03ecbc499af77909d6753072a2,2023-12,Wiltshire Police,Wiltshire Police,-2.062756,51.160718,On or near Station Road,E01032075,Wiltshire 047B,Vehicle crime,Investigation complete; no suspect identified,
d40051e4cc525d74395ba03a4cee2f485b65858d705191099736bb48573c31cc,2023-12,Wiltshire Police,Wiltshire Police,-2.008666,51.199211,On or near Abdon Close,E01032075,Wiltshire 047B,Violence and sexual offences,Status update unavailable,
946dfa56807dd582f7421e0ed5a6f995f278cae6d17ff75a48315c906ac1e33f,2023-12,Wiltshire Police,Wiltshire Police,-2.008666,51.199211,On or near Abdon Close,E01032075,Wiltshire 047B,Violence and sexual offences,Unable to prosecute suspect,
aadb17bf747ae93630168da6ee4bdf7b54ff039df6b44fd6907513ef64f73447,2023-12,Wiltshire Police,Wiltshire Police,-2.010214,51.146680,On or near Park/Open Space,E01032076,Wiltshire 047C,Burglary,Court result unavailable,
8786482d5e864015b889e3708e02aa50f0947929d3cf1036b202bc40c315fdc1,2023-12,Wiltshire Police,Wiltshire Police,-2.010214,51.146680,On or near Park/Open Space,E01032076,Wiltshire 047C,Burglary,Court result unavailable,
86654b0a5483ec08922a0d27492e3a305acd1eeaa5e7e98c00f8eecb2bc668a3,2023-12,Wiltshire Police,Wiltshire Police,-2.010214,51.146680,On or near Park/Open Space,E01032076,Wiltshire 047C,Burglary,Court result unavailable,
c189a8d0627fcc411c554e022e9ef244e254d50acc33d693567a9536b5102c0e,2023-12,Wiltshire Police,Wiltshire Police,-2.010214,51.146680,On or near Park/Open Space,E01032076,Wiltshire 047C,Burglary,Court result unavailable,
,2023-12,Wiltshire Police,Wiltshire Police,-2.094226,51.165238,On or near Coombe View,E01032076,Wiltshire 047C,Anti-social behaviour,,
d29ad95a1ad963ade6cc7355f0c4b30b7c3f01d3411c697c373895f9c1327855,2023-12,Wiltshire Police,Wiltshire Police,-2.015488,51.142957,On or near Watermeadow Lane,E01032076,Wiltshire 047C,Other theft,Investigation complete; no suspect identified,
b94b5d8e162e40b18d11988cd6558c9fe39b3fa5929f447358c1b77d5c741eb2,2023-12,Wiltshire Police,Wiltshire Police,-2.094226,51.165238,On or near Coombe View,E01032076,Wiltshire 047C,Public order,Unable to prosecute suspect,
5cfbf9987aa467b6ba0868bbbb4fd3e9767c4d08fcca38a75885515228b21df7,2023-12,Wiltshire Police,Wiltshire Police,-2.094226,51.165238,On or near Coombe View,E01032076,Wiltshire 047C,Violence and sexual offences,Offender given a caution,
094eaf142c5ee0def6257b0e56c11f6e156656f54922b5f19cdeb80ff80c3835,2023-12,Wiltshire Police,Wiltshire Police,-2.057653,51.151090,On or near Sutton Hill,E01032076,Wiltshire 047C,Violence and sexual offences,Unable to prosecute suspect,
df04a42a67cd0b1fdc3cc04208ec3f8830a0167e7fc819db470f1bd18a2f8893,2023-12,Wiltshire Police,Wiltshire Police,-2.190669,51.184291,On or near Bull Lane,E01032081,Wiltshire 047D,Criminal damage and arson,Investigation complete; no suspect identified,
89a75a685b6bc57ba58ff66e2e39e3a09422d759b1250906ae7e52bec2a29858,2023-12,Wiltshire Police,Wiltshire Police,-2.253344,51.172671,On or near Gentle Street,E01032081,Wiltshire 047D,Violence and sexual offences,Unable to prosecute suspect,
9198b448ab1546d97d80c3a839bd29a9668761620efca2f142376344553bcfe0,2023-12,Wiltshire Police,Wiltshire Police,-2.159082,51.175792,On or near Shopping Area,E01032082,Wiltshire 047E,Violence and sexual offences,Local resolution,
,2023-12,Wiltshire Police,Wiltshire Police,-1.780057,51.178396,On or near Petrol Station,E01031974,Wiltshire 048A,Anti-social behaviour,,
,2023-12,Wiltshire Police,Wiltshire Police,-1.780057,51.178396,On or near Petrol Station,E01031974,Wiltshire 048A,Anti-social behaviour,,
,2023-12,Wiltshire Police,Wiltshire Police,-1.780057,51.178396,On or near Petrol Station,E01031974,Wiltshire 048A,Anti-social behaviour,,
5671f2d11e278ede0ebd118900ae914b9856df4d893f9b0e258975e4fa14d01c,2023-12,Wiltshire Police,Wiltshire Police,-1.771234,51.177552,On or near Beacon Close,E01031974,Wiltshire 048A,Burglary,Investigation complete; no suspect identified,
55e28213e553868ec7bdb1a550438c611b1bb24249e24aec448156723cb7227a,2023-12,Wiltshire Police,Wiltshire Police,-1.782950,51.180811,On or near Countess Road,E01031974,Wiltshire 048A,Burglary,Investigation complete; no suspect identified,
78849c618f1fc2138e7e11e37a928821e9303a7dbfabc2e0c1fc915d9d29f669,2023-12,Wiltshire Police,Wiltshire Police,-1.780057,51.178396,On or near Petrol Station,E01031974,Wiltshire 048A,Criminal damage and arson,Unable to prosecute suspect,
778f93c5c28d2868202a113adbe88dfbcfd736bd93e55591c753d8e5cffa5171,2023-12,Wiltshire Police,Wiltshire Police,-1.773204,51.172610,On or near Antrobus Road,E01031974,Wiltshire 048A,Public order,Further action is not in the public interest,
375152e37da5d9c4ba61245150c4b021c6f58d297894e105e21fad3fc98c6cd6,2023-12,Wiltshire Police,Wiltshire Police,-1.769478,51.176928,On or near The Old Dairy,E01031974,Wiltshire 048A,Violence and sexual offences,Action to be taken by another organisation,
03e5c4af6120d31a51be06a7a319ee57d7c6d96352ccd040c97cfd3fdf35cecd,2023-12,Wiltshire Police,Wiltshire Police,-1.773204,51.172610,On or near Antrobus Road,E01031974,Wiltshire 048A,Violence and sexual offences,Local resolution,
68ceae62161192780577989201c97957ffcb48f921fa7acd4b99f973e9f77ef0,2023-12,Wiltshire Police,Wiltshire Police,-1.770754,51.176328,On or near Shopping Area,E01031974,Wiltshire 048A,Violence and sexual offences,Investigation complete; no suspect identified,
09d493527ec72b49a4c12d04dffd7a6a48dff5dca97e4c6887d5571b4803ac00,2023-12,Wiltshire Police,Wiltshire Police,-1.777897,51.172403,On or near School Lane,E01031974,Wiltshire 048A,Violence and sexual offences,Unable to prosecute suspect,
1bbfa45512aa23e40e311f77a737ec07da971a766ddd6f95bb9e868d60f0a124,2023-12,Wiltshire Police,Wiltshire Police,-1.773204,51.172610,On or near Antrobus Road,E01031974,Wiltshire 048A,Violence and sexual offences,Further action is not in the public interest,
24dd26bf52c1cdc3a3937da7c7e7959deff7d31411647aeaba5db10c1c400c3d,2023-12,Wiltshire Police,Wiltshire Police,-1.770754,51.176328,On or near Shopping Area,E01031974,Wiltshire 048A,Violence and sexual offences,Unable to prosecute suspect,
e5c60dd500ac3cf8d6ce637441fe298381a60386fb1fe19482d60dba12611d83,2023-12,Wiltshire Police,Wiltshire Police,-1.774069,51.177225,On or near Ratfyn Road,E01031974,Wiltshire 048A,Other crime,Investigation complete; no suspect identified,
cf8647cce76a23fc13ced4b507db67162e499080dc75dde9671973f7163e14f4,2023-12,Wiltshire Police,Wiltshire Police,-1.769373,51.175093,On or near Aragon Close,E01031975,Wiltshire 048B,Public order,Further investigation is not in the public interest,
2b57268b27d35b0b5c64ace7f7f8ae8a1c14862d87d95c93e15851c3ffaccc8a,2023-12,Wiltshire Police,Wiltshire Police,-1.768795,51.170560,On or near Bramley Way,E01031975,Wiltshire 048B,Violence and sexual offences,Unable to prosecute suspect,
,2023-12,Wiltshire Police,Wiltshire Police,-1.769373,51.175093,On or near Aragon Close,E01031975,Wiltshire 048B,Anti-social behaviour,,
,2023-12,Wiltshire Police,Wiltshire Police,-1.768776,51.174292,On or near Hudson Road,E01031975,Wiltshire 048B,Anti-social behaviour,,
,2023-12,Wiltshire Police,Wiltshire Police,-1.767613,51.175081,On or near Darrell Road,E01031975,Wiltshire 048B,Anti-social behaviour,,
2336066d45f88f6e8c98c426d9e6ea63bc922f5b3fb544e395d4c18cf2a03442,2023-12,Wiltshire Police,Wiltshire Police,-1.769373,51.175093,On or near Aragon Close,E01031975,Wiltshire 048B,Criminal damage and arson,Investigation complete; no suspect identified,
9cab443b8097c74af1bc8f1f79b6af9812603fdd6ec2a446d1afce88862655a2,2023-12,Wiltshire Police,Wiltshire Police,-1.766498,51.174962,On or near Annetts Close,E01031975,Wiltshire 048B,Shoplifting,Investigation complete; no suspect identified,
9916ed96255522fe2fc3871ce55ed9b0a9bf35375099f0d505d3339ba73bece5,2023-12,Wiltshire Police,Wiltshire Police,-1.771864,51.171699,On or near Devereux Road,E01031975,Wiltshire 048B,Vehicle crime,Investigation complete; no suspect identified,
15f85a1529711a99d6115b7b478b6e86ea588e4b9b571d8397133e245011de75,2023-12,Wiltshire Police,Wiltshire Police,-1.767613,51.175081,On or near Darrell Road,E01031975,Wiltshire 048B,Violence and sexual offences,Unable to prosecute suspect,
,2023-12,Wiltshire Police,Wiltshire Police,-1.761388,51.164602,On or near Orford Road,E01031976,Wiltshire 048C,Anti-social behaviour,,
,2023-12,Wiltshire Police,Wiltshire Police,-1.763069,51.163013,On or near Pouncette Close,E01031976,Wiltshire 048C,Anti-social behaviour,,
d08e4324cde4bf6e87a68f271bc358d3c3c1c416d67de763fe953e747d95da7a,2023-12,Wiltshire Police,Wiltshire Police,-1.763362,51.161593,On or near Holloway Close,E01031976,Wiltshire 048C,Criminal damage and arson,Unable to prosecute suspect,
c0d56040a34bc1946818a3699ae4f8e6b808cceecafdf89e45e8987d7452f9e9,2023-12,Wiltshire Police,Wiltshire Police,-1.763714,51.159993,On or near Truckle Road,E01031976,Wiltshire 048C,Criminal damage and arson,Court result unavailable,
2fb6143175ac366e730fe11b2ea69e62bbf255db186baaefc431bdf13e6232d9,2023-12,Wiltshire Police,Wiltshire Police,-1.764216,51.162512,On or near Nevill Close,E01031976,Wiltshire 048C,Criminal damage and arson,Investigation complete; no suspect identified,
297555112706cf6cae07fda80f303297ec047d505ef149bd1421abe8c7bd8110,2023-12,Wiltshire Police,Wiltshire Police,-1.764216,51.162512,On or near Nevill Close,E01031976,Wiltshire 048C,Other theft,Unable to prosecute suspect,
160bee200246e414da4b63aa554ba3103e0d8ae31d269a73253537cb795d20ef,2023-12,Wiltshire Police,Wiltshire Police,-1.764216,51.162512,On or near Nevill Close,E01031976,Wiltshire 048C,Public order,Unable to prosecute suspect,
924830d876ad7f72b2f070cc33c57422c0ae352cc02bb1a8099b3f7055adb8ee,2023-12,Wiltshire Police,Wiltshire Police,-1.763362,51.161593,On or near Holloway Close,E01031976,Wiltshire 048C,Violence and sexual offences,Unable to prosecute suspect,
6dc79e61a5ce47fa501f79225ffaaa5ceddbfe573abe65f3e1717d8b98398c9c,2023-12,Wiltshire Police,Wiltshire Police,-1.763024,51.160639,On or near Pitt Close,E01031976,Wiltshire 048C,Violence and sexual offences,Unable to prosecute suspect,
46280cd307902891852f552c86219e3647a5d502433997df16a245662d3fcaef,2023-12,Wiltshire Police,Wiltshire Police,-1.762967,51.174541,On or near Mills Way,E01031978,Wiltshire 048E,Burglary,Investigation complete; no suspect identified,
59d486cb8db6aecf3c55f5c832d9a3259bcb471300e18264e1277b468e9b3a24,2023-12,Wiltshire Police,Wiltshire Police,-1.766340,51.169476,On or near Jaggard View,E01031978,Wiltshire 048E,Burglary,Investigation complete; no suspect identified,
e6dc53b332491868f5f0b4503ee884b41b907d216d3b47c7343e99ec18bca40f,2023-12,Wiltshire Police,Wiltshire Police,-1.769287,51.169284,On or near Lyndhurst Road,E01031978,Wiltshire 048E,Vehicle crime,Investigation complete; no suspect identified,
18580dafd65bbbee7252ae2ee16cb3736c87291cb4a565bf2f4d91450a38459c,2023-12,Wiltshire Police,Wiltshire Police,-1.782102,51.172474,On or near Abbey Lane,E01031979,Wiltshire 048F,Burglary,Court result unavailable,
eea542f34a1c7cd1977e76e00cb232068e603cd6bda99ea2856361a04e68db7b,2023-12,Wiltshire Police,Wiltshire Police,-1.771280,51.168398,On or near Mill Green Road,E01031979,Wiltshire 048F,Violence and sexual offences,Court result unavailable,
26681ad070236b057f7beef695f102b10abdd97e0103d13386d5c203fc1eb4ec,2023-12,Wiltshire Police,Wiltshire Police,-1.772305,51.169263,On or near Haywain,E01031979,Wiltshire 048F,Violence and sexual offences,Action to be taken by another organisation,
,2023-12,Wiltshire Police,Wiltshire Police,-1.780698,51.173011,On or near High Street,E01031979,Wiltshire 048F,Anti-social behaviour,,
,2023-12,Wiltshire Police,Wiltshire Police,-1.782102,51.172474,On or near Abbey Lane,E01031979,Wiltshire 048F,Anti-social behaviour,,
,2023-12,Wiltshire Police,Wiltshire Police,-1.796788,51.173481,On or near Stonehenge Road,E01031979,Wiltshire 048F,Anti-social behaviour,,
,2023-12,Wiltshire Police,Wiltshire Police,-1.781334,51.171474,On or near Seymour Gardens,E01031979,Wiltshire 048F,Anti-social behaviour,,
,2023-12,Wiltshire Police,Wiltshire Police,-1.780698,51.173011,On or near High Street,E01031979,Wiltshire 048F,Anti-social behaviour,,
39dd1d57385a12d31ee16d2eb39e9fafbcf339be73f70e66c7a9e8ce38843bdc,2023-12,Wiltshire Police,Wiltshire Police,-1.776099,51.168623,On or near Salisbury Road,E01031979,Wiltshire 048F,Burglary,Investigation complete; no suspect identified,
afb4e56382c9cb8358c225f126882d82debcd9d4f35484a2e950fc4e43030170,2023-12,Wiltshire Police,Wiltshire Police,-1.772305,51.169263,On or near Haywain,E01031979,Wiltshire 048F,Criminal damage and arson,Investigation complete; no suspect identified,
741e7cee2b6ac02cb19fef1f362d3c33d177f9a12f95e06e23532f91e6b890fd,2023-12,Wiltshire Police,Wiltshire Police,-1.774887,51.167695,On or near Avonstoke Close,E01031979,Wiltshire 048F,Criminal damage and arson,Investigation complete; no suspect identified,
eb51580dac12daf4ab79093e5e5793cb1d5fd266cca291190cd4c8eea8937c05,2023-12,Wiltshire Police,Wiltshire Police,-1.788020,51.170057,On or near Riverside Avenue,E01031979,Wiltshire 048F,Other theft,Investigation complete; no suspect identified,
23efe7b43c3c60babc4cfa174c6fb0c83c338b3586c3cc918a65dfe985f72d1d,2023-12,Wiltshire Police,Wiltshire Police,-1.781334,51.171474,On or near Seymour Gardens,E01031979,Wiltshire 048F,Shoplifting,Investigation complete; no suspect identified,
88a1bfe3574b7e1667cd780e0f97c757c510f7f96c2d4938ada8ef8d84e2f155,2023-12,Wiltshire Police,Wiltshire Police,-1.775916,51.170979,On or near Earls Court Road,E01031979,Wiltshire 048F,Vehicle crime,Unable to prosecute suspect,
3904b1e68e31ded0d9f161f62040e32ff0e6fa638cb0f681e1aa0cc4364a1c0b,2023-12,Wiltshire Police,Wiltshire Police,-1.773435,51.169283,On or near Highfield Road,E01031979,Wiltshire 048F,Violence and sexual offences,Court result unavailable,
4c2b140cbf9c65b21c5a2a0ebd1a359139578c3b3a81315eb18c2ea061fd02af,2023-12,Wiltshire Police,Wiltshire Police,-1.774814,51.162164,On or near Southmill Hill,E01031979,Wiltshire 048F,Violence and sexual offences,Unable to prosecute suspect,
332e376e941a216724082c707617f63cee772449f2095324b6fec2776d733d99,2023-12,Wiltshire Police,Wiltshire Police,-1.775178,51.166805,On or near South Mill Close,E01031979,Wiltshire 048F,Violence and sexual offences,Local resolution,
3ee2342a7db2d38f2eeaa0154bfd6e882d092618d6ef9507800524f5c61911ac,2023-12,Wiltshire Police,Wiltshire Police,-1.782102,51.172474,On or near Abbey Lane,E01031979,Wiltshire 048F,Violence and sexual offences,Unable to prosecute suspect,
25b7acb16cd218c75e8bb437fa2af23f0236ea56606b62d555c12238b8fabd11,2023-12,Wiltshire Police,Wiltshire Police,-1.781334,51.171474,On or near Seymour Gardens,E01031979,Wiltshire 048F,Violence and sexual offences,Unable to prosecute suspect,
72430e7ac8e53685ffa07da28ba190bbbfa4c696a74afe24e9978b519b39d9a5,2023-12,Wiltshire Police,Wiltshire Police,-1.780517,51.171896,On or near Salisbury Street,E01031979,Wiltshire 048F,Violence and sexual offences,Local resolution,
20a9010768bf522fcd7ee7491579b2ed356c556bdc9e3a5cdb4089ae9a8e584e,2023-12,Wiltshire Police,Wiltshire Police,-1.773739,51.168511,On or near Lynchets Road,E01031979,Wiltshire 048F,Violence and sexual offences,Unable to prosecute suspect,
f1b9d3b8d1768db236988fa3ce06727187eded2f5feb05cfc4ce88f12cc689e3,2023-12,Wiltshire Police,Wiltshire Police,-1.781334,51.171474,On or near Seymour Gardens,E01031979,Wiltshire 048F,Violence and sexual offences,Local resolution,
f05771931a80cc2506071c41854644a98f92743621651b8753e17bc4a0383fb6,2023-12,Wiltshire Police,Wiltshire Police,-1.760814,51.173098,On or near Porton Road,E01034544,Wiltshire 048G,Violence and sexual offences,Unable to prosecute suspect,
,2023-12,Wiltshire Police,Wiltshire Police,-1.762927,51.176717,On or near Supermarket,E01034544,Wiltshire 048G,Anti-social behaviour,,
79263dd01f9c7161b39c660d64deff43cd384b069f73f9f247fccf7c99bf1e98,2023-12,Wiltshire Police,Wiltshire Police,-1.758023,51.170799,On or near Virginia Close,E01034544,Wiltshire 048G,Criminal damage and arson,Investigation complete; no suspect identified,
fffb8f60e512b071aa45e5b6d86232a92a63288417414eb1f8decb9df96c9e65,2023-12,Wiltshire Police,Wiltshire Police,-1.762927,51.176717,On or near Supermarket,E01034544,Wiltshire 048G,Other theft,Investigation complete; no suspect identified,
7b7dbe49e8d8a8ebdf3b669812e690c304e939c27ee1be5f09afb72b3b6b854d,2023-12,Wiltshire Police,Wiltshire Police,-1.762927,51.176717,On or near Supermarket,E01034544,Wiltshire 048G,Other theft,Investigation complete; no suspect identified,
30261a92c3a524ae3431b791e159180a4e3abd41305f107b55bed958d4c3f114,2023-12,Wiltshire Police,Wiltshire Police,-1.762927,51.176717,On or near Supermarket,E01034544,Wiltshire 048G,Other theft,Investigation complete; no suspect identified,
af14111e83d72e1fa70547041daab4568b0375abc3c7cf6855cf48387a4f4277,2023-12,Wiltshire Police,Wiltshire Police,-1.760718,51.172450,On or near Porton Road,E01034544,Wiltshire 048G,Public order,Status update unavailable,
bc5499afff7adb60981cc45468cfc3e371c9dd78e3b90bdd63223b3d5e7677fc,2023-12,Wiltshire Police,Wiltshire Police,-1.762927,51.176717,On or near Supermarket,E01034544,Wiltshire 048G,Shoplifting,Investigation complete; no suspect identified,
,2023-12,Wiltshire Police,Wiltshire Police,-1.765165,51.164303,On or near Margarets Close,E01034545,Wiltshire 048H,Anti-social behaviour,,
013ba75c270f46ebc32cc64ac7df251b4013f33211ceab368db10147ff6d7fac,2023-12,Wiltshire Police,Wiltshire Police,-1.767919,51.165523,On or near Denton Drive,E01034545,Wiltshire 048H,Criminal damage and arson,Status update unavailable,
0225747d3f46d9b302448e8eff689c85f20a7b81dcd1acc057b7884ed11f8a2f,2023-12,Wiltshire Police,Wiltshire Police,-1.767919,51.165523,On or near Denton Drive,E01034545,Wiltshire 048H,Drugs,Court result unavailable,
9c49f69b299627cd7a3128191eb5abe2cef6163d677300dec6dde3ddaa5e4401,2023-12,Wiltshire Police,Wiltshire Police,-1.765165,51.164303,On or near Margarets Close,E01034545,Wiltshire 048H,Shoplifting,Court result unavailable,
1063575c1bf9efae049ea2d3e42285d3f8ee8db5fb976adb1923022e3e08dd08,2023-12,Wiltshire Police,Wiltshire Police,-1.768780,51.159113,On or near Sarsen Street,E01034546,Wiltshire 048I,Violence and sexual offences,Court result unavailable,
,2023-12,Wiltshire Police,Wiltshire Police,-1.768008,51.159040,On or near Newbury Drive,E01034546,Wiltshire 048I,Anti-social behaviour,,
8bc0a2781a6eecdf42d21d86d4d769f003dd2910619c0faef2c210aff3155831,2023-12,Wiltshire Police,Wiltshire Police,-1.768780,51.159113,On or near Sarsen Street,E01034546,Wiltshire 048I,Criminal damage and arson,Investigation complete; no suspect identified,
a340117d9795f36563d77d741272609b0896160346dd584b3795e963c18b271f,2023-12,Wiltshire Police,Wiltshire Police,-1.770764,51.160750,On or near Sports/Recreation Area,E01034546,Wiltshire 048I,Vehicle crime,Investigation complete; no suspect identified,
33e07da3b6867874dbdcc1bb9284b5e515422e8cf6015e284b98c9427baad486,2023-12,Wiltshire Police,Wiltshire Police,-1.771194,51.162589,On or near Great Amber Way,E01034546,Wiltshire 048I,Violence and sexual offences,Unable to prosecute suspect,
2af1240fe22f6b996a19dea54916a893fea31df4fff2d1df99f50b78a96e06d2,2023-12,Wiltshire Police,Wiltshire Police,-1.828532,51.125924,On or near Sports/Recreation Area,E01032013,Wiltshire 049A,Violence and sexual offences,Court result unavailable,
d1247267ebbcfa9ffe82fb5cb861744836c31cd575ba21bdc38d290da754282e,2023-12,Wiltshire Police,Wiltshire Police,-1.828532,51.125924,On or near Sports/Recreation Area,E01032013,Wiltshire 049A,Violence and sexual offences,Court result unavailable,
c6a8366677ab9468e66245e94f5e0d26cad17413408475855f1cf29674aa1098,2023-12,Wiltshire Police,Wiltshire Police,-1.888270,51.116990,On or near Station Road,E01032013,Wiltshire 049A,Violence and sexual offences,Court result unavailable,
,2023-12,Wiltshire Police,Wiltshire Police,-1.805437,51.140638,On or near Jubilee Hill,E01032013,Wiltshire 049A,Anti-social behaviour,,
3e426554f8b85b9bd7f9cf8c882ccfae67a8dd5ba9a2ee3285aa88a544e7ab15,2023-12,Wiltshire Police,Wiltshire Police,-1.818063,51.113790,On or near Parking Area,E01032013,Wiltshire 049A,Burglary,Investigation complete; no suspect identified,
a747c38aa39ba1a0c356d8d5bafc7fc05b4598375816fd1e3626ec9ea2467138,2023-12,Wiltshire Police,Wiltshire Police,-1.818063,51.113790,On or near Parking Area,E01032013,Wiltshire 049A,Other theft,Investigation complete; no suspect identified,
49f5cb1175b6103359c730227a2cbee2d3d7a3146c4b7acc0b7bc18c9ec42bab,2023-12,Wiltshire Police,Wiltshire Police,-1.886861,51.114812,On or near Kingsmead,E01032013,Wiltshire 049A,Other theft,Investigation complete; no suspect identified,
170a689c32743e57edf882d3828c1da7045e7c6d1ed4c8a69de5f29b9930267b,2023-12,Wiltshire Police,Wiltshire Police,-1.875986,51.110602,On or near Sutton Close,E01032013,Wiltshire 049A,Vehicle crime,Investigation complete; no suspect identified,
b3795bb61470b01f58249a12dbddec2d7dff6b745c9803d444a2bc4f255cdb9d,2023-12,Wiltshire Police,Wiltshire Police,-1.900867,51.112145,On or near Grovely Road,E01032013,Wiltshire 049A,Vehicle crime,Investigation complete; no suspect identified,
3ec63e17eec777a00f391d78d5dbd10268c3c2cdee2446c5a1934384fe957c00,2023-12,Wiltshire Police,Wiltshire Police,-1.878028,51.111027,On or near Ashleigh Close,E01032013,Wiltshire 049A,Violence and sexual offences,Unable to prosecute suspect,
be30352a0e14eb64d1e257f7ecbf6a723095d3aaefaa2029728987294a496f33,2023-12,Wiltshire Police,Wiltshire Police,-1.804339,51.143307,On or near Woodrow,E01032013,Wiltshire 049A,Violence and sexual offences,Unable to prosecute suspect,
3750e3f7b5cd67d82bdadc4024ea4a7e19c195dd6dcc3705f5475eead4eb6e72,2023-12,Wiltshire Police,Wiltshire Police,-1.875986,51.110602,On or near Sutton Close,E01032013,Wiltshire 049A,Violence and sexual offences,Unable to prosecute suspect,
44f94b8abf7e2063c21c27874505071a70756cd83d0fda7894be2e4890cd26a9,2023-12,Wiltshire Police,Wiltshire Police,-1.712030,51.155966,On or near Allington Track,E01032032,Wiltshire 049B,Criminal damage and arson,Investigation complete; no suspect identified,
cc8b224db42f7157fb6ecdc307756ef761ce315efe9c5742631b60b3f52b1347,2023-12,Wiltshire Police,Wiltshire Police,-1.728132,51.126403,On or near Bourne Valley Close,E01032032,Wiltshire 049B,Other theft,Status update unavailable,
bea930e1c085cfaad191b50c39dbfed8fdeae415aaf78e076bd611c2f29cebdd,2023-12,Wiltshire Police,Wiltshire Police,-1.728132,51.126403,On or near Bourne Valley Close,E01032032,Wiltshire 049B,Violence and sexual offences,Court result unavailable,
bd40f08bbdd29320fc93ac9fc50b75dde7fca4ca4c27a91f128fe555a028bbdd,2023-12,Wiltshire Police,Wiltshire Police,-1.715043,51.133395,On or near Ladyway,E01032032,Wiltshire 049B,Violence and sexual offences,Unable to prosecute suspect,
eaa39a768645b2bc6bd3649f9b4a8dbfb1b473525d69ae90410e0104add71bc7,2023-12,Wiltshire Police,Wiltshire Police,-1.684161,51.179085,On or near Amesbury Road,E01032033,Wiltshire 049C,Violence and sexual offences,Unable to prosecute suspect,
fcde8b0875057dc6b3cd350e13ba7ea55dc373ebc264ef673610b9da46f2d7f7,2023-12,Wiltshire Police,Wiltshire Police,-1.730823,51.118298,On or near Broadfield Road,E01032033,Wiltshire 049C,Other theft,Status update unavailable,
d4c0ca4a3f98541d059d808c79a9b89dcde1ea15e0e4187733e6c9365907843b,2023-12,Wiltshire Police,Wiltshire Police,-1.741296,51.115525,On or near Horse Barrow,E01032034,Wiltshire 049D,Violence and sexual offences,Status update unavailable,
789d64c2a83f690dbb07de04295c06267b24b19d762103007e618a6485f9c710,2023-12,Wiltshire Police,Wiltshire Police,-2.176633,51.079349,On or near New Road,E01032010,Wiltshire 050A,Burglary,Investigation complete; no suspect identified,
55e31d5571a089e19af2a30e94ab27e05f30ffcc5bde6a7df6e9a9bde02b3841,2023-12,Wiltshire Police,Wiltshire Police,-2.217029,51.085000,On or near Sawpit Hill,E01032010,Wiltshire 050A,Burglary,Investigation complete; no suspect identified,
c4d10a6396d1ab79952db4dfb6b7409ae71cbf6617db5824444151d7f2267974,2023-12,Wiltshire Police,Wiltshire Police,-2.160644,51.070947,On or near Millbrook Lane,E01032010,Wiltshire 050A,Burglary,Investigation complete; no suspect identified,
7b7ebc7182c95ee027e638b974aee94ecae075300e0ab492b72c36e20b79e822,2023-12,Wiltshire Police,Wiltshire Police,-2.160644,51.070947,On or near Millbrook Lane,E01032010,Wiltshire 050A,Burglary,Investigation complete; no suspect identified,
81252e4acc1fe0ff85b09e9b0b69452797d11534ba694bc3611384af4a2d7121,2023-12,Wiltshire Police,Wiltshire Police,-2.171160,51.070140,On or near Gauns Court,E01032010,Wiltshire 050A,Violence and sexual offences,Unable to prosecute suspect,
a9cee20ac80cc8211fbc86314e52a766a6732df5f89b8bcb8545a21500cf3b5d,2023-12,Wiltshire Police,Wiltshire Police,-2.262194,51.083711,On or near Salmon Street,E01032035,Wiltshire 050B,Violence and sexual offences,Unable to prosecute suspect,
8fb81261cb0081d5f87a2335a208856c65da001ebc292e95f9a7e28f9e63e703,2023-12,Wiltshire Police,Wiltshire Police,-2.270624,51.089762,On or near Church Street,E01032035,Wiltshire 050B,Criminal damage and arson,Investigation complete; no suspect identified,
933ee444454f09d3e6f403174c7f8c0f9d6ca9813d46b0bc89cf5557cf478148,2023-12,Wiltshire Police,Wiltshire Police,-2.270624,51.089762,On or near Church Street,E01032035,Wiltshire 050B,Criminal damage and arson,Investigation complete; no suspect identified,
b58303366608d29ba329d4527687319726ccaf68df0887f2b722f1cd3df5baa9,2023-12,Wiltshire Police,Wiltshire Police,-2.259261,51.085022,On or near Southbrook Gardens,E01032035,Wiltshire 050B,Violence and sexual offences,Unable to prosecute suspect,
6f1049a0c8ee8572061c82aad3f7616d031a2bc8758b978b185a463aa99dea71,2023-12,Wiltshire Police,Wiltshire Police,-2.299525,51.127557,On or near Coombe Barn Lane,E01032036,Wiltshire 050C,Burglary,Investigation complete; no suspect identified,
b0924079565315ceb1860654e59768b8733ce7295a299b183ceb8e51df4b2f2e,2023-12,Wiltshire Police,Wiltshire Police,-2.319297,51.085386,On or near Portnell'S Lane,E01032036,Wiltshire 050C,Criminal damage and arson,Investigation complete; no suspect identified,
934879ba6258e28564d83e22c3ddf0d951d59c963d5349560fd44ff45d90bd7d,2023-12,Wiltshire Police,Wiltshire Police,-2.317257,51.085481,On or near Portnell'S Lane,E01032036,Wiltshire 050C,Criminal damage and arson,Investigation complete; no suspect identified,
a7667a05f46449fae98ef3d6b0dde5de38bfe00d8bf10360f908683b2422564e,2023-12,Wiltshire Police,Wiltshire Police,-2.317257,51.085481,On or near Portnell'S Lane,E01032036,Wiltshire 050C,Other theft,Investigation complete; no suspect identified,
9dd072530810436e2832b6336d7cb6c68b9e6adebbdb35560e9860df0b469833,2023-12,Wiltshire Police,Wiltshire Police,-2.318837,51.105583,On or near High Street,E01032036,Wiltshire 050C,Vehicle crime,Investigation complete; no suspect identified,
,2023-12,Wiltshire Police,Wiltshire Police,-2.264608,51.091421,On or near Hazzards Hill,E01032037,Wiltshire 050D,Anti-social behaviour,,
c271639915d77d3c8b9b24f865302ee5f9c9dc1334917575c909366583762430,2023-12,Wiltshire Police,Wiltshire Police,-2.268734,51.088894,On or near Angel Lane,E01032037,Wiltshire 050D,Burglary,Investigation complete; no suspect identified,
549eccd670bbd70eb18c6030738ad6991d724fd07d9703b75124dbe26e40489d,2023-12,Wiltshire Police,Wiltshire Police,-2.266700,51.092729,On or near The Yews,E01032037,Wiltshire 050D,Public order,Unable to prosecute suspect,
1eb64fb50d46d261b7c958a6adb6a554906e505c1b395a0a222c9521432e4c8d,2023-12,Wiltshire Police,Wiltshire Police,-2.263186,51.092413,On or near Queens Road,E01032037,Wiltshire 050D,Violence and sexual offences,Further investigation is not in the public interest,
77da781c809233ffafd0cc1bf5bfda17e63e76d88a98afa977efec83983a5b63,2023-12,Wiltshire Police,Wiltshire Police,-2.263552,51.094067,On or near Old Hollow,E01032037,Wiltshire 050D,Violence and sexual offences,Status update unavailable,
9c8f1921f6b12941408a9b7aaa0ea9e4e460e09d2afbc8831e6570bcd2e302ab,2023-12,Wiltshire Police,Wiltshire Police,-2.270300,51.090509,On or near B3095,E01032037,Wiltshire 050D,Violence and sexual offences,Unable to prosecute suspect,
96e31a91ccec944edd3943d139779e83dab9d558d032bba25a512401ae4b9919,2023-12,Wiltshire Police,Wiltshire Police,-2.275496,51.090344,On or near Bramley Hill,E01032037,Wiltshire 050D,Violence and sexual offences,Unable to prosecute suspect,
cb58de5e4268c267f45665ab67d35caf214addf37a0c311b72c6735fb14635c4,2023-12,Wiltshire Police,Wiltshire Police,-2.266700,51.092729,On or near The Yews,E01032037,Wiltshire 050D,Violence and sexual offences,Offender given a caution,
,2023-12,Wiltshire Police,Wiltshire Police,-1.786870,51.090583,On or near Gibbs Close,E01031984,Wiltshire 051A,Anti-social behaviour,,
,2023-12,Wiltshire Police,Wiltshire Police,-1.786310,51.091239,On or near Neal Close,E01031984,Wiltshire 051A,Anti-social behaviour,,
,2023-12,Wiltshire Police,Wiltshire Police,-1.779397,51.091666,On or near Stout Grove,E01031984,Wiltshire 051A,Anti-social behaviour,,
,2023-12,Wiltshire Police,Wiltshire Police,-1.781509,51.091904,On or near Saunders Avenue,E01031984,Wiltshire 051A,Anti-social behaviour,,
,2023-12,Wiltshire Police,Wiltshire Police,-1.789068,51.093851,On or near Parking Area,E01031984,Wiltshire 051A,Anti-social behaviour,,
0b7907d9a667be51d29dcb29de55c94302765ff62f3202ba06d462c1e2d9fe99,2023-12,Wiltshire Police,Wiltshire Police,-1.775332,51.087792,On or near St Lukes Close,E01031984,Wiltshire 051A,Burglary,Investigation complete; no suspect identified,
8288133b696639a47d2ae7546d52247e39f633a95ff62fb239c0509c772ce187,2023-12,Wiltshire Police,Wiltshire Police,-1.773000,51.091780,On or near Bundy Lane,E01031984,Wiltshire 051A,Criminal damage and arson,Investigation complete; no suspect identified,
a788e33f00bc56f22b78ef758c31fee75c78f15c7eaff018931d1eacd26f3978,2023-12,Wiltshire Police,Wiltshire Police,-1.774251,51.089885,On or near Monxton Close,E01031984,Wiltshire 051A,Violence and sexual offences,Unable to prosecute suspect,
167581002209494c0a99184b1b593af6a714f7782b9750fcb2553e0f160de933,2023-12,Wiltshire Police,Wiltshire Police,-1.773000,51.091780,On or near Bundy Lane,E01031984,Wiltshire 051A,Violence and sexual offences,Unable to prosecute suspect,
b7b42c31f0fda23c26a3d6d4d0f3949b55fbe6b7ee5c03319498a48dfb9cd275,2023-12,Wiltshire Police,Wiltshire Police,-1.781798,51.088299,On or near Manning Close,E01031985,Wiltshire 051B,Violence and sexual offences,Unable to prosecute suspect,
,2023-12,Wiltshire Police,Wiltshire Police,-1.783839,51.088303,On or near The Oakbournes,E01031985,Wiltshire 051B,Anti-social behaviour,,
f3d6d052a74750627f2aa01959409416b57c29e9895870454c9f4fc3ecd13c6c,2023-12,Wiltshire Police,Wiltshire Police,-1.777126,51.085871,On or near Jewell Close,E01031985,Wiltshire 051B,Robbery,Unable to prosecute suspect,
f95d5d71aed779477893847af5b11ef8849775e493aa7700c9e2f6c2046f8997,2023-12,Wiltshire Police,Wiltshire Police,-1.775569,51.086147,On or near Petrol Station,E01031985,Wiltshire 051B,Shoplifting,Unable to prosecute suspect,
b68102729322aa5659e8f733d8ecb00109be065f62144bb71c3d5507836e484a,2023-12,Wiltshire Police,Wiltshire Police,-1.777126,51.085871,On or near Jewell Close,E01031985,Wiltshire 051B,Violence and sexual offences,Investigation complete; no suspect identified,
5ab2cf307c129bf732d1e81172f0649af9b663ef5ecd588bc8524bb4c01c8ad6,2023-12,Wiltshire Police,Wiltshire Police,-1.790098,51.090346,On or near Park/Open Space,E01031985,Wiltshire 051B,Violence and sexual offences,Investigation complete; no suspect identified,
,2023-12,Wiltshire Police,Wiltshire Police,-1.786342,51.081141,On or near Link Way,E01031986,Wiltshire 051C,Anti-social behaviour,,
c3bc83cf645111a7f159b8786a3fb88c9480b22dfbc4a14a9c56170dd9fd31f2,2023-12,Wiltshire Police,Wiltshire Police,-1.794387,51.079365,On or near Devonshire Road,E01032017,Wiltshire 051D,Other theft,Investigation complete; no suspect identified,
f308dcdaf20795a79c94b80b9ace57affc3ad8171644cdfa02bb574dc904c058,2023-12,Wiltshire Police,Wiltshire Police,-1.794387,51.079365,On or near Devonshire Road,E01032017,Wiltshire 051D,Violence and sexual offences,Unable to prosecute suspect,
a75a7a4cb9562f9fb8f5403261de66ea42e1d0d11b8d5ce82418018812d985e4,2023-12,Wiltshire Police,Wiltshire Police,-1.789830,51.086416,On or near Downsway,E01032017,Wiltshire 051D,Violence and sexual offences,Unable to prosecute suspect,
57e896fa63ce848995150ac42cc98cdc223fcb8e766a2189ceb9805adf1ad5d0,2023-12,Wiltshire Police,Wiltshire Police,-1.789830,51.086416,On or near Downsway,E01032017,Wiltshire 051D,Violence and sexual offences,Unable to prosecute suspect,
89f8b05b1f52d9b4b2be8cc9f94e81c78c25a80f200606cde556349c0c1918dc,2023-12,Wiltshire Police,Wiltshire Police,-1.789830,51.086416,On or near Downsway,E01032017,Wiltshire 051D,Violence and sexual offences,Unable to prosecute suspect,
0baa39f98da9a0c16e006b1eef7f20af871d2789c4ad42d9a74f6127f14db47c,2023-12,Wiltshire Police,Wiltshire Police,-1.833726,51.092485,On or near Brodie Rise,E01031980,Wiltshire 052A,Public order,Court result unavailable,
e4a91bb1d64179c03c5d7367cef11406cb873fd72520632932afee9661a5ba9d,2023-12,Wiltshire Police,Wiltshire Police,-1.835291,51.093925,On or near Alford Rise,E01031980,Wiltshire 052A,Vehicle crime,Unable to prosecute suspect,
7d133dd138d084645a5def2cd52d0a6ca89cc1018b5a29c67ec6794ea10dafa9,2023-12,Wiltshire Police,Wiltshire Police,-1.831128,51.088335,On or near Rambridge Crescent,E01031980,Wiltshire 052A,Violence and sexual offences,Unable to prosecute suspect,
,2023-12,Wiltshire Police,Wiltshire Police,-1.833726,51.092485,On or near Brodie Rise,E01031980,Wiltshire 052A,Anti-social behaviour,,
,2023-12,Wiltshire Police,Wiltshire Police,-1.833475,51.094804,On or near Maundrell Lane,E01031980,Wiltshire 052A,Anti-social behaviour,,
,2023-12,Wiltshire Police,Wiltshire Police,-1.837380,51.096824,On or near Longspee Lane,E01031980,Wiltshire 052A,Anti-social behaviour,,
38bf628a0976ddc36456f9495c78ed7374e370abc319b1a69706a91ecac81eb4,2023-12,Wiltshire Police,Wiltshire Police,-1.839489,51.098122,On or near Adlam Way,E01031980,Wiltshire 052A,Criminal damage and arson,Investigation complete; no suspect identified,
b017504ce1a6911206181cc6b0564d744a49800658ede07fd90774a55ab768f6,2023-12,Wiltshire Police,Wiltshire Police,-1.837055,51.095762,On or near Ivie Place,E01031980,Wiltshire 052A,Criminal damage and arson,Investigation complete; no suspect identified,
2463fd110a13759663b6f186b388f89365e2a4a66bd5284bf8db778c73e75ef1,2023-12,Wiltshire Police,Wiltshire Police,-1.833475,51.094804,On or near Maundrell Lane,E01031980,Wiltshire 052A,Other theft,Investigation complete; no suspect identified,
7d3ec5fa5fef6c07bba09024f35f983e19b2eebeef9e3d751907bb77dbbd6287,2023-12,Wiltshire Police,Wiltshire Police,-1.833475,51.094804,On or near Maundrell Lane,E01031980,Wiltshire 052A,Vehicle crime,Investigation complete; no suspect identified,
e0ccbd76de2318d26aa79659d0fd006ad1a6dc54662157a225482e6eb90b826f,2023-12,Wiltshire Police,Wiltshire Police,-1.829347,51.091102,On or near Angler Road,E01031980,Wiltshire 052A,Vehicle crime,Investigation complete; no suspect identified,
d67fd6028de5aab34600ef74805ffeb0aa5dc420dc69f8d31e6aae715894ce34,2023-12,Wiltshire Police,Wiltshire Police,-1.833475,51.094804,On or near Maundrell Lane,E01031980,Wiltshire 052A,Vehicle crime,Investigation complete; no suspect identified,
67e512c7c740eead2a2c6d2542cb49d49b39a1473305e6fc248c1dd1f4c8f731,2023-12,Wiltshire Police,Wiltshire Police,-1.829255,51.088890,On or near Shropshire Close,E01031980,Wiltshire 052A,Violence and sexual offences,Unable to prosecute suspect,
747e89a986834448892e81e1211319f13f9067bb1995e1785218d89f9b41c394,2023-12,Wiltshire Police,Wiltshire Police,-1.833726,51.092485,On or near Brodie Rise,E01031980,Wiltshire 052A,Violence and sexual offences,Status update unavailable,
372bd5d181b8b0e7bce8fee60a132a6c67e4d13383c2bdf5936d0f5cf856f6ea,2023-12,Wiltshire Police,Wiltshire Police,-1.827444,51.088348,On or near Olivier Close,E01031980,Wiltshire 052A,Other crime,Further action is not in the public interest,
aaa40d8652e65ec20243464a7a00212bcc351e28df6a1427732a2a66e161507c,2023-12,Wiltshire Police,Wiltshire Police,-1.827444,51.088348,On or near Olivier Close,E01031980,Wiltshire 052A,Other crime,Further action is not in the public interest,
91c0800cab387be8c3c71a51e3a30c5c9c149f6a969bca279beac5a854af3494,2023-12,Wiltshire Police,Wiltshire Police,-1.829879,51.082354,On or near Winding Way,E01031981,Wiltshire 052B,Drugs,Court result unavailable,
e18db7b341049e1ae0560883b33043d5f8a4f447feacb6b9eb11283fe532889e,2023-12,Wiltshire Police,Wiltshire Police,-1.833865,51.085552,On or near Westwood Road,E01031981,Wiltshire 052B,Possession of weapons,Further action is not in the public interest,
3faf1fd2b31d84fe54e8ca07d26c6f67f5512b360b5deeef4f042f1d9c385d5a,2023-12,Wiltshire Police,Wiltshire Police,-1.829879,51.082354,On or near Winding Way,E01031981,Wiltshire 052B,Violence and sexual offences,Court result unavailable,
,2023-12,Wiltshire Police,Wiltshire Police,-1.833865,51.085552,On or near Westwood Road,E01031981,Wiltshire 052B,Anti-social behaviour,,
,2023-12,Wiltshire Police,Wiltshire Police,-1.829879,51.082354,On or near Winding Way,E01031981,Wiltshire 052B,Anti-social behaviour,,
77a8cb1cec0512b953778c091a9dcf251ee4e75a24cc5f2e481fa1a0605ea61e,2023-12,Wiltshire Police,Wiltshire Police,-1.831071,51.080467,On or near Stanley Little Road,E01031981,Wiltshire 052B,Criminal damage and arson,Investigation complete; no suspect identified,
18355fff03b3ad5493d92ba9ceb942556b008591b912ee529d8ea4b5eec60697,2023-12,Wiltshire Police,Wiltshire Police,-1.829879,51.082354,On or near Winding Way,E01031981,Wiltshire 052B,Criminal damage and arson,Local resolution,
a42c6fd9623a0b1c8eff159007a08b01cf366a240011aae90543b5bfec6e0717,2023-12,Wiltshire Police,Wiltshire Police,-1.834899,51.083737,On or near Rowan Close,E01031981,Wiltshire 052B,Criminal damage and arson,Unable to prosecute suspect,
a912fb6e9633ac0b0192e96e495f17da5fb852f9bcd2031e1828230524ea1d91,2023-12,Wiltshire Police,Wiltshire Police,-1.835333,51.082110,On or near Hazel Close,E01031981,Wiltshire 052B,Drugs,Offender given a caution,
56542ead85e78580eb6a104f3f4a01ba838e0e1c3ad64a9b99694246ad63e14e,2023-12,Wiltshire Police,Wiltshire Police,-1.835333,51.082110,On or near Hazel Close,E01031981,Wiltshire 052B,Public order,Unable to prosecute suspect,
e94bfe26c15a7c92277b2b6f1f0c71028cce8b80d6998af6bdadfa45c3843b8b,2023-12,Wiltshire Police,Wiltshire Police,-1.830625,51.081213,On or near Rawlence Road,E01031981,Wiltshire 052B,Public order,Court result unavailable,
a44acbe96fd796426d6c31e193900b3dca1354bf6ddc1c5d760364f266162628,2023-12,Wiltshire Police,Wiltshire Police,-1.829879,51.082354,On or near Winding Way,E01031981,Wiltshire 052B,Violence and sexual offences,Action to be taken by another organisation,
0111188bb7744c41dc99dd2decaa73f2e65cc666096a60c04d95d43349df17cf,2023-12,Wiltshire Police,Wiltshire Police,-1.829879,51.082354,On or near Winding Way,E01031981,Wiltshire 052B,Other crime,Investigation complete; no suspect identified,
6fbc1b4f206a2d571f9e8451dbc2e91843389d2418c1eb2a54e38d72f9cde376,2023-12,Wiltshire Police,Wiltshire Police,-1.832081,51.085378,On or near Pinewood Close,E01031981,Wiltshire 052B,Other crime,Further action is not in the public interest,
32c053ec39be9ecc7b618a9fba160a240f2ff82ef36016ede4514659010db60f,2023-12,Wiltshire Police,Wiltshire Police,-1.822028,51.085687,On or near Eagle Field,E01031982,Wiltshire 052C,Public order,Unable to prosecute suspect,
,2023-12,Wiltshire Police,Wiltshire Police,-1.822665,51.079771,On or near Queen Alexandra Road,E01031982,Wiltshire 052C,Anti-social behaviour,,
,2023-12,Wiltshire Police,Wiltshire Police,-1.825493,51.086942,On or near The Valley,E01031982,Wiltshire 052C,Anti-social behaviour,,
,2023-12,Wiltshire Police,Wiltshire Police,-1.825493,51.086942,On or near The Valley,E01031982,Wiltshire 052C,Anti-social behaviour,,
4e4374b9a9d421659e3f5a19805d4674390e1e7e227f09d3ba096a9af6eabd5d,2023-12,Wiltshire Police,Wiltshire Police,-1.823869,51.085915,On or near Primrose Road,E01031982,Wiltshire 052C,Burglary,Investigation complete; no suspect identified,
68c9f152f41da470ec9057643369600cf2044af325dfd74e54e5411c798360f5,2023-12,Wiltshire Police,Wiltshire Police,-1.822665,51.079771,On or near Queen Alexandra Road,E01031982,Wiltshire 052C,Criminal damage and arson,Investigation complete; no suspect identified,
c57f6bf52196e7165eef635440613611f4f0d976d8c4c926a87d71f4e84d2bba,2023-12,Wiltshire Police,Wiltshire Police,-1.822028,51.085687,On or near Eagle Field,E01031982,Wiltshire 052C,Vehicle crime,Investigation complete; no suspect identified,
016c8cab02ded94fc5fd48f7c580c9361e993bb088a0825aa761fcee82ac7568,2023-12,Wiltshire Police,Wiltshire Police,-1.825493,51.086942,On or near The Valley,E01031982,Wiltshire 052C,Vehicle crime,Investigation complete; no suspect identified,
5467532945831c1e618d2d48e35b4b7f14698c0c18d8fa4de93b381b53808c14,2023-12,Wiltshire Police,Wiltshire Police,-1.825493,51.086942,On or near The Valley,E01031982,Wiltshire 052C,Violence and sexual offences,Unable to prosecute suspect,
368252a730310c9192db420631ac1462b367f461cee04706dc70c9f2f0d54967,2023-12,Wiltshire Police,Wiltshire Police,-1.825493,51.086942,On or near The Valley,E01031982,Wiltshire 052C,Violence and sexual offences,Investigation complete; no suspect identified,
8a430e03b8af970a3658a63e94aa86b26670791266dd33e06ed47cf500be390a,2023-12,Wiltshire Police,Wiltshire Police,-1.824132,51.080520,On or near Heath View Drive,E01031983,Wiltshire 052D,Violence and sexual offences,Unable to prosecute suspect,
25b2015a06370b74c590e8223d2412cef2caae0afc76c1f5560191bb41261448,2023-12,Wiltshire Police,Wiltshire Police,-1.826542,51.077556,On or near Pembroke Road,E01031983,Wiltshire 052D,Violence and sexual offences,Unable to prosecute suspect,
492fc74b0a9e480167a976c227919546b54732b85c828baa5cc50e355763ab1a,2023-12,Wiltshire Police,Wiltshire Police,-1.823521,51.079809,On or near Alexandra Close,E01031983,Wiltshire 052D,Violence and sexual offences,Unable to prosecute suspect,
,2023-12,Wiltshire Police,Wiltshire Police,-1.826939,51.078321,On or near Wagstaff Way,E01031983,Wiltshire 052D,Anti-social behaviour,,
,2023-12,Wiltshire Police,Wiltshire Police,-1.828262,51.079510,On or near Festival Avenue,E01031983,Wiltshire 052D,Anti-social behaviour,,
,2023-12,Wiltshire Police,Wiltshire Police,-1.826542,51.077556,On or near Pembroke Road,E01031983,Wiltshire 052D,Anti-social behaviour,,
d507883a4ef4064b8301652313f433387922c437cdf43ee3d09de6aa3abbd0ab,2023-12,Wiltshire Police,Wiltshire Police,-1.825047,51.083929,On or near St Michael'S Road,E01031983,Wiltshire 052D,Burglary,Investigation complete; no suspect identified,
da14c8affcf32c6a326116e56030fbc0adbdfdcb42f64fc5084819c44f597a02,2023-12,Wiltshire Police,Wiltshire Police,-1.827239,51.081918,On or near Glyndebourne Close,E01031983,Wiltshire 052D,Criminal damage and arson,Investigation complete; no suspect identified,
b45aefe48343b048b4aed2be7044ec04c08aab676424c6464c0c53f35d0e81ea,2023-12,Wiltshire Police,Wiltshire Police,-1.828136,51.078754,On or near Jubilee Close,E01031983,Wiltshire 052D,Public order,Investigation complete; no suspect identified,
dbef9b8a26f1e5c89e9f45fa8a449dba44d70501e5b2a02d343cb1824be0ed01,2023-12,Wiltshire Police,Wiltshire Police,-1.825047,51.083929,On or near St Michael'S Road,E01031983,Wiltshire 052D,Public order,Status update unavailable,
a47da5e9e619e9c34d205dca89b571a6f1751fdd7822fe417c1f89cbf7f47c71,2023-12,Wiltshire Police,Wiltshire Police,-1.827003,51.083932,On or near Woodside Road,E01031983,Wiltshire 052D,Vehicle crime,Investigation complete; no suspect identified,
cc24d6463784ab3aff9c54d3b305d0b5ae4918fafd2be2d04ebcdfed0edacc9a,2023-12,Wiltshire Police,Wiltshire Police,-1.827120,51.079571,On or near Old Dairy Close,E01031983,Wiltshire 052D,Violence and sexual offences,Unable to prosecute suspect,
f117f66eb5b8491b5da367ab16f1b674ea334232e6dc5e41985472b334514eda,2023-12,Wiltshire Police,Wiltshire Police,-1.798915,51.091890,On or near Old Castle Road,E01032018,Wiltshire 053A,Other theft,Investigation complete; no suspect identified,
c25b71d00c1aadac69a4beb8a725863650506b7831925b3fc6c0e4d1884bdf3c,2023-12,Wiltshire Police,Wiltshire Police,-1.798915,51.091890,On or near Old Castle Road,E01032018,Wiltshire 053A,Other theft,Investigation complete; no suspect identified,
8439420eaa75d6f39b4fdff88e75cb47dcc52426b9131f3044a71f70133064ac,2023-12,Wiltshire Police,Wiltshire Police,-1.793771,51.086468,On or near Oakway Road,E01032018,Wiltshire 053A,Public order,Investigation complete; no suspect identified,
3fccfddbe4b0779252305c79c45aa8cb834b279aa5328a32ec0f71b8b4a31c45,2023-12,Wiltshire Police,Wiltshire Police,-1.806124,51.085599,On or near Shakespeare Road,E01032018,Wiltshire 053A,Vehicle crime,Investigation complete; no suspect identified,
ab2e79c328a956fa57de674cc37755e67cc1691179cbbb7cd108a650871e6e57,2023-12,Wiltshire Police,Wiltshire Police,-1.811669,51.087856,On or near St Lawrence Close,E01032018,Wiltshire 053A,Violence and sexual offences,Unable to prosecute suspect,
cabdfa0ee4b0c1e12508b56e024eab65992c1a36094a106a3d37dd3c37cdf50d,2023-12,Wiltshire Police,Wiltshire Police,-1.795152,51.080833,On or near Queensberry Road,E01032019,Wiltshire 053B,Violence and sexual offences,Unable to prosecute suspect,
486e5db126b9c6fd2b4c1c78b703b7fb2d8838f8d442d4b3e4c8faee1fa4c696,2023-12,Wiltshire Police,Wiltshire Police,-1.797667,51.083571,On or near Supermarket,E01032019,Wiltshire 053B,Violence and sexual offences,Unable to prosecute suspect,
ba27b29a0b8f9fe6cdedf4015864a5c613bc6051c39a23304994fa8b557f7783,2023-12,Wiltshire Police,Wiltshire Police,-1.797667,51.083571,On or near Supermarket,E01032019,Wiltshire 053B,Violence and sexual offences,Unable to prosecute suspect,
,2023-12,Wiltshire Police,Wiltshire Police,-1.795152,51.080833,On or near Queensberry Road,E01032019,Wiltshire 053B,Anti-social behaviour,,
,2023-12,Wiltshire Police,Wiltshire Police,-1.803525,51.082447,On or near Hudson Road,E01032019,Wiltshire 053B,Anti-social behaviour,,
99df2581821fc389ea1ee0b32a9ab145db05c9ae1a5865f6766dd4dce939b175,2023-12,Wiltshire Police,Wiltshire Police,-1.803525,51.082447,On or near Hudson Road,E01032019,Wiltshire 053B,Criminal damage and arson,Unable to prosecute suspect,
ff4cdd70480f4152828ee96300cc9757307fb3490b1bc808e9c620b7943ceca9,2023-12,Wiltshire Police,Wiltshire Police,-1.802557,51.081655,On or near Warwick Close,E01032019,Wiltshire 053B,Drugs,Unable to prosecute suspect,
5d509705731238807110662bb99335a3d6c949f722ac49fa77ddd5486cabff76,2023-12,Wiltshire Police,Wiltshire Police,-1.802618,51.084199,On or near Chatham Close,E01032019,Wiltshire 053B,Other theft,Investigation complete; no suspect identified,
067c42e121d7328c0eb732133d50b2e77ee073510413513e4e2a8fc1c23b4c7b,2023-12,Wiltshire Police,Wiltshire Police,-1.802618,51.084199,On or near Chatham Close,E01032019,Wiltshire 053B,Public order,Unable to prosecute suspect,
18eae571793a8dc4128a72581accaff28945630a85386a1bbbcef5e04dc3a2bb,2023-12,Wiltshire Police,Wiltshire Police,-1.803531,51.084246,On or near Parking Area,E01032019,Wiltshire 053B,Violence and sexual offences,Unable to prosecute suspect,
f978a02ca876b4746cd509145a74e446938d8d81a7494df6ad3bb4645b55237c,2023-12,Wiltshire Police,Wiltshire Police,-1.803531,51.084246,On or near Parking Area,E01032019,Wiltshire 053B,Violence and sexual offences,Unable to prosecute suspect,
cd3af98801498a06c67198d91a71f83d09ab157e193e6675ab1039fbd141e7b7,2023-12,Wiltshire Police,Wiltshire Police,-1.800008,51.083548,On or near Waters Road,E01032019,Wiltshire 053B,Violence and sexual offences,Unable to prosecute suspect,
58c6eaf4e2c69f6891e7ed85fda44ab5fc79870a863371227b2d542aa7cf30c2,2023-12,Wiltshire Police,Wiltshire Police,-1.802618,51.084199,On or near Chatham Close,E01032019,Wiltshire 053B,Violence and sexual offences,Unable to prosecute suspect,
d9edf08039026cfd31e4860f0abffeaf2a68756ba1011e24a435446a53d5f8f5,2023-12,Wiltshire Police,Wiltshire Police,-1.800008,51.083548,On or near Waters Road,E01032019,Wiltshire 053B,Violence and sexual offences,Unable to prosecute suspect,
35670f5fcf1a83f6e3c82edf6d619052e6557fc7f5b9db34ef91277968629adb,2023-12,Wiltshire Police,Wiltshire Police,-1.785909,51.076041,On or near Bower Hill Road,E01032020,Wiltshire 053C,Violence and sexual offences,Unable to prosecute suspect,
,2023-12,Wiltshire Police,Wiltshire Police,-1.798788,51.078528,On or near Douglas Haig Road,E01032020,Wiltshire 053C,Anti-social behaviour,,
,2023-12,Wiltshire Police,Wiltshire Police,-1.785909,51.076041,On or near Bower Hill Road,E01032020,Wiltshire 053C,Anti-social behaviour,,
e4fdb6d83de966918a2930e36f4582fd6982699670c8780e5da0ce2b20b7b136,2023-12,Wiltshire Police,Wiltshire Police,-1.789431,51.080058,On or near Somerset Road,E01032020,Wiltshire 053C,Public order,Investigation complete; no suspect identified,
22bec42d5bece24e4aec811b69fe1f9e7786c18dae168826d8d9678b1b30962a,2023-12,Wiltshire Police,Wiltshire Police,-1.785909,51.076041,On or near Bower Hill Road,E01032020,Wiltshire 053C,Public order,Unable to prosecute suspect,
718d34d6558c745b3f2f5526c5b12bae452b25c2c6422ede489dcb97be7e1957,2023-12,Wiltshire Police,Wiltshire Police,-1.795582,51.077236,On or near Victoria Road,E01032020,Wiltshire 053C,Violence and sexual offences,Unable to prosecute suspect,
,2023-12,Wiltshire Police,Wiltshire Police,-1.818539,51.079981,On or near Crown Close,E01032025,Wiltshire 053D,Anti-social behaviour,,
,2023-12,Wiltshire Police,Wiltshire Police,-1.818539,51.079981,On or near Crown Close,E01032025,Wiltshire 053D,Anti-social behaviour,,
70e7247a7511958c0fd8abcbd0fe799e95b4726781952a149854ebb6af285abf,2023-12,Wiltshire Police,Wiltshire Police,-1.818977,51.080962,On or near Roberts Road,E01032025,Wiltshire 053D,Burglary,Investigation complete; no suspect identified,
21b173fe87ae575b28fdf32427d2ca4f27dfff746c35ae4f41203d989b7f0fbb,2023-12,Wiltshire Police,Wiltshire Police,-1.818406,51.077310,On or near St Gregory'S Avenue,E01032025,Wiltshire 053D,Criminal damage and arson,Investigation complete; no suspect identified,
224a3b5d7677983fac41e887702fc85e7dd51822d3e4b463c02f81ecca415b25,2023-12,Wiltshire Police,Wiltshire Police,-1.818539,51.079981,On or near Crown Close,E01032025,Wiltshire 053D,Vehicle crime,Investigation complete; no suspect identified,
ba14af5078115c55ab91b58d93536ea3451852b65452c1efa516c511b04552b1,2023-12,Wiltshire Police,Wiltshire Police,-1.819773,51.078184,On or near Roman Road,E01032025,Wiltshire 053D,Violence and sexual offences,Unable to prosecute suspect,
,2023-12,Wiltshire Police,Wiltshire Police,-1.903178,51.031344,On or near Stanley Close,E01031990,Wiltshire 054A,Anti-social behaviour,,
c9108d57ae9d7c8f1649e7abaa8412f390b247665ed6181e34d0ae4163532d38,2023-12,Wiltshire Police,Wiltshire Police,-1.903178,51.031344,On or near Stanley Close,E01031990,Wiltshire 054A,Burglary,Investigation complete; no suspect identified,
4737e20aa68ef695f05beaf09ee622ea38fbcdb214b8ef8954532be32a346fd0,2023-12,Wiltshire Police,Wiltshire Police,-2.023343,51.017336,On or near Duck Street,E01031990,Wiltshire 054A,Burglary,Investigation complete; no suspect identified,
9997328cef9fb0ccf036cb258034f82fde1b4a55986ba44fa944585dd154e9f1,2023-12,Wiltshire Police,Wiltshire Police,-1.899369,51.032042,On or near The Styles,E01031990,Wiltshire 054A,Other theft,Status update unavailable,
b0f51d513af7a6aee223bae66d835da1ffa079fc4772b65bcff1df8d6682b94a,2023-12,Wiltshire Police,Wiltshire Police,-2.016769,51.089670,On or near Hindon Road,E01032004,Wiltshire 054B,Burglary,Investigation complete; no suspect identified,
76948f346e2b9ba00becc51cfb55b8ea4cc2029adb3051ca5c242131d856b40e,2023-12,Wiltshire Police,Wiltshire Police,-2.016769,51.089670,On or near Hindon Road,E01032004,Wiltshire 054B,Criminal damage and arson,Investigation complete; no suspect identified,
aa8ea1a155dd94dc833742d402520d55f75ab76e4f9803d0f82208ae8477682b,2023-12,Wiltshire Police,Wiltshire Police,-1.972610,51.084371,On or near Sandhills Road,E01032004,Wiltshire 054B,Public order,Status update unavailable,
aa6dac5efecb66c76ff257d93ef8ae348c2ec6941387237f88a4535c57cb324f,2023-12,Wiltshire Police,Wiltshire Police,-1.991753,51.092755,On or near Marshwood,E01032004,Wiltshire 054B,Vehicle crime,Investigation complete; no suspect identified,
5d26216df5258608759e8168d197eccbe203b3707d0965498ea90c3f90aaf14e,2023-12,Wiltshire Police,Wiltshire Police,-1.975612,51.104020,On or near Ox Drove,E01032004,Wiltshire 054B,Vehicle crime,Investigation complete; no suspect identified,
3edf6c109d5b8c2e0218697304c536972282e6fbcf434216af56b58fdab49c93,2023-12,Wiltshire Police,Wiltshire Police,-1.977236,51.083878,On or near Spracklands,E01032004,Wiltshire 054B,Violence and sexual offences,Action to be taken by another organisation,
,2023-12,Wiltshire Police,Wiltshire Police,-1.946353,51.135779,On or near The Wirr,E01032027,Wiltshire 054C,Anti-social behaviour,,
5c258a13cc834fafc39017d4d2bf8aeb7bb1cb9f2c33cbff8a5d7156399936ea,2023-12,Wiltshire Police,Wiltshire Police,-1.899202,51.155387,On or near North View,E01032027,Wiltshire 054C,Burglary,Investigation complete; no suspect identified,
79410f2f8edb03bf4937e9e3f74b8dc7fbdb5959a63a916074e1630ed62a2d9b,2023-12,Wiltshire Police,Wiltshire Police,-1.946353,51.135779,On or near The Wirr,E01032027,Wiltshire 054C,Burglary,Investigation complete; no suspect identified,
44dfb7b853b50cc5074111dba06b8c0f1864533762f96ff9e977ddf7ae700b72,2023-12,Wiltshire Police,Wiltshire Police,-1.991122,51.145489,On or near Parking Area,E01032027,Wiltshire 054C,Burglary,Status update unavailable,
f303ed318b78086e89bff99bb1fd0aa18ac12ed1f4f7ec86e6d3e909146945e7,2023-12,Wiltshire Police,Wiltshire Police,-1.901370,51.137665,On or near Riverside Terrace,E01032027,Wiltshire 054C,Burglary,Investigation complete; no suspect identified,
88746b2c882c531fdef4b89e1f1a88f40ed00d934793651b51f6ce47f0b43157,2023-12,Wiltshire Police,Wiltshire Police,-1.947667,51.136508,On or near Salisbury Road,E01032027,Wiltshire 054C,Criminal damage and arson,Investigation complete; no suspect identified,
005cfc59e297a7dea220ce3e40f16db801a7a994f5f637c105eae16ee6954c94,2023-12,Wiltshire Police,Wiltshire Police,-1.987401,51.136204,On or near Foyle'S Mead,E01032027,Wiltshire 054C,Criminal damage and arson,Investigation complete; no suspect identified,
8c4fd808f99737149515f07162fd0b56e105311dec5650759e68b1bf3b00c413,2023-12,Wiltshire Police,Wiltshire Police,-1.987401,51.136204,On or near Foyle'S Mead,E01032027,Wiltshire 054C,Vehicle crime,Investigation complete; no suspect identified,
5657852b740f20d640b862e6f7ad49474ba0a54a7bcfa5dae3cf79a7eb0c1aef,2023-12,Wiltshire Police,Wiltshire Police,-1.949931,51.131312,On or near Duck Street,E01032027,Wiltshire 054C,Vehicle crime,Investigation complete; no suspect identified,
fc953c60628e2f407ecf1051b04aae939b6a9ad11f088fca2e9e3bf645e5db39,2023-12,Wiltshire Police,Wiltshire Police,-1.876992,51.081568,On or near Shortlands,E01032038,Wiltshire 054D,Other theft,Investigation complete; no suspect identified,
6c5f2c87eab386b1d8ce5ce4089fc4e15753bfc2a47c1f4f36b57e0e00c68e15,2023-12,Wiltshire Police,Wiltshire Police,-1.863506,51.080078,On or near Parking Area,E01032038,Wiltshire 054D,Vehicle crime,Investigation complete; no suspect identified,
8f10ed9e445450da7a64f6bd8fc3c31e3cfd369153d47a495e950f390de29026,2023-12,Wiltshire Police,Wiltshire Police,-1.871610,51.071158,On or near Hare Warren Close,E01032038,Wiltshire 054D,Vehicle crime,Investigation complete; no suspect identified,
25f23774fa67c7f02a58eab442b61a3e5b13a906a92080c6fac51fa53c782da7,2023-12,Wiltshire Police,Wiltshire Police,-1.870458,51.085256,On or near Water Ditchampton,E01032039,Wiltshire 054E,Other theft,Unable to prosecute suspect,
60c958a0098e2725a56e796d1fffff904a3c68f528c64d636dc155d97d8f2e09,2023-12,Wiltshire Police,Wiltshire Police,-1.862104,51.080966,On or near Albany Terrace,E01032039,Wiltshire 054E,Public order,Unable to prosecute suspect,
4d0bd633e81455e9afdde2a0ede2f0940d28868590437ba521309e7f2b849c27,2023-12,Wiltshire Police,Wiltshire Police,-1.858606,51.085764,On or near Kingsway,E01032039,Wiltshire 054E,Vehicle crime,Investigation complete; no suspect identified,
6ae90d4f69882bbd3f397c668902d5474d1bb941ebc9b3d28ae7a288385c7a25,2023-12,Wiltshire Police,Wiltshire Police,-1.849625,51.086014,On or near Frampton Court,E01032039,Wiltshire 054E,Violence and sexual offences,Unable to prosecute suspect,
c81b3cc395d17771047f7738af3386aa4c005f4b29c7c24e03065aaedaefccab,2023-12,Wiltshire Police,Wiltshire Police,-1.855884,51.084043,On or near Fair View Road,E01032039,Wiltshire 054E,Violence and sexual offences,Unable to prosecute suspect,
8bf94d4c1566edc9ce30e0b79f77262d3c11595a75a449eec32c9ad1fcacda3c,2023-12,Wiltshire Police,Wiltshire Police,-1.873262,51.088191,On or near Philip Road,E01032040,Wiltshire 054F,Violence and sexual offences,Unable to prosecute suspect,
23c03eb57bf569b5f432f5958a93775c593e5e6634abef7bda7cf5a304aa13e1,2023-12,Wiltshire Police,Wiltshire Police,-1.873872,51.089819,On or near Elizabeth Road,E01032040,Wiltshire 054F,Violence and sexual offences,Unable to prosecute suspect,
,2023-12,Wiltshire Police,Wiltshire Police,-1.874911,51.074911,On or near Randall'S Croft Road,E01032040,Wiltshire 054F,Anti-social behaviour,,
5811308d62cc646a63e5f51fe225577450b7e7843b9fbe519f365e3b6400bfa6,2023-12,Wiltshire Police,Wiltshire Police,-1.862982,51.068783,On or near Home Farm Road,E01032040,Wiltshire 054F,Other theft,Unable to prosecute suspect,
3352b89e80aa300e1ceb3fa7b976a3fa62720cc2ba837231771572601dfb979e,2023-12,Wiltshire Police,Wiltshire Police,-1.846738,51.078223,On or near Nadder Lane,E01032040,Wiltshire 054F,Violence and sexual offences,Unable to prosecute suspect,
1c0315f11e19f82b68b5bfafe07559321b71cd3157e03415cc004ccb83e33080,2023-12,Wiltshire Police,Wiltshire Police,-1.846738,51.078223,On or near Nadder Lane,E01032040,Wiltshire 054F,Violence and sexual offences,Unable to prosecute suspect,
2d4dd92cb7321b48172a03444a2d1efa76e9f83c115f51e3e7f8dcf037b31ea3,2023-12,Wiltshire Police,Wiltshire Police,-1.831191,51.074820,On or near Lower Road,E01032001,Wiltshire 055A,Criminal damage and arson,Investigation complete; no suspect identified,
47356866c024f14399fc5dc50402271534fa3d3ed0689a48b293d38093408815,2023-12,Wiltshire Police,Wiltshire Police,-1.821868,51.075310,On or near Wilton Road,E01032001,Wiltshire 055A,Public order,Court result unavailable,
e1f15a6967156e1eedf11aeb9b7763110360b2bc2565fa24bb95860248c27c90,2023-12,Wiltshire Police,Wiltshire Police,-1.821868,51.075310,On or near Wilton Road,E01032001,Wiltshire 055A,Public order,Investigation complete; no suspect identified,
16d843b3048b5246c572a8ad6e98407db0a62907b78e1206c4a16b8ff6a47494,2023-12,Wiltshire Police,Wiltshire Police,-1.822945,51.077524,On or near Empire Road,E01032001,Wiltshire 055A,Vehicle crime,Investigation complete; no suspect identified,
599af9b42459225b3856aa6513199afa74c48b3863659f8ad55237e2b74d4934,2023-12,Wiltshire Police,Wiltshire Police,-1.821490,51.077198,On or near Centurion Close,E01032001,Wiltshire 055A,Violence and sexual offences,Court result unavailable,
7cbdf1da1d7b004195776018dfab40b8b2a36c0a9d686fc0775f5326bb6cf8a2,2023-12,Wiltshire Police,Wiltshire Police,-1.819715,51.074740,On or near Gramshaw Road,E01032001,Wiltshire 055A,Violence and sexual offences,Unable to prosecute suspect,
f4ce3b358a9be8a6e5b8ee01c08c9f1d2b1105b96de72f9e8776f1145e787b9c,2023-12,Wiltshire Police,Wiltshire Police,-1.821490,51.077198,On or near Centurion Close,E01032001,Wiltshire 055A,Violence and sexual offences,Unable to prosecute suspect,
031afdb02c1ff42e5c91f8b0a52c95f006497db4f9cc0bd3135e3f9408a7e032,2023-12,Wiltshire Police,Wiltshire Police,-1.812632,51.075476,On or near Highbury Avenue,E01032002,Wiltshire 055B,Violence and sexual offences,Unable to prosecute suspect,
9f17d64ed8f243ee8d206f6735f8433cc405afcefa77b5ad12b6e9576dc0e276,2023-12,Wiltshire Police,Wiltshire Police,-1.812540,51.073677,On or near Finchley Road,E01032002,Wiltshire 055B,Violence and sexual offences,Unable to prosecute suspect,
,2023-12,Wiltshire Police,Wiltshire Police,-1.812773,51.076078,On or near Highbury Close,E01032002,Wiltshire 055B,Anti-social behaviour,,
,2023-12,Wiltshire Police,Wiltshire Police,-1.815817,51.075121,On or near Montgomery Gardens,E01032002,Wiltshire 055B,Anti-social behaviour,,
7e5178c5005d0b76ba31809af5e647d93bc90125b2b635790012060cffd371c7,2023-12,Wiltshire Police,Wiltshire Police,-1.817034,51.074071,On or near Petrol Station,E01032002,Wiltshire 055B,Shoplifting,Unable to prosecute suspect,
028e2b626a89672e22826a427c1284f989171f9ccc4d615b3750522980dfdb3a,2023-12,Wiltshire Police,Wiltshire Police,-1.812540,51.073677,On or near Finchley Road,E01032002,Wiltshire 055B,Violence and sexual offences,Status update unavailable,
a7307e58854a7af3c1c70c250c8e85a16518597ce9bf3257f55c1d6793926abe,2023-12,Wiltshire Police,Wiltshire Police,-1.812632,51.075476,On or near Highbury Avenue,E01032002,Wiltshire 055B,Violence and sexual offences,Unable to prosecute suspect,
0238af0a8de260540cb8300ecd73f6f544f9db01dcaae800b71726e135d96f77,2023-12,Wiltshire Police,Wiltshire Police,-1.812540,51.073677,On or near Finchley Road,E01032002,Wiltshire 055B,Violence and sexual offences,Unable to prosecute suspect,
24759e01ea58d2b929166cf3a0379a59e3b6acbd9ad064dc6d2247aa8e1dba54,2023-12,Wiltshire Police,Wiltshire Police,-1.813054,51.073687,On or near West End Road,E01032002,Wiltshire 055B,Violence and sexual offences,Unable to prosecute suspect,
514a033d158af105bf03f51f5e762eba32c20ce39f2600bee813ad6cda536815,2023-12,Wiltshire Police,Wiltshire Police,-1.816512,51.069097,On or near Brunel Road,E01032003,Wiltshire 055C,Criminal damage and arson,Local resolution,
2c8aa5da330fdfb3dd2bfbe07c4a0696c6adc20b7fccf365b5d0c535f56671c9,2023-12,Wiltshire Police,Wiltshire Police,-1.810106,51.075489,On or near Russell Road,E01032003,Wiltshire 055C,Violence and sexual offences,Formal action is not in the public interest,
599ce65b029ed70175d450722cdeb78a650f6f122b6532f885d3fc72b804f7f1,2023-12,Wiltshire Police,Wiltshire Police,-1.806032,51.073415,On or near The Hardings,E01032003,Wiltshire 055C,Violence and sexual offences,Unable to prosecute suspect,
,2023-12,Wiltshire Police,Wiltshire Police,-1.809158,51.073393,On or near Shapland Close,E01032003,Wiltshire 055C,Anti-social behaviour,,
,2023-12,Wiltshire Police,Wiltshire Police,-1.806560,51.070088,On or near Parking Area,E01032003,Wiltshire 055C,Anti-social behaviour,,
19f812b58838e53a4e2ffdb36086361883f90cf0af825b9205f5ffae50336ea3,2023-12,Wiltshire Police,Wiltshire Police,-1.804875,51.070337,On or near South Western Road,E01032003,Wiltshire 055C,Criminal damage and arson,Investigation complete; no suspect identified,
7dc0a3f13c504e897126a3ec6ef82274c487b59931597e1bc5eaf0df7a56dba9,2023-12,Wiltshire Police,Wiltshire Police,-1.806032,51.073415,On or near The Hardings,E01032003,Wiltshire 055C,Criminal damage and arson,Status update unavailable,
85aee61ae45352364223163268c29174e131271d57a5a5ec85cd4d6d80ddc2e1,2023-12,Wiltshire Police,Wiltshire Police,-1.811061,51.070121,On or near Shopping Area,E01032003,Wiltshire 055C,Other theft,Unable to prosecute suspect,
98cbb30b00659a57386e6b49a8b638e083f146f0a3b2aca49348ac5dc6e3cc17,2023-12,Wiltshire Police,Wiltshire Police,-1.806560,51.070088,On or near Parking Area,E01032003,Wiltshire 055C,Public order,Status update unavailable,
64d6b7a129346f2c755852b8dff89e8abdf628d833e9c4a9518aad4a65fd21b6,2023-12,Wiltshire Police,Wiltshire Police,-1.809158,51.073393,On or near Shapland Close,E01032003,Wiltshire 055C,Public order,Unable to prosecute suspect,
02a11e534cf0f8b314ce06de51a0d30b225ed5bf790fc4ece388189c1d2c0b8f,2023-12,Wiltshire Police,Wiltshire Police,-1.809907,51.071649,On or near Hospital,E01032003,Wiltshire 055C,Public order,Unable to prosecute suspect,
f0618f709e54ff6efca6cd3b3b0dd68cf55c1e7ab11035a252f0f76fe565996c,2023-12,Wiltshire Police,Wiltshire Police,-1.804875,51.070337,On or near South Western Road,E01032003,Wiltshire 055C,Vehicle crime,Investigation complete; no suspect identified,
a9c3054f5da826a22a6af9cc098da639b56d69560e56bf0393f0eff95e04b356,2023-12,Wiltshire Police,Wiltshire Police,-1.810106,51.075489,On or near Russell Road,E01032003,Wiltshire 055C,Violence and sexual offences,Status update unavailable,
b6e713340e1096f6e7ec4afaf1ad95b67723e4088d964dfe4392cccd8fcb0591,2023-12,Wiltshire Police,Wiltshire Police,-1.809158,51.073393,On or near Shapland Close,E01032003,Wiltshire 055C,Violence and sexual offences,Unable to prosecute suspect,
5076f6217d909603547e96d17e0a5531b8dc503dc71ddddf686fba9f34649f15,2023-12,Wiltshire Police,Wiltshire Police,-1.809907,51.071649,On or near Hospital,E01032003,Wiltshire 055C,Violence and sexual offences,Unable to prosecute suspect,
336c96617c298020e378c91c3829310bb358bda5419bf38fadf2ef3c440ecf99,2023-12,Wiltshire Police,Wiltshire Police,-1.809158,51.073393,On or near Shapland Close,E01032003,Wiltshire 055C,Violence and sexual offences,Unable to prosecute suspect,
ccc22081733cbad882e421ba045ba7ef20d03f6a092f685b05931f2217fffc9f,2023-12,Wiltshire Police,Wiltshire Police,-1.810106,51.075489,On or near Russell Road,E01032003,Wiltshire 055C,Violence and sexual offences,Status update unavailable,
2781d4341b50445e2148b9e6f364a8376ddac240f9dcab47632216ffc61490b1,2023-12,Wiltshire Police,Wiltshire Police,-1.806032,51.073415,On or near The Hardings,E01032003,Wiltshire 055C,Violence and sexual offences,Unable to prosecute suspect,
ad6945f707caa39635e627651ba19d0064dfbb04c90a9992ce0478e6c2e871cf,2023-12,Wiltshire Police,Wiltshire Police,-1.809158,51.073393,On or near Shapland Close,E01032003,Wiltshire 055C,Violence and sexual offences,Local resolution,
6bc3e8c5f9262e23932c6135615cc87d24f829980f5c79088c03a166c98b6fc4,2023-12,Wiltshire Police,Wiltshire Police,-1.806069,51.071526,On or near Windsor Road,E01032003,Wiltshire 055C,Violence and sexual offences,Investigation complete; no suspect identified,
d209c7106c3288858248135b40908f1adf121417042f77875569e088304471f6,2023-12,Wiltshire Police,Wiltshire Police,-1.809158,51.073393,On or near Shapland Close,E01032003,Wiltshire 055C,Violence and sexual offences,Unable to prosecute suspect,
01943e3f8163af3889e1d2fb845b72dbfc38b9a4d7d185a059f4add0fb176a50,2023-12,Wiltshire Police,Wiltshire Police,-1.809158,51.073393,On or near Shapland Close,E01032003,Wiltshire 055C,Violence and sexual offences,Unable to prosecute suspect,
da3bd84fffa5e55c6caa514b4ad0cc41d0661150a3880089ad8f96ed9ac00f16,2023-12,Wiltshire Police,Wiltshire Police,-1.806560,51.070088,On or near Parking Area,E01032003,Wiltshire 055C,Violence and sexual offences,Status update unavailable,
7431c4498eb3034a409815c3752b106f0b1070407cede257f67fccf19da86c3e,2023-12,Wiltshire Police,Wiltshire Police,-1.806032,51.073415,On or near The Hardings,E01032003,Wiltshire 055C,Violence and sexual offences,Action to be taken by another organisation,
2bea1a95301d86e27593e54291fda07c6fa75696fb1ccdd314e7773188acc2ea,2023-12,Wiltshire Police,Wiltshire Police,-1.806032,51.073415,On or near The Hardings,E01032003,Wiltshire 055C,Violence and sexual offences,Action to be taken by another organisation,
44783738cc3c5a91dce2201cb8cf1771d00a321258e2642b0eb3d4ec5176eb8c,2023-12,Wiltshire Police,Wiltshire Police,-1.806413,51.074476,On or near Clifton Road,E01032024,Wiltshire 055D,Violence and sexual offences,Unable to prosecute suspect,
,2023-12,Wiltshire Police,Wiltshire Police,-1.800492,51.073972,On or near Churchill Way West,E01032024,Wiltshire 055D,Anti-social behaviour,,
,2023-12,Wiltshire Police,Wiltshire Police,-1.807104,51.076474,On or near Richmond Road,E01032024,Wiltshire 055D,Anti-social behaviour,,
,2023-12,Wiltshire Police,Wiltshire Police,-1.801383,51.075952,On or near Supermarket,E01032024,Wiltshire 055D,Anti-social behaviour,,
f50961840aee8efb98d0a4ed1ccdcdb98f6c98abe79acc49a887849c201ce426,2023-12,Wiltshire Police,Wiltshire Police,-1.802281,51.072824,On or near George Street (South),E01032024,Wiltshire 055D,Burglary,Investigation complete; no suspect identified,
e79a0a781b7afa8a72f1d8aecc77dd1cd4ea946bd97f16b8e618973afeecb791,2023-12,Wiltshire Police,Wiltshire Police,-1.800492,51.073972,On or near Churchill Way West,E01032024,Wiltshire 055D,Public order,Unable to prosecute suspect,
8a8d7afadc7a9bfd5a1582f92e2b8a1542d90ffd997564fb6cdd19f1dd6e3bce,2023-12,Wiltshire Police,Wiltshire Police,-1.804321,51.073061,On or near Sidney Street,E01032024,Wiltshire 055D,Public order,Unable to prosecute suspect,
642102ceb397147132e6c7813e25e2812701f808a467cf8f8b9ea129851084fe,2023-12,Wiltshire Police,Wiltshire Police,-1.804321,51.073061,On or near Sidney Street,E01032024,Wiltshire 055D,Shoplifting,Unable to prosecute suspect,
c7329b84f5e5ba77c22b7a2858e35f81bbd6f7bc55f0c8d4cea018e3e162bb4b,2023-12,Wiltshire Police,Wiltshire Police,-1.801383,51.075952,On or near Supermarket,E01032024,Wiltshire 055D,Shoplifting,Investigation complete; no suspect identified,
82ee8706102277d3c409ef976cdef6187e522b73b5329966f4d7687c7ec1df20,2023-12,Wiltshire Police,Wiltshire Police,-1.801351,51.073236,On or near A36,E01032024,Wiltshire 055D,Vehicle crime,Investigation complete; no suspect identified,
b4f11a9dfa0a84beafa631ae79e49c9c0e149b9e5e10c569805ffd9ff924c4db,2023-12,Wiltshire Police,Wiltshire Police,-1.800355,51.072587,On or near Spire View,E01032024,Wiltshire 055D,Violence and sexual offences,Unable to prosecute suspect,
301cd06dd06de462aef08347dd4c66b47ad5c341fec0967a943c9c9236bb86bd,2023-12,Wiltshire Police,Wiltshire Police,-1.806413,51.074476,On or near Clifton Road,E01032024,Wiltshire 055D,Violence and sexual offences,Unable to prosecute suspect,
ecc414f72abb46160a76310b0865120211b1ada28454954918dad4dc7eb806dd,2023-12,Wiltshire Police,Wiltshire Police,-1.802920,51.073661,On or near George Street,E01032024,Wiltshire 055D,Violence and sexual offences,Unable to prosecute suspect,
e7f458a0f17cf51c2de78d31c716513056a2c3591475fd08c969a914285edf29,2023-12,Wiltshire Police,Wiltshire Police,-1.793285,51.070524,On or near Rollestone Street,E01032014,Wiltshire 056A,Burglary,Local resolution,
a2d28d4655cc39870e2c223968218b650437c756f327cc20a7fbe4a348be8a4d,2023-12,Wiltshire Police,Wiltshire Police,-1.791676,51.069541,On or near Winchester Street,E01032014,Wiltshire 056A,Drugs,Court result unavailable,
bc66d7e3f874a388675d5d507822d18e2938d70b15d7fe6129639916029744f8,2023-12,Wiltshire Police,Wiltshire Police,-1.791676,51.069541,On or near Winchester Street,E01032014,Wiltshire 056A,Violence and sexual offences,Court result unavailable,
303618ec406deea7acde02131641855938374cc9a3a919b8fc5e15470f0e67dd,2023-12,Wiltshire Police,Wiltshire Police,-1.791676,51.069541,On or near Winchester Street,E01032014,Wiltshire 056A,Violence and sexual offences,Unable to prosecute suspect,
e3a3a23f06069f3956c1a0c499a329192f728164ceda0cca75f4f7138802c9f4,2023-12,Wiltshire Police,Wiltshire Police,-1.791093,51.072355,On or near Police Station,E01032014,Wiltshire 056A,Violence and sexual offences,Unable to prosecute suspect,
,2023-12,Wiltshire Police,Wiltshire Police,-1.800692,51.070483,On or near Summerlock Approach,E01032014,Wiltshire 056A,Anti-social behaviour,,
,2023-12,Wiltshire Police,Wiltshire Police,-1.796322,51.071150,On or near Scots Lane,E01032014,Wiltshire 056A,Anti-social behaviour,,
,2023-12,Wiltshire Police,Wiltshire Police,-1.795554,51.070447,On or near Chipper Lane,E01032014,Wiltshire 056A,Anti-social behaviour,,
,2023-12,Wiltshire Police,Wiltshire Police,-1.799534,51.070913,On or near Parking Area,E01032014,Wiltshire 056A,Anti-social behaviour,,
,2023-12,Wiltshire Police,Wiltshire Police,-1.795554,51.070447,On or near Chipper Lane,E01032014,Wiltshire 056A,Anti-social behaviour,,
,2023-12,Wiltshire Police,Wiltshire Police,-1.795554,51.070447,On or near Chipper Lane,E01032014,Wiltshire 056A,Anti-social behaviour,,
,2023-12,Wiltshire Police,Wiltshire Police,-1.796158,51.072732,On or near Castle Street,E01032014,Wiltshire 056A,Anti-social behaviour,,
,2023-12,Wiltshire Police,Wiltshire Police,-1.796685,51.072940,On or near Mill Stream Approach,E01032014,Wiltshire 056A,Anti-social behaviour,,
90ef7e32b5dbd12a5b441fb8ab1ae03924cc35f8263f2bdaeebdef17ddb633ca,2023-12,Wiltshire Police,Wiltshire Police,-1.786896,51.072446,On or near Manor Road,E01032014,Wiltshire 056A,Burglary,Investigation complete; no suspect identified,
6510da612fa076031f9cd4ce21054194195965337be533d697e292ea03f0f804,2023-12,Wiltshire Police,Wiltshire Police,-1.790858,51.070646,On or near Greencroft Street,E01032014,Wiltshire 056A,Burglary,Investigation complete; no suspect identified,
3bbb78672628520ba8de7af4db003bf22cb524b49f3d11800c3c0f95d72188a2,2023-12,Wiltshire Police,Wiltshire Police,-1.796685,51.072940,On or near Mill Stream Approach,E01032014,Wiltshire 056A,Criminal damage and arson,Unable to prosecute suspect,
a33850ef65eeb22527fcca161750d8a7d829d0b990f598fb8de9503100bba82c,2023-12,Wiltshire Police,Wiltshire Police,-1.796685,51.072940,On or near Mill Stream Approach,E01032014,Wiltshire 056A,Criminal damage and arson,Investigation complete; no suspect identified,
e1b39000357a225117a12e5d564532ff7c88ad9f6c942ccd233c4069ba252712,2023-12,Wiltshire Police,Wiltshire Police,-1.796685,51.072940,On or near Mill Stream Approach,E01032014,Wiltshire 056A,Criminal damage and arson,Unable to prosecute suspect,
68d13bbc4ee7870f97d4507008e4dcb980ef1f30ce2efe902a5f0e688d5641b5,2023-12,Wiltshire Police,Wiltshire Police,-1.796322,51.071150,On or near Scots Lane,E01032014,Wiltshire 056A,Drugs,Unable to prosecute suspect,
27ed551e4a5c48f6abb31958ff737d5e34b8fee7c8189cd77700282a9d441dc7,2023-12,Wiltshire Police,Wiltshire Police,-1.796322,51.071150,On or near Scots Lane,E01032014,Wiltshire 056A,Public order,Court result unavailable,
c68b236eb6bbd736eff38fd873764a587dfbee7307059e30764ac4123477f1f6,2023-12,Wiltshire Police,Wiltshire Police,-1.787283,51.072096,On or near Rougemont Close,E01032014,Wiltshire 056A,Public order,Unable to prosecute suspect,
970932541654206396c3c48c7177fe1b0d9a119f3e95ecdb2f15a4b03c14505a,2023-12,Wiltshire Police,Wiltshire Police,-1.795554,51.070447,On or near Chipper Lane,E01032014,Wiltshire 056A,Shoplifting,Unable to prosecute suspect,
4c666f572353c75ba520280625388e529c016a262e171eca58021f25b2c4d6e5,2023-12,Wiltshire Police,Wiltshire Police,-1.795554,51.070447,On or near Chipper Lane,E01032014,Wiltshire 056A,Shoplifting,Investigation complete; no suspect identified,
3e8958d8beed63c5d02c03c742874d2337a49b312e286227b9f556d3c658c976,2023-12,Wiltshire Police,Wiltshire Police,-1.795554,51.070447,On or near Chipper Lane,E01032014,Wiltshire 056A,Shoplifting,Investigation complete; no suspect identified,
19ecff9247211dd6fe15422b93a4a29e2def9bed067076e65b72d2c0bf2a640f,2023-12,Wiltshire Police,Wiltshire Police,-1.799024,51.070184,On or near Supermarket,E01032014,Wiltshire 056A,Shoplifting,Court result unavailable,
99b4f1d0bb4f5c6c9fc5dea59fd76159f603ace76afccf349d7639cfde2fc39c,2023-12,Wiltshire Police,Wiltshire Police,-1.799024,51.070184,On or near Supermarket,E01032014,Wiltshire 056A,Shoplifting,Local resolution,
5ad10a1ab251970b75e4d3a07bd9066de7c828281ea33e1c14ff36a684d1cafb,2023-12,Wiltshire Police,Wiltshire Police,-1.795554,51.070447,On or near Chipper Lane,E01032014,Wiltshire 056A,Shoplifting,Court result unavailable,
26d04b824cb3a076d4597bb41f05a42f165f41ce7e33d4f9958e12dd6bbd3ebf,2023-12,Wiltshire Police,Wiltshire Police,-1.796322,51.071150,On or near Scots Lane,E01032014,Wiltshire 056A,Shoplifting,Court result unavailable,
350a7cd889ff429b4d1005a9596ba6315f029bf75fed34912546f41fde20a091,2023-12,Wiltshire Police,Wiltshire Police,-1.791093,51.072355,On or near Police Station,E01032014,Wiltshire 056A,Vehicle crime,Investigation complete; no suspect identified,
2fbf9ecc369d12f82037f726b92885f899688f7fdab5c277201b6d96c7612ea9,2023-12,Wiltshire Police,Wiltshire Police,-1.796322,51.071150,On or near Scots Lane,E01032014,Wiltshire 056A,Violence and sexual offences,Unable to prosecute suspect,
4c803d6094dc95863e2d85201df0ff238602eb46a27995035d6dbb377cbd0dfe,2023-12,Wiltshire Police,Wiltshire Police,-1.796685,51.072940,On or near Mill Stream Approach,E01032014,Wiltshire 056A,Violence and sexual offences,Unable to prosecute suspect,
794f911c28128b2fafb0f2d15933bada3b9ee218540483166cde42c3800edc1c,2023-12,Wiltshire Police,Wiltshire Police,-1.787663,51.073347,On or near Estcourt Road,E01032014,Wiltshire 056A,Violence and sexual offences,Unable to prosecute suspect,
7081a7f40f1b84f5e6735ad3672077e78bf23f17386fad535853ab3f1b59d548,2023-12,Wiltshire Police,Wiltshire Police,-1.791676,51.069541,On or near Winchester Street,E01032014,Wiltshire 056A,Violence and sexual offences,Status update unavailable,
74f24f6fb118cd263bf09df9c369cb246a8c1df3609ca365adea9175fec10ebd,2023-12,Wiltshire Police,Wiltshire Police,-1.793285,51.070524,On or near Rollestone Street,E01032014,Wiltshire 056A,Violence and sexual offences,Unable to prosecute suspect,
2b069f0b410a8cbe5ed4de915dbb1ebfd1ba6b347cb2528885e245569f0aa5a3,2023-12,Wiltshire Police,Wiltshire Police,-1.796685,51.072940,On or near Mill Stream Approach,E01032014,Wiltshire 056A,Violence and sexual offences,Unable to prosecute suspect,
cbf945910139ff09bcda2ed198797416e29eb16fa788c1eeffc182b381632d85,2023-12,Wiltshire Police,Wiltshire Police,-1.791093,51.072355,On or near Police Station,E01032014,Wiltshire 056A,Violence and sexual offences,Court result unavailable,
5c3da87b58246ee4053bb6432844e29710dbd44623ff3f840843f5967084642a,2023-12,Wiltshire Police,Wiltshire Police,-1.800453,51.070280,On or near Theatre/Concert Hall,E01032014,Wiltshire 056A,Violence and sexual offences,Investigation complete; no suspect identified,
bb7ff84aa41af7a4e2407a52e7e62fd4f5142e58c18da7ee6d23e6fecc985612,2023-12,Wiltshire Police,Wiltshire Police,-1.800453,51.070280,On or near Theatre/Concert Hall,E01032014,Wiltshire 056A,Violence and sexual offences,Investigation complete; no suspect identified,
605c87b2868cd85106745f721b14e693ecb20d1bda3b43a024ecb7077a5df3d7,2023-12,Wiltshire Police,Wiltshire Police,-1.791676,51.069541,On or near Winchester Street,E01032014,Wiltshire 056A,Violence and sexual offences,Unable to prosecute suspect,
2abdb89a01c2a371733bf751b70c00d59d8eb7bfef56385c555ffc12a065592b,2023-12,Wiltshire Police,Wiltshire Police,-1.799354,51.069708,On or near Malthouse Lane,E01032014,Wiltshire 056A,Violence and sexual offences,Investigation complete; no suspect identified,
ccc8bb98b3a05a965f09ea7a684c890402d90a2e0e0fbc00ba74e03e610a641a,2023-12,Wiltshire Police,Wiltshire Police,-1.799024,51.070184,On or near Supermarket,E01032014,Wiltshire 056A,Violence and sexual offences,Investigation complete; no suspect identified,
da8eb0595fc81008d0290a325cfbd918d8b112280be58a9304521efaf0a2b055,2023-12,Wiltshire Police,Wiltshire Police,-1.795554,51.070447,On or near Chipper Lane,E01032014,Wiltshire 056A,Violence and sexual offences,Status update unavailable,
3cfeb4b44ec0fccbe34dc5280dcffec1bb3ba8a4741be3e6b0bca8a0ffd513bc,2023-12,Wiltshire Police,Wiltshire Police,-1.792395,51.071683,On or near Bedwin Street,E01032014,Wiltshire 056A,Violence and sexual offences,Unable to prosecute suspect,
d47cb888e18ec640f95414de84df89f6b2f3933188d5aa2acea8d656a7a9a5b9,2023-12,Wiltshire Police,Wiltshire Police,-1.786676,51.070566,On or near Elm Grove Road,E01032015,Wiltshire 056B,Burglary,Unable to prosecute suspect,
ab1e37c1892a3c2a884967240647c912ccdd17a3bd002548488d0221dba09303,2023-12,Wiltshire Police,Wiltshire Police,-1.784252,51.070049,On or near Laverstock Road,E01032015,Wiltshire 056B,Public order,Court result unavailable,
,2023-12,Wiltshire Police,Wiltshire Police,-1.786369,51.069145,On or near The Avenue,E01032015,Wiltshire 056B,Anti-social behaviour,,
4b268c058ca28a3718cfc435fa049b98fd8e13e4619d9eab73169246fab77a10,2023-12,Wiltshire Police,Wiltshire Police,-1.784640,51.072577,On or near Wain-A-Long Road,E01032015,Wiltshire 056B,Public order,Unable to prosecute suspect,
65bf0ddcf5e5941429afdb1b36e40c8c810ac9bfaf08d0821a47728be806bb34,2023-12,Wiltshire Police,Wiltshire Police,-1.786676,51.070566,On or near Elm Grove Road,E01032015,Wiltshire 056B,Vehicle crime,Investigation complete; no suspect identified,
,2023-12,Wiltshire Police,Wiltshire Police,-1.791657,51.073762,On or near Sports/Recreation Area,E01032016,Wiltshire 056C,Anti-social behaviour,,
,2023-12,Wiltshire Police,Wiltshire Police,-1.790635,51.075843,On or near Churchill Way North,E01032016,Wiltshire 056C,Anti-social behaviour,,
b21e0bf973b8390e59e900d9a0526a92fb0b488b00d1cb688d1e761b06395b04,2023-12,Wiltshire Police,Wiltshire Police,-1.790635,51.075843,On or near Churchill Way North,E01032016,Wiltshire 056C,Burglary,Unable to prosecute suspect,
4751798beff62f02c9007fe0aac8c649db520f1175c710c2e4bfcf25d4901c81,2023-12,Wiltshire Police,Wiltshire Police,-1.773155,51.062916,On or near Supermarket,E01032021,Wiltshire 056D,Shoplifting,Investigation complete; no suspect identified,
7a53679629af2e8cb5ade47cb12b07ca53f9d42d1b40a7bead082a6e4ba65530,2023-12,Wiltshire Police,Wiltshire Police,-1.773155,51.062916,On or near Supermarket,E01032021,Wiltshire 056D,Shoplifting,Suspect charged as part of another case,
,2023-12,Wiltshire Police,Wiltshire Police,-1.785201,51.065618,On or near Tollgate Road,E01032021,Wiltshire 056D,Anti-social behaviour,,
fa4cb2279eed01307cc8b725de2c048cc76b8b6d88c0d96020d50564e623c365,2023-12,Wiltshire Police,Wiltshire Police,-1.773155,51.062916,On or near Supermarket,E01032021,Wiltshire 056D,Other theft,Investigation complete; no suspect identified,
24565ed66a780c3e38307166ee6e100a4c1b120c30621d3a1866a76685064d8a,2023-12,Wiltshire Police,Wiltshire Police,-1.774912,51.062514,On or near Bourne Way,E01032021,Wiltshire 056D,Other theft,Investigation complete; no suspect identified,
53e4cbd2f5b9c3f1a0557e3362ffb0b268ce7db0fe2450df4baddc46feaac26b,2023-12,Wiltshire Police,Wiltshire Police,-1.774912,51.062514,On or near Bourne Way,E01032021,Wiltshire 056D,Other theft,Investigation complete; no suspect identified,
b4d2da557349e48f0724f319ab3c6c537336f4213fcedb627eb3fa073f5521f8,2023-12,Wiltshire Police,Wiltshire Police,-1.774912,51.062514,On or near Bourne Way,E01032021,Wiltshire 056D,Public order,Investigation complete; no suspect identified,
c864c1b63518e1205a9c0d0ae5acce30e28a4f693600c49200f884c7cfdcb38f,2023-12,Wiltshire Police,Wiltshire Police,-1.782422,51.064633,On or near Farley Road,E01032021,Wiltshire 056D,Shoplifting,Investigation complete; no suspect identified,
ed483e04a9ffa1f749a9a1867e63bc3c51f8a66e11bf35940978ad9afecddf25,2023-12,Wiltshire Police,Wiltshire Police,-1.780446,51.066050,On or near Bower Gardens,E01032021,Wiltshire 056D,Shoplifting,Investigation complete; no suspect identified,
2141e54cc5544aee0c2ee18e689092e1957e5fa40ff0fd1ecf3de41ae44fdddc,2023-12,Wiltshire Police,Wiltshire Police,-1.782422,51.064633,On or near Farley Road,E01032021,Wiltshire 056D,Shoplifting,Investigation complete; no suspect identified,
fe0f7e1177152b267bbbd198f2ca8006c935351e94ec03c55413664ebc3fb95f,2023-12,Wiltshire Police,Wiltshire Police,-1.775787,51.061671,On or near Petrol Station,E01032021,Wiltshire 056D,Vehicle crime,Investigation complete; no suspect identified,
d1e1aaa670f5cbb8e13ce072e975c3a4dfec94bea979ea560b8ae70144dc9d7a,2023-12,Wiltshire Police,Wiltshire Police,-1.773155,51.062916,On or near Supermarket,E01032021,Wiltshire 056D,Violence and sexual offences,Court result unavailable,
863df5d1f88524ea65803d0e2d92097a0d7cd91fa83f6a4e0f376035f2e2ccf2,2023-12,Wiltshire Police,Wiltshire Police,-1.789823,51.043946,On or near Hospital,E01032000,Wiltshire 057A,Violence and sexual offences,Court result unavailable,
2d5a9ceb68d09316b2e32796420e0d027bf74c8d89c34ef9dcba3a344156842e,2023-12,Wiltshire Police,Wiltshire Police,-1.819940,51.061028,On or near Wellworthy Drive,E01032000,Wiltshire 057A,Violence and sexual offences,Unable to prosecute suspect,
076897d6ded3e8967a3e1e2ff78919fae7a4ebda81fb548ca527c5e1cfd7e4d5,2023-12,Wiltshire Police,Wiltshire Police,-1.819940,51.061028,On or near Wellworthy Drive,E01032000,Wiltshire 057A,Violence and sexual offences,Unable to prosecute suspect,
ee7101e173e4ab9007d99563b6841f53756e99a3f5220a2a7d7089776de73a57,2023-12,Wiltshire Police,Wiltshire Police,-1.820285,51.060372,On or near Halfpenny Road,E01032000,Wiltshire 057A,Burglary,Investigation complete; no suspect identified,
603797499bea94c855626248b84fd3384220867f325d91d5cfc6ae0c12f2d02d,2023-12,Wiltshire Police,Wiltshire Police,-1.849515,51.036053,On or near Old Blandford Road,E01032000,Wiltshire 057A,Burglary,Investigation complete; no suspect identified,
c73989fc98912e647a491008e3b66b96d0ef901bfcf1e8d55818995e18e6adf1,2023-12,Wiltshire Police,Wiltshire Police,-1.842561,51.034425,On or near Shepherds Close,E01032000,Wiltshire 057A,Other theft,Investigation complete; no suspect identified,
23e78d0b7d67ac1cecb96cccdfc962febd3582031827f9be1ba4aafe52a1c966,2023-12,Wiltshire Police,Wiltshire Police,-1.849515,51.036053,On or near Old Blandford Road,E01032000,Wiltshire 057A,Other theft,Investigation complete; no suspect identified,
6d392a9b779f90bf52c971dfbb6218f5b39037dd804131713fdcb1e41ee3897e,2023-12,Wiltshire Police,Wiltshire Police,-1.820952,51.061245,On or near Harnham Trading Estate,E01032000,Wiltshire 057A,Other theft,Investigation complete; no suspect identified,
f9abb6ec797676643b000b1806306e639e0326b4fe49f0095c82713fc1044584,2023-12,Wiltshire Police,Wiltshire Police,-1.789823,51.043946,On or near Hospital,E01032000,Wiltshire 057A,Public order,Unable to prosecute suspect,
745d9e1064c0ebdd17c83ffd9e7b6340ed78de7855e35c8775b244f696ee717d,2023-12,Wiltshire Police,Wiltshire Police,-1.841715,51.065043,On or near Netherhampton Road,E01032000,Wiltshire 057A,Shoplifting,Investigation complete; no suspect identified,
a7e7d7d07b705c948e5489770edac9474997cb211c75a1b9d420ecddd97e376d,2023-12,Wiltshire Police,Wiltshire Police,-1.810895,51.053469,On or near Lywood Close,E01032000,Wiltshire 057A,Vehicle crime,Investigation complete; no suspect identified,
80e574a3878dad36450820b601830a13e7616c45759f437b603b840c13b06c02,2023-12,Wiltshire Police,Wiltshire Police,-1.792838,51.049068,On or near Odstock Road,E01032000,Wiltshire 057A,Violence and sexual offences,Status update unavailable,
8fa8f4a3c350d8ef0c9ff50730593ba690f1b53d6a97fc98044fe169ac4d405f,2023-12,Wiltshire Police,Wiltshire Police,-1.789823,51.043946,On or near Hospital,E01032000,Wiltshire 057A,Violence and sexual offences,Unable to prosecute suspect,
08bc0b0cb10bf3bc88bc49826aa4e2b8289086e72f42579ab3b51f3cbbd1a55d,2023-12,Wiltshire Police,Wiltshire Police,-1.789823,51.043946,On or near Hospital,E01032000,Wiltshire 057A,Violence and sexual offences,Unable to prosecute suspect,
50f3883d7d4b3c3df38ceaae5cf7715fce0ca2213cac450b803d05a1b2a59810,2023-12,Wiltshire Police,Wiltshire Police,-1.789823,51.043946,On or near Hospital,E01032000,Wiltshire 057A,Violence and sexual offences,Court result unavailable,
c55f56ce0dacbae2d3fe36d682091445f600894b9ad8c9b59e4f5760fb9db03c,2023-12,Wiltshire Police,Wiltshire Police,-1.789823,51.043946,On or near Hospital,E01032000,Wiltshire 057A,Violence and sexual offences,Court result unavailable,
d62c0ca46efb7e4029b442fe034b0c7fc69dc860ab3d8bc951935407df4e2fda,2023-12,Wiltshire Police,Wiltshire Police,-1.792838,51.049068,On or near Odstock Road,E01032000,Wiltshire 057A,Violence and sexual offences,Status update unavailable,
778a62e469310e792601287e74c2d944400eebeaa3042a8b6a4aa917bc445062,2023-12,Wiltshire Police,Wiltshire Police,-1.792838,51.049068,On or near Odstock Road,E01032000,Wiltshire 057A,Violence and sexual offences,Status update unavailable,
40e16eb281704b64d8a27cfe00448b5c63076bf4631aedba7373d367a77eb4b6,2023-12,Wiltshire Police,Wiltshire Police,-1.789823,51.043946,On or near Hospital,E01032000,Wiltshire 057A,Violence and sexual offences,Court result unavailable,
d28bf87a1b6aacaac1111dba5b4401b4ff137cd156c81aaf5b2d7f0c2fc6426e,2023-12,Wiltshire Police,Wiltshire Police,-1.792838,51.049068,On or near Odstock Road,E01032000,Wiltshire 057A,Violence and sexual offences,Investigation complete; no suspect identified,
3a9deb80aac8914837952241e64e87e541358b2cff853f3212957953fa1d1179,2023-12,Wiltshire Police,Wiltshire Police,-1.789823,51.043946,On or near Hospital,E01032000,Wiltshire 057A,Violence and sexual offences,Unable to prosecute suspect,
641438fffca9b5c0699ee29b5666798c1c960c73c8697f757d9e48f299034358,2023-12,Wiltshire Police,Wiltshire Police,-1.773054,51.080693,On or near Elm Close,E01032012,Wiltshire 057C,Violence and sexual offences,Unable to prosecute suspect,
9bac56fc76e58954f7f33ead7dd1569681f482de0fe32b61a24841ebd62507c5,2023-12,Wiltshire Police,Wiltshire Police,-1.771301,51.083036,On or near Bishops Mead,E01032012,Wiltshire 057C,Other crime,Unable to prosecute suspect,
,2023-12,Wiltshire Police,Wiltshire Police,-1.770475,51.082621,On or near Church Road,E01032012,Wiltshire 057C,Anti-social behaviour,,
dfbe7826a50984f948ce36f1c8af31580453e2a741eda171b30f630b73181d0f,2023-12,Wiltshire Police,Wiltshire Police,-1.780961,51.071986,On or near Cow Lane,E01032012,Wiltshire 057C,Burglary,Investigation complete; no suspect identified,
554b02f2c659f60e93b74f2b3931d9161209800e5f56b194711b6fa08157c45f,2023-12,Wiltshire Police,Wiltshire Police,-1.775172,51.067685,On or near Bourne Close,E01032012,Wiltshire 057C,Other theft,Investigation complete; no suspect identified,
caacedc0d387666bc287cd958048894cc599a1b87bfa3a60709b6ff0139f07b1,2023-12,Wiltshire Police,Wiltshire Police,-1.772314,51.077337,On or near Woodland Way,E01032012,Wiltshire 057C,Violence and sexual offences,Unable to prosecute suspect,
4bcf42228ad6857c9a9c72df09dbb354f0c0efc889a2df5eef0049f7d6ba3949,2023-12,Wiltshire Police,Wiltshire Police,-1.774150,51.072566,On or near Linden Close,E01032012,Wiltshire 057C,Violence and sexual offences,Unable to prosecute suspect,
4d091ff2c3d22da5b49869b03217bca3949ea5a2088e419ba390dcff3a9b3395,2023-12,Wiltshire Police,Wiltshire Police,-1.791990,51.107920,On or near Hawker Avenue,E01034547,Wiltshire 057D,Violence and sexual offences,Unable to prosecute suspect,
,2023-12,Wiltshire Police,Wiltshire Police,-1.791990,51.107920,On or near Hawker Avenue,E01034547,Wiltshire 057D,Anti-social behaviour,,
,2023-12,Wiltshire Police,Wiltshire Police,-1.792229,51.105628,On or near Davies Road,E01034547,Wiltshire 057D,Anti-social behaviour,,
,2023-12,Wiltshire Police,Wiltshire Police,-1.787715,51.105557,On or near Beauchamp Proctor Rise,E01034547,Wiltshire 057D,Anti-social behaviour,,
0c60c56a245c873bafe844d4a141aa2718aade160b6e8a45aedba507cbb61f7c,2023-12,Wiltshire Police,Wiltshire Police,-1.787109,51.104054,On or near Sports/Recreation Area,E01034547,Wiltshire 057D,Public order,Investigation complete; no suspect identified,
e00cbc3a9e65fcc2c441852639bb739f8c7f18e7bfe6d039ae56485b15e9bb9d,2023-12,Wiltshire Police,Wiltshire Police,-1.791990,51.107920,On or near Hawker Avenue,E01034547,Wiltshire 057D,Violence and sexual offences,Unable to prosecute suspect,
3c9c4df1a8fc551c25040abd8bcfdc6017f699c8a518420568749ebbc09075e0,2023-12,Wiltshire Police,Wiltshire Police,-1.789870,51.109211,On or near Trigg Crescent,E01034547,Wiltshire 057D,Violence and sexual offences,Investigation complete; no suspect identified,
3decfba410bf8934c598f18d3e91fd2ad8ef0ef12c178e1a853954599d805943,2023-12,Wiltshire Police,Wiltshire Police,-1.783976,51.104974,On or near Roger Way,E01034548,Wiltshire 057E,Criminal damage and arson,Unable to prosecute suspect,
c264cb9a5d9ecc0d35f73000a40442429e36ec04112cd8f6899616793077793b,2023-12,Wiltshire Police,Wiltshire Police,-1.782493,51.104486,On or near Sherbourne Drive,E01034548,Wiltshire 057E,Violence and sexual offences,Awaiting court outcome,
,2023-12,Wiltshire Police,Wiltshire Police,-1.778386,51.097159,On or near Manor Farm Road,E01034548,Wiltshire 057E,Anti-social behaviour,,
e220680f18b4d58e53e18e35c7ad5689c7c29edc022258b769368a628603a7a6,2023-12,Wiltshire Police,Wiltshire Police,-1.778383,51.103741,On or near Northside,E01034548,Wiltshire 057E,Other theft,Status update unavailable,
9df03d88a5d54e8c8695503f080722715fa6e59fc69a2481a000f72a01e0672b,2023-12,Wiltshire Police,Wiltshire Police,-1.783976,51.104974,On or near Roger Way,E01034548,Wiltshire 057E,Violence and sexual offences,Unable to prosecute suspect,
8336a94036d2bcb9e01f6c7358d1aaa658ee6ca3cdd130ad8682a2c54aeabd84,2023-12,Wiltshire Police,Wiltshire Police,-1.789153,51.100452,On or near Ramsbury Drive,E01034549,Wiltshire 057F,Criminal damage and arson,Court result unavailable,
e1601b23702323dd1d6a07310b1ed958a51c3a4f18e6d2c11a9cf628926021f3,2023-12,Wiltshire Police,Wiltshire Police,-1.789929,51.102494,On or near Castle Well Drive,E01034549,Wiltshire 057F,Public order,Local resolution,
c21ba6e91720bb680f812ba7e56b911a2bc0a90f31009aa7238b379e277bff2e,2023-12,Wiltshire Police,Wiltshire Police,-1.789153,51.100452,On or near Ramsbury Drive,E01034549,Wiltshire 057F,Public order,Court result unavailable,
c9c1cf266af74a7cd28887bfa17a1b0d1c56f6ee3d3624a6bb5b1480830e4423,2023-12,Wiltshire Police,Wiltshire Police,-1.789929,51.102494,On or near Castle Well Drive,E01034549,Wiltshire 057F,Violence and sexual offences,Local resolution,
,2023-12,Wiltshire Police,Wiltshire Police,-1.788868,51.100181,On or near Lafranc Close,E01034549,Wiltshire 057F,Anti-social behaviour,,
b5dd2e5eba2ba5035b6cb1cbed5abf4bc924e6d4a44eb8a41c49b94c6046db45,2023-12,Wiltshire Police,Wiltshire Police,-1.788801,51.102393,On or near Dinnis Way,E01034549,Wiltshire 057F,Criminal damage and arson,Investigation complete; no suspect identified,
f236421cdc635ad007065738e28581f532545aa227866872f82fd1a4eb03a324,2023-12,Wiltshire Police,Wiltshire Police,-1.788801,51.102393,On or near Dinnis Way,E01034549,Wiltshire 057F,Criminal damage and arson,Local resolution,
8369ef822e70d27b8b5256c362bb8947bcb2961d637228fbded47f62d711ea04,2023-12,Wiltshire Police,Wiltshire Police,-1.786493,51.101085,On or near Supermarket,E01034549,Wiltshire 057F,Possession of weapons,Status update unavailable,
cb5c24b77c16000b75c517fae32b99cb613017e176244f44844a0cf257d7aeea,2023-12,Wiltshire Police,Wiltshire Police,-1.790181,51.100364,On or near Mitre Way,E01034549,Wiltshire 057F,Violence and sexual offences,Unable to prosecute suspect,
b7ca2ee8ac7ac6a058635f3a71ec944d54134590c6581a835f6bd4b6db6f98f4,2023-12,Wiltshire Police,Wiltshire Police,-1.790181,51.100364,On or near Mitre Way,E01034549,Wiltshire 057F,Violence and sexual offences,Unable to prosecute suspect,
d317e170b5a1acb72db4ad4c6ebffc50264d20ffa435b9349040e44a6fda10d1,2023-12,Wiltshire Police,Wiltshire Police,-1.771124,51.075501,On or near Hill Road,E01034550,Wiltshire 057G,Violence and sexual offences,Unable to prosecute suspect,
bebed10ada50cd34d505ed98d4839ad4c387568c2c208da19a8d3173d672013c,2023-12,Wiltshire Police,Wiltshire Police,-1.759468,51.057709,On or near Clarendon Road,E01034550,Wiltshire 057G,Violence and sexual offences,Court result unavailable,
,2023-12,Wiltshire Police,Wiltshire Police,-1.815876,51.060140,On or near Essex Square,E01032008,Wiltshire 058A,Anti-social behaviour,,
30a6bafa762b6dafedc257322fd8fac903d2b8098a10a35f1c8a2925629b2f0e,2023-12,Wiltshire Police,Wiltshire Police,-1.813650,51.060191,On or near Suffolk Road,E01032008,Wiltshire 058A,Violence and sexual offences,Status update unavailable,
b3921cfcabc09c1fc91016b5e9b8493b8f2f1aeec8be3fce69821aaad059a410,2023-12,Wiltshire Police,Wiltshire Police,-1.814874,51.060966,On or near Norfolk Road,E01032008,Wiltshire 058A,Violence and sexual offences,Unable to prosecute suspect,
40be0306c9e47a4e7275fd402f44ed76d2f1ec8de5440213b6020ed533619fc3,2023-12,Wiltshire Police,Wiltshire Police,-1.814874,51.060966,On or near Norfolk Road,E01032008,Wiltshire 058A,Violence and sexual offences,Unable to prosecute suspect,
6db6487767f9dd500618972884d54867c9631a7b0d60af074b8f618976ba736d,2023-12,Wiltshire Police,Wiltshire Police,-1.817090,51.063433,On or near Upper Street,E01032009,Wiltshire 058B,Criminal damage and arson,Investigation complete; no suspect identified,
d70cd9d5bf6400621b3663a45e06e4c322c5fbe683636d02f225a548598309df,2023-12,Wiltshire Police,Wiltshire Police,-1.809056,51.063609,On or near Town Path,E01032009,Wiltshire 058B,Criminal damage and arson,Investigation complete; no suspect identified,
bfd7684598e6110b0130ab23f653d3f4f096a5ff0bf992a9d788e7ae7262d0fc,2023-12,Wiltshire Police,Wiltshire Police,-1.809056,51.063609,On or near Town Path,E01032009,Wiltshire 058B,Drugs,Local resolution,
e3827d04cea085616887af21323fb9dd8e54ea0611b9e93b78b0c0b1c81177d8,2023-12,Wiltshire Police,Wiltshire Police,-1.802308,51.059686,On or near Harnham Road,E01032009,Wiltshire 058B,Theft from the person,Unable to prosecute suspect,
2fb0dc6883f72f7390e773d338977efd4a13e80758651a10d8d7be0832006e2c,2023-12,Wiltshire Police,Wiltshire Police,-1.798516,51.068744,On or near Bridge Street,E01032022,Wiltshire 058C,Criminal damage and arson,Unable to prosecute suspect,
553ebf46cd80b62f80eae967a4587ada37f493b92060b527d64592a30d69a1c0,2023-12,Wiltshire Police,Wiltshire Police,-1.796302,51.069154,On or near Minster Street,E01032022,Wiltshire 058C,Other theft,Unable to prosecute suspect,
d7964ab00710a1aa76a96b4f6f264090f174363177fbec65fb56d606749661c3,2023-12,Wiltshire Police,Wiltshire Police,-1.794190,51.069150,On or near Queen Street,E01032022,Wiltshire 058C,Public order,Court result unavailable,
fe3ec893f8b7d30edef323b62a248967ff466c8e4c52bd352736ed6da6dc3041,2023-12,Wiltshire Police,Wiltshire Police,-1.795649,51.068397,On or near New Canal,E01032022,Wiltshire 058C,Shoplifting,Unable to prosecute suspect,
ad5c8599986933f393f9fc0dcb5302caef445eefb4baeb49c0e2e7bd59669894,2023-12,Wiltshire Police,Wiltshire Police,-1.789526,51.068566,On or near Rampart Road,E01032022,Wiltshire 058C,Violence and sexual offences,Court result unavailable,
c01feccb6a83b45ab929ab2cb5854828b13dfa999f4135bdcad09467448e71b2,2023-12,Wiltshire Police,Wiltshire Police,-1.794190,51.069150,On or near Queen Street,E01032022,Wiltshire 058C,Violence and sexual offences,Court result unavailable,
63c8c4ef64a635f03ef7676df5cd08fe6404b16722c059feb8be7beda99694cd,2023-12,Wiltshire Police,Wiltshire Police,-1.794190,51.069150,On or near Queen Street,E01032022,Wiltshire 058C,Violence and sexual offences,Unable to prosecute suspect,
8483563977abf5eaa5b3192748d77301e52203bf77997506d510bbdb3369e059,2023-12,Wiltshire Police,Wiltshire Police,-1.802897,51.068922,On or near Rectory Road,E01032022,Wiltshire 058C,Violence and sexual offences,Unable to prosecute suspect,
d550115b9fbc644d0c0a7ea4027ced4559345bc998bbe44074b03175de2613c3,2023-12,Wiltshire Police,Wiltshire Police,-1.790509,51.068928,On or near Guilder Lane,E01032022,Wiltshire 058C,Violence and sexual offences,Unable to prosecute suspect,
151d0623c080216def7792ed36d4e0633bb7d653442e6ff983ffc84a4b1369fb,2023-12,Wiltshire Police,Wiltshire Police,-1.794190,51.069150,On or near Queen Street,E01032022,Wiltshire 058C,Violence and sexual offences,Court result unavailable,
fc07cfd23a0ff870c51afa02b533b4b9c40b2e4d93707940a46370f864a6bdf4,2023-12,Wiltshire Police,Wiltshire Police,-1.789526,51.068566,On or near Rampart Road,E01032022,Wiltshire 058C,Violence and sexual offences,Court result unavailable,
,2023-12,Wiltshire Police,Wiltshire Police,-1.793616,51.066586,On or near St John'S Street,E01032022,Wiltshire 058C,Anti-social behaviour,,
,2023-12,Wiltshire Police,Wiltshire Police,-1.802897,51.068922,On or near Rectory Road,E01032022,Wiltshire 058C,Anti-social behaviour,,
,2023-12,Wiltshire Police,Wiltshire Police,-1.794190,51.069150,On or near Queen Street,E01032022,Wiltshire 058C,Anti-social behaviour,,
,2023-12,Wiltshire Police,Wiltshire Police,-1.794190,51.069150,On or near Queen Street,E01032022,Wiltshire 058C,Anti-social behaviour,,
,2023-12,Wiltshire Police,Wiltshire Police,-1.794099,51.063818,On or near Exeter Street,E01032022,Wiltshire 058C,Anti-social behaviour,,
,2023-12,Wiltshire Police,Wiltshire Police,-1.797245,51.068913,On or near St Thomas Square,E01032022,Wiltshire 058C,Anti-social behaviour,,
,2023-12,Wiltshire Police,Wiltshire Police,-1.795631,51.065960,On or near North Walk,E01032022,Wiltshire 058C,Anti-social behaviour,,
,2023-12,Wiltshire Police,Wiltshire Police,-1.795649,51.068397,On or near New Canal,E01032022,Wiltshire 058C,Anti-social behaviour,,
,2023-12,Wiltshire Police,Wiltshire Police,-1.798516,51.068744,On or near Bridge Street,E01032022,Wiltshire 058C,Anti-social behaviour,,
,2023-12,Wiltshire Police,Wiltshire Police,-1.790412,51.068271,On or near Culver Street,E01032022,Wiltshire 058C,Anti-social behaviour,,
,2023-12,Wiltshire Police,Wiltshire Police,-1.794190,51.069150,On or near Queen Street,E01032022,Wiltshire 058C,Anti-social behaviour,,
,2023-12,Wiltshire Police,Wiltshire Police,-1.798356,51.066136,On or near Choristers Square,E01032022,Wiltshire 058C,Anti-social behaviour,,
,2023-12,Wiltshire Police,Wiltshire Police,-1.797245,51.068913,On or near St Thomas Square,E01032022,Wiltshire 058C,Anti-social behaviour,,
,2023-12,Wiltshire Police,Wiltshire Police,-1.795649,51.068397,On or near New Canal,E01032022,Wiltshire 058C,Anti-social behaviour,,
,2023-12,Wiltshire Police,Wiltshire Police,-1.802723,51.069551,On or near West Street,E01032022,Wiltshire 058C,Anti-social behaviour,,
,2023-12,Wiltshire Police,Wiltshire Police,-1.796302,51.069154,On or near Minster Street,E01032022,Wiltshire 058C,Anti-social behaviour,,
,2023-12,Wiltshire Police,Wiltshire Police,-1.800760,51.067894,On or near Parking Area,E01032022,Wiltshire 058C,Anti-social behaviour,,
,2023-12,Wiltshire Police,Wiltshire Police,-1.794190,51.069150,On or near Queen Street,E01032022,Wiltshire 058C,Anti-social behaviour,,
,2023-12,Wiltshire Police,Wiltshire Police,-1.796302,51.069154,On or near Minster Street,E01032022,Wiltshire 058C,Anti-social behaviour,,
6c8953c9202afb8acb3694cf7ee0ec4b3a72d82e4c326112ce0c37a6bc85adb7,2023-12,Wiltshire Police,Wiltshire Police,-1.798516,51.068744,On or near Bridge Street,E01032022,Wiltshire 058C,Burglary,Investigation complete; no suspect identified,
7290aef8ff4440fe2b1da17501242350f9bb6e68eac3a51c249c5840dfb6e4ce,2023-12,Wiltshire Police,Wiltshire Police,-1.797580,51.067465,On or near High Street,E01032022,Wiltshire 058C,Criminal damage and arson,Unable to prosecute suspect,
ecccd40b02b3eb440da2c301facdde3efbd491195e53ef5fd4f53752ad811987,2023-12,Wiltshire Police,Wiltshire Police,-1.800402,51.068172,On or near Cranebridge Road,E01032022,Wiltshire 058C,Criminal damage and arson,Investigation complete; no suspect identified,
a790209518993626f22adb3ae3da5052ac58ab1208bcaa720ce62768cb896640,2023-12,Wiltshire Police,Wiltshire Police,-1.795383,51.067147,On or near New Street,E01032022,Wiltshire 058C,Criminal damage and arson,Investigation complete; no suspect identified,
5c139d0cf60ca951f96f64501b716841b692d26a68967160be078fd170a94f3d,2023-12,Wiltshire Police,Wiltshire Police,-1.797245,51.068913,On or near St Thomas Square,E01032022,Wiltshire 058C,Criminal damage and arson,Further investigation is not in the public interest,
46b831a809ee9619bb1d21f051c10806212180d0e25e6c99e6028b3e504b1841,2023-12,Wiltshire Police,Wiltshire Police,-1.790509,51.068928,On or near Guilder Lane,E01032022,Wiltshire 058C,Criminal damage and arson,Investigation complete; no suspect identified,
60684e4ccc98c6e89779344186da441116c0a6e33a2f884b79d2254b4f78043f,2023-12,Wiltshire Police,Wiltshire Police,-1.796302,51.069154,On or near Minster Street,E01032022,Wiltshire 058C,Criminal damage and arson,Investigation complete; no suspect identified,
7632eae6229bd77e0a0ec4e99406ba1bcf0f458623f6d811f35d7e666785cf62,2023-12,Wiltshire Police,Wiltshire Police,-1.797245,51.068913,On or near St Thomas Square,E01032022,Wiltshire 058C,Criminal damage and arson,Unable to prosecute suspect,
f0f4586650852323a0bdfa628bf88da3499fc06b47a900376c634b77316b53ee,2023-12,Wiltshire Police,Wiltshire Police,-1.793616,51.066586,On or near St John'S Street,E01032022,Wiltshire 058C,Other theft,Investigation complete; no suspect identified,
a9b6eac379019d59878fa77af6ffc6eff788787144532fe32c595001660cbce0,2023-12,Wiltshire Police,Wiltshire Police,-1.798356,51.066136,On or near Choristers Square,E01032022,Wiltshire 058C,Public order,Investigation complete; no suspect identified,
aec0fca0c4f6612a1395b461c642129df5b48207e91eba902dfebbe8b7049e5f,2023-12,Wiltshire Police,Wiltshire Police,-1.794190,51.069150,On or near Queen Street,E01032022,Wiltshire 058C,Public order,Local resolution,
60f3c3b88dd0024de44aa43ceb2837b3e76059f501682515d269d09ba2dc6cf8,2023-12,Wiltshire Police,Wiltshire Police,-1.794190,51.069150,On or near Queen Street,E01032022,Wiltshire 058C,Public order,Investigation complete; no suspect identified,
301a4f3a2571e42f41645969ab80c7d79818a285474fcd48aff6dc4f5b8f08f3,2023-12,Wiltshire Police,Wiltshire Police,-1.797245,51.068913,On or near St Thomas Square,E01032022,Wiltshire 058C,Public order,Unable to prosecute suspect,
ca29d4a8084470c4ff40ee2a93160e3e2b7f094340236a553851038a877ff3ef,2023-12,Wiltshire Police,Wiltshire Police,-1.794190,51.069150,On or near Queen Street,E01032022,Wiltshire 058C,Public order,Unable to prosecute suspect,
b78b9e52e6f080f9d5c5e5445a8828e4b3822d2eb4347c2303bec229393038a8,2023-12,Wiltshire Police,Wiltshire Police,-1.795252,51.067893,On or near Shopping Area,E01032022,Wiltshire 058C,Shoplifting,Court result unavailable,
ac226eb1d1022a0f79aa240966fec512a6e6ee10b8f88491c864028244bf07aa,2023-12,Wiltshire Police,Wiltshire Police,-1.797245,51.068913,On or near St Thomas Square,E01032022,Wiltshire 058C,Shoplifting,Local resolution,
5543ec3878f1e3ef878fff1ec8c4c5fd29fa2f9d82663314e1f699f5aad09379,2023-12,Wiltshire Police,Wiltshire Police,-1.795649,51.068397,On or near New Canal,E01032022,Wiltshire 058C,Shoplifting,Investigation complete; no suspect identified,
b4d5919eee154285b9f7803e9aeac7666243c6eaadaf08a35934038dd0ac874d,2023-12,Wiltshire Police,Wiltshire Police,-1.795252,51.067893,On or near Shopping Area,E01032022,Wiltshire 058C,Shoplifting,Investigation complete; no suspect identified,
a15d1d29023474d0c83dc2e9a8f16fceb73cc8941a58bb8de0818179350a2134,2023-12,Wiltshire Police,Wiltshire Police,-1.794190,51.069150,On or near Queen Street,E01032022,Wiltshire 058C,Shoplifting,Court result unavailable,
f1cb08d3ea2b7f93bafb69bf4b0a8403bc648f5d27757583172eca1d1c22cb8a,2023-12,Wiltshire Police,Wiltshire Police,-1.794190,51.069150,On or near Queen Street,E01032022,Wiltshire 058C,Shoplifting,Investigation complete; no suspect identified,
ac6b3da09c7dbe9a4fca462b8be6cc9bd4f0903de5b1f6595cf9eb520a2f695d,2023-12,Wiltshire Police,Wiltshire Police,-1.794190,51.069150,On or near Queen Street,E01032022,Wiltshire 058C,Shoplifting,Investigation complete; no suspect identified,
b9ef324998af477957008a0e73027d69baebdd7423829fc51f2e5b9d668b45ee,2023-12,Wiltshire Police,Wiltshire Police,-1.795649,51.068397,On or near New Canal,E01032022,Wiltshire 058C,Shoplifting,Investigation complete; no suspect identified,
6936cdb3b7da6b9133dfe241978843e03026f5883f2138dd4c07b870d2ad22ab,2023-12,Wiltshire Police,Wiltshire Police,-1.795649,51.068397,On or near New Canal,E01032022,Wiltshire 058C,Shoplifting,Investigation complete; no suspect identified,
b4bfdc20688b27e1b43e73ad539f86d000f8ff227f1793c8c088eae5c87039f0,2023-12,Wiltshire Police,Wiltshire Police,-1.795649,51.068397,On or near New Canal,E01032022,Wiltshire 058C,Shoplifting,Investigation complete; no suspect identified,
f5afbb7f5902cbfee731db83c2c8fa3f84c04b60c305e39568bf86ecfbb2e490,2023-12,Wiltshire Police,Wiltshire Police,-1.798516,51.068744,On or near Bridge Street,E01032022,Wiltshire 058C,Theft from the person,Investigation complete; no suspect identified,
7b30a42395144b1223ae6942d14dccd26f2dabfed9c4e2387484cddb1c6b6326,2023-12,Wiltshire Police,Wiltshire Police,-1.794190,51.069150,On or near Queen Street,E01032022,Wiltshire 058C,Theft from the person,Investigation complete; no suspect identified,
b9b246e4be72f02d4a98140d9197b7b4749bc3cee753195ee14c5dde268dd3ec,2023-12,Wiltshire Police,Wiltshire Police,-1.794190,51.069150,On or near Queen Street,E01032022,Wiltshire 058C,Violence and sexual offences,Unable to prosecute suspect,
49be9a5326b7b6042d805adbf3260040cf80b2e53a4901f4e7b40e17e5b6f3f7,2023-12,Wiltshire Police,Wiltshire Police,-1.795649,51.068397,On or near New Canal,E01032022,Wiltshire 058C,Violence and sexual offences,Status update unavailable,
e61a9418df2a5c34de5dd5d0db16fb2d3c4cf57edd4d034abea226885028e46a,2023-12,Wiltshire Police,Wiltshire Police,-1.797580,51.067465,On or near High Street,E01032022,Wiltshire 058C,Violence and sexual offences,Unable to prosecute suspect,
e523ac2bc0057953577ff9f3274cc48ab00089b0ed4a0947e761257872c67464,2023-12,Wiltshire Police,Wiltshire Police,-1.794190,51.069150,On or near Queen Street,E01032022,Wiltshire 058C,Violence and sexual offences,Unable to prosecute suspect,
14211660fda94fa8dfe72b06bda57c8adc8b7f4be898261e6aee4132a53a0252,2023-12,Wiltshire Police,Wiltshire Police,-1.795252,51.067893,On or near Shopping Area,E01032022,Wiltshire 058C,Violence and sexual offences,Investigation complete; no suspect identified,
ed3f731c6e591e936c8fbdb08b0217c1a8ef47d53cf0ac46417295d664bb2b61,2023-12,Wiltshire Police,Wiltshire Police,-1.790412,51.068271,On or near Culver Street,E01032022,Wiltshire 058C,Violence and sexual offences,Unable to prosecute suspect,
e7191b3338c038d06c36c22371b4fb74f3a3f7f6f3b9509a5e3075134e320886,2023-12,Wiltshire Police,Wiltshire Police,-1.790412,51.068271,On or near Culver Street,E01032022,Wiltshire 058C,Violence and sexual offences,Unable to prosecute suspect,
316e3ee1ee5859f216814ffd13a9a64e912c59ff53522aa8a3543354ca766e5b,2023-12,Wiltshire Police,Wiltshire Police,-1.798516,51.068744,On or near Bridge Street,E01032022,Wiltshire 058C,Violence and sexual offences,Unable to prosecute suspect,
916a09b573a0490edbe48170aa9ab3b4491ee8a1fc6a11e9c6453cd9196f8e6e,2023-12,Wiltshire Police,Wiltshire Police,-1.802723,51.069551,On or near West Street,E01032022,Wiltshire 058C,Violence and sexual offences,Unable to prosecute suspect,
3bd6fccaa3fa9d00415c92fbd9613b4c626b2f26653cc7890c5057965510b26f,2023-12,Wiltshire Police,Wiltshire Police,-1.794190,51.069150,On or near Queen Street,E01032022,Wiltshire 058C,Violence and sexual offences,Unable to prosecute suspect,
bfc5a022935fa158fa4e6118013d247cd08109aea47abb81dc1d5bdd5cff19aa,2023-12,Wiltshire Police,Wiltshire Police,-1.794190,51.069150,On or near Queen Street,E01032022,Wiltshire 058C,Violence and sexual offences,Unable to prosecute suspect,
eb5a12f1f70c2d6bd870f193d860ff9be08fbf67e398e1fd5d36305acbaa10ac,2023-12,Wiltshire Police,Wiltshire Police,-1.797580,51.067465,On or near High Street,E01032022,Wiltshire 058C,Violence and sexual offences,Offender given a caution,
7870455105bf0c8371f418b7b86c0ccc7950752153a23ff1a6cecc00583d171c,2023-12,Wiltshire Police,Wiltshire Police,-1.796302,51.069154,On or near Minster Street,E01032022,Wiltshire 058C,Violence and sexual offences,Investigation complete; no suspect identified,
d48c602290028509e2ca4706b73d78a5dd76192fbc804aa45a707cb6d7a33b2b,2023-12,Wiltshire Police,Wiltshire Police,-1.791313,51.067733,On or near Gigant Street,E01032022,Wiltshire 058C,Violence and sexual offences,Unable to prosecute suspect,
6a3a0a55584743c1de02f6ff0edeb5940abc3cdd23fcccc7c8f6c773fbfbe9fd,2023-12,Wiltshire Police,Wiltshire Police,-1.796302,51.069154,On or near Minster Street,E01032022,Wiltshire 058C,Violence and sexual offences,Unable to prosecute suspect,
4a7ff73095ca7d77c01fbcd1402eb0053ba4b5239ef06d9ff383bf51abf600a4,2023-12,Wiltshire Police,Wiltshire Police,-1.802723,51.069551,On or near West Street,E01032022,Wiltshire 058C,Violence and sexual offences,Status update unavailable,
bd4c48fa5eb5a106576c0cb9f10aaf358a11966a45591af642c5c70a14b1344f,2023-12,Wiltshire Police,Wiltshire Police,-1.794190,51.069150,On or near Queen Street,E01032022,Wiltshire 058C,Violence and sexual offences,Status update unavailable,
38ba6e722787f70df928bc3f2adeae06c6b6e9edb5e83b5b3816c6fca565860a,2023-12,Wiltshire Police,Wiltshire Police,-1.794190,51.069150,On or near Queen Street,E01032022,Wiltshire 058C,Violence and sexual offences,Offender given a caution,
c2511a43180848a164c89f1bd4a6d0660115a3196823ad6f14bddb2778982c7a,2023-12,Wiltshire Police,Wiltshire Police,-1.790412,51.068271,On or near Culver Street,E01032022,Wiltshire 058C,Violence and sexual offences,Unable to prosecute suspect,
58d56c9c9495487a1ea26628d8faee430c4ac9cd30134fc1a10aab36bb93871e,2023-12,Wiltshire Police,Wiltshire Police,-1.792533,51.056693,On or near Petrol Station,E01032005,Wiltshire 059A,Shoplifting,Court result unavailable,
1c9ccecd84c66f424a1d7907888e2ed8eba98ec8a4ec5ff1399167c84d928407,2023-12,Wiltshire Police,Wiltshire Police,-1.792533,51.056693,On or near Petrol Station,E01032005,Wiltshire 059A,Shoplifting,Court result unavailable,
bbc71db878876fbc0a4bfd6040c412284f59f1253baeefaf3cff5757fb9e927c,2023-12,Wiltshire Police,Wiltshire Police,-1.792533,51.056693,On or near Petrol Station,E01032005,Wiltshire 059A,Violence and sexual offences,Unable to prosecute suspect,
,2023-12,Wiltshire Police,Wiltshire Police,-1.794434,51.056031,On or near Woodbury Gardens,E01032005,Wiltshire 059A,Anti-social behaviour,,
e2a81dec509bdef44516c40559eae1f3d7af52c8cf22b9cc1baa2b2da3757502,2023-12,Wiltshire Police,Wiltshire Police,-1.790676,51.057094,On or near Burford Lane,E01032005,Wiltshire 059A,Bicycle theft,Investigation complete; no suspect identified,
8c5886f4a074df130a4be759b9d1204357e8e99dceb80572e1469567f261e4a5,2023-12,Wiltshire Police,Wiltshire Police,-1.793497,51.058169,On or near St Clair Road,E01032005,Wiltshire 059A,Criminal damage and arson,Unable to prosecute suspect,
68577d73b432621b115de12b0fe8946f46d65c9b3c68de5445ea69b66d49899e,2023-12,Wiltshire Police,Wiltshire Police,-1.792533,51.056693,On or near Petrol Station,E01032005,Wiltshire 059A,Other theft,Status update unavailable,
eb6a32aeb605b0cad5487307ad170eea994bdeef30df4ac6570186abd5c1ce45,2023-12,Wiltshire Police,Wiltshire Police,-1.792533,51.056693,On or near Petrol Station,E01032005,Wiltshire 059A,Shoplifting,Unable to prosecute suspect,
029988e8c0283d6ef218db31561cbb52d15797ac41993b279eb6846f2cbda256,2023-12,Wiltshire Police,Wiltshire Police,-1.792533,51.056693,On or near Petrol Station,E01032005,Wiltshire 059A,Shoplifting,Investigation complete; no suspect identified,
5d382820b17467ab81bf678900349868b6fb9b515e94eceb5f5cfa1d70353ee9,2023-12,Wiltshire Police,Wiltshire Police,-1.792533,51.056693,On or near Petrol Station,E01032005,Wiltshire 059A,Shoplifting,Investigation complete; no suspect identified,
2d717eaa8253830191daf12761f137d7a0cd731ec3291439f84acb049f05b7cd,2023-12,Wiltshire Police,Wiltshire Police,-1.792533,51.056693,On or near Petrol Station,E01032005,Wiltshire 059A,Shoplifting,Investigation complete; no suspect identified,
b62a373d7ac49365605fd60186ce30c519ea2d2d23d7a9536a4b31de7e5fb306,2023-12,Wiltshire Police,Wiltshire Police,-1.792533,51.056693,On or near Petrol Station,E01032005,Wiltshire 059A,Shoplifting,Investigation complete; no suspect identified,
dba64d61b04444e3a0132d291cd0ee07197496a49e7c7363683f9c9d474d79de,2023-12,Wiltshire Police,Wiltshire Police,-1.792533,51.056693,On or near Petrol Station,E01032005,Wiltshire 059A,Shoplifting,Investigation complete; no suspect identified,
5e2296a4e6ef6bae716ea66841abb0d1428a297bf5b8132797aa673611526330,2023-12,Wiltshire Police,Wiltshire Police,-1.792533,51.056693,On or near Petrol Station,E01032005,Wiltshire 059A,Shoplifting,Investigation complete; no suspect identified,
ac43d0368a2e568bef3748792e1cc50f9c7e27a4e17095743c7e21f1b7ecd410,2023-12,Wiltshire Police,Wiltshire Police,-1.790426,51.055538,On or near Rowbarrow Close,E01032005,Wiltshire 059A,Violence and sexual offences,Unable to prosecute suspect,
79f92ba50c4af802592343ae016cb9c39e0b755074f6be207c46b0765088b6dd,2023-12,Wiltshire Police,Wiltshire Police,-1.790426,51.055538,On or near Rowbarrow Close,E01032005,Wiltshire 059A,Violence and sexual offences,Status update unavailable,
0a78085eb86e775fefbf1a83d73ec8eaa6bfdbb09704297bdd6004bd97575909,2023-12,Wiltshire Police,Wiltshire Police,-1.790426,51.055538,On or near Rowbarrow Close,E01032005,Wiltshire 059A,Violence and sexual offences,Status update unavailable,
7696552c5c59342457072e065be084b0194249d5e4fdbf107ee84918257b6795,2023-12,Wiltshire Police,Wiltshire Police,-1.792533,51.056693,On or near Petrol Station,E01032005,Wiltshire 059A,Other crime,Unable to prosecute suspect,
f55e503fbaabcff5b30299f3fe30bd1bd9555b1cbbf05d874ea29f992a8fc682,2023-12,Wiltshire Police,Wiltshire Police,-1.796174,51.059424,On or near Ayleswade Road,E01032006,Wiltshire 059B,Other theft,Investigation complete; no suspect identified,
17324938d1c3a52cf640fc333e697130510f44dff9f8f897dfd5a02356c0ae52,2023-12,Wiltshire Police,Wiltshire Police,-1.797481,51.057475,On or near Radcliffe Road,E01032006,Wiltshire 059B,Other theft,Investigation complete; no suspect identified,
9186ecbc8894a096c8911f233e1f56b3dafa4c751b48b0a00a13ae8d6a49f45f,2023-12,Wiltshire Police,Wiltshire Police,-1.799027,51.056336,On or near Bouverie Avenue,E01032006,Wiltshire 059B,Other theft,Investigation complete; no suspect identified,
9b7d42c788ae63032be01a9d1489f903fa1541a82b57c2e5c224a527840f4d2c,2023-12,Wiltshire Police,Wiltshire Police,-1.801099,51.055431,On or near Francis Way,E01032006,Wiltshire 059B,Possession of weapons,Unable to prosecute suspect,
,2023-12,Wiltshire Police,Wiltshire Police,-1.787832,51.054940,On or near Downton Road,E01032007,Wiltshire 059C,Anti-social behaviour,,
68d5000bf4e0352a02797218a1febeed76270475ac104a7a172da6378a79c6dc,2023-12,Wiltshire Police,Wiltshire Police,-1.787832,51.054940,On or near Downton Road,E01032007,Wiltshire 059C,Shoplifting,Investigation complete; no suspect identified,
a8365fd444256d0a8cf24b9f4c77a42c74a1ee1b6fbadf63d2ad5d46ff0831b5,2023-12,Wiltshire Police,Wiltshire Police,-1.787832,51.054940,On or near Downton Road,E01032007,Wiltshire 059C,Shoplifting,Investigation complete; no suspect identified,
31e0bda306ffa545c4b975d569bd8ddb432299f75c8f842dca027a970c49ee3a,2023-12,Wiltshire Police,Wiltshire Police,-1.796692,51.055073,On or near Hawksridge,E01032007,Wiltshire 059C,Violence and sexual offences,Investigation complete; no suspect identified,
8552be2c490d16fd4c7e46fddfe9bc4a76507d28a87fdddec866d847efcdd041,2023-12,Wiltshire Police,Wiltshire Police,-1.787832,51.054940,On or near Downton Road,E01032007,Wiltshire 059C,Violence and sexual offences,Investigation complete; no suspect identified,
5fc19be41759f2b5b88ac20a9bf1016431bebaffcb7d36e6a857686a52736d08,2023-12,Wiltshire Police,Wiltshire Police,-1.793046,51.063141,On or near Carmelite Way,E01032023,Wiltshire 059D,Violence and sexual offences,Investigation complete; no suspect identified,
e8f9d0f12ec588f14f5dffb837b3f2161a451101d29a5f5234709c24b1792381,2023-12,Wiltshire Police,Wiltshire Police,-1.790333,51.066724,On or near Barnard Street,E01032023,Wiltshire 059D,Violence and sexual offences,Unable to prosecute suspect,
,2023-12,Wiltshire Police,Wiltshire Police,-1.792038,51.068499,On or near Nightclub,E01032023,Wiltshire 059D,Anti-social behaviour,,
,2023-12,Wiltshire Police,Wiltshire Police,-1.790333,51.066724,On or near Barnard Street,E01032023,Wiltshire 059D,Anti-social behaviour,,
,2023-12,Wiltshire Police,Wiltshire Police,-1.790118,51.066886,On or near Culver Street,E01032023,Wiltshire 059D,Anti-social behaviour,,
,2023-12,Wiltshire Police,Wiltshire Police,-1.790205,51.063523,On or near Churchill Way South,E01032023,Wiltshire 059D,Anti-social behaviour,,
,2023-12,Wiltshire Police,Wiltshire Police,-1.793046,51.063141,On or near Carmelite Way,E01032023,Wiltshire 059D,Anti-social behaviour,,
,2023-12,Wiltshire Police,Wiltshire Police,-1.793046,51.063141,On or near Carmelite Way,E01032023,Wiltshire 059D,Anti-social behaviour,,
,2023-12,Wiltshire Police,Wiltshire Police,-1.793411,51.067791,On or near Parking Area,E01032023,Wiltshire 059D,Anti-social behaviour,,
,2023-12,Wiltshire Police,Wiltshire Police,-1.788181,51.066154,On or near St Martin'S Church Street,E01032023,Wiltshire 059D,Anti-social behaviour,,
0ec44f4269995524703e450f5d5d409995d2d319e1cd3f4c03e3de5037d309fb,2023-12,Wiltshire Police,Wiltshire Police,-1.793411,51.067791,On or near Parking Area,E01032023,Wiltshire 059D,Burglary,Investigation complete; no suspect identified,
7087efe10728e251eb086cd98ffbedd9d13d9e9fa98835d63e2757bf2167f613,2023-12,Wiltshire Police,Wiltshire Police,-1.793046,51.063141,On or near Carmelite Way,E01032023,Wiltshire 059D,Criminal damage and arson,Investigation complete; no suspect identified,
5838efe55a3954097d571280714f374af4adc6331f6220567b57234a1c68cbd5,2023-12,Wiltshire Police,Wiltshire Police,-1.792038,51.068499,On or near Nightclub,E01032023,Wiltshire 059D,Criminal damage and arson,Local resolution,
97d4e7e4b08ea2acc9157992f302f21667a394fd346eee06ffb29e560434339a,2023-12,Wiltshire Police,Wiltshire Police,-1.789406,51.066696,On or near Payne'S Hill,E01032023,Wiltshire 059D,Drugs,Local resolution,
2b13dae4e3b1ae6720e1f6c93e9d35d2b4873946f17456191a762755ed4ae086,2023-12,Wiltshire Police,Wiltshire Police,-1.792038,51.068499,On or near Nightclub,E01032023,Wiltshire 059D,Other theft,Investigation complete; no suspect identified,
5186b28b5fbd27eef0107621d8e68806625ce35ce90c8b8dc61ccf20e92c3d57,2023-12,Wiltshire Police,Wiltshire Police,-1.790205,51.063523,On or near Churchill Way South,E01032023,Wiltshire 059D,Other theft,Investigation complete; no suspect identified,
9551b85e54f7351d3720fe5abef2e3f5b99bf1d6c8c4283c2756091453ad51a8,2023-12,Wiltshire Police,Wiltshire Police,-1.790333,51.066724,On or near Barnard Street,E01032023,Wiltshire 059D,Public order,Status update unavailable,
f91ef1598b8e96efff2f4b3abda71cfa461542171cd4ba40e5fd71617db90b4d,2023-12,Wiltshire Police,Wiltshire Police,-1.787546,51.064561,On or near Further/Higher Educational Building,E01032023,Wiltshire 059D,Public order,Investigation complete; no suspect identified,
5081d902f40a0bfc956b62dee0213ea620016b10421cb0b007951cdc15e35bef,2023-12,Wiltshire Police,Wiltshire Police,-1.796408,51.061214,On or near St Nicholas' Road,E01032023,Wiltshire 059D,Public order,Status update unavailable,
d9f70b20f26b62c365cac6772a2216672233f5c90b05afa729c1041c9f328886,2023-12,Wiltshire Police,Wiltshire Police,-1.790205,51.063523,On or near Churchill Way South,E01032023,Wiltshire 059D,Public order,Court result unavailable,
b18961af9dbb6bd7c7b92dc90a61501ec5e685893c19944a6f4ca9d8297cc437,2023-12,Wiltshire Police,Wiltshire Police,-1.791302,51.066987,On or near Waverley Place,E01032023,Wiltshire 059D,Vehicle crime,Investigation complete; no suspect identified,
e13712b7f7dca452ae1d12206912ef05ff65b7e425d1ebba959052449f1fcab9,2023-12,Wiltshire Police,Wiltshire Police,-1.790205,51.063523,On or near Churchill Way South,E01032023,Wiltshire 059D,Violence and sexual offences,Unable to prosecute suspect,
de5bd6a92cedcb753b0fab82c0c895db891d4187ab93395f9308f17cee34138f,2023-12,Wiltshire Police,Wiltshire Police,-1.792038,51.068499,On or near Nightclub,E01032023,Wiltshire 059D,Violence and sexual offences,Local resolution,
23f3204d250accde5bcdd216707a3734cb8ae55ea534d989c6807172f0ef992c,2023-12,Wiltshire Police,Wiltshire Police,-1.790118,51.066886,On or near Culver Street,E01032023,Wiltshire 059D,Violence and sexual offences,Status update unavailable,
fd6033e94a14d2d0f24aff04e9e6a97e08097fc9ebab8e7d322db81daa46e28f,2023-12,Wiltshire Police,Wiltshire Police,-1.790333,51.066724,On or near Barnard Street,E01032023,Wiltshire 059D,Violence and sexual offences,Unable to prosecute suspect,
00da56764865609f2efc4db0ad300f7191ed2c294ed3bc76f827fd68e73666a5,2023-12,Wiltshire Police,Wiltshire Police,-1.792038,51.068499,On or near Nightclub,E01032023,Wiltshire 059D,Violence and sexual offences,Unable to prosecute suspect,
fe67c6b6a5fa85d5c4024ef624a7bd5198167f4094a43baf54386262258378c6,2023-12,Wiltshire Police,Wiltshire Police,-1.787546,51.064561,On or near Further/Higher Educational Building,E01032023,Wiltshire 059D,Violence and sexual offences,Unable to prosecute suspect,
d31189f6c2d8205c4b8d15745a975ca5d1a6431532bcaeae012f772804df15d9,2023-12,Wiltshire Police,Wiltshire Police,-1.793046,51.063141,On or near Carmelite Way,E01032023,Wiltshire 059D,Violence and sexual offences,Investigation complete; no suspect identified,
5812b46893c0853eda7509c4d72c4918619b9f96b77574ae5700434dab178ba5,2023-12,Wiltshire Police,Wiltshire Police,-1.793411,51.067791,On or near Parking Area,E01032023,Wiltshire 059D,Violence and sexual offences,Local resolution,
efcca26589734fa20e6a572a103b210297032caeec95680f36a9d8e6eee1755e,2023-12,Wiltshire Police,Wiltshire Police,-1.790205,51.063523,On or near Churchill Way South,E01032023,Wiltshire 059D,Violence and sexual offences,Unable to prosecute suspect,
,2023-12,Wiltshire Police,Wiltshire Police,-1.732207,51.041778,On or near Oak Drive,E01031970,Wiltshire 060A,Anti-social behaviour,,
,2023-12,Wiltshire Police,Wiltshire Police,-1.723590,51.039753,On or near Twineham Gardens,E01031970,Wiltshire 060A,Anti-social behaviour,,
,2023-12,Wiltshire Police,Wiltshire Police,-1.723590,51.039753,On or near Twineham Gardens,E01031970,Wiltshire 060A,Anti-social behaviour,,
,2023-12,Wiltshire Police,Wiltshire Police,-1.723371,51.035742,On or near Castle Lane,E01031970,Wiltshire 060A,Anti-social behaviour,,
,2023-12,Wiltshire Police,Wiltshire Police,-1.723590,51.039753,On or near Twineham Gardens,E01031970,Wiltshire 060A,Anti-social behaviour,,
62687f2405e4ce0800fbbe3ee8593f86c597b4af973e9c4aa651da3eac81f46c,2023-12,Wiltshire Police,Wiltshire Police,-1.721498,51.034227,On or near Tozer Way,E01031970,Wiltshire 060A,Theft from the person,Investigation complete; no suspect identified,
b214e46a6f6a7e55a884d0bc2a0dc64eebcf73f6d76c229779d0f6e5c2baa619,2023-12,Wiltshire Police,Wiltshire Police,-1.726023,51.040766,On or near Firs Road,E01031970,Wiltshire 060A,Vehicle crime,Investigation complete; no suspect identified,
5672f353f8a544b0d1949949c308f52dc3f7f4e70cc2646aec1b5459590f3678,2023-12,Wiltshire Police,Wiltshire Police,-1.740657,51.045925,On or near The Green,E01031970,Wiltshire 060A,Vehicle crime,Investigation complete; no suspect identified,
c9b3c3885d2830a83dec26624814596887d126081000a781ede364b4d6f91c60,2023-12,Wiltshire Police,Wiltshire Police,-1.723590,51.039753,On or near Twineham Gardens,E01031970,Wiltshire 060A,Violence and sexual offences,Status update unavailable,
19db6978514f8bba1f4ef2fb08e89e1ba262bd3f6f81be7c973f7083b0891a55,2023-12,Wiltshire Police,Wiltshire Police,-1.736843,51.044271,On or near Old Chapel Close,E01031970,Wiltshire 060A,Violence and sexual offences,Status update unavailable,
5454227f666e127e30a4f608ed236148b3f7c858515c3982c86583588b2461d7,2023-12,Wiltshire Police,Wiltshire Police,-1.723590,51.039753,On or near Twineham Gardens,E01031970,Wiltshire 060A,Violence and sexual offences,Action to be taken by another organisation,
e4913a97c62d54050d152941ee88718d2539f26744a38a79b1fdb598f6dc53da,2023-12,Wiltshire Police,Wiltshire Police,-1.723590,51.039753,On or near Twineham Gardens,E01031970,Wiltshire 060A,Violence and sexual offences,Status update unavailable,
,2023-12,Wiltshire Police,Wiltshire Police,-1.678657,51.044485,On or near Dean Road,E01031971,Wiltshire 060B,Anti-social behaviour,,
1bf7db3eb5881c523ff161121c2dc53db4b4791730699d3f2c5fbee4072ef776,2023-12,Wiltshire Police,Wiltshire Police,-1.719594,51.037702,On or near Collingwood Close,E01031971,Wiltshire 060B,Violence and sexual offences,Unable to prosecute suspect,
921ebbe7b17736277281d145694b88eb1e38a179fabd154c8f8f53d86639a6c0,2023-12,Wiltshire Police,Wiltshire Police,-1.719963,51.039283,On or near Park/Open Space,E01031971,Wiltshire 060B,Violence and sexual offences,Unable to prosecute suspect,
4b210cb4ef476370313e673e432907fead20a10140b63845c21dd3659be6d83a,2023-12,Wiltshire Police,Wiltshire Police,-1.648462,50.995708,On or near Park/Open Space,E01031972,Wiltshire 060C,Burglary,Investigation complete; no suspect identified,
660df16288d22bbe3cdda7ae89a369c0cf51883eb4fa335d1de003a0ead892d5,2023-12,Wiltshire Police,Wiltshire Police,-1.673139,51.011711,On or near Parking Area,E01031972,Wiltshire 060C,Public order,Unable to prosecute suspect,
6656f38f6173cef04093ac1232bb16f9ac42dde02cda34655aebebeaf37b9880,2023-12,Wiltshire Police,Wiltshire Police,-1.652976,51.094912,On or near Stone Close,E01032041,Wiltshire 060D,Other crime,Investigation complete; no suspect identified,
0f52bb9b9e92faa2d56096e6a666bec841bb48bcf05d8c3d84da77378d5a1a9e,2023-12,Wiltshire Police,Wiltshire Police,-1.647903,51.095382,On or near Red Lane,E01032041,Wiltshire 060D,Other theft,Investigation complete; no suspect identified,
,2023-12,Wiltshire Police,Wiltshire Police,-1.681480,51.061434,On or near Oak Close,E01032042,Wiltshire 060E,Anti-social behaviour,,
7a20c144f130742d200b5feb82a422477cffeb2a09bbc738d410677526b536cd,2023-12,Wiltshire Police,Wiltshire Police,-1.651343,51.091679,On or near Weston Lane,E01032042,Wiltshire 060E,Theft from the person,Investigation complete; no suspect identified,
b467c486089b938c08a534f6961f5f77a9d0a6cb8ae5edf7f6fb676204fb754f,2023-12,Wiltshire Police,Wiltshire Police,-2.143627,51.001539,On or near Sports/Recreation Area,E01031991,Wiltshire 061A,Burglary,Investigation complete; no suspect identified,
26b4ba90fe130d4941c80268c1e615fedbf971009c71bf048dc1fa84bda80837,2023-12,Wiltshire Police,Wiltshire Police,-2.138518,51.002922,On or near Coronation Drive,E01031991,Wiltshire 061A,Possession of weapons,Local resolution,
396dd57668afde6b24fcf0caf428b8216ffb341113100b265892c6eb01c21b85,2023-12,Wiltshire Police,Wiltshire Police,-2.122880,51.017435,On or near West End Lane,E01031991,Wiltshire 061A,Violence and sexual offences,Investigation complete; no suspect identified,
a65458d243cff56b35982a055a872035b7bb5f1b395a93361180f2ac563c0b1c,2023-12,Wiltshire Police,Wiltshire Police,-2.096644,51.049508,On or near Hazeldon Lane,E01032029,Wiltshire 061B,Violence and sexual offences,Court result unavailable,
bc81beb086b69ddb40829f5b6a15e187a9b2c8b10c3e44b7c714a76dbaf73a5a,2023-12,Wiltshire Police,Wiltshire Police,-2.096644,51.049508,On or near Hazeldon Lane,E01032029,Wiltshire 061B,Violence and sexual offences,Court result unavailable,
7dc64468581bb3ae617b5f9fa0573d96cde56094fd6719817195dd62eecfa716,2023-12,Wiltshire Police,Wiltshire Police,-2.096514,51.076008,On or near Beckford Close,E01032029,Wiltshire 061B,Burglary,Investigation complete; no suspect identified,
96de3563e4c4e813653e5daa67b33d866286dd6bd0e59c9ec40cf26dd6af264d,2023-12,Wiltshire Police,Wiltshire Police,-2.091397,51.036527,On or near Park/Open Space,E01032029,Wiltshire 061B,Burglary,Investigation complete; no suspect identified,
a4c0758b94958189389a744da16162cfe89439f19f82336c6cd8616ad1a9a552,2023-12,Wiltshire Police,Wiltshire Police,-2.079112,51.066948,On or near Hill Close,E01032030,Wiltshire 061C,Violence and sexual offences,Unable to prosecute suspect,
,2023-12,Wiltshire Police,Wiltshire Police,-2.079112,51.066948,On or near Hill Close,E01032030,Wiltshire 061C,Anti-social behaviour,,
faa6b5feea5efba5293d81103a6a839656a17b9aee6d8e23d2a74fad2cca3712,2023-12,Wiltshire Police,Wiltshire Police,-2.085967,51.069551,On or near Wyndhams Place,E01032030,Wiltshire 061C,Burglary,Investigation complete; no suspect identified,
3f61787eb2b7a572ccef94aa7c3e929867bedba93f41283b3d6badf176e09a65,2023-12,Wiltshire Police,Wiltshire Police,-2.079112,51.066948,On or near Hill Close,E01032030,Wiltshire 061C,Criminal damage and arson,Unable to prosecute suspect,
5b03b204d9aa1bacfcda65d1447b285b9944646fff602052e4c85caac7c1c50e,2023-12,Wiltshire Police,Wiltshire Police,-2.080791,51.063656,On or near The Causeway,E01032030,Wiltshire 061C,Violence and sexual offences,Investigation complete; no suspect identified,
5e6e2252ebae912cf4ffb6b2e3fa312fa6f4abcef3d4c40b728347f6743d6313,2023-12,Wiltshire Police,Wiltshire Police,-2.079112,51.066948,On or near Hill Close,E01032030,Wiltshire 061C,Violence and sexual offences,Court result unavailable,
0c62093478e42ea0d22ce3c5ee176ca247d03db939f8538e93922bdd7b70ae39,2023-12,Wiltshire Police,Wiltshire Police,-2.079112,51.066948,On or near Hill Close,E01032030,Wiltshire 061C,Violence and sexual offences,Unable to prosecute suspect,
167f89118ee7e6e744192e97f4ab6afecd0de209ceb3e4ae1a4997a1555795b3,2023-12,Wiltshire Police,Wiltshire Police,-2.084927,51.066366,On or near Sports/Recreation Area,E01032030,Wiltshire 061C,Violence and sexual offences,Action to be taken by another organisation,
f63433d7b14f0a723ed77672fc798aefb69d6079da54665a06688f0657ebc911,2023-12,Wiltshire Police,Wiltshire Police,-2.079249,51.063522,On or near Nadder Close,E01032030,Wiltshire 061C,Other crime,Status update unavailable,
6a6b9a7e184f86efaa585df5f2ccaa5ed04a21687ae5f35aefcf8dbc83c567eb,2023-12,Wiltshire Police,Wiltshire Police,-2.001376,51.060527,On or near Tisbury Road,E01032031,Wiltshire 061D,Criminal damage and arson,Unable to prosecute suspect,
044e0beb79d3c2a4651c2cc0d85d65e6e72651e24edf2b9b32490995997cfe0e,2023-12,Wiltshire Police,Wiltshire Police,-2.034677,51.054803,On or near Lagpond Lane,E01032031,Wiltshire 061D,Burglary,Investigation complete; no suspect identified,
829d243bb797d80d4b9edb464703c67ff7b4b00b2d91cb0c3a8d90d5ab7f333d,2023-12,Wiltshire Police,Wiltshire Police,-2.032736,51.054516,On or near Lagpond Lane,E01032031,Wiltshire 061D,Criminal damage and arson,Investigation complete; no suspect identified,
1f4e3f2aae3b084ef1f46441e78a6b44ac82b96dbec1b6f047658c2095c98edf,2023-12,Wiltshire Police,Wiltshire Police,-2.031531,51.044355,On or near Buxbury Hollow,E01032031,Wiltshire 061D,Violence and sexual offences,Unable to prosecute suspect,
8f4c2e0662c456af9ce4d2d811d4920c768f15577b1e86085bb982e57a3b5870,2023-12,Wiltshire Police,Wiltshire Police,-2.031531,51.044355,On or near Buxbury Hollow,E01032031,Wiltshire 061D,Violence and sexual offences,Court result unavailable,
9cef42a00ac33ca2323fae922e2477d1b3c530d364c5cfea410d11b99bdce511,2023-12,Wiltshire Police,Wiltshire Police,-2.062343,51.045215,On or near Yule Hill,E01032031,Wiltshire 061D,Other crime,Further action is not in the public interest,
946e0b797093f0c814a8c411311a6e1c35ffef189c429034f2a6e39eecc5ede0,2023-12,Wiltshire Police,Wiltshire Police,-1.637471,50.979198,On or near Pound Hill,E01031973,Wiltshire 062A,Violence and sexual offences,Unable to prosecute suspect,
7ce9b2228f2a7f2c79168fa32e0a769520e674b52d6885730c9b481d7eddea93,2023-12,Wiltshire Police,Wiltshire Police,-1.631547,50.979035,On or near Stock Lane,E01031973,Wiltshire 062A,Violence and sexual offences,Unable to prosecute suspect,
,2023-12,Wiltshire Police,Wiltshire Police,-1.707052,50.977397,On or near Whiteshoot,E01031992,Wiltshire 062B,Anti-social behaviour,,
bf322a2191cf7946db46b3afa67f84ef4534069d55764660c640127f216671be,2023-12,Wiltshire Police,Wiltshire Police,-1.697225,50.986058,On or near Timberley Lane,E01031992,Wiltshire 062B,Burglary,Investigation complete; no suspect identified,
d24cd05de248e52296d5e12c9970601bc3ba1b71ba70b7f6cd51550282a2876a,2023-12,Wiltshire Police,Wiltshire Police,-1.697225,50.986058,On or near Timberley Lane,E01031992,Wiltshire 062B,Burglary,Investigation complete; no suspect identified,
c5670077ea00ef77474716238033ef8140523d203070430810ecec8e8f0fbc5d,2023-12,Wiltshire Police,Wiltshire Police,-1.710935,50.985176,On or near Chapel Lane,E01031992,Wiltshire 062B,Criminal damage and arson,Investigation complete; no suspect identified,
4d07d87b4876cf3c1f9e465cc450a8d9125073967ba5299597a6803020bd7023,2023-12,Wiltshire Police,Wiltshire Police,-1.718319,50.979735,On or near Forders Close,E01031992,Wiltshire 062B,Other theft,Investigation complete; no suspect identified,
9f35a9092904a117f98eff6f28e82fb81b00acfde36bb8993be201d9c9dcc079,2023-12,Wiltshire Police,Wiltshire Police,-1.653455,50.973221,On or near Latchmoor Drove,E01031992,Wiltshire 062B,Vehicle crime,Investigation complete; no suspect identified,
940974b0d0235343ebb8901f1853e62f7eca57dcd38da70e75d99794cb214a3c,2023-12,Wiltshire Police,Wiltshire Police,-1.720163,50.981178,On or near Kingsford Close,E01031992,Wiltshire 062B,Violence and sexual offences,Unable to prosecute suspect,
e0b26e455fc419758b8af49009c72087a4e8aebd8bd70e554e1c0d58fb2ab7c3,2023-12,Wiltshire Police,Wiltshire Police,-1.744027,50.990357,On or near Sports/Recreation Area,E01031993,Wiltshire 062C,Vehicle crime,Unable to prosecute suspect,
497ec9215c85d4754e77f746605bb86c07b78408af20cace55456cef9ed5fd4b,2023-12,Wiltshire Police,Wiltshire Police,-1.760916,50.989883,On or near Catherine Crescent,E01031993,Wiltshire 062C,Violence and sexual offences,Unable to prosecute suspect,
eaebdbb31b6bbc8950206677193f6f6a86ec7d5f685eb1facd2430561cb3ea70,2023-12,Wiltshire Police,Wiltshire Police,-1.743599,50.988354,On or near Moot Close,E01031993,Wiltshire 062C,Violence and sexual offences,Status update unavailable,
1c39e3ed292219253879b24ce1c891f5eb7d68ad621693f9b14c086d25c35d5c,2023-12,Wiltshire Police,Wiltshire Police,-1.721123,50.984922,On or near Castle Woods,E01031994,Wiltshire 062D,Burglary,Investigation complete; no suspect identified,
de3d4d46304d4ff7cc4ec01a379224677bd5a5c65ac03ea04337de0e01d6fca1,2023-12,Wiltshire Police,Wiltshire Police,-1.750954,50.992992,On or near The Borough,E01031995,Wiltshire 062E,Shoplifting,Investigation complete; no suspect identified,
,2023-12,Wiltshire Police,Wiltshire Police,-1.759562,50.992704,On or near Greenacres,E01031995,Wiltshire 062E,Anti-social behaviour,,
f2d79c259d4ae37079456bfb64dfa7d654e1f554a0ba9ffda745ad3bfd3d1404,2023-12,Wiltshire Police,Wiltshire Police,-1.764389,50.993398,On or near Wick Lane,E01031995,Wiltshire 062E,Burglary,Investigation complete; no suspect identified,
859da3b76d4d70122a099633ab4ee1de18f6d3b4496210990ad2039673a7cbaa,2023-12,Wiltshire Police,Wiltshire Police,-1.738887,50.992651,On or near Lode Hill,E01031995,Wiltshire 062E,Other theft,Status update unavailable,
d849a20d7b7fce77d93534f36210ccca9088d67ce6e9e1cdbf15323fd4852742,2023-12,Wiltshire Police,Wiltshire Police,-1.739396,50.993452,On or near The Sidings,E01031995,Wiltshire 062E,Possession of weapons,Unable to prosecute suspect,
e73940e453b36472df46c4258c9c04b7a47319178edec8704e9bb26eac4850ee,2023-12,Wiltshire Police,Wiltshire Police,-1.750954,50.992992,On or near The Borough,E01031995,Wiltshire 062E,Shoplifting,Court result unavailable,
3aa1ac87ae8fb5abe4430538042e4b5eb7dfafb767e9d3daa009110a8fef6dca,2023-12,Wiltshire Police,Wiltshire Police,-1.750954,50.992992,On or near The Borough,E01031995,Wiltshire 062E,Shoplifting,Status update unavailable,
459a51c89a7d612b0ffb5e31d8ccd8d0a8479e270fc0b490b6e9105e9f195958,2023-12,Wiltshire Police,Wiltshire Police,-1.750954,50.992992,On or near The Borough,E01031995,Wiltshire 062E,Shoplifting,Unable to prosecute suspect,
c60cbf09e33133fb06cf63336d5e2312223ca08573115098869e4daff74725cd,2023-12,Wiltshire Police,Wiltshire Police,-1.759022,50.994660,On or near Petrol Station,E01031995,Wiltshire 062E,Vehicle crime,Investigation complete; no suspect identified,
45c87c3bc63021f1fc755d34b46b6b8f7f5b4b3cd5682e558ea2a87db3aa2725,2023-12,Wiltshire Police,Wiltshire Police,-1.761611,51.018363,On or near The Highway,E01031995,Wiltshire 062E,Vehicle crime,Investigation complete; no suspect identified,
e7e2fe2adc619c7d6050b72d6125de202f2be216cdb29c78d96ebb926e2b5d41,2023-12,Wiltshire Police,Wiltshire Police,-1.739396,50.993452,On or near The Sidings,E01031995,Wiltshire 062E,Violence and sexual offences,Unable to prosecute suspect,
d218776736a9f21ff82934123333fdfe153339fc8ba7068ae73afaf41faa5bc0,2023-12,Wiltshire Police,Wiltshire Police,-1.758775,50.996021,On or near Salisbury Road,E01031995,Wiltshire 062E,Violence and sexual offences,Unable to prosecute suspect,
,2023-12,Wiltshire Police,Wiltshire Police,-2.178769,51.270093,On or near Berengaria Close,E01034551,Wiltshire 063A,Anti-social behaviour,,
ad6f68c7f492a54e63581779f7264cbcdad9ef4dca9eb04ee2a5b73adb8e38c3,2023-12,Wiltshire Police,Wiltshire Police,-2.189728,51.265004,On or near Silbury Close,E01034551,Wiltshire 063A,Burglary,Investigation complete; no suspect identified,
7897f522d70530510fba561faa1a6d5d344c961a2370f2c5dc98b2a2e74272d4,2023-12,Wiltshire Police,Wiltshire Police,-2.180237,51.268040,On or near Sunnybank Road,E01034551,Wiltshire 063A,Violence and sexual offences,Unable to prosecute suspect,
,2023-12,Wiltshire Police,Wiltshire Police,-2.197318,51.270341,On or near Paxman'S Road,E01034552,Wiltshire 063B,Anti-social behaviour,,
2e2f2cb6f0773bfdcda3c7e98dff0df1aed0e9d0a9aefffaa76b0759a406d500,2023-12,Wiltshire Police,Wiltshire Police,-2.191604,51.264749,On or near Heather Close,E01034552,Wiltshire 063B,Burglary,Investigation complete; no suspect identified,
5ff19661b871a539a1656d8eac5f2405eefd8bbcee6b887ef49cfc3f0ec18f45,2023-12,Wiltshire Police,Wiltshire Police,-2.207977,51.272148,On or near Storridge Road,E01034552,Wiltshire 063B,Vehicle crime,Investigation complete; no suspect identified,
0d771a2bbafcfbc7a3aec6c19258fb096cb97645e0e81f1f23b9a5fff970a8d2,2023-12,Wiltshire Police,Wiltshire Police,-2.198722,51.266778,On or near Westbury,E01034552,Wiltshire 063B,Violence and sexual offences,Unable to prosecute suspect,
,2023-12,Wiltshire Police,Wiltshire Police,-2.197641,51.261916,On or near Phoenix Rise,E01032118,Wiltshire 063C,Anti-social behaviour,,
,2023-12,Wiltshire Police,Wiltshire Police,-2.197641,51.261916,On or near Phoenix Rise,E01032118,Wiltshire 063C,Anti-social behaviour,,
7153640854b944b2b16e1d6da524344eda64add89cd0397e17f6a408c050e8ef,2023-12,Wiltshire Police,Wiltshire Police,-2.195078,51.259285,On or near Sycamore Grove,E01032118,Wiltshire 063C,Criminal damage and arson,Unable to prosecute suspect,
606d9970633b937b0f394927eb2171443cf8bc4a14286299fbab516ae77da56b,2023-12,Wiltshire Police,Wiltshire Police,-2.193059,51.263074,On or near Newfield Close,E01032118,Wiltshire 063C,Possession of weapons,Unable to prosecute suspect,
a082f9f224155c0939d328595c277dac51bea0e7045eb127aa218406db7dbf7b,2023-12,Wiltshire Police,Wiltshire Police,-2.195483,51.260031,On or near Willow Grove,E01032118,Wiltshire 063C,Robbery,Court result unavailable,
091e1412b7bfe41e14be316cf6d865a383bb8e29afa78dc8720bb69014f2e057,2023-12,Wiltshire Police,Wiltshire Police,-2.197182,51.261880,On or near Great Roc Road,E01032118,Wiltshire 063C,Violence and sexual offences,Unable to prosecute suspect,
17bc8367fa6b8c50667b3875e0f606b9d86c9715bf8044b865d8ff61a5fbcd5a,2023-12,Wiltshire Police,Wiltshire Police,-2.197623,51.261097,On or near Gryphon Close,E01032118,Wiltshire 063C,Violence and sexual offences,Unable to prosecute suspect,
3235a4920316c40e37505d935323fc307f72372dca871dfef747c67ceb326456,2023-12,Wiltshire Police,Wiltshire Police,-2.198355,51.261456,On or near Wyvern Walk,E01032118,Wiltshire 063C,Other crime,Further investigation is not in the public interest,
5dd531c42a9997e0f0aae531ed3e612bbd5093f039c6f6582423dfdb001d4598,2023-12,Wiltshire Police,Wiltshire Police,-2.189937,51.256659,On or near Springfield Road,E01032117,Wiltshire 063D,Violence and sexual offences,Unable to prosecute suspect,
,2023-12,Wiltshire Police,Wiltshire Police,-2.198987,51.258469,On or near Hackney Way,E01032117,Wiltshire 063D,Anti-social behaviour,,
303e3a69024ee7699f5494d2551e2f26fdece3605b21a01c835053b87b21b73f,2023-12,Wiltshire Police,Wiltshire Police,-2.197501,51.256152,On or near Morgan Walk,E01032117,Wiltshire 063D,Burglary,Investigation complete; no suspect identified,
bb132a77cc5e4d5cee3a6e48983141da66d1ff14cdb908448796b20fec178bfb,2023-12,Wiltshire Police,Wiltshire Police,-2.198987,51.258469,On or near Hackney Way,E01032117,Wiltshire 063D,Public order,Unable to prosecute suspect,
8e63c2484913ecfbdd14055623c9f66406dcc03e184c8d683bf9c03dc543bd0f,2023-12,Wiltshire Police,Wiltshire Police,-2.199254,51.257300,On or near Percheron Place,E01032117,Wiltshire 063D,Public order,Unable to prosecute suspect,
5a5347d6b11cdb4927604eac1945e36df2a526f1daf56e557278533f8035a173,2023-12,Wiltshire Police,Wiltshire Police,-2.196087,51.257135,On or near Timor Road,E01032117,Wiltshire 063D,Public order,Court result unavailable,
e95342153a9c27993f89f260dc1ae5b7727f55efe63401d635c9085f0ed6b894,2023-12,Wiltshire Police,Wiltshire Police,-2.198987,51.258469,On or near Hackney Way,E01032117,Wiltshire 063D,Public order,Action to be taken by another organisation,
e92b92184982dcc0cbe33d96e84740476ffa6fa20c7cdef51bd475843addd7b9,2023-12,Wiltshire Police,Wiltshire Police,-2.196087,51.257135,On or near Timor Road,E01032117,Wiltshire 063D,Public order,Court result unavailable,
65ffdb10ec093c1cf71f3f2bc17de5c0c27f26df2ceebf9df9d82e3fef939bf9,2023-12,Wiltshire Police,Wiltshire Police,-2.189937,51.256659,On or near Springfield Road,E01032117,Wiltshire 063D,Violence and sexual offences,Unable to prosecute suspect,
a89c1d721fd1e0929f5a01ce808919281a4c01fbc507014fe70064918065585b,2023-12,Wiltshire Police,Wiltshire Police,-2.193257,51.259010,On or near Railway Close,E01032117,Wiltshire 063D,Violence and sexual offences,Action to be taken by another organisation,
4924e2616f58efaa908012edb4c8ebaa07b559e10448d8ad6b745dfc9ce7e4f3,2023-12,Wiltshire Police,Wiltshire Police,-2.190948,51.258645,On or near Indigo Gardens,E01032117,Wiltshire 063D,Violence and sexual offences,Unable to prosecute suspect,
3bb075fcd42e441709596e13e8d777a84a5d94d7a55f600048b0777ca1122ce0,2023-12,Wiltshire Police,Wiltshire Police,-2.189336,51.260239,On or near Abbotts Court,E01032117,Wiltshire 063D,Violence and sexual offences,Offender given a caution,
d80ab7398ecc83edf90b5b0d8e9a4353fead73de9aef1577760028b9617363ff,2023-12,Wiltshire Police,Wiltshire Police,-2.198987,51.258469,On or near Hackney Way,E01032117,Wiltshire 063D,Violence and sexual offences,Offender given a caution,
3a99629b98b1655051dea13a0b84ab4e1a840e3203f9d9b472577560a1b4b3b6,2023-12,Wiltshire Police,Wiltshire Police,-2.189336,51.260239,On or near Abbotts Court,E01032117,Wiltshire 063D,Violence and sexual offences,Unable to prosecute suspect,
,2023-12,Wiltshire Police,Wiltshire Police,-2.186737,51.262698,On or near Saxon Close,E01032115,Wiltshire 064A,Anti-social behaviour,,
,2023-12,Wiltshire Police,Wiltshire Police,-2.184471,51.262324,On or near West End,E01032115,Wiltshire 064A,Anti-social behaviour,,
,2023-12,Wiltshire Police,Wiltshire Police,-2.185428,51.257871,On or near Supermarket,E01032115,Wiltshire 064A,Anti-social behaviour,,
0c237fb602c97976586d162a6187383d7a527d24ac8a569ba6c591f8e480570b,2023-12,Wiltshire Police,Wiltshire Police,-2.185428,51.257871,On or near Supermarket,E01032115,Wiltshire 064A,Criminal damage and arson,Unable to prosecute suspect,
de7a80cb3b2ee59f7920f7af23e3833dbd3b4589dfcc04c0345e02de78631e1c,2023-12,Wiltshire Police,Wiltshire Police,-2.183652,51.261696,On or near Church Lane,E01032115,Wiltshire 064A,Public order,Unable to prosecute suspect,
fad1589fe0085f7b6087278a0d63e1c28da6bd6229c53984f74d7cc1f49d6d5c,2023-12,Wiltshire Police,Wiltshire Police,-2.185428,51.257871,On or near Supermarket,E01032115,Wiltshire 064A,Shoplifting,Investigation complete; no suspect identified,
484f6ef6d7c26bff3471328f0ae6a63d215de9294b132df9a97b90c714d476b9,2023-12,Wiltshire Police,Wiltshire Police,-2.184660,51.262962,On or near Summerdown Court,E01032115,Wiltshire 064A,Violence and sexual offences,Unable to prosecute suspect,
5b78be0c274a32778f0bb39277de7596afe68d4fa00c481f37fa9b2e4865b3c8,2023-12,Wiltshire Police,Wiltshire Police,-2.186737,51.262698,On or near Saxon Close,E01032115,Wiltshire 064A,Violence and sexual offences,Unable to prosecute suspect,
f1db56da96b799f385ee2430b86f5c42e9bcef6fef29b23be250fa1e09ffd329,2023-12,Wiltshire Police,Wiltshire Police,-2.184660,51.262962,On or near Summerdown Court,E01032115,Wiltshire 064A,Violence and sexual offences,Unable to prosecute suspect,
3eeb2f3f9e153e819bed450ffff6eae1cbcefe6a62949bcba33049bc9308851a,2023-12,Wiltshire Police,Wiltshire Police,-2.185606,51.259481,On or near Jubilee Close,E01032115,Wiltshire 064A,Violence and sexual offences,Unable to prosecute suspect,
0437aaf73a7cdb0a4883e4cf56acd141790139600412f1a0e6add234edcc00f7,2023-12,Wiltshire Police,Wiltshire Police,-2.186737,51.262698,On or near Saxon Close,E01032115,Wiltshire 064A,Violence and sexual offences,Status update unavailable,
b000bd4ef660c9c270f30d8e938c585e77c3da08707eceb784efb70604d5ca8c,2023-12,Wiltshire Police,Wiltshire Police,-2.184660,51.262962,On or near Summerdown Court,E01032115,Wiltshire 064A,Violence and sexual offences,Unable to prosecute suspect,
,2023-12,Wiltshire Police,Wiltshire Police,-2.179800,51.266189,On or near Supermarket,E01032119,Wiltshire 064B,Anti-social behaviour,,
f54b6be088a0d0af19b40d343eb14f405d24241b640ff1bcf0b0c4e0fbb2ca8a,2023-12,Wiltshire Police,Wiltshire Police,-2.183770,51.259025,On or near A350,E01032119,Wiltshire 064B,Violence and sexual offences,Investigation complete; no suspect identified,
268d89052e66a1f423bdffb92223cb7b68d9f9bbe5780a2fa54744933aabc73c,2023-12,Wiltshire Police,Wiltshire Police,-2.177370,51.260384,On or near Hillside Park,E01032119,Wiltshire 064B,Violence and sexual offences,Unable to prosecute suspect,
10ff36a1374d72dc636a029a8b4c42d62fb6db9fd88859748ac07e8774fee9fc,2023-12,Wiltshire Police,Wiltshire Police,-2.194063,51.249576,On or near Leighton Park West,E01032695,Wiltshire 064C,Other theft,Investigation complete; no suspect identified,
a8229a32050929738b511b3d1d6e6f5360cfa1d55ac82d50e8baec5daf1fb10d,2023-12,Wiltshire Police,Wiltshire Police,-2.194063,51.249576,On or near Leighton Park West,E01032695,Wiltshire 064C,Vehicle crime,Investigation complete; no suspect identified,
95c5ef9cd6030c8b9416fef60ab30c08141d73c1025ec0f7d814db325f52b81c,2023-12,Wiltshire Police,Wiltshire Police,-2.184835,51.253017,On or near Wellhead Lane,E01032695,Wiltshire 064C,Violence and sexual offences,Unable to prosecute suspect,
27a528c58a4d505d8aa18193c8762401fc663db3903b8f6d6c89e8d131f00608,2023-12,Wiltshire Police,Wiltshire Police,-2.194732,51.251868,On or near Cob Place,E01032694,Wiltshire 064D,Burglary,Unable to prosecute suspect,
9bd4384258ba8a2ce285a531145dcbe4011377626c42d29bea4a209c27e99e27,2023-12,Wiltshire Police,Wiltshire Police,-2.195510,51.252828,On or near Boulton Close,E01032694,Wiltshire 064D,Public order,Court result unavailable,
,2023-12,Wiltshire Police,Wiltshire Police,-2.196050,51.251802,On or near Caspian Gardens,E01032694,Wiltshire 064D,Anti-social behaviour,,
,2023-12,Wiltshire Police,Wiltshire Police,-2.195510,51.252828,On or near Boulton Close,E01032694,Wiltshire 064D,Anti-social behaviour,,
a53feeff9d633aaf5e2cb7aced71f5ea0fac34b6552d480ec983797fcac580b8,2023-12,Wiltshire Police,Wiltshire Police,-2.200325,51.249853,On or near Brabant Way,E01032694,Wiltshire 064D,Criminal damage and arson,Investigation complete; no suspect identified,
d31a491900f23ba2f6b3fbbe2054c40ec05cd3974b071a807678fe35be33dabf,2023-12,Wiltshire Police,Wiltshire Police,-2.202419,51.250182,On or near Dartmoor Road,E01032694,Wiltshire 064D,Criminal damage and arson,Local resolution,
94f65fad15ae7861cc10812defb3dea9dc5fa8311da29fdba52bee164c59afda,2023-12,Wiltshire Police,Wiltshire Police,-2.195510,51.252828,On or near Boulton Close,E01032694,Wiltshire 064D,Violence and sexual offences,Unable to prosecute suspect,
cedae641162183b46727d8761bb1e3e65571ddda53793d3726b79ac7ec26169f,2023-12,Wiltshire Police,Wiltshire Police,-2.198054,51.251520,On or near Bashkir Road,E01032694,Wiltshire 064D,Violence and sexual offences,Status update unavailable,
453d22aa07a6468240c76f2401861d06ad10f7c7e1042d1b0763cccdff742567,2023-12,Wiltshire Police,Wiltshire Police,-1.602113,51.254304,On or near Spray Leaze,E01031860,Wiltshire 065A,Vehicle crime,Court result unavailable,
6641cb1f4179e8f9761f3075f96d4581e8db5387cab232432926f7fda427cf20,2023-12,Wiltshire Police,Wiltshire Police,-1.604969,51.253720,On or near Elm Close,E01031860,Wiltshire 065A,Other crime,Investigation complete; no suspect identified,
3995c2cccc0b1ceb4995ce3dcf81bfdfcb561617fdb4a0372cddb766b02da091,2023-12,Wiltshire Police,Wiltshire Police,-1.609912,51.255436,On or near Linden Close,E01031859,Wiltshire 065B,Vehicle crime,Unable to prosecute suspect,
248533e414f9f3f6ce1a3f7c8d20f03ba812f8b3b3915992c6957d43e11f7b42,2023-12,Wiltshire Police,Wiltshire Police,-1.617905,51.257522,On or near Recreation Road,E01031859,Wiltshire 065B,Violence and sexual offences,Unable to prosecute suspect,
7794cc69d16855a4969c623e6da9b8c8a0b4aecab04339092e90ef27c0a83690,2023-12,Wiltshire Police,Wiltshire Police,-1.615489,51.255176,On or near Fleming Close,E01031859,Wiltshire 065B,Violence and sexual offences,Unable to prosecute suspect,
,2023-12,Wiltshire Police,Wiltshire Police,-1.613122,51.255411,On or near Perham Crescent,E01031859,Wiltshire 065B,Anti-social behaviour,,
,2023-12,Wiltshire Police,Wiltshire Police,-1.615285,51.257270,On or near Prince Charles Close,E01031859,Wiltshire 065B,Anti-social behaviour,,
,2023-12,Wiltshire Police,Wiltshire Police,-1.616183,51.256095,On or near Scholars Close,E01031859,Wiltshire 065B,Anti-social behaviour,,
,2023-12,Wiltshire Police,Wiltshire Police,-1.615489,51.255176,On or near Fleming Close,E01031859,Wiltshire 065B,Anti-social behaviour,,
d1b8f31c1328ea132799fa4db571f6598accf8c0c93b5f735decc0281e28157c,2023-12,Wiltshire Police,Wiltshire Police,-1.623371,51.256838,On or near Chapel Lane,E01031859,Wiltshire 065B,Burglary,Investigation complete; no suspect identified,
705b743e824f1687c48e06b91cf14a2afd105aa8cfc99eb236d34da0918336ee,2023-12,Wiltshire Police,Wiltshire Police,-1.626525,51.256704,On or near Gould Close,E01031859,Wiltshire 065B,Criminal damage and arson,Investigation complete; no suspect identified,
9ab227e4b03d01aa1a9ea9fe44c9f1003c14e309e60e6c7e4ccec96ddadf96b8,2023-12,Wiltshire Police,Wiltshire Police,-1.615201,51.257072,On or near Old Common Way,E01031859,Wiltshire 065B,Vehicle crime,Investigation complete; no suspect identified,
8374e11165a5340ac0662ab4a1d041cca6d2164ed49522b4a96000db437145c6,2023-12,Wiltshire Police,Wiltshire Police,-1.622991,51.256001,On or near Parking Area,E01031859,Wiltshire 065B,Violence and sexual offences,Unable to prosecute suspect,
072d6fbafdac67c8ddd0f07c09b54f0d9fd085c759320f23e48e9ff120df227d,2023-12,Wiltshire Police,Wiltshire Police,-1.622023,51.251699,On or near Moyne Drive,E01034553,Wiltshire 065C,Violence and sexual offences,Court result unavailable,
af38e6ac2e79dfbd26c4d6c4c20d662ba624244cf65efbd6eb9a320bd5830b2e,2023-12,Wiltshire Police,Wiltshire Police,-1.627034,51.253900,On or near Redford Lane,E01034553,Wiltshire 065C,Violence and sexual offences,Unable to prosecute suspect,
4539fda22f0b510401ad285922aa5149aefd33169e7aee41c32f3cb261bc3ef2,2023-12,Wiltshire Police,Wiltshire Police,-1.622023,51.251699,On or near Moyne Drive,E01034553,Wiltshire 065C,Violence and sexual offences,Unable to prosecute suspect,
0fa63a0b705bd14f785d1e32ccf1ca3442f032d3372f5bc3d718e216ca2defb1,2023-12,Wiltshire Police,Wiltshire Police,-1.631997,51.251533,On or near Hill Road,E01034553,Wiltshire 065C,Violence and sexual offences,Investigation complete; no suspect identified,
a376343f5fba31859c60610b28b739bf9ae03bb71cfd1586b698980943bdbd1e,2023-12,Wiltshire Police,Wiltshire Police,-1.622023,51.251699,On or near Moyne Drive,E01034553,Wiltshire 065C,Violence and sexual offences,Unable to prosecute suspect,
be070752bc8f73b9333a8e0ea795ec1db9e50ad235420a424ed4e112d8462520,2023-12,Wiltshire Police,Wiltshire Police,-1.631997,51.251533,On or near Hill Road,E01034553,Wiltshire 065C,Violence and sexual offences,Action to be taken by another organisation,
,2023-12,Wiltshire Police,Wiltshire Police,-1.656955,51.242240,On or near Hawthorn Road,E01034554,Wiltshire 065D,Anti-social behaviour,,
cb43a67eb23cf0382334c736dc1d5de74067308af8836881f6c3689416bd5321,2023-12,Wiltshire Police,Wiltshire Police,-1.664437,51.247521,On or near Franklin Close,E01034554,Wiltshire 065D,Violence and sexual offences,Investigation complete; no suspect identified,
be35b4e68d0e6062b40d81b7fbd05870516262e3950b78b9f860b656c1f4eee7,2023-12,Wiltshire Police,Wiltshire Police,-1.664437,51.247521,On or near Franklin Close,E01034554,Wiltshire 065D,Violence and sexual offences,Unable to prosecute suspect,
779c4cf82faef618ebb9a97db2199bed34c8374e0709f966648a542937541868,2023-12,Wiltshire Police,Wiltshire Police,-1.664437,51.247521,On or near Franklin Close,E01034554,Wiltshire 065D,Violence and sexual offences,Investigation complete; no suspect identified,
,2023-12,Wiltshire Police,Wiltshire Police,-1.643206,51.239897,On or near Lambdown Terrace,E01034555,Wiltshire 065E,Anti-social behaviour,,
85eeeb0f4b3e7e8491a4fa297e5b94fe123f3dcda8df00988b41632e554ee753,2023-12,Wiltshire Police,Wiltshire Police,-1.607315,51.252487,On or near Shoddesden Lane,E01034555,Wiltshire 065E,Drugs,Local resolution,
cffb04bc4df8a079669d855ffec98ec85983bda43152023fcb25b13a44e2b251,2023-12,Wiltshire Police,Wiltshire Police,-1.617219,51.253923,On or near Foxtail Gardens,E01034555,Wiltshire 065E,Public order,Investigation complete; no suspect identified,
40ee70d2169834f75fd7703aff7cc2a4ec8cc611120b6bd4ef50b41b06f201f1,2023-12,Wiltshire Police,Wiltshire Police,-1.643206,51.239897,On or near Lambdown Terrace,E01034555,Wiltshire 065E,Public order,Investigation complete; no suspect identified,
d58ccc701cd585c0429ed56ade81701a6ab9d2b578639cd36f04d16a330970ab,2023-12,Wiltshire Police,Wiltshire Police,-1.617219,51.253923,On or near Foxtail Gardens,E01034555,Wiltshire 065E,Violence and sexual offences,Unable to prosecute suspect,
4ebe96976e7e70c47da95c90bc20f88350773459116f7adf8e6e913a23833f30,2023-12,Wiltshire Police,Wiltshire Police,-1.617219,51.253923,On or near Foxtail Gardens,E01034555,Wiltshire 065E,Violence and sexual offences,Unable to prosecute suspect,
141cf24fc7df14f4e32923905122d14a321c636eae4da890f3f29532eb73dcfa,2023-12,Wiltshire Police,Wiltshire Police,-1.607315,51.252487,On or near Shoddesden Lane,E01034555,Wiltshire 065E,Violence and sexual offences,Unable to prosecute suspect,
846111e65e4c1f24c607cd978f4eb6280f465801693d0575abfb615f1fbbe480,2023-12,Wiltshire Police,Wiltshire Police,-1.617219,51.253923,On or near Foxtail Gardens,E01034555,Wiltshire 065E,Violence and sexual offences,Unable to prosecute suspect,
11ff2a857db6b48227efa98d53be5cbf343ccc858f9f4aa70e96fe6d9a464854,2023-12,Wiltshire Police,Wiltshire Police,-1.617219,51.253923,On or near Foxtail Gardens,E01034555,Wiltshire 065E,Violence and sexual offences,Unable to prosecute suspect,
52c70c2d9583a3330fedadbc1a69dff15bf63578c2f2eef15e0ad2a93ef932e4,2023-12,Wiltshire Police,Wiltshire Police,-1.617219,51.253923,On or near Foxtail Gardens,E01034555,Wiltshire 065E,Violence and sexual offences,Unable to prosecute suspect,
eda51cb95666eb1fbfbc8adfb2a5b1cc30ae686989477d5442c4c30b87d38c33,2023-12,Wiltshire Police,Wiltshire Police,-1.669105,51.235845,On or near Lowa Road,E01031879,Wiltshire 066A,Criminal damage and arson,Unable to prosecute suspect,
22c9ff2412a2db6bbb4e18e0cc5401e5cc952ead2ab240833db5b098a9a4dc24,2023-12,Wiltshire Police,Wiltshire Police,-1.672476,51.245251,On or near Wavell Road,E01031879,Wiltshire 066A,Violence and sexual offences,Action to be taken by another organisation,
90fed2f0d0c17528c822bce99d226bfbbcdd4899072f4bef535109fbd5458d92,2023-12,Wiltshire Police,Wiltshire Police,-1.670393,51.244121,On or near Lahore Close,E01031879,Wiltshire 066A,Violence and sexual offences,Unable to prosecute suspect,
2d013a7938b0169f3c8bac8513a70e2ba2ff8c63efaee167be21bef710d0f43a,2023-12,Wiltshire Police,Wiltshire Police,-1.672432,51.243399,On or near Daunch Close,E01031879,Wiltshire 066A,Violence and sexual offences,Court result unavailable,
b9853cb8d99c381b158a4f653e478d7d5883a45d317d0c00cfb330c7ee6c613b,2023-12,Wiltshire Police,Wiltshire Police,-1.667199,51.245947,On or near George Vi Road,E01034556,Wiltshire 066B,Violence and sexual offences,Unable to prosecute suspect,
c5903a79200d704e542b309e333e279fa1f65592575e7b680ee07db56657df93,2023-12,Wiltshire Police,Wiltshire Police,-1.662109,51.244502,On or near Hedge Lane,E01034556,Wiltshire 066B,Violence and sexual offences,Unable to prosecute suspect,
,2023-12,Wiltshire Police,Wiltshire Police,-1.669802,51.246530,On or near Collins Court,E01034556,Wiltshire 066B,Anti-social behaviour,,
,2023-12,Wiltshire Police,Wiltshire Police,-1.669802,51.246530,On or near Collins Court,E01034556,Wiltshire 066B,Anti-social behaviour,,
,2023-12,Wiltshire Police,Wiltshire Police,-1.669802,51.246530,On or near Collins Court,E01034556,Wiltshire 066B,Anti-social behaviour,,
,2023-12,Wiltshire Police,Wiltshire Police,-1.669802,51.246530,On or near Collins Court,E01034556,Wiltshire 066B,Anti-social behaviour,,
9504fe5f80d8bcfb2f30573e6c10bc9e36f0e8c023726621b7be399183d3209d,2023-12,Wiltshire Police,Wiltshire Police,-1.664795,51.245607,On or near Sawyer Close,E01034556,Wiltshire 066B,Drugs,Local resolution,
7cb47a9b6e55a2e5cbf9c537458cd528d16db6395dfb600e3528cdd6fb58dc48,2023-12,Wiltshire Police,Wiltshire Police,-1.664434,51.245966,On or near Connolly Way,E01034556,Wiltshire 066B,Violence and sexual offences,Local resolution,
f683ef3bd07b539710010b66480ca50a90884381232adfdd4215798bde86a716,2023-12,Wiltshire Police,Wiltshire Police,-1.666186,51.245341,On or near Mill Hill Avenue,E01034556,Wiltshire 066B,Violence and sexual offences,Investigation complete; no suspect identified,
c4e9f75875a71113c1810be36e425b557cb49f5611d6882857035e567e5a13da,2023-12,Wiltshire Police,Wiltshire Police,-1.664496,51.241416,On or near Pennings Road,E01032697,Wiltshire 066C,Public order,Local resolution,
424620a9737995a499250fe021b7aae1e6c65ca89e6014e01486568000635a32,2023-12,Wiltshire Police,Wiltshire Police,-1.655111,51.239671,On or near Kennet Road,E01032697,Wiltshire 066C,Violence and sexual offences,Unable to prosecute suspect,
87ea7eb0c9a5e2294da5126bb8fdac5fdc46a81e122d9a3e27b4b195c4a407df,2023-12,Wiltshire Police,Wiltshire Police,-1.655111,51.239671,On or near Kennet Road,E01032697,Wiltshire 066C,Violence and sexual offences,Unable to prosecute suspect,
,2023-12,Wiltshire Police,Wiltshire Police,-1.662400,51.238128,On or near Ordnance Road,E01032697,Wiltshire 066C,Anti-social behaviour,,
,2023-12,Wiltshire Police,Wiltshire Police,-1.664067,51.239266,On or near A338,E01032697,Wiltshire 066C,Anti-social behaviour,,
,2023-12,Wiltshire Police,Wiltshire Police,-1.662573,51.236006,On or near Lindley Close,E01032697,Wiltshire 066C,Anti-social behaviour,,
,2023-12,Wiltshire Police,Wiltshire Police,-1.662400,51.238128,On or near Ordnance Road,E01032697,Wiltshire 066C,Anti-social behaviour,,
,2023-12,Wiltshire Police,Wiltshire Police,-1.661875,51.237362,On or near Nadder Road,E01032697,Wiltshire 066C,Anti-social behaviour,,
e03dda8b32ff579b9a778a5ec900587d2c0cab28cba385e4bddc7b417e2325d4,2023-12,Wiltshire Police,Wiltshire Police,-1.660492,51.238536,On or near Arnott Close,E01032697,Wiltshire 066C,Criminal damage and arson,Investigation complete; no suspect identified,
5fb12233efdc803f8c817aa8c042ca8289927ff794f1482ed4bea13f3dd41e74,2023-12,Wiltshire Police,Wiltshire Police,-1.662400,51.238128,On or near Ordnance Road,E01032697,Wiltshire 066C,Violence and sexual offences,Unable to prosecute suspect,
878a78d19bf99382378c4bd04dbcf674409eeb158f0c828b737df8ea4b42da9a,2023-12,Wiltshire Police,Wiltshire Police,-1.666155,51.241691,On or near Merrington Way,E01032697,Wiltshire 066C,Violence and sexual offences,Court result unavailable,
f2c33129796d6582eb882e028376e143ae52eb5faf35188e15398883017d1534,2023-12,Wiltshire Police,Wiltshire Police,-1.664724,51.239609,On or near Trinity View Road,E01032697,Wiltshire 066C,Violence and sexual offences,Unable to prosecute suspect,
,2023-12,Wiltshire Police,Wiltshire Police,-1.662191,51.235313,On or near Supermarket,E01034557,Wiltshire 066D,Anti-social behaviour,,
,2023-12,Wiltshire Police,Wiltshire Police,-1.662191,51.235313,On or near Supermarket,E01034557,Wiltshire 066D,Anti-social behaviour,,
9b1c16bcf0599704df275cf9d2aec50b67523d9d7a967d5b75fa692a611d9301,2023-12,Wiltshire Police,Wiltshire Police,-1.662191,51.235313,On or near Supermarket,E01034557,Wiltshire 066D,Burglary,Investigation complete; no suspect identified,
570794ae632201af7fb75eefb297dd687230d48c6b54cfd03f983d205cd1d516,2023-12,Wiltshire Police,Wiltshire Police,-1.664743,51.234934,On or near Lahore Road,E01034557,Wiltshire 066D,Robbery,Investigation complete; no suspect identified,
fcd16a06d6a80a5e038b66ffba52b42df80415509aafd1debb5beb5d7376a168,2023-12,Wiltshire Police,Wiltshire Police,-1.662191,51.235313,On or near Supermarket,E01034557,Wiltshire 066D,Shoplifting,Local resolution,
928805d5e57df35de6d0d8b83df4de7df1341a6593ab21c9c72e56143036e8df,2023-12,Wiltshire Police,Wiltshire Police,-1.678545,51.227518,On or near Bulford Road,E01034557,Wiltshire 066D,Vehicle crime,Investigation complete; no suspect identified,
560c9ab41a751e151dabdf73674aec07ae6f4ebb35ecfb48a696e3972192c381,2023-12,Wiltshire Police,Wiltshire Police,-1.667886,51.232092,On or near Kohat Road,E01034557,Wiltshire 066D,Violence and sexual offences,Unable to prosecute suspect,
,2023-12,Wiltshire Police,Wiltshire Police,-1.662679,51.225342,On or near Talavera Way,E01034558,Wiltshire 066E,Anti-social behaviour,,
,2023-12,Wiltshire Police,Wiltshire Police,-1.661462,51.225294,On or near Alamein Close,E01034558,Wiltshire 066E,Anti-social behaviour,,
,2023-12,Wiltshire Police,Wiltshire Police,-1.661462,51.225294,On or near Alamein Close,E01034558,Wiltshire 066E,Anti-social behaviour,,
7782ea0f7818fabbdc816ae62c59bbfa9671c49e7cc1db850f811ea8b545a174,2023-12,Wiltshire Police,Wiltshire Police,-1.661154,51.234168,On or near Supermarket,E01034558,Wiltshire 066E,Criminal damage and arson,Investigation complete; no suspect identified,
8c418d4a477b606a649469b7ed2cf2b5b1e5848398bec39100e60a7f14082ac4,2023-12,Wiltshire Police,Wiltshire Police,-1.661154,51.234168,On or near Supermarket,E01034558,Wiltshire 066E,Shoplifting,Local resolution,
b1b44d1d6b65dbe018e09ad3064e6ad29602bfd9c46e7ef66d50f12c2fd8b121,2023-12,Wiltshire Police,Wiltshire Police,-1.662679,51.225342,On or near Talavera Way,E01034558,Wiltshire 066E,Violence and sexual offences,Action to be taken by another organisation,
393dfd0f9cb06ce9e4a5a0b21a7f44a49ae0ed5316674b42a2ffc913365b6acc,2023-12,Wiltshire Police,Wiltshire Police,-1.663171,51.228662,On or near Nery Road,E01034558,Wiltshire 066E,Violence and sexual offences,Unable to prosecute suspect,
1be495026c64527e689d782f4658555278a1cc8836879cff5b99a95a1f6498c6,2023-12,Wiltshire Police,Wiltshire Police,-0.846548,51.406252,On or near Supermarket,E01016634,Wokingham 016D,Violence and sexual offences,Unable to prosecute suspect,
